fragment,protein_counts
LVSILVPCY,"{""Q9ZB73"": 112}"
LVSILVPCX,"{""Q9ZB73"": 3}"
LVSILVPXY,"{""Q9ZB73"": 7}"
LVSLNYVVN,"{""P47319"": 609}"
LVSLNXVVN,"{""P47319"": 35}"
LVSFESNII,"{""P47386"": 135}"
LVSFINNFD,"{""P47446"": 128}"
LVSFTLXXX,"{""P47411"": 129}"
LVSFTLXXT,"{""P47411"": 2}"
LVSFTLXYT,"{""P47411"": 5}"
LVSFYRSMI,"{""Q49410"": 25}"
LVSFYXSMI,"{""Q49410"": 10}"
LVSFFXENF,"{""Q49398"": 115}"
LVSFFXXXX,"{""Q49398"": 19}"
LVSFFKENF,"{""Q49398"": 2}"
LVSFXXSMI,"{""Q49410"": 2}"
LVSFXRSMI,"{""Q49410"": 1}"
LVSVLQNSP,"{""P47534"": 613}"
LVSVFNDHE,"{""P47283"": 134}"
LVSMWLXIX,"{""Q49402"": 38}"
LVSMWLXIK,"{""Q49402"": 2}"
LVSMWLYIX,"{""Q49402"": 566}"
LVSMWLYIK,"{""Q49402"": 18}"
LVSDYQXQL,"{""P47288"": 70}"
LVSDYQXXX,"{""P47288"": 18}"
LVSDYQKQL,"{""P47288"": 1}"
LVSDFEILR,"{""P47266"": 23}"
LVSDFEILX,"{""P47266"": 2}"
LVSDXQXQL,"{""P47288"": 5}"
LVSAREGXX,"{""P47540"": 14}"
LVSAREGXI,"{""P47540"": 6}"
LVSAXEGXI,"{""P47540"": 1}"
LVSAXEGXX,"{""P47540"": 1}"
LVSTXEPFQ,"{""P47508"": 103}"
LVSTXXXXX,"{""P47508"": 24}"
LVSTKEPFQ,"{""P47508"": 4}"
LVSXXXXXX,"{""P47492"": 89}"
LVSXFDNNR,"{""P47492"": 20}"
LVSXFDNNX,"{""P47492"": 3}"
LVQVXLDDL,"{""P47445"": 111}"
LVQVXXXXX,"{""P47445"": 19}"
LVQVKLDDL,"{""P47445"": 5}"
LVQPEVXHI,"{""Q57081"": 113}"
LVQPEVXXX,"{""Q57081"": 29}"
LVQPEVKHI,"{""Q57081"": 2}"
LVQIMDDFL,"{""Q49428"": 109}"
LVNAQICLR,"{""P47534"": 23}"
LVNAQICLX,"{""P47534"": 4}"
LVNXXXXXX,"{""P47280"": 452, ""P47592"": 94}"
LVNXNTNDN,"{""P47280"": 122}"
LVNXANWFD,"{""P47592"": 21}"
LVNSXTXSV,"{""P47386"": 430}"
LVNSXTXXX,"{""P47386"": 71}"
LVNSXTKSV,"{""P47386"": 16}"
LVNSXXXXX,"{""P47386"": 85}"
LVNSIXXXX,"{""P47320"": 460}"
LVNSIXARY,"{""P47320"": 92}"
LVNSIXARX,"{""P47320"": 4}"
LVNSIXAXY,"{""P47320"": 28}"
LVNSIKARY,"{""P47320"": 5}"
LVNSIKAXY,"{""P47320"": 2}"
LVNSAFXXX,"{""P47458"": 88}"
LVNSAFXYD,"{""P47458"": 10}"
LVNSKTXSV,"{""P47386"": 20}"
LVNSKTXXX,"{""P47386"": 4}"
LVNSGEVGX,"{""P47416"": 3}"
LVNSGEVGR,"{""P47416"": 3}"
LVNFFITSQ,"{""Q49432"": 654}"
LVNLVTTPY,"{""Q9ZB73"": 120}"
LVNLVTTPX,"{""Q9ZB73"": 4}"
LVNLAINDQ,"{""Q49405"": 132}"
LVNLFIETX,"{""Q49430"": 117}"
LVNLFIETK,"{""Q49430"": 3}"
LVNEVRGMF,"{""P47295"": 25}"
LVNEVLLTN,"{""Q49429"": 135}"
LVNEVXGMF,"{""P47295"": 6}"
LVNEYXNFQ,"{""P47460"": 506}"
LVNEYXXXX,"{""P47460"": 84}"
LVNEYKNFQ,"{""P47460"": 22}"
LVNELXXXX,"{""P47661"": 110}"
LVNELXENI,"{""P47661"": 24}"
LVNELKENI,"{""P47661"": 2}"
LVNEXXNFQ,"{""P47460"": 34}"
LVNEXXXXX,"{""P47460"": 3}"
LVNEXKNFQ,"{""P47460"": 1}"
LVNISIXHX,"{""P47494"": 8}"
LVNISIRHX,"{""P47494"": 18}"
LVNDFLDEQ,"{""P47376"": 116}"
LVNKNTNDN,"{""P47280"": 9}"
LVNKANWFD,"{""P47592"": 1}"
LVVEGGXLN,"{""P47668"": 124}"
LVVEGGXXX,"{""P47668"": 30}"
LVVEGGKLN,"{""P47668"": 2}"
LVVENTNXI,"{""P47277"": 113}"
LVVENTNXX,"{""P47277"": 14}"
LVVENTNKI,"{""P47277"": 4}"
LVVSIAXXH,"{""P47491"": 111}"
LVVSIAXXX,"{""P47491"": 476}"
LVVSIAXKH,"{""P47491"": 2}"
LVVSIAKXX,"{""P47491"": 20}"
LVVSIAKXH,"{""P47491"": 3}"
LVVXXQPAG,"{""P47390"": 410}"
LVVXXXXXX,"{""P47390"": 163}"
LVVXKQPAG,"{""P47390"": 22}"
LVVNPLTGX,"{""P47576"": 125}"
LVVNPLTGK,"{""P47576"": 6}"
LVVNSLQXX,"{""Q49407"": 16}"
LVVNSLQXH,"{""Q49407"": 94}"
LVVNSLQKH,"{""Q49407"": 10}"
LVVAYNXXX,"{""P47288"": 47}"
LVVAYNXXD,"{""P47288"": 88}"
LVVAYNXKD,"{""P47288"": 3}"
LVVAYNKXD,"{""P47288"": 6}"
LVVAXNXXD,"{""P47288"": 8}"
LVVAXNXXX,"{""P47288"": 1}"
LVVILSGXN,"{""P47576"": 94}"
LVVILSGXX,"{""P47576"": 21}"
LVVILSGKN,"{""P47576"": 4}"
LVVKXXXXX,"{""P47390"": 5}"
LVVKXQPAG,"{""P47390"": 16}"
LVVKKQPAG,"{""P47390"": 1}"
LVHFAXNIF,"{""P47326"": 499}"
LVHFAXXXX,"{""P47326"": 109}"
LVHFAKNIF,"{""P47326"": 29}"
LVHMLHIXD,"{""P47255"": 5}"
LVHMLHIRD,"{""P47255"": 15}"
LVHIASGDL,"{""P47417"": 25}"
LVXTSTNLI,"{""P47693"": 115}"
LVXTLDGYE,"{""P47668"": 80}"
LVXTLDGXE,"{""P47668"": 4}"
LVXXAISEQ,"{""P47433"": 74}"
LVXXXXXXX,"{""P47335"": 554, ""P47472"": 99, ""P47433"": 36, ""P47417"": 91, ""P47426"": 28, ""P47583"": 118, ""P47368"": 124, ""P47661"": 15, ""Q9ZB81"": 110, ""Q2MHT0"": 134, ""P47685"": 25, ""P47496"": 29, ""P47509"": 18, ""P47365"": 27, ""P47618"": 20, ""P47668"": 29, ""P47693"": 16}"
LVXXLEXKH,"{""P47585"": 1}"
LVXXLEXXX,"{""P47585"": 1}"
LVXXLEXXH,"{""P47585"": 2}"
LVXXSDDNX,"{""P47417"": 2}"
LVXXRTXFN,"{""P47368"": 1}"
LVXAASPYE,"{""P47426"": 99}"
LVXAASPXE,"{""P47426"": 3}"
LVXLDNQLE,"{""Q2MHT0"": 455}"
LVXEDILTS,"{""P47583"": 494}"
LVXETEIRX,"{""P47472"": 12}"
LVXETEIXX,"{""P47472"": 9}"
LVXQSSPHF,"{""Q49404"": 9}"
LVXQLIVGX,"{""P47402"": 36}"
LVXIAILVF,"{""P47509"": 96}"
LVXIVDEVD,"{""P47496"": 102}"
LVXNNSFNG,"{""P47618"": 110}"
LVXNGEGVA,"{""P47549"": 31}"
LVXNFSIXN,"{""P47661"": 67}"
LVXNFSIXX,"{""P47661"": 23}"
LVXNFSIKN,"{""P47661"": 3}"
LVXFIEXXX,"{""P47685"": 101}"
LVXGLINKL,"{""P47365"": 4}"
LVXGLINXL,"{""P47365"": 81}"
LVXGLINXX,"{""P47365"": 17}"
LVXMHAQNX,"{""P47335"": 8}"
LVXMHAQNR,"{""P47335"": 20}"
LVXRSDDNX,"{""P47417"": 15}"
LVXRSDDNK,"{""P47417"": 1}"
LVXRXTXFN,"{""P47368"": 1}"
LVXKAISEQ,"{""P47433"": 4}"
LVXDAXXXX,"{""P47394"": 5}"
LVXDIGCDH,"{""P47490"": 5}"
LVXDIGXDH,"{""P47490"": 1}"
LVXDXXXXX,"{""Q49408"": 6}"
LVCQLIVGX,"{""P47402"": 589}"
LVCQLIVGK,"{""P47402"": 37}"
LVTGYELDV,"{""P47272"": 574}"
LVTGXELDV,"{""P47272"": 24}"
LVTXDHNLY,"{""P47354"": 90}"
LVTXDHNLX,"{""P47354"": 5}"
LVTXXXXXX,"{""P47354"": 18}"
LVTIDXLIX,"{""P47418"": 4}"
LVTIDRLIK,"{""P47418"": 3}"
LVTIDRLIX,"{""P47418"": 24}"
LVTKDHNLY,"{""P47354"": 6}"
LVDXMXLAE,"{""P47460"": 25}"
LVDXMXXXX,"{""P47460"": 12}"
LVDXMKLAE,"{""P47460"": 2}"
LVDXLFXNH,"{""P47642"": 441}"
LVDXLFXXX,"{""P47642"": 61}"
LVDXLFKNH,"{""P47642"": 23}"
LVDXNQNDL,"{""P47530"": 84}"
LVDXXXXXX,"{""P47642"": 96, ""P47530"": 14}"
LVDQXIKLS,"{""P47369"": 17}"
LVDQXIXLS,"{""P47369"": 397}"
LVDQXIXXX,"{""P47369"": 73}"
LVDQXXXXX,"{""P47369"": 99}"
LVDQKIXLS,"{""P47369"": 19}"
LVDQKIXXX,"{""P47369"": 8}"
LVDQKIKLS,"{""P47369"": 1}"
LVDDPTVXX,"{""P47390"": 455}"
LVDDPTVXN,"{""P47390"": 132}"
LVDDPTVKN,"{""P47390"": 5}"
LVDDLHVFL,"{""P47664"": 29}"
LVDDNVFPX,"{""P47342"": 124}"
LVDDNVFPK,"{""P47342"": 5}"
LVDLVXGYG,"{""P47535"": 112}"
LVDLVXGXG,"{""P47535"": 6}"
LVDLVXXXX,"{""P47535"": 19}"
LVDLVTXXX,"{""P47318"": 109}"
LVDLVTXQN,"{""P47318"": 1}"
LVDLVKGYG,"{""P47535"": 7}"
LVDLNANTV,"{""P47327"": 123}"
LVDNIENSX,"{""P47496"": 129}"
LVDNIENSK,"{""P47496"": 3}"
LVDSXESNF,"{""P47551"": 119}"
LVDSXXXXX,"{""P47551"": 19}"
LVDSKESNF,"{""P47551"": 5}"
LVDRMKLAE,"{""P47460"": 5}"
LVDRMXXXX,"{""P47460"": 16}"
LVDRMXLAE,"{""P47460"": 104}"
LVDATHELI,"{""P47582"": 33}"
LVDKLFXXX,"{""P47642"": 5}"
LVDKLFXNH,"{""P47642"": 20}"
LVDKLFKNH,"{""P47642"": 1}"
LVDKNQNDL,"{""P47530"": 4}"
LVFVLLXSF,"{""P47681"": 118}"
LVFVLLXXX,"{""P47681"": 490}"
LVFVLLKSF,"{""P47681"": 3}"
LVFAHXXXX,"{""P47606"": 16}"
LVFAHXXNE,"{""P47606"": 8}"
LVFAHXYNE,"{""P47606"": 81}"
LVFAHKYNE,"{""P47606"": 1}"
LVFLTLMSS,"{""P47310"": 119}"
LVFLXPETA,"{""P47493"": 38}"
LVFLPXXXX,"{""Q9ZB72"": 59}"
LVFLPXXSY,"{""Q9ZB72"": 84}"
LVFLPXXSX,"{""Q9ZB72"": 6}"
LVFLPXKSY,"{""Q9ZB72"": 6}"
LVFLPKKSY,"{""Q9ZB72"": 1}"
LVFLPKXSY,"{""Q9ZB72"": 3}"
LVFLRPETA,"{""P47493"": 116}"
LVFLNSTXL,"{""P47369"": 95}"
LVFLNSTXX,"{""P47369"": 11}"
LVFLNSTKL,"{""P47369"": 9}"
LVFRSLLSX,"{""P47543"": 100}"
LVFRSLLSK,"{""P47543"": 6}"
LVFXXXXXX,"{""P47643"": 89, ""P47286"": 53}"
LVFXXSLFL,"{""P47286"": 85}"
LVFXSLLSX,"{""P47543"": 30}"
LVFXSLLSK,"{""P47543"": 3}"
LVFXWSLLV,"{""P47643"": 32}"
LVFXKSLFL,"{""P47286"": 2}"
LVFIDDART,"{""P47291"": 129}"
LVFIDDAXT,"{""P47291"": 23}"
LVFNAVXXX,"{""P47657"": 121}"
LVFNAVXGM,"{""P47657"": 2}"
LVFDXXHYF,"{""P47346"": 4}"
LVFDXXHXF,"{""P47346"": 1}"
LVFDXXXXX,"{""P47346"": 2}"
LVFDRXHYF,"{""P47346"": 14}"
LVFDRXHXF,"{""P47346"": 1}"
LVFDRXXXX,"{""P47346"": 1}"
LVFETVIYV,"{""Q49423"": 25}"
LVFKXSLFL,"{""P47286"": 3}"
LVFKXXXXX,"{""P47286"": 1}"
LVFKWSLLV,"{""P47643"": 1}"
LVEDSPINS,"{""P47253"": 576}"
LVESLXXXX,"{""Q49423"": 180}"
LVESLXXVH,"{""Q49423"": 426}"
LVESLXKVH,"{""Q49423"": 23}"
LVESLKXVH,"{""Q49423"": 23}"
LVESLKXXX,"{""Q49423"": 2}"
LVESLKKVH,"{""Q49423"": 1}"
LVESMVPGX,"{""P47547"": 127}"
LVESMVPGK,"{""P47547"": 6}"
LVESTSIPF,"{""Q49397"": 130}"
LVETIXXXX,"{""P47291"": 38}"
LVETIXXAY,"{""P47291"": 76}"
LVETIXXAX,"{""P47291"": 4}"
LVETIXKAY,"{""P47291"": 3}"
LVETIKXAY,"{""P47291"": 4}"
LVETIKXXX,"{""P47291"": 2}"
LVETVICDY,"{""Q49416"": 112}"
LVETVICDX,"{""Q49416"": 7}"
LVETVIXDY,"{""Q49416"": 10}"
LVEQQXQNA,"{""P47316"": 96}"
LVEQQXXXX,"{""P47316"": 19}"
LVEQQKQNA,"{""P47316"": 4}"
LVEQYCQXL,"{""P47330"": 108}"
LVEQYCQXX,"{""P47330"": 19}"
LVEQYCQKL,"{""P47330"": 3}"
LVEQYXQXL,"{""P47330"": 2}"
LVEQYXQXX,"{""P47330"": 1}"
LVEQXXQXL,"{""P47330"": 2}"
LVEQXCQXL,"{""P47330"": 4}"
LVEXLALLE,"{""P47266"": 99}"
LVEXYSTNQ,"{""P47483"": 85}"
LVEXYTQNV,"{""P47678"": 23}"
LVEXXXXXX,"{""P47483"": 14, ""P47266"": 16}"
LVEXXSTNQ,"{""P47483"": 6}"
LVEXXTQNV,"{""P47678"": 1}"
LVERYTQNV,"{""P47678"": 115}"
LVERXTQNV,"{""P47678"": 2}"
LVEAMGXXX,"{""P47591"": 73}"
LVEAMGXVE,"{""P47591"": 30}"
LVEAMGKVE,"{""P47591"": 3}"
LVELKNLSQ,"{""P47460"": 8}"
LVELNNQPE,"{""Q49429"": 117}"
LVELXNLSQ,"{""P47460"": 115}"
LVELXXXXX,"{""P47460"": 21}"
LVELGTAVG,"{""P47582"": 7}"
LVENFFXXX,"{""P47668"": 111}"
LVENFFXKX,"{""P47668"": 4}"
LVENFFKXX,"{""P47668"": 7}"
LVENANEAE,"{""P47500"": 120}"
LVEISVQAG,"{""P47652"": 22}"
LVEKLALLE,"{""P47266"": 5}"
LVEKYSTNQ,"{""P47483"": 4}"
LVEKXSTNQ,"{""P47483"": 1}"
LVIIDYLQL,"{""P47340"": 574}"
LVIIDXLQL,"{""P47340"": 30}"
LVIIQANDD,"{""P47259"": 119}"
LVIEVXRDT,"{""P47250"": 94}"
LVIEVXXXX,"{""P47250"": 460}"
LVIEVXXDT,"{""P47250"": 29}"
LVIEVKRDT,"{""P47250"": 2}"
LVIEQTPLT,"{""P47339"": 114}"
LVIXTATXL,"{""P47277"": 77}"
LVIXTATXX,"{""P47277"": 20}"
LVIXLXXXX,"{""P47405"": 84}"
LVIXLXGEL,"{""P47405"": 15}"
LVIXXXXXX,"{""P47589"": 109, ""P47277"": 21, ""P47405"": 25}"
LVIDLLXTR,"{""P47696"": 24}"
LVIDLLXTX,"{""P47696"": 5}"
LVIDLLXXX,"{""P47696"": 101}"
LVIDLLKTR,"{""P47696"": 1}"
LVIDIAXRV,"{""P47316"": 5}"
LVIDIAXXX,"{""P47316"": 84}"
LVIDIAXXV,"{""P47316"": 4}"
LVIDSNIGG,"{""P47357"": 26}"
LVILLNXXF,"{""P47369"": 87}"
LVILLNXXX,"{""P47369"": 28}"
LVILLNXKF,"{""P47369"": 4}"
LVILLNKXF,"{""P47369"": 3}"
LVILLNKXX,"{""P47369"": 1}"
LVIQDMEQP,"{""P47656"": 130}"
LVIFLLLVI,"{""P47427"": 114}"
LVIKLXGEL,"{""P47405"": 1}"
LVIKLXXXX,"{""P47405"": 1}"
LVIKXXXXX,"{""P47589"": 8}"
LVIKTATXX,"{""P47277"": 2}"
LVGDGIAIL,"{""P47315"": 636}"
LVGXIFEFQ,"{""Q49415"": 102}"
LVGXXXXXX,"{""Q49415"": 18}"
LVGLLSTSL,"{""P47393"": 624}"
LVGMDIATX,"{""P47413"": 117}"
LVGMDIATK,"{""P47413"": 3}"
LVGGVPLLV,"{""P47468"": 39}"
LVGEMAXSI,"{""P47480"": 100}"
LVGEMAXXX,"{""P47480"": 22}"
LVGEMAKSI,"{""P47480"": 5}"
LVGKIFEFQ,"{""Q49415"": 2}"
LVAGVXTII,"{""P47513"": 117}"
LVAGVXXXX,"{""P47513"": 17}"
LVAGVKTII,"{""P47513"": 3}"
LVAYHEAGH,"{""P47695"": 103}"
LVAVASDAY,"{""P47277"": 130}"
LVAVASDAX,"{""P47277"": 6}"
LVALNXEXX,"{""P47460"": 77}"
LVALNXEXD,"{""P47460"": 18}"
LVALNXEKD,"{""P47460"": 2}"
LVALNXXXX,"{""P47460"": 33}"
LVALNKEXX,"{""P47460"": 4}"
LVALNKEXD,"{""P47460"": 1}"
LVAPSGVEG,"{""P47287"": 121}"
LVAXHEAGH,"{""P47695"": 4}"
LVLADAITY,"{""P47631"": 628}"
LVLADAITX,"{""P47631"": 29}"
LVLTXDCDL,"{""P47488"": 75}"
LVLTXDXDL,"{""P47488"": 3}"
LVLTXYYET,"{""P47649"": 445}"
LVLTXYXET,"{""P47649"": 21}"
LVLTXXXXX,"{""P47649"": 116, ""P47488"": 32}"
LVLTXXYET,"{""P47649"": 26}"
LVLTKYYET,"{""P47649"": 22}"
LVLTKYXET,"{""P47649"": 1}"
LVLTKXYET,"{""P47649"": 2}"
LVLTKDCDL,"{""P47488"": 3}"
LVLTNVIRR,"{""Q49435"": 8}"
LVLTNVIRX,"{""Q49435"": 1}"
LVLTNVIXX,"{""Q49435"": 1}"
LVLVTQXFT,"{""P47481"": 447}"
LVLVTQXXX,"{""P47481"": 136}"
LVLVTQKFT,"{""P47481"": 26}"
LVLVSGAIA,"{""P47397"": 141}"
LVLNVNDIW,"{""P47655"": 119}"
LVLITGVSG,"{""P47660"": 110}"
LVLIDSXHX,"{""P47620"": 98}"
LVLIDSXHK,"{""P47620"": 4}"
LVLIDSXXX,"{""P47620"": 22}"
LVLIDSKHX,"{""P47620"": 3}"
LVLELALSV,"{""P47563"": 120}"
LVLXETQXX,"{""P47460"": 3}"
LVLXETQRX,"{""P47460"": 24}"
LVLXXXXXX,"{""P47460"": 92}"
LVLKETQRX,"{""P47460"": 2}"
LVRNGEGVA,"{""P47549"": 126}"
LVRXLEXXH,"{""P47585"": 11}"
LVRXLEXXX,"{""P47585"": 2}"
LVRXXXXXX,"{""P47585"": 3}"
LVRDAXXXX,"{""P47394"": 25}"
LVRDAXXAN,"{""P47394"": 2}"
LVRDAXRAN,"{""P47394"": 2}"
LVRERPSLL,"{""P47373"": 1}"
LVRKLEXXH,"{""P47585"": 1}"
LVYQSSPHF,"{""Q49404"": 115}"
LVYDIGCDH,"{""P47490"": 131}"
LVYDIGXDH,"{""P47490"": 10}"
LVYDXXXXX,"{""Q49408"": 86}"
LVYDXXTLR,"{""Q49408"": 9}"
LVYDXXTLX,"{""Q49408"": 4}"
LVYDXKTLR,"{""Q49408"": 1}"
LVYDKXTLR,"{""Q49408"": 1}"
LVYDKXTLX,"{""Q49408"": 1}"
LVYDKXXXX,"{""Q49408"": 7}"
LVWIGSLAS,"{""P47317"": 135}"
LVWFFFLSV,"{""P47435"": 8}"
LVPSIALXL,"{""P47475"": 106}"
LVPSIALXX,"{""P47475"": 23}"
LVPSIALKL,"{""P47475"": 7}"
LVPIRQXGE,"{""P47315"": 4}"
LVPIRQRGE,"{""P47315"": 6}"
LVPIXQRGE,"{""P47315"": 1}"
LVKGLINXL,"{""P47365"": 2}"
LVKTSTNLI,"{""P47693"": 9}"
LVKTLDGYE,"{""P47668"": 3}"
LVKTLDGXE,"{""P47668"": 1}"
LVKLDNQLE,"{""Q2MHT0"": 23}"
LVKMHAQNR,"{""P47335"": 2}"
LVKMHAQNX,"{""P47335"": 1}"
LVKEDILTS,"{""P47583"": 28}"
LVKNFSIXN,"{""P47661"": 3}"
LVKNFSIXX,"{""P47661"": 1}"
LVKNNSFNG,"{""P47618"": 3}"
LVKAASPXE,"{""P47426"": 1}"
LVKAASPYE,"{""P47426"": 7}"
LVKFIEXXX,"{""P47685"": 4}"
LVKIAILVF,"{""P47509"": 5}"
LVKIVDEVD,"{""P47496"": 1}"
LVKXAISEQ,"{""P47433"": 1}"
LVKRSDDNX,"{""P47417"": 1}"
LFEDIPIWY,"{""Q9ZB73"": 552}"
LFEDIPIWX,"{""Q9ZB73"": 31}"
LFEEIXSXN,"{""P47549"": 80}"
LFEEIXSXX,"{""P47549"": 10}"
LFEEIXSKN,"{""P47549"": 4}"
LFEEIXXXX,"{""P47549"": 24}"
LFEEIKSXN,"{""P47549"": 2}"
LFEEFDXXX,"{""P47580"": 104}"
LFEEFDXQL,"{""P47580"": 21}"
LFEATQQFN,"{""P47311"": 134}"
LFEHQDENN,"{""Q49429"": 119}"
LFEHPXXGS,"{""P47428"": 86}"
LFEHPXXXX,"{""P47428"": 44}"
LFEHPXKGS,"{""P47428"": 2}"
LFEHPKXXX,"{""P47428"": 1}"
LFEHPKXGS,"{""P47428"": 2}"
LFEQAVXVA,"{""P47609"": 86}"
LFEQAVXXX,"{""P47609"": 18}"
LFEQTNAXT,"{""P47398"": 100}"
LFEQTNAXX,"{""P47398"": 22}"
LFEQTNAKT,"{""P47398"": 3}"
LFEXYQLXG,"{""P47612"": 72}"
LFEXYQLXX,"{""P47612"": 20}"
LFEXYQLKG,"{""P47612"": 2}"
LFEXXXXXX,"{""P47510"": 126, ""P47612"": 21}"
LFEXXQLXG,"{""P47612"": 7}"
LFEXTLTTL,"{""P47589"": 2}"
LFELYPXYN,"{""P47607"": 10}"
LFELYPXXX,"{""P47607"": 93}"
LFELYPXXN,"{""P47607"": 1}"
LFELYPKYN,"{""P47607"": 1}"
LFELXPXYN,"{""P47607"": 2}"
LFELXPXXN,"{""P47607"": 1}"
LFELXPXXX,"{""P47607"": 5}"
LFEVFTNXL,"{""P47587"": 102}"
LFEVFTNXX,"{""P47587"": 21}"
LFEVFTNKL,"{""P47587"": 7}"
LFEYTLTTL,"{""P47589"": 24}"
LFEKXQLXG,"{""P47612"": 1}"
LFEKYQLXG,"{""P47612"": 4}"
LFTLPVTEL,"{""P20796"": 154}"
LFTYVGLSS,"{""Q49460"": 552}"
LFTNSLPYL,"{""P47274"": 620}"
LFTNSLPXL,"{""P47274"": 34}"
LFTSFVSQS,"{""P47551"": 622}"
LFTSSFNPM,"{""P47437"": 127}"
LFTXNFVEY,"{""P47551"": 96}"
LFTXNFVEX,"{""P47551"": 5}"
LFTXVGLSS,"{""Q49460"": 30}"
LFTXXXXXX,"{""P47551"": 16}"
LFTKNFVEY,"{""P47551"": 6}"
LFLCSNHTP,"{""P47576"": 601}"
LFLXXQLPF,"{""P47442"": 92}"
LFLXXXXXX,"{""P47442"": 29, ""P47311"": 83}"
LFLXNEVKX,"{""P47311"": 17}"
LFLXNEVKK,"{""P47311"": 1}"
LFLXNEVXX,"{""P47311"": 497}"
LFLXNEVXK,"{""P47311"": 2}"
LFLXSNHTP,"{""P47576"": 33}"
LFLXQXDAX,"{""Q49409"": 7}"
LFLXQXXXX,"{""Q49409"": 2}"
LFLXKQLPF,"{""P47442"": 2}"
LFLEQLAXS,"{""P47700"": 98}"
LFLEQLAXX,"{""P47700"": 14}"
LFLEQLAKS,"{""P47700"": 8}"
LFLEKHPEL,"{""P47541"": 3}"
LFLEXHPEL,"{""P47541"": 105}"
LFLEXXXXX,"{""P47541"": 20}"
LFLQLLXXX,"{""P47703"": 96}"
LFLQLLXXI,"{""P47703"": 4}"
LFLQLLXRI,"{""P47703"": 16}"
LFLQLLKRI,"{""P47703"": 2}"
LFLQLLKXI,"{""P47703"": 1}"
LFLINETTX,"{""P47558"": 112}"
LFLINETTK,"{""P47558"": 4}"
LFLTGXXXX,"{""P47419"": 35}"
LFLTGXILE,"{""P47419"": 103}"
LFLTGKILE,"{""P47419"": 5}"
LFLARXRGI,"{""Q49460"": 4}"
LFLARXXXX,"{""Q49460"": 16}"
LFLARXXGI,"{""Q49460"": 2}"
LFLAXXXXX,"{""Q49460"": 6}"
LFLGLCLPA,"{""P47278"": 111}"
LFLGLXLPA,"{""P47278"": 10}"
LFLSLXXFQ,"{""P47655"": 58}"
LFLSLXXXX,"{""P47655"": 36}"
LFLSLXKFQ,"{""P47655"": 5}"
LFLSLFEGF,"{""P47354"": 106}"
LFLSLKKFQ,"{""P47655"": 2}"
LFLSLKXFQ,"{""P47655"": 4}"
LFLDCAYXT,"{""P47450"": 92}"
LFLDCAYXX,"{""P47450"": 14}"
LFLDCAYKT,"{""P47450"": 5}"
LFLDCAXXT,"{""P47450"": 9}"
LFLDNTNTE,"{""P47366"": 20}"
LFLDXAYXT,"{""P47450"": 8}"
LFLYQXDAX,"{""Q49409"": 84}"
LFLYQXDAK,"{""Q49409"": 3}"
LFLYQXXXX,"{""Q49409"": 16}"
LFLYQKDAX,"{""Q49409"": 5}"
LFLKNEVXX,"{""P47311"": 12}"
LFLKXXXXX,"{""P47442"": 1}"
LFLKXQLPF,"{""P47442"": 7}"
LFLKKQLPF,"{""P47442"": 1}"
LFNFCFGHL,"{""Q49398"": 22}"
LFNFHXXEQ,"{""P47564"": 398}"
LFNFHXXXX,"{""P47564"": 204}"
LFNFHXKEQ,"{""P47564"": 20}"
LFNFHKXEQ,"{""P47564"": 18}"
LFNFHKXXX,"{""P47564"": 8}"
LFNFXFGHL,"{""Q49398"": 3}"
LFNDFHFGV,"{""P47376"": 119}"
LFNDYGISD,"{""Q49405"": 106}"
LFNDXGISD,"{""Q49405"": 8}"
LFNNTHLNT,"{""P47662"": 127}"
LFNXXXXXX,"{""P36263"": 14, ""P47345"": 26, ""P47496"": 11}"
LFNXHLQXX,"{""P47345"": 85}"
LFNXHLQXK,"{""P47345"": 2}"
LFNXHLQKX,"{""P47345"": 2}"
LFNXGSXIX,"{""P36263"": 93}"
LFNXGSXIK,"{""P36263"": 2}"
LFNXGSXXX,"{""P36263"": 23}"
LFNXGSKIX,"{""P36263"": 3}"
LFNXLLINT,"{""Q49426"": 25}"
LFNXLVDNI,"{""P47496"": 98}"
LFNQEIQAY,"{""P47604"": 132}"
LFNQEIQAX,"{""P47604"": 1}"
LFNEQNYQX,"{""P47326"": 113}"
LFNEQNYQK,"{""P47326"": 2}"
LFNEQNXQX,"{""P47326"": 3}"
LFNELDHFS,"{""P47512"": 91}"
LFNRLLINT,"{""Q49426"": 104}"
LFNKHLQXX,"{""P47345"": 5}"
LFNKHLQKX,"{""P47345"": 1}"
LFNKLVDNI,"{""P47496"": 6}"
LFNKGSXIX,"{""P36263"": 3}"
LFQNXWAIL,"{""P47324"": 125}"
LFQNXXXXX,"{""P47324"": 460}"
LFQNKWAIL,"{""P47324"": 6}"
LFQXTEIVW,"{""P47679"": 474}"
LFQXXXXXX,"{""P47679"": 131}"
LFQSLPFNI,"{""P47362"": 135}"
LFQKTEIVW,"{""P47679"": 33}"
LFQERTYFE,"{""P47460"": 1}"
LFXFVLXXX,"{""P47553"": 7}"
LFXFVLXQX,"{""P47553"": 31}"
LFXFVLKQX,"{""P47553"": 1}"
LFXFLFXXX,"{""P47561"": 30}"
LFXFLFXLC,"{""P47561"": 4}"
LFXFFVLLS,"{""P47558"": 7}"
LFXXXXXXX,"{""P47642"": 29, ""P47582"": 23, ""P47628"": 471, ""P47662"": 114, ""P47573"": 13, ""Q49402"": 112, ""P47583"": 90, ""P47395"": 25, ""P47391"": 30}"
LFXXFFGXN,"{""P47628"": 26}"
LFXXFFGXX,"{""P47628"": 4}"
LFXXFFGKN,"{""P47628"": 2}"
LFXXLAXXX,"{""P47394"": 1}"
LFXRFFGXN,"{""P47628"": 81}"
LFXRFFGXX,"{""P47628"": 12}"
LFXRFFGKN,"{""P47628"": 2}"
LFXTLQELI,"{""P47573"": 95}"
LFXTSFRFI,"{""Q49402"": 6}"
LFXTSFXFI,"{""Q49402"": 1}"
LFXDXILYV,"{""P47395"": 5}"
LFXDXXXXX,"{""P47320"": 33, ""P47388"": 7}"
LFXDXEIIF,"{""P47388"": 1}"
LFXDYILYV,"{""P47395"": 94}"
LFXDYILXV,"{""P47395"": 4}"
LFXPFIIHG,"{""P47582"": 90}"
LFXNTVIVN,"{""P47391"": 103}"
LFXNHFCQV,"{""P47642"": 93}"
LFXNHFXQV,"{""P47642"": 6}"
LFXEFSPGE,"{""P47609"": 13}"
LFXELHDLX,"{""P47271"": 6}"
LFXAIFPES,"{""P47583"": 15}"
LFXLMSQTN,"{""P47637"": 6}"
LFXIGMNED,"{""P47662"": 1}"
LFXIDNDSS,"{""P47298"": 10}"
LFXGSFQDN,"{""P47534"": 5}"
LFXVAITRA,"{""P47486"": 2}"
LFSFFXXTV,"{""P47349"": 81}"
LFSFFXXXX,"{""P47349"": 35}"
LFSFFXKTV,"{""P47349"": 4}"
LFSFFKXTV,"{""P47349"": 2}"
LFSFFKXXX,"{""P47349"": 2}"
LFSFNSPLG,"{""P47660"": 640}"
LFSFYXXVD,"{""P47545"": 82}"
LFSFYXXXX,"{""P47545"": 32}"
LFSFYXKVD,"{""P47545"": 1}"
LFSFYKXVD,"{""P47545"": 6}"
LFSFYKXXX,"{""P47545"": 1}"
LFSFQADAL,"{""P47323"": 10}"
LFSFXXXVD,"{""P47545"": 2}"
LFSFXXXXX,"{""P47545"": 1}"
LFSXEVXXX,"{""P47445"": 81}"
LFSXEVXNV,"{""P47445"": 25}"
LFSXEVKNV,"{""P47445"": 2}"
LFSXXXXXX,"{""P47282"": 30, ""P47445"": 21}"
LFSXSXXXX,"{""P47282"": 65}"
LFSXSXTPP,"{""P47282"": 15}"
LFSXSKTPP,"{""P47282"": 1}"
LFSAISSQW,"{""P47551"": 143}"
LFSENQLIS,"{""Q49415"": 639}"
LFSLDEAFL,"{""Q49434"": 112}"
LFSTQSPSA,"{""P47523"": 126}"
LFSKEVXXX,"{""P47445"": 2}"
LFSKSXXXX,"{""P47282"": 4}"
LFSDRDQIL,"{""P47453"": 4}"
LFSDXDQIL,"{""P47453"": 1}"
LFWNLXXXX,"{""P47590"": 109}"
LFWNLXHXX,"{""P47590"": 479}"
LFWNLXHXK,"{""P47590"": 1}"
LFWNLXHKX,"{""P47590"": 19}"
LFWNLXHKK,"{""P47590"": 1}"
LFWNLLVXN,"{""P47589"": 100}"
LFWNLLVXX,"{""P47589"": 32}"
LFWNLLVKN,"{""P47589"": 4}"
LFWNLKHXX,"{""P47590"": 21}"
LFWNLKHKX,"{""P47590"": 1}"
LFWTIGVLG,"{""P47523"": 19}"
LFGSEIXXX,"{""P47275"": 591}"
LFGEXSFTD,"{""P47616"": 39}"
LFGERSFTD,"{""P47616"": 113}"
LFGHDPXAI,"{""P47357"": 110}"
LFGHDPXXX,"{""P47357"": 18}"
LFGHDPKAI,"{""P47357"": 4}"
LFGRAQALA,"{""P47331"": 111}"
LFGVNNTFR,"{""P47277"": 20}"
LFGVNNTFX,"{""P47277"": 6}"
LFGYGTILN,"{""P47313"": 138}"
LFGXAQALA,"{""P47331"": 36}"
LFGXGTILN,"{""P47313"": 12}"
LFHVNNLGL,"{""P47679"": 136}"
LFHDSIEXP,"{""P47433"": 116}"
LFHDSIEXX,"{""P47433"": 21}"
LFHDSIEKP,"{""P47433"": 5}"
LFHIXXXXX,"{""P47544"": 23}"
LFHIXVQPI,"{""P47544"": 101}"
LFHIKVQPI,"{""P47544"": 1}"
LFHAMNXXX,"{""P47455"": 95}"
LFHAMNXLL,"{""P47455"": 20}"
LFRDXXXXX,"{""P47320"": 103, ""P47388"": 16}"
LFRDXEIIF,"{""P47388"": 6}"
LFRFLFXXX,"{""P47561"": 80}"
LFRFLFXLC,"{""P47561"": 24}"
LFRFLFXLX,"{""P47561"": 1}"
LFRFLFKLC,"{""P47561"": 1}"
LFRFVLXQX,"{""P47553"": 103}"
LFRFVLXXX,"{""P47553"": 39}"
LFRFVLKQX,"{""P47553"": 1}"
LFRGSFQDN,"{""P47534"": 19}"
LFINXFLXX,"{""P47592"": 28}"
LFINXFLXR,"{""P47592"": 2}"
LFINCFLXR,"{""P47592"": 113}"
LFINCFLXX,"{""P47592"": 457}"
LFINCFLKX,"{""P47592"": 2}"
LFINCFLKR,"{""P47592"": 5}"
LFITTXXXX,"{""P47369"": 101}"
LFIXGVNND,"{""P47653"": 97}"
LFIXELQID,"{""P47437"": 5}"
LFIXXXXXX,"{""P47653"": 25}"
LFICELQID,"{""P47437"": 112}"
LFIVLALLF,"{""Q49417"": 122}"
LFIAYIATN,"{""P47313"": 130}"
LFIAXIATN,"{""P47313"": 3}"
LFIKGVNND,"{""P47653"": 3}"
LFIDGRYYE,"{""P47566"": 1}"
LFIDGRYXE,"{""P47566"": 1}"
LFIDGRXYE,"{""P47566"": 1}"
LFIDGXYYE,"{""P47566"": 1}"
LFFSVFLDV,"{""P47282"": 127}"
LFFNNNLIE,"{""Q49398"": 102}"
LFFHQVGDN,"{""P47533"": 118}"
LFFEYFXHV,"{""P47649"": 100}"
LFFEYFXXX,"{""P47649"": 19}"
LFFEYFKHV,"{""P47649"": 5}"
LFFEXFXHV,"{""P47649"": 4}"
LFFEXFXXX,"{""P47649"": 1}"
LFFEDIEND,"{""P47534"": 32}"
LFFDYVLEF,"{""Q49418"": 104}"
LFFDXVLEF,"{""Q49418"": 4}"
LFFVPTYNG,"{""P47482"": 112}"
LFFVPTXNG,"{""P47482"": 3}"
LFFLITMXP,"{""P47483"": 105}"
LFFLITMXX,"{""P47483"": 16}"
LFFLITMKP,"{""P47483"": 7}"
LFFLSSSVL,"{""P47431"": 30}"
LFFXXXXXX,"{""P47532"": 21, ""P47464"": 24}"
LFFXSPXLL,"{""P47532"": 79}"
LFFXSPXXX,"{""P47532"": 19}"
LFFXSPKLL,"{""P47532"": 3}"
LFFXNNNVV,"{""P47464"": 94}"
LFFXLAQSE,"{""P47685"": 2}"
LFFASSAAV,"{""P47364"": 106}"
LFFKSPXLL,"{""P47532"": 4}"
LFFKSPXXX,"{""P47532"": 2}"
LFFKNNNVV,"{""P47464"": 3}"
LFFYLAQSE,"{""P47685"": 25}"
LFFQDCLMY,"{""P47271"": 4}"
LFDXXXXXX,"{""P47332"": 116}"
LFDXFNEFV,"{""P47382"": 8}"
LFDXSSLTL,"{""P47340"": 1}"
LFDAXXTFS,"{""P47661"": 425}"
LFDAXXXXX,"{""P47661"": 160}"
LFDAXKTFS,"{""P47661"": 14}"
LFDAKXTFS,"{""P47661"": 23}"
LFDAKXXXX,"{""P47661"": 8}"
LFDAKKTFS,"{""P47661"": 1}"
LFDILEGSL,"{""P47491"": 126}"
LFDEVXXHF,"{""P47551"": 68}"
LFDEVXXXX,"{""P47551"": 45}"
LFDEVXKHF,"{""P47551"": 4}"
LFDEVKXHF,"{""P47551"": 8}"
LFDTDLIVX,"{""P47539"": 101}"
LFDTDLIVK,"{""P47539"": 5}"
LFDYSSLTL,"{""P47340"": 23}"
LFDYFNEFV,"{""P47382"": 119}"
LFDLDQIEA,"{""P47447"": 127}"
LFDLVLAAI,"{""P47576"": 4}"
LFDQXLPVD,"{""P47508"": 2}"
LFDQYLPVD,"{""P47508"": 29}"
LFDHYTYVV,"{""P47312"": 106}"
LFDHYTXVV,"{""P47312"": 11}"
LFDHXTYVV,"{""P47312"": 9}"
LFAXXXXXX,"{""P47460"": 471, ""P47549"": 26}"
LFAXEQDQQ,"{""P47460"": 100}"
LFAXDFLVY,"{""P47549"": 82}"
LFAXDFLVX,"{""P47549"": 9}"
LFAXLXASM,"{""P47670"": 11}"
LFAXLXXXX,"{""P47670"": 2}"
LFALNRFQS,"{""P47394"": 25}"
LFALNXFQS,"{""P47394"": 4}"
LFAFDXXXX,"{""P47485"": 113}"
LFAFDXRFL,"{""P47485"": 5}"
LFACLXASM,"{""P47670"": 100}"
LFACLXXXX,"{""P47670"": 17}"
LFACLKASM,"{""P47670"": 4}"
LFAKDFLVY,"{""P47549"": 4}"
LFAKEQDQQ,"{""P47460"": 9}"
LFYFFVLLS,"{""P47558"": 121}"
LFYXLAXXX,"{""P47394"": 81}"
LFYXLAXXL,"{""P47394"": 11}"
LFYXLAXKL,"{""P47394"": 3}"
LFYXLAKXX,"{""P47394"": 2}"
LFYXXXXXX,"{""P47394"": 20}"
LFYVAITRA,"{""P47486"": 25}"
LFYVAITXA,"{""P47486"": 8}"
LFYELHDLX,"{""P47271"": 107}"
LFYELHDLK,"{""P47271"": 5}"
LFYLMSQTN,"{""P47637"": 108}"
LFYKLAXXX,"{""P47394"": 7}"
LFYKLAXXL,"{""P47394"": 3}"
LFYKLAKXX,"{""P47394"": 1}"
LFYALIVSS,"{""P47493"": 6}"
LFCIDNDSS,"{""P47298"": 125}"
LFCEFSPGE,"{""P47609"": 114}"
LFCTGERQF,"{""P47488"": 21}"
LFCTGEXQF,"{""P47488"": 5}"
LFVLMXXAX,"{""P47330"": 76}"
LFVLMXXAK,"{""P47330"": 2}"
LFVLMXXXX,"{""P47330"": 29}"
LFVLMXKAX,"{""P47330"": 2}"
LFVLMKXXX,"{""P47330"": 2}"
LFVLMKXAX,"{""P47330"": 3}"
LFVITASSD,"{""P47621"": 126}"
LFVIQXXXX,"{""P47464"": 129}"
LFVFLEXXX,"{""Q9ZB73"": 88}"
LFVFLEXNG,"{""Q9ZB73"": 33}"
LFVFLEKNG,"{""Q9ZB73"": 2}"
LFVDXNDLG,"{""P47653"": 118}"
LFVDXXXXX,"{""P47653"": 14}"
LFVDKNDLG,"{""P47653"": 2}"
LFPDMTERT,"{""Q49434"": 18}"
LFPDMTEXT,"{""Q49434"": 3}"
LFPLRXCAP,"{""P47448"": 22}"
LFPLRXXAP,"{""P47448"": 1}"
LFPLRXXXX,"{""P47448"": 3}"
LFPLXXCAP,"{""P47448"": 3}"
LFPLXXXXX,"{""P47448"": 1}"
LFPLXXXAP,"{""P47448"": 2}"
LFPLXKCAP,"{""P47448"": 1}"
LFMRNRKVE,"{""P47510"": 1}"
LFMRNRXXX,"{""P47510"": 6}"
LFMRNRXVE,"{""P47510"": 13}"
LFMRNXXXX,"{""P47510"": 1}"
LFMRNXXVE,"{""P47510"": 2}"
LFMXNRXVE,"{""P47510"": 6}"
LFMXNRXXX,"{""P47510"": 1}"
LFMXNXXVE,"{""P47510"": 1}"
LFMXNXKVE,"{""P47510"": 1}"
LFKDYILYV,"{""P47395"": 6}"
LFKPFIIHG,"{""P47582"": 4}"
LFKAIFPES,"{""P47583"": 2}"
LFKNTVIVN,"{""P47391"": 4}"
LFKNHFCQV,"{""P47642"": 1}"
LFKRFFGXN,"{""P47628"": 1}"
LFKTLQELI,"{""P47573"": 4}"
LSIDNXXHV,"{""P47304"": 81}"
LSIDNXXXX,"{""P47304"": 41}"
LSIDNXKHV,"{""P47304"": 5}"
LSIDNKXHV,"{""P47304"": 5}"
LSIDNKXXX,"{""P47304"": 1}"
LSIIRDATL,"{""P47261"": 110}"
LSIIXDATL,"{""P47261"": 34}"
LSIHXNPPA,"{""P47639"": 3}"
LSIHRNPPA,"{""P47639"": 26}"
LSISFELEG,"{""P47278"": 26}"
LSINQGAID,"{""P47660"": 136}"
LSIASNDTI,"{""P47582"": 129}"
LSIPVNDFE,"{""P47390"": 130}"
LSLDPVSLD,"{""P47491"": 621}"
LSLSLTLLN,"{""Q49433"": 135}"
LSLSETWIL,"{""P47576"": 131}"
LSLXGFELL,"{""P47446"": 31}"
LSLXHXXHP,"{""Q49409"": 311}"
LSLXHXXXX,"{""Q49409"": 167}"
LSLXHXKHP,"{""Q49409"": 12}"
LSLXHKXHP,"{""Q49409"": 14}"
LSLXHKXXX,"{""Q49409"": 13}"
LSLXXXXXX,"{""Q49409"": 100}"
LSLLGXNEI,"{""Q49416"": 95}"
LSLLGXXXX,"{""Q49416"": 22}"
LSLLGKNEI,"{""Q49416"": 2}"
LSLLVFVLL,"{""P47320"": 9}"
LSLQQITDC,"{""P47591"": 133}"
LSLQQITDX,"{""P47591"": 4}"
LSLQLYQRS,"{""P47469"": 19}"
LSLQLYQXS,"{""P47469"": 3}"
LSLQLXQXS,"{""P47469"": 2}"
LSLQLXQRS,"{""P47469"": 1}"
LSLYGFELL,"{""P47446"": 609}"
LSLFXYGNY,"{""P47661"": 97}"
LSLFXYGNX,"{""P47661"": 7}"
LSLFXXGNX,"{""P47661"": 1}"
LSLFXXGNY,"{""P47661"": 3}"
LSLFXXXXX,"{""P47661"": 16}"
LSLFKYGNY,"{""P47661"": 6}"
LSLILXXYG,"{""P47464"": 77}"
LSLILXXXX,"{""P47464"": 25}"
LSLILXXXG,"{""P47464"": 1}"
LSLILXKYG,"{""P47464"": 1}"
LSLILKKYG,"{""P47464"": 2}"
LSLILKXYG,"{""P47464"": 5}"
LSLILKXXX,"{""P47464"": 1}"
LSLIIDILS,"{""P47651"": 30}"
LSLNLXAYX,"{""P47395"": 93}"
LSLNLXAYK,"{""P47395"": 6}"
LSLNLXAXX,"{""P47395"": 6}"
LSLNLXXXX,"{""P47395"": 25}"
LSLNLKAYX,"{""P47395"": 4}"
LSLNLKAYK,"{""P47395"": 1}"
LSLNSTVXV,"{""P47483"": 4}"
LSLNSTVYV,"{""P47483"": 128}"
LSLVTXPLL,"{""P47506"": 119}"
LSLVTXXXX,"{""P47506"": 17}"
LSLVTKPLL,"{""P47506"": 7}"
LSLVIDSYD,"{""P47283"": 21}"
LSLVIDSXD,"{""P47283"": 1}"
LSLKHXXHP,"{""Q49409"": 10}"
LSLKHXXXX,"{""Q49409"": 4}"
LSVDXXXXX,"{""P47351"": 156}"
LSVDXIGAI,"{""P47351"": 479}"
LSVDKIGAI,"{""P47351"": 21}"
LSVFEIXQE,"{""P47247"": 96}"
LSVFEIXXX,"{""P47247"": 33}"
LSVFEIKQE,"{""P47247"": 5}"
LSVFTGQSG,"{""P47356"": 136}"
LSVXXXXXX,"{""P47297"": 26}"
LSVXLSDMN,"{""P47297"": 103}"
LSVLCGNSA,"{""P47468"": 612}"
LSVLXGNSA,"{""P47468"": 26}"
LSVIIPTYN,"{""P47306"": 110}"
LSVIIPTXN,"{""P47306"": 8}"
LSVGSNQQT,"{""P47498"": 26}"
LSVKLSDMN,"{""P47297"": 5}"
LSXLXXXXX,"{""P47622"": 462}"
LSXLAAELL,"{""P47250"": 505}"
LSXLLNSYL,"{""P47368"": 28}"
LSXLSXLXX,"{""P47622"": 8}"
LSXLSXXXX,"{""P47622"": 2}"
LSXLTHHFX,"{""P47637"": 2}"
LSXLERLVD,"{""P47369"": 2}"
LSXXXXXXX,"{""P47618"": 558, ""P47700"": 75, ""P47328"": 80, ""P47622"": 138, ""Q49421"": 113, ""Q49419"": 130, ""P47250"": 81, ""Q49423"": 33, ""P47660"": 23, ""Q9ZB78"": 29, ""P47471"": 24, ""P47619"": 17, ""P47326"": 13}"
LSXXDEXTT,"{""P47700"": 4}"
LSXXDEXXX,"{""P47700"": 1}"
LSXXDVILD,"{""Q49423"": 1}"
LSXXEXIQA,"{""Q49419"": 2}"
LSXXERIQA,"{""Q49419"": 4}"
LSXXMQAVT,"{""P47328"": 2}"
LSXXAGNVI,"{""P47618"": 3}"
LSXXSSTXX,"{""P47563"": 1}"
LSXXLITXV,"{""P47657"": 1}"
LSXDDIVHY,"{""Q9ZB78"": 100}"
LSXDDIVHX,"{""Q9ZB78"": 1}"
LSXDWQDLI,"{""P47471"": 85}"
LSXFLQXXS,"{""P47660"": 65}"
LSXFLQXXX,"{""P47660"": 29}"
LSXFLQXKS,"{""P47660"": 1}"
LSXFLQKXS,"{""P47660"": 3}"
LSXINVDLA,"{""P47326"": 95}"
LSXIXIPHT,"{""P47619"": 75}"
LSXIXXXXX,"{""P47619"": 16}"
LSXIKIPHT,"{""P47619"": 7}"
LSXIFLLDL,"{""P47381"": 32}"
LSXRDEXTT,"{""P47700"": 15}"
LSXRDEXXX,"{""P47700"": 6}"
LSXRDEKTT,"{""P47700"": 2}"
LSXRMQAVT,"{""P47328"": 22}"
LSXRLITXV,"{""P47657"": 5}"
LSXRAGNVI,"{""P47618"": 18}"
LSXNDVVNE,"{""P47599"": 10}"
LSXVEXQXX,"{""P47336"": 17}"
LSXVEXQXE,"{""P47336"": 8}"
LSXVEXXXX,"{""P47336"": 3}"
LSXVEKQXX,"{""P47336"": 2}"
LSXESISNE,"{""P47679"": 37}"
LSXKEXIQA,"{""Q49419"": 1}"
LSXTTNSFL,"{""P47551"": 4}"
LSXYSSTXX,"{""P47563"": 2}"
LSFLXXXXX,"{""P47660"": 568}"
LSFLXNVGL,"{""P47660"": 3}"
LSFEPEGLF,"{""P47387"": 626}"
LSFTPNRLQ,"{""P47337"": 26}"
LSFTPNXLQ,"{""P47337"": 2}"
LSFIXNFVX,"{""P47661"": 491}"
LSFIXNFVK,"{""P47661"": 17}"
LSFIXXXXX,"{""P47661"": 105}"
LSFIKNFVX,"{""P47661"": 23}"
LSFXVXXXX,"{""P47326"": 83}"
LSFXVXXTL,"{""P47326"": 17}"
LSFXVXKTL,"{""P47326"": 1}"
LSFXVKXXX,"{""P47326"": 1}"
LSFXVKXTL,"{""P47326"": 1}"
LSFXXXXXX,"{""P47393"": 89, ""P47326"": 10}"
LSFXSHFNX,"{""Q49412"": 1}"
LSFXSHFNR,"{""Q49412"": 1}"
LSFXQXFXX,"{""P47393"": 2}"
LSFXQRFXX,"{""P47393"": 18}"
LSFXQRFXQ,"{""P47393"": 5}"
LSFNGSDST,"{""P47278"": 127}"
LSFNVIGLP,"{""P47310"": 135}"
LSFGEXXXX,"{""P47546"": 92}"
LSFGEXQXA,"{""P47546"": 6}"
LSFGEXQRA,"{""P47546"": 21}"
LSFGEKQRA,"{""P47546"": 1}"
LSFPXPDLS,"{""P47692"": 94}"
LSFPXXXXX,"{""P47692"": 14}"
LSFPKPDLS,"{""P47692"": 10}"
LSFDTEEQH,"{""P47350"": 115}"
LSFRSHFNR,"{""Q49412"": 8}"
LSFKVXXXX,"{""P47326"": 5}"
LSFKQRFXX,"{""P47393"": 1}"
LSGWVXNXX,"{""P47359"": 74}"
LSGWVXNXR,"{""P47359"": 10}"
LSGWVXNKR,"{""P47359"": 1}"
LSGWVXNKX,"{""P47359"": 1}"
LSGWVXXXX,"{""P47359"": 26}"
LSGWVKNXR,"{""P47359"": 1}"
LSGWVKNXX,"{""P47359"": 3}"
LSGGNQQXX,"{""P47365"": 496}"
LSGGNQQXL,"{""P47365"": 117}"
LSGGNQQKL,"{""P47365"": 6}"
LSGGQQQRV,"{""Q9ZB70"": 7}"
LSGGQQQXV,"{""Q9ZB70"": 3}"
LSGXLANWS,"{""P47606"": 121}"
LSGXLNXXI,"{""Q49410"": 60}"
LSGXLNXXX,"{""Q49410"": 18}"
LSGXLNXKI,"{""Q49410"": 5}"
LSGXLNKXI,"{""Q49410"": 6}"
LSGXLNKKI,"{""Q49410"": 1}"
LSGXXXXXX,"{""Q49410"": 30, ""P47606"": 19}"
LSGXGLGXT,"{""P47297"": 1}"
LSGXGLGYT,"{""P47297"": 6}"
LSGFXDMLI,"{""P47621"": 513}"
LSGFXXXXX,"{""P47621"": 102}"
LSGFAVLLI,"{""P47558"": 33}"
LSGFKDMLI,"{""P47621"": 25}"
LSGAGLTXE,"{""P47672"": 88}"
LSGAGLTXX,"{""P47672"": 18}"
LSGAGLTKE,"{""P47672"": 5}"
LSGEPFFIH,"{""P47520"": 163}"
LSGNQGRGI,"{""Q49460"": 6}"
LSGNQGXGI,"{""Q49460"": 2}"
LSGKLANWS,"{""P47606"": 5}"
LSGKLNXXI,"{""Q49410"": 4}"
LSGKLNXXX,"{""Q49410"": 1}"
LSGRGLGYT,"{""P47297"": 17}"
LSGRGLGXT,"{""P47297"": 1}"
LSNHQLQNP,"{""P47448"": 124}"
LSNLXSFII,"{""P47688"": 507}"
LSNLXXXXX,"{""P47688"": 102}"
LSNLKSFII,"{""P47688"": 23}"
LSNGAELTE,"{""P47607"": 133}"
LSNGLMIPI,"{""P47315"": 130}"
LSNQITQAE,"{""P47259"": 125}"
LSNNILXEL,"{""Q49421"": 100}"
LSNNILXXX,"{""Q49421"": 16}"
LSNNILKEL,"{""Q49421"": 4}"
LSNAXPXXX,"{""P47624"": 63}"
LSNAXPXIA,"{""P47624"": 19}"
LSNAXPKIA,"{""P47624"": 1}"
LSNAXXXXX,"{""P47624"": 27}"
LSNAIINER,"{""P47310"": 30}"
LSNAIINEX,"{""P47310"": 5}"
LSNAKPXIA,"{""P47624"": 1}"
LSNFXPSNL,"{""P47619"": 108}"
LSNFXXXXX,"{""P47619"": 18}"
LSNFKPSNL,"{""P47619"": 5}"
LSNFNCVIS,"{""P47637"": 27}"
LSNFNXVIS,"{""P47637"": 2}"
LSNSRXXXX,"{""P47583"": 17}"
LSNSRXRVQ,"{""P47583"": 3}"
LSNSXXRVQ,"{""P47583"": 1}"
LSNSXXXXX,"{""P47583"": 5}"
LSYYSSTXX,"{""P47563"": 80}"
LSYYSSTXT,"{""P47563"": 14}"
LSYYSSTKT,"{""P47563"": 1}"
LSYLTHHFX,"{""P47637"": 112}"
LSYLTHHFK,"{""P47637"": 7}"
LSYLERLVD,"{""P47369"": 28}"
LSYLEXLVD,"{""P47369"": 1}"
LSYXSSTXX,"{""P47563"": 2}"
LSYXSSTXT,"{""P47563"": 2}"
LSSQTVTDF,"{""P47678"": 33}"
LSSQIDGII,"{""Q49435"": 36}"
LSSIDSQNY,"{""P47467"": 626}"
LSSIDSQNX,"{""P47467"": 24}"
LSSELFYLE,"{""P47497"": 552}"
LSSELFXLE,"{""P47497"": 27}"
LSSLLTNXN,"{""P47455"": 505}"
LSSLLTNXX,"{""P47455"": 101}"
LSSLLTNKN,"{""P47455"": 19}"
LSSGQXQIL,"{""Q49430"": 94}"
LSSGQXXXX,"{""Q49430"": 24}"
LSSGQKQIL,"{""Q49430"": 3}"
LSSXXXXXX,"{""P47638"": 123, ""P47563"": 131}"
LSSXYVLNE,"{""P47652"": 3}"
LSSXDFERG,"{""P47563"": 3}"
LSSXDFEXG,"{""P47563"": 1}"
LSSMQAHNX,"{""P47540"": 117}"
LSSMQAHNK,"{""P47540"": 4}"
LSSYYVLNE,"{""P47652"": 114}"
LSSYXVLNE,"{""P47652"": 4}"
LSSNSINSL,"{""P47253"": 37}"
LSSKXXXXX,"{""P47638"": 5}"
LSSDPRNTS,"{""P47551"": 2}"
LSWDIXNGE,"{""P47248"": 490}"
LSWDIXXXX,"{""P47248"": 88}"
LSWDIKNGE,"{""P47248"": 28}"
LSDXXXXXX,"{""P47460"": 468}"
LSDXQNDSY,"{""Q49404"": 7}"
LSDXHQALN,"{""P47460"": 136}"
LSDXFCFFX,"{""P47679"": 7}"
LSDXFXFFX,"{""P47679"": 1}"
LSDHTVXLL,"{""P47441"": 92}"
LSDHTVXXX,"{""P47441"": 25}"
LSDHTVKLL,"{""P47441"": 4}"
LSDSLIXEI,"{""P47585"": 102}"
LSDSLIXXX,"{""P47585"": 20}"
LSDSLIKEI,"{""P47585"": 6}"
LSDNTLLLI,"{""P47662"": 45}"
LSDNPNEXX,"{""P47402"": 7}"
LSDNPNERX,"{""P47402"": 26}"
LSDNPNERK,"{""P47402"": 1}"
LSDEXXALN,"{""P47460"": 85}"
LSDEXXXXX,"{""P47460"": 37}"
LSDEXKALN,"{""P47460"": 4}"
LSDEKXALN,"{""P47460"": 5}"
LSDYQNDSY,"{""Q49404"": 109}"
LSDYQNDSX,"{""Q49404"": 5}"
LSDYFCFFX,"{""P47679"": 107}"
LSDYFXFFX,"{""P47679"": 4}"
LSDYYRLFR,"{""P47320"": 1}"
LSDYYRLFX,"{""P47320"": 2}"
LSDMNQVLG,"{""P47297"": 117}"
LSDATFVIF,"{""P47277"": 10}"
LSDKHQALN,"{""P47460"": 8}"
LSEESSLDX,"{""Q49426"": 131}"
LSEESSLDK,"{""Q49426"": 3}"
LSEEXSXXX,"{""Q49419"": 84}"
LSEEXSXHL,"{""Q49419"": 417}"
LSEEXSKHL,"{""Q49419"": 20}"
LSEEXXXXX,"{""Q49419"": 96}"
LSEEKSXHL,"{""Q49419"": 16}"
LSEEKSXXX,"{""Q49419"": 1}"
LSEIDFIQX,"{""P47350"": 108}"
LSEINVAEY,"{""Q9ZB74"": 114}"
LSEINVAEX,"{""Q9ZB74"": 5}"
LSETLMPTN,"{""P47310"": 652}"
LSETQVXXX,"{""Q49310"": 97}"
LSETQVXEI,"{""Q49310"": 22}"
LSETQVKEI,"{""Q49310"": 2}"
LSETTASSM,"{""P20796"": 23}"
LSENNFXSA,"{""P47369"": 115}"
LSENNFXXX,"{""P47369"": 13}"
LSENNFKSA,"{""P47369"": 8}"
LSESWPIYE,"{""P22747"": 116}"
LSESWPIXE,"{""P22747"": 3}"
LSEXSSLGX,"{""P47436"": 81}"
LSEXSSLGK,"{""P47436"": 4}"
LSEXDINLY,"{""P47502"": 86}"
LSEXDINLX,"{""P47502"": 4}"
LSEXXXXXX,"{""P47502"": 30, ""P47436"": 18}"
LSEVATXXN,"{""P47286"": 78}"
LSEVATXXX,"{""P47286"": 16}"
LSEVATXKN,"{""P47286"": 4}"
LSEVATKXX,"{""P47286"": 1}"
LSEVATKXN,"{""P47286"": 2}"
LSEVATKKN,"{""P47286"": 1}"
LSEFXTXQQ,"{""P47319"": 77}"
LSEFXTXXX,"{""P47319"": 10}"
LSEFXTKQQ,"{""P47319"": 2}"
LSEFXXXXX,"{""P47319"": 21}"
LSEFKTXQQ,"{""P47319"": 2}"
LSEMRTNIG,"{""P47316"": 22}"
LSEMXTNIG,"{""P47316"": 8}"
LSEKSSLGX,"{""P47436"": 7}"
LSTIXXXXX,"{""P47653"": 98}"
LSTIXXTXX,"{""P47653"": 1}"
LSTIXXTXD,"{""P47653"": 4}"
LSTIXXTKD,"{""P47653"": 1}"
LSTIXRTXD,"{""P47653"": 19}"
LSTIXRTXX,"{""P47653"": 5}"
LSTIXRTKD,"{""P47653"": 1}"
LSTITTICL,"{""P47321"": 117}"
LSTITTIXL,"{""P47321"": 7}"
LSTIIANSR,"{""P47467"": 128}"
LSTIIANSX,"{""P47467"": 28}"
LSTIKXTXD,"{""P47653"": 1}"
LSTXIINHF,"{""Q49399"": 110}"
LSTXPESXQ,"{""P47405"": 90}"
LSTXPESXX,"{""P47405"": 23}"
LSTXPESKQ,"{""P47405"": 1}"
LSTXXXXXX,"{""P47405"": 18, ""Q49399"": 19}"
LSTLIXXLL,"{""P47347"": 87}"
LSTLIXXXX,"{""P47347"": 56}"
LSTLIXKLL,"{""P47347"": 4}"
LSTLIKXLL,"{""P47347"": 5}"
LSTNLINRG,"{""P47619"": 27}"
LSTNLINXG,"{""P47619"": 6}"
LSTKPESXQ,"{""P47405"": 3}"
LSTKIINHF,"{""Q49399"": 5}"
LSRXXXXXX,"{""Q49423"": 98}"
LSRXDVILD,"{""Q49423"": 5}"
LSRXLITXV,"{""P47657"": 6}"
LSRXLITXX,"{""P47657"": 1}"
LSRIFLLDL,"{""P47381"": 116}"
LSRLLNSYL,"{""P47368"": 102}"
LSRLLNSXL,"{""P47368"": 3}"
LSRLSXLXX,"{""P47622"": 18}"
LSRLSXXXX,"{""P47622"": 5}"
LSRLSKLXX,"{""P47622"": 2}"
LSRVEXXXX,"{""P47336"": 26}"
LSRVEXQXX,"{""P47336"": 77}"
LSRVEXQXE,"{""P47336"": 14}"
LSRVEKQXE,"{""P47336"": 1}"
LSRESISNE,"{""P47679"": 114}"
LSRRLITXV,"{""P47657"": 22}"
LSRRLITXX,"{""P47657"": 3}"
LSRRLITKV,"{""P47657"": 1}"
LSRTTNSFL,"{""P47551"": 22}"
LSRKDVILD,"{""Q49423"": 1}"
LSCNDVVNE,"{""P47599"": 117}"
LSQXXXXXX,"{""Q9ZB78"": 24, ""P47499"": 27, ""P47627"": 26}"
LSQXXIIIG,"{""P47627"": 92}"
LSQXFNAGX,"{""P47499"": 108}"
LSQXFNAGK,"{""P47499"": 8}"
LSQXIDSSL,"{""Q9ZB78"": 94}"
LSQXKIIIG,"{""P47627"": 3}"
LSQIXXXXX,"{""Q49416"": 17}"
LSQIXSNSP,"{""Q49416"": 98}"
LSQIKSNSP,"{""Q49416"": 3}"
LSQKIDSSL,"{""Q9ZB78"": 5}"
LSQKFNAGX,"{""P47499"": 4}"
LSQKXIIIG,"{""P47627"": 2}"
LSQKXXXXX,"{""P47627"": 1}"
LSHFPFTEP,"{""P47436"": 136}"
LSHRLMXPQ,"{""P47283"": 2}"
LSHRLMYPQ,"{""P47283"": 1}"
LSHRVCSXG,"{""P47603"": 1}"
LSHRVCSCG,"{""P47603"": 3}"
LSHXLMYPQ,"{""P47283"": 2}"
LSHXVCSCG,"{""P47603"": 1}"
LSMTITTAR,"{""P47468"": 114}"
LSMTITTAX,"{""P47468"": 42}"
LSAFYXXXX,"{""Q49423"": 97}"
LSAFYXXLY,"{""Q49423"": 5}"
LSAFYXRLX,"{""Q49423"": 1}"
LSAFYXRLY,"{""Q49423"": 16}"
LSAFYKXLY,"{""Q49423"": 1}"
LSAFYKRLY,"{""Q49423"": 2}"
LSAFXXXXX,"{""Q49423"": 4}"
LSADFFHAV,"{""P47389"": 26}"
LSAIESVID,"{""P47446"": 7}"
LSAARIGAR,"{""P47376"": 2}"
LSAARIGAX,"{""P47376"": 3}"
LSKLXXXXX,"{""P47622"": 22}"
LSKLAAELL,"{""P47250"": 17}"
LSKDDIVHY,"{""Q9ZB78"": 7}"
LSKDWQDLI,"{""P47471"": 3}"
LSKFLQXXS,"{""P47660"": 2}"
LSKRMQAVT,"{""P47328"": 2}"
LSKRDEXTT,"{""P47700"": 2}"
LSKRAGNVI,"{""P47618"": 2}"
LSKIXIPHT,"{""P47619"": 2}"
LSKIXXXXX,"{""P47619"": 1}"
LSKINVDLA,"{""P47326"": 2}"
LSKXXXXXX,"{""Q49419"": 4}"
LSPLQQXLE,"{""P47317"": 91}"
LSPLQQXXX,"{""P47317"": 28}"
LSPLQQKLE,"{""P47317"": 5}"
LNISEGXXX,"{""P47304"": 112}"
LNISEGXMV,"{""P47304"": 3}"
LNISFNPSS,"{""P47247"": 121}"
LNIDLFLXX,"{""P47572"": 445}"
LNIDLFLXI,"{""P47572"": 122}"
LNIDLFLKI,"{""P47572"": 8}"
LNIPSGGXI,"{""P47326"": 501}"
LNIPSGGXX,"{""P47326"": 90}"
LNIPSGGKI,"{""P47326"": 24}"
LNIPLVVHT,"{""P47330"": 141}"
LNITLSEXX,"{""P47653"": 96}"
LNITLSEXR,"{""P47653"": 13}"
LNITLSEKR,"{""P47653"": 1}"
LNIGXINLT,"{""P47366"": 91}"
LNIGXXXXX,"{""P47366"": 24}"
LNIGKINLT,"{""P47366"": 4}"
LNIEXNTID,"{""P47460"": 108}"
LNIEXXXXX,"{""P47460"": 15}"
LNIEKNTID,"{""P47460"": 4}"
LNILPIXHI,"{""P47495"": 92}"
LNILPIXXX,"{""P47495"": 16}"
LNILPIKHI,"{""P47495"": 3}"
LNIIFVXEY,"{""P47481"": 87}"
LNIIFVXEX,"{""P47481"": 7}"
LNIIFVXXX,"{""P47481"": 35}"
LNIIFVKEY,"{""P47481"": 2}"
LNINLDSLI,"{""P47631"": 140}"
LNINTECQL,"{""P47269"": 24}"
LNINTEXQL,"{""P47269"": 1}"
LNIXXXXXX,"{""P47446"": 37, ""P47266"": 24}"
LNIXNWTLF,"{""P47266"": 107}"
LNIXPLXXX,"{""P47446"": 64}"
LNIXPLXAT,"{""P47446"": 16}"
LNIVHLFVI,"{""P47558"": 29}"
LNIARDXLE,"{""P47662"": 22}"
LNIARDXXX,"{""P47662"": 4}"
LNIARDKLE,"{""P47662"": 1}"
LNIAXDXXX,"{""P47662"": 2}"
LNIAXDXLE,"{""P47662"": 4}"
LNIKPLXXX,"{""P47446"": 4}"
LNIKNWTLF,"{""P47266"": 1}"
LNDIAXXEX,"{""P47658"": 395}"
LNDIAXXEK,"{""P47658"": 23}"
LNDIAXXXX,"{""P47658"": 168}"
LNDIAXKEX,"{""P47658"": 14}"
LNDIAXKEK,"{""P47658"": 2}"
LNDIAKXEX,"{""P47658"": 24}"
LNDIAKXEK,"{""P47658"": 2}"
LNDIAKXXX,"{""P47658"": 4}"
LNDEIASYL,"{""Q49428"": 22}"
LNDEIASXL,"{""Q49428"": 1}"
LNDENGGGS,"{""P47641"": 14}"
LNDALXXAX,"{""P47582"": 28}"
LNDALXXAK,"{""P47582"": 2}"
LNDALXXXX,"{""P47582"": 6}"
LNDALRXAX,"{""P47582"": 110}"
LNDALRXAK,"{""P47582"": 7}"
LNDALRXXX,"{""P47582"": 18}"
LNDALRKAX,"{""P47582"": 5}"
LNDANEQYQ,"{""Q49419"": 133}"
LNDANEQXQ,"{""Q49419"": 6}"
LNDFDQXIN,"{""P47460"": 536}"
LNDFDQXXX,"{""P47460"": 115}"
LNDFDQKIN,"{""P47460"": 24}"
LNDFFXPXX,"{""P47497"": 358}"
LNDFFXPXF,"{""P47497"": 112}"
LNDFFXPKF,"{""P47497"": 1}"
LNDFFXXXX,"{""P47497"": 133}"
LNDFFKPXX,"{""P47497"": 16}"
LNDFFKPXF,"{""P47497"": 3}"
LNDFFKPKF,"{""P47497"": 1}"
LNDFHRLIE,"{""P47460"": 3}"
LNDQAQHRL,"{""P47382"": 126}"
LNDQAQHXL,"{""P47382"": 26}"
LNDQVTLSH,"{""P47534"": 27}"
LNDXXXXXX,"{""P47303"": 95}"
LNDXXXXLL,"{""P47303"": 4}"
LNDXXXRLL,"{""P47303"": 13}"
LNDXXKRLL,"{""P47303"": 1}"
LNDXKXXXX,"{""P47303"": 5}"
LNDLNENTR,"{""P47650"": 18}"
LNDLNENTX,"{""P47650"": 7}"
LNDLIRIXS,"{""P47668"": 22}"
LNDLIRIXX,"{""P47668"": 5}"
LNDLIXIXS,"{""P47668"": 7}"
LNDLIXIKS,"{""P47668"": 1}"
LNDKXXXXX,"{""P47303"": 4}"
LNQELXLQL,"{""P47540"": 108}"
LNQELXXXX,"{""P47540"": 21}"
LNQELPXTF,"{""P47540"": 103}"
LNQELPXXX,"{""P47540"": 20}"
LNQELPKTF,"{""P47540"": 4}"
LNQELKLQL,"{""P47540"": 6}"
LNQEFDXXX,"{""P47639"": 545}"
LNQEFDQLA,"{""P47655"": 126}"
LNQTQLLXN,"{""P47258"": 97}"
LNQTQLLXX,"{""P47258"": 20}"
LNQTQLLKN,"{""P47258"": 1}"
LNQXXXXXX,"{""P47460"": 101, ""P47413"": 28}"
LNQXINGNQ,"{""P47460"": 506}"
LNQXDVVFD,"{""P47413"": 108}"
LNQISINEN,"{""Q49405"": 136}"
LNQIGSISE,"{""P47647"": 113}"
LNQSERYFS,"{""P47577"": 19}"
LNQSERXFS,"{""P47577"": 1}"
LNQSEXYFS,"{""P47577"": 3}"
LNQLLISDQ,"{""P47369"": 115}"
LNQFSXXXX,"{""P47362"": 121}"
LNQFSXQQF,"{""P47362"": 2}"
LNQFSKQQF,"{""P47362"": 1}"
LNQGDVXNV,"{""Q49400"": 5}"
LNQGDVRNV,"{""Q49400"": 32}"
LNQVXXXXX,"{""P47466"": 31}"
LNQVXNXLX,"{""P47466"": 62}"
LNQVXNXLK,"{""P47466"": 2}"
LNQVXNXXX,"{""P47466"": 18}"
LNQVXNKLX,"{""P47466"": 4}"
LNQVKNXLX,"{""P47466"": 2}"
LNQVKNXXX,"{""P47466"": 1}"
LNQKINGNQ,"{""P47460"": 20}"
LNQKDVVFD,"{""P47413"": 2}"
LNTAISNIE,"{""P47576"": 131}"
LNTIFEQLX,"{""P47571"": 594}"
LNTIFEQLK,"{""P47571"": 35}"
LNTQXXXXX,"{""P47460"": 469}"
LNTQXEAFF,"{""P47460"": 128}"
LNTQKEAFF,"{""P47460"": 5}"
LNTLXIXXX,"{""P47520"": 8}"
LNTLXIXXM,"{""P47520"": 19}"
LNTLXIXKM,"{""P47520"": 1}"
LNTLXIKXM,"{""P47520"": 2}"
LNTLRIXXM,"{""P47520"": 83}"
LNTLRIXXX,"{""P47520"": 37}"
LNTLRIXKM,"{""P47520"": 5}"
LNTLRIKXM,"{""P47520"": 4}"
LNTVILGDL,"{""P47500"": 130}"
LNXXXXXXX,"{""P47299"": 115, ""Q49411"": 575, ""P47492"": 108, ""Q9ZB70"": 35, ""P47685"": 109, ""P47312"": 104, ""P47628"": 38, ""P47597"": 118, ""Q49410"": 37, ""Q49409"": 18, ""P47246"": 21, ""P47619"": 94, ""Q49425"": 25, ""P47398"": 29, ""P47487"": 22, ""P47498"": 118, ""P47385"": 16, ""P47316"": 18, ""P52271"": 14, ""P47526"": 37, ""P47695"": 20, ""Q49460"": 16}"
LNXXAYQLA,"{""P47398"": 79}"
LNXXAXQLA,"{""P47398"": 4}"
LNXXHPXXX,"{""Q9ZB70"": 71}"
LNXXHPXRX,"{""Q9ZB70"": 10}"
LNXXINVNF,"{""Q49410"": 83}"
LNXTIXNFA,"{""P47498"": 395}"
LNXTIXXXX,"{""P47498"": 87}"
LNXTIKNFA,"{""P47498"": 19}"
LNXTQLDHI,"{""Q49425"": 109}"
LNXTLIEQF,"{""P47492"": 85}"
LNXAANSFF,"{""P47526"": 94}"
LNXAHLAVV,"{""Q49399"": 35}"
LNXNVVTXE,"{""Q49409"": 69}"
LNXNVVTXX,"{""Q49409"": 12}"
LNXNLNQLF,"{""P47492"": 528}"
LNXNINLIQ,"{""P47619"": 24}"
LNXNAXIGI,"{""P47670"": 8}"
LNXNAXXXX,"{""P47670"": 1}"
LNXQNLFFN,"{""P47597"": 486}"
LNXQFLXXX,"{""P47628"": 79}"
LNXQFLXXR,"{""P47628"": 2}"
LNXSEVXXX,"{""P47695"": 85}"
LNXLIVLHD,"{""P47312"": 26}"
LNXLIAXGI,"{""P52271"": 83}"
LNXLIAXXX,"{""P52271"": 13}"
LNXLIAKGI,"{""P52271"": 4}"
LNXLDNEQL,"{""Q49460"": 107}"
LNXLVEQQX,"{""P47316"": 101}"
LNXLVEQQK,"{""P47316"": 5}"
LNXITSCFP,"{""P47487"": 84}"
LNXITSXFP,"{""P47487"": 4}"
LNXITDFQL,"{""P47539"": 5}"
LNXIVTFDD,"{""P47385"": 94}"
LNXIDFNLL,"{""P47685"": 24}"
LNXIXNNDQ,"{""Q9ZB73"": 2}"
LNXIXXXXX,"{""Q9ZB73"": 3}"
LNXIEVIXE,"{""P47693"": 1}"
LNXDEIIVG,"{""P47391"": 38}"
LNXKAYQLA,"{""P47398"": 6}"
LNXKINVNF,"{""Q49410"": 1}"
LNXKHPXXX,"{""Q9ZB70"": 3}"
LNXVASEGI,"{""P47246"": 100}"
LNXPALWIH,"{""Q49412"": 7}"
LNXFLXXXX,"{""P47651"": 3}"
LNXFLXIFQ,"{""P47651"": 1}"
LNXFQFPHE,"{""P47668"": 1}"
LNXHNXXXX,"{""P47314"": 9}"
LNXEXQAFL,"{""P47460"": 2}"
LNXEXDAYQ,"{""P47299"": 1}"
LNXEXXXXX,"{""P47299"": 6, ""P47460"": 8}"
LNXENLIFD,"{""P47606"": 7}"
LNXEYGDGE,"{""P47278"": 3}"
LNLPNAQYS,"{""P47458"": 615}"
LNLPNAQXS,"{""P47458"": 29}"
LNLPLNLWT,"{""P47535"": 124}"
LNLEQTNEI,"{""Q49415"": 134}"
LNLEIRPXX,"{""P47364"": 81}"
LNLEIRPXR,"{""P47364"": 17}"
LNLEIRPKR,"{""P47364"": 2}"
LNLEIXPXX,"{""P47364"": 19}"
LNLEIXPXR,"{""P47364"": 8}"
LNLVAFDXA,"{""P47251"": 105}"
LNLVAFDXX,"{""P47251"": 26}"
LNLVAFDKA,"{""P47251"": 5}"
LNLALSEMN,"{""P47655"": 134}"
LNLANIALA,"{""P47658"": 135}"
LNLTSIXXX,"{""P47530"": 28}"
LNLTSIXIE,"{""P47530"": 105}"
LNLTSIKIE,"{""P47530"": 6}"
LNLTLSNQS,"{""P47321"": 122}"
LNLTFESRL,"{""Q9ZB73"": 17}"
LNLTFESXL,"{""Q9ZB73"": 6}"
LNLLLSTNE,"{""P47677"": 129}"
LNLLNLTFQ,"{""P47303"": 95}"
LNLIGNWNF,"{""P47527"": 120}"
LNLIHYLLA,"{""P47479"": 109}"
LNLIHXLLA,"{""P47479"": 9}"
LNLIINTIX,"{""P47440"": 117}"
LNLIINTIK,"{""P47440"": 6}"
LNLDQNGFI,"{""P47348"": 99}"
LNLXXXXXX,"{""P47415"": 91}"
LNLXTVTRA,"{""P47415"": 24}"
LNLXTVTXA,"{""P47415"": 5}"
LNLQTPTEQ,"{""Q49460"": 122}"
LNLMNELQX,"{""P47539"": 118}"
LNLMNELQK,"{""P47539"": 2}"
LNLSHCISF,"{""P47484"": 26}"
LNLSHXISF,"{""P47484"": 2}"
LNLKTVTRA,"{""P47415"": 2}"
LNNNNFIVE,"{""P47492"": 127}"
LNNNINWTX,"{""Q49434"": 138}"
LNNNQVIVA,"{""P47398"": 118}"
LNNNQXANF,"{""Q9ZB79"": 6}"
LNNNQRANF,"{""Q9ZB79"": 27}"
LNNYFLFLI,"{""P47549"": 137}"
LNNTLIDIL,"{""P47706"": 628}"
LNNTNSYNE,"{""P47431"": 575}"
LNNTNSXNE,"{""P47431"": 21}"
LNNFTLQRY,"{""P47445"": 25}"
LNNFTLQRX,"{""P47445"": 1}"
LNNFTLQXY,"{""P47445"": 3}"
LNNFTLQXX,"{""P47445"": 1}"
LNNFDFTVL,"{""P47669"": 120}"
LNNFRTDLA,"{""P47580"": 23}"
LNNFXTDLA,"{""P47580"": 7}"
LNNVILIGH,"{""Q49418"": 119}"
LNNVWTGMC,"{""P47668"": 103}"
LNNVWTGMX,"{""P47668"": 6}"
LNNEQFQRX,"{""P47502"": 20}"
LNNEQFQXX,"{""P47502"": 6}"
LNNXQDSTF,"{""P47390"": 98}"
LNNXXSLXP,"{""P47542"": 81}"
LNNXXSLXX,"{""P47542"": 13}"
LNNXXSLKP,"{""P47542"": 5}"
LNNXXXXXX,"{""P47542"": 30, ""P47390"": 16}"
LNNXKSLXP,"{""P47542"": 2}"
LNNXFLFLI,"{""P47549"": 5}"
LNNDFAXXX,"{""P47460"": 93}"
LNNDFAXFS,"{""P47460"": 1}"
LNNDFAKFS,"{""P47460"": 1}"
LNNKXSLXP,"{""P47542"": 2}"
LNNKXSLXX,"{""P47542"": 1}"
LNNKQDSTF,"{""P47390"": 3}"
LNVMIANXI,"{""P47326"": 32}"
LNVMIANYI,"{""P47326"": 617}"
LNVADNTGA,"{""P47407"": 638}"
LNVAITRAX,"{""P47386"": 104}"
LNVAITRAK,"{""P47386"": 1}"
LNVAITXAX,"{""P47386"": 37}"
LNVEXXXXX,"{""P47433"": 99}"
LNVEXLLVG,"{""P47433"": 24}"
LNVEKLLVG,"{""P47433"": 1}"
LNVRLIXXX,"{""P47495"": 6}"
LNVRLIXEW,"{""P47495"": 22}"
LNVRLIKEW,"{""P47495"": 1}"
LNVXIEQNL,"{""P47638"": 130}"
LNVXGYLNV,"{""P47266"": 106}"
LNVXGXLNV,"{""P47266"": 4}"
LNVXXXXXX,"{""P47266"": 19, ""P47638"": 18}"
LNVXLIXEW,"{""P47495"": 7}"
LNVXLIXXX,"{""P47495"": 1}"
LNVXLIKEW,"{""P47495"": 1}"
LNVPLLYQF,"{""P47472"": 111}"
LNVPLLXQF,"{""P47472"": 5}"
LNVKIEQNL,"{""P47638"": 2}"
LNVKGYLNV,"{""P47266"": 4}"
LNAFLDQXX,"{""P47270"": 109}"
LNAFLDQXK,"{""P47270"": 2}"
LNAFLDQKX,"{""P47270"": 5}"
LNAFLRVIG,"{""P47694"": 8}"
LNAFLXVIG,"{""P47694"": 1}"
LNAFSVLFN,"{""P47558"": 630}"
LNAALRAQG,"{""P47440"": 137}"
LNAALXAQG,"{""P47440"": 29}"
LNALNIXGI,"{""Q49397"": 83}"
LNALNIXXX,"{""Q49397"": 25}"
LNALNIKGI,"{""Q49397"": 6}"
LNAVFREYX,"{""P47310"": 31}"
LNAVFREYK,"{""P47310"": 1}"
LNAVFREXX,"{""P47310"": 2}"
LNAVFXEYX,"{""P47310"": 5}"
LNAVELXIN,"{""P47384"": 23}"
LNAVELXXX,"{""P47384"": 85}"
LNAEVLLLE,"{""P47257"": 135}"
LNCENLIFD,"{""P47606"": 105}"
LNCDEIIVG,"{""P47391"": 606}"
LNCPALWIH,"{""Q49412"": 97}"
LNEQFXQLX,"{""P47394"": 115}"
LNEQFXQLK,"{""P47394"": 3}"
LNEQFXXXX,"{""P47394"": 23}"
LNEQFKQLX,"{""P47394"": 6}"
LNELFFVYH,"{""P47256"": 606}"
LNELFFVXH,"{""P47256"": 31}"
LNELEXWDH,"{""P47482"": 101}"
LNELEXXXX,"{""P47482"": 29}"
LNELEKWDH,"{""P47482"": 6}"
LNEDDGXXX,"{""P47246"": 122}"
LNEDDGXHL,"{""P47246"": 8}"
LNEYVALIX,"{""P47641"": 119}"
LNEYVALIK,"{""P47641"": 3}"
LNEYELSLQ,"{""P47460"": 104}"
LNEWQFVIA,"{""P47307"": 119}"
LNEXELSLQ,"{""P47460"": 4}"
LNEXVALIX,"{""P47641"": 6}"
LNEIXXXXX,"{""P47365"": 86}"
LNEIXQVAD,"{""P47365"": 28}"
LNSLXXXXX,"{""P47459"": 95}"
LNSLXSXLD,"{""P47459"": 418}"
LNSLXSXXX,"{""P47459"": 87}"
LNSLXSKLD,"{""P47459"": 18}"
LNSLFXXXX,"{""P47371"": 42}"
LNSLFXXPI,"{""P47371"": 71}"
LNSLFXKPI,"{""P47371"": 3}"
LNSLFKXPI,"{""P47371"": 6}"
LNSLFKXXX,"{""P47371"": 1}"
LNSLLFYQQ,"{""P47496"": 105}"
LNSLLFXQQ,"{""P47496"": 8}"
LNSLKSXXX,"{""P47459"": 6}"
LNSLKSXLD,"{""P47459"": 18}"
LNSLKSKLD,"{""P47459"": 1}"
LNSFNVLLT,"{""P47341"": 131}"
LNSFGVFAT,"{""Q9ZB74"": 123}"
LNSWGRSYL,"{""P52271"": 113}"
LNSWGRSXL,"{""P52271"": 10}"
LNSWGXSYL,"{""P52271"": 20}"
LNSWGXSXL,"{""P52271"": 3}"
LNSGWISYF,"{""P47505"": 134}"
LNSGWISXF,"{""P47505"": 3}"
LNSIEEVTX,"{""P47484"": 125}"
LNSIEEVTK,"{""P47484"": 4}"
LNGMSLRVP,"{""P47543"": 30}"
LNGMSLXVP,"{""P47543"": 10}"
LNGGSNSTL,"{""P47695"": 117}"
LNGXAXLQP,"{""P47518"": 64}"
LNGXAXXXX,"{""P47518"": 21}"
LNGXAKLQP,"{""P47518"": 1}"
LNGXTAXII,"{""P47431"": 83}"
LNGXTAXXX,"{""P47431"": 15}"
LNGXTAKII,"{""P47431"": 3}"
LNGXXXXXX,"{""P47431"": 15, ""P47518"": 22}"
LNGLTIQNQ,"{""Q49419"": 134}"
LNGAEIARD,"{""P47403"": 112}"
LNGAEIAXD,"{""P47403"": 22}"
LNGANFIXS,"{""P47667"": 6}"
LNGANFIRS,"{""P47667"": 6}"
LNGISGINX,"{""P47376"": 134}"
LNGISGINK,"{""P47376"": 3}"
LNGKAXLQP,"{""P47518"": 4}"
LNGKTAXXX,"{""P47431"": 1}"
LNGKTAXII,"{""P47431"": 5}"
LNFSHGTHE,"{""P47458"": 157}"
LNFINQVNE,"{""P47386"": 127}"
LNFINNINL,"{""P47661"": 137}"
LNFNPGNDS,"{""P22747"": 652}"
LNFASYFLV,"{""Q49405"": 115}"
LNFASXFLV,"{""Q49405"": 5}"
LNFTDTNFY,"{""P47321"": 537}"
LNFTDTNFX,"{""P47321"": 24}"
LNFXXXXXX,"{""P47466"": 35, ""P47441"": 26}"
LNFXNVTXX,"{""P47441"": 99}"
LNFXQIQDI,"{""P47466"": 93}"
LNFMVXXXX,"{""P47326"": 103}"
LNFMVXXXN,"{""P47326"": 1}"
LNFMVXXYN,"{""P47326"": 24}"
LNFMVXKXN,"{""P47326"": 1}"
LNFMVXKYN,"{""P47326"": 1}"
LNFMVKXXX,"{""P47326"": 2}"
LNFMVKXYN,"{""P47326"": 1}"
LNFKQIQDI,"{""P47466"": 4}"
LNFKNVTXX,"{""P47441"": 2}"
LNFGIVPVD,"{""Q49460"": 23}"
LNFYPQFAH,"{""P47610"": 9}"
LNHPISLMY,"{""P47455"": 129}"
LNHPISLMX,"{""P47455"": 2}"
LNHNSPMLS,"{""P47496"": 125}"
LNHXVFXSP,"{""P47299"": 90}"
LNHXVFXXX,"{""P47299"": 11}"
LNHXVFKSP,"{""P47299"": 2}"
LNHXXXXXX,"{""P47299"": 18}"
LNHMVDDXX,"{""P47583"": 90}"
LNHMVDDXI,"{""P47583"": 22}"
LNHMVDDKI,"{""P47583"": 1}"
LNHFVDLVC,"{""Q49418"": 125}"
LNHFVDLVX,"{""Q49418"": 4}"
LNHKVFXSP,"{""P47299"": 3}"
LNHKVFXXX,"{""P47299"": 2}"
LNPXXXXXX,"{""P47662"": 99, ""P47342"": 86}"
LNPXXVDSA,"{""P47662"": 2}"
LNPXGLNIS,"{""P47342"": 23}"
LNPXCVDSA,"{""P47662"": 36}"
LNPEDSQAF,"{""Q49429"": 29}"
LNPIGVISX,"{""P47386"": 113}"
LNPNLILAS,"{""P47290"": 127}"
LNPKGLNIS,"{""P47342"": 2}"
LNPKCVDSA,"{""P47662"": 3}"
LNWQVEXXX,"{""P47405"": 22}"
LNWQVEXDX,"{""P47405"": 88}"
LNWQVEXDK,"{""P47405"": 2}"
LNWQVEKDX,"{""P47405"": 4}"
LNWTNAIXL,"{""P47587"": 113}"
LNWTNAIXX,"{""P47587"": 23}"
LNWTNAIKL,"{""P47587"": 3}"
LNWIPDPVX,"{""Q49429"": 5}"
LNWIPDPVR,"{""Q49429"": 25}"
LNKLDNEQL,"{""Q49460"": 8}"
LNKLVEQQX,"{""P47316"": 8}"
LNKLVEQQK,"{""P47316"": 1}"
LNKLIAXGI,"{""P52271"": 3}"
LNKLIVLHD,"{""P47312"": 1}"
LNKNLNQLF,"{""P47492"": 22}"
LNKNVVTXE,"{""Q49409"": 1}"
LNKNVVTXX,"{""Q49409"": 1}"
LNKNINLIQ,"{""P47619"": 1}"
LNKQNLFFN,"{""P47597"": 25}"
LNKQFLXXX,"{""P47628"": 2}"
LNKSEVXXX,"{""P47695"": 3}"
LNKTIXXXX,"{""P47498"": 4}"
LNKTIXNFA,"{""P47498"": 17}"
LNKTIKNFA,"{""P47498"": 1}"
LNKTLIEQF,"{""P47492"": 10}"
LNKTQLDHI,"{""Q49425"": 7}"
LNKITSCFP,"{""P47487"": 3}"
LNKITSXFP,"{""P47487"": 1}"
LNKIVTFDD,"{""P47385"": 7}"
LNKXAYQLA,"{""P47398"": 5}"
LNKXAXQLA,"{""P47398"": 1}"
LNKXINVNF,"{""Q49410"": 7}"
LNKXHPXRX,"{""Q9ZB70"": 1}"
LNKXHPXXX,"{""Q9ZB70"": 3}"
LNKXXXXXX,"{""Q9ZB70"": 2}"
LNKVASEGI,"{""P47246"": 5}"
LNKAANSFF,"{""P47526"": 3}"
LNKKINVNF,"{""Q49410"": 1}"
LNKKHPXXX,"{""Q9ZB70"": 1}"
LNKKHPXRK,"{""Q9ZB70"": 1}"
LNYNAXIGI,"{""P47670"": 92}"
LNYNAXXXX,"{""P47670"": 13}"
LNYNAKIGI,"{""P47670"": 7}"
LNYHNXXXX,"{""P47314"": 97}"
LNYHNXSYR,"{""P47314"": 1}"
LNYIXNNDQ,"{""Q9ZB73"": 30}"
LNYIXXXXX,"{""Q9ZB73"": 86}"
LNYIEVIRE,"{""P47693"": 19}"
LNYIEVIXE,"{""P47693"": 3}"
LNYFLXXXX,"{""P47651"": 80}"
LNYFLXIFQ,"{""P47651"": 27}"
LNYFQFPHE,"{""P47668"": 8}"
LNRAHLAVV,"{""Q49399"": 120}"
LNRITDFQL,"{""P47539"": 23}"
LNREXQAFL,"{""P47460"": 9}"
LNREXXXXX,"{""P47299"": 15, ""P47460"": 19}"
LNREXDAYQ,"{""P47299"": 7}"
LNREYGDGE,"{""P47278"": 7}"
LNREKDAYQ,"{""P47299"": 3}"
LIANTLELP,"{""P47304"": 576}"
LIANELXTX,"{""Q49425"": 488}"
LIANELXTK,"{""Q49425"": 14}"
LIANELXXX,"{""Q49425"": 99}"
LIANELKTX,"{""Q49425"": 32}"
LIANELKTK,"{""Q49425"": 2}"
LIANXFXEQ,"{""P47388"": 77}"
LIANXFXXX,"{""P47388"": 16}"
LIANXFKEQ,"{""P47388"": 5}"
LIANXXXXX,"{""P47388"": 22}"
LIANKFXEQ,"{""P47388"": 4}"
LIAQAMALV,"{""P47632"": 109}"
LIAQXXXXX,"{""P47460"": 568}"
LIAIQSQYH,"{""Q49416"": 604}"
LIAIQSQXH,"{""Q49416"": 26}"
LIAIIEETR,"{""Q49420"": 20}"
LIAIIEETX,"{""Q49420"": 2}"
LIADMLTXX,"{""P47304"": 111}"
LIADMLTXA,"{""P47304"": 3}"
LIAXGIXXX,"{""P52271"": 19}"
LIAXGIXFQ,"{""P52271"": 104}"
LIAXGIKFQ,"{""P52271"": 7}"
LIAXLXPXX,"{""P47539"": 80}"
LIAXLXPXK,"{""P47539"": 4}"
LIAXLXPKX,"{""P47539"": 4}"
LIAXLXXXX,"{""P47539"": 19}"
LIAXLKPXX,"{""P47539"": 3}"
LIAXXXXXX,"{""P47539"": 27, ""P52271"": 16}"
LIAXNTVGA,"{""P47259"": 6}"
LIATNTSNX,"{""P47371"": 131}"
LIATTNELN,"{""P47376"": 33}"
LIACNTVGA,"{""P47259"": 127}"
LIALFASVX,"{""P47467"": 134}"
LIASYFPIX,"{""P47583"": 114}"
LIASXFPIX,"{""P47583"": 7}"
LIAKGIXFQ,"{""P52271"": 2}"
LIAKGIXXX,"{""P52271"": 2}"
LIAKLXPXX,"{""P47539"": 1}"
LIWIRTVAS,"{""P47368"": 117}"
LIWIXTVAS,"{""P47368"": 37}"
LIWXWXXXX,"{""P47533"": 22}"
LIWXWXLLI,"{""P47533"": 8}"
LIWXWKLLI,"{""P47533"": 1}"
LIWLTEFDQ,"{""P47614"": 130}"
LIWYWXLLI,"{""P47533"": 109}"
LIWYWXXXX,"{""P47533"": 452}"
LIWYWKLLI,"{""P47533"": 3}"
LIWVLXDXX,"{""P47390"": 106}"
LIWVLXDKX,"{""P47390"": 7}"
LIWVLXXXX,"{""P47390"": 21}"
LIWVLKDXX,"{""P47390"": 3}"
LILVDQTQL,"{""P47540"": 124}"
LILVGVGXR,"{""P47412"": 2}"
LILVGVGYX,"{""P47412"": 5}"
LILVGVGYR,"{""P47412"": 22}"
LILSLMYNF,"{""P47306"": 549}"
LILSLMXNF,"{""P47306"": 32}"
LILSPNLLV,"{""P47254"": 128}"
LILIALQXX,"{""P47620"": 105}"
LILRDXVIH,"{""P47471"": 111}"
LILRDXXXX,"{""P47471"": 20}"
LILRDKVIH,"{""P47471"": 2}"
LILQTVIDN,"{""P47448"": 118}"
LILALXTDL,"{""Q49435"": 111}"
LILALXXXX,"{""Q49435"": 20}"
LILALKTDL,"{""Q49435"": 5}"
LILENFXDQ,"{""P47332"": 23}"
LILENFRDQ,"{""P47332"": 107}"
LILXDKVIH,"{""P47471"": 1}"
LILXDXVIH,"{""P47471"": 25}"
LILXDXXXX,"{""P47471"": 5}"
LILLAPLSY,"{""Q49421"": 31}"
LIXSVLSNY,"{""P47264"": 98}"
LIXSVLSNX,"{""P47264"": 4}"
LIXSAVDXX,"{""P47446"": 6}"
LIXSAVDXS,"{""P47446"": 2}"
LIXSNRLTL,"{""P47277"": 3}"
LIXQFIEQX,"{""P47418"": 506}"
LIXQFIEQK,"{""P47418"": 23}"
LIXQFVCXL,"{""P47664"": 7}"
LIXQFVCYL,"{""P47664"": 100}"
LIXQFVXYL,"{""P47664"": 6}"
LIXQGXXXX,"{""P47425"": 27}"
LIXQGXPVE,"{""P47425"": 96}"
LIXQGKPVE,"{""P47425"": 6}"
LIXQSSDYT,"{""P47433"": 96}"
LIXQSSDXT,"{""P47433"": 2}"
LIXQSEWXG,"{""P47267"": 8}"
LIXQSEWXX,"{""P47267"": 2}"
LIXGLXXXX,"{""P47583"": 353}"
LIXGLXNQI,"{""P47583"": 121}"
LIXGLKNQI,"{""P47583"": 4}"
LIXGVINDQ,"{""P47683"": 136}"
LIXGFLLVI,"{""P47528"": 3}"
LIXVEPNQL,"{""P47433"": 506}"
LIXXSFELG,"{""P47619"": 428}"
LIXXSLIXP,"{""P47655"": 63}"
LIXXSLIXX,"{""P47655"": 13}"
LIXXSLIKP,"{""P47655"": 4}"
LIXXXXXXX,"{""P47683"": 442, ""P47427"": 118, ""P47650"": 101, ""P47664"": 26, ""P47655"": 45, ""P47495"": 239, ""P47660"": 470, ""P47277"": 205, ""P47506"": 96, ""P47619"": 195, ""P47694"": 45, ""P47668"": 99, ""P47418"": 98, ""P47534"": 24, ""P47433"": 113, ""P47413"": 21, ""P47583"": 121, ""P47690"": 35, ""P47429"": 18, ""P47425"": 23, ""P47474"": 14, ""P47537"": 44, ""P47252"": 18, ""Q9ZB70"": 32, ""P47264"": 19}"
LIXXLNXXX,"{""Q9ZB70"": 29}"
LIXXLNXXH,"{""Q9ZB70"": 43}"
LIXXLNXKH,"{""Q9ZB70"": 1}"
LIXXLNKXX,"{""Q9ZB70"": 2}"
LIXXLNKXH,"{""Q9ZB70"": 2}"
LIXXINTSI,"{""P47495"": 82}"
LIXXNLIEA,"{""P47537"": 90}"
LIXXAIQPQ,"{""P47690"": 84}"
LIXXPESKS,"{""P47694"": 3}"
LIXXPESXS,"{""P47694"": 61}"
LIXXPESXX,"{""P47694"": 14}"
LIXXYXXXX,"{""P47332"": 1}"
LIXXDXXXX,"{""P47315"": 4}"
LIXDLPEXY,"{""P47619"": 76}"
LIXDLPEXX,"{""P47619"": 20}"
LIXDLPEKY,"{""P47619"": 2}"
LIXDYLTDP,"{""P47429"": 86}"
LIXDALSVX,"{""P47660"": 102}"
LIXDALSVK,"{""P47660"": 3}"
LIXDXLTDP,"{""P47429"": 9}"
LIXLVVEGG,"{""P47668"": 503}"
LIXLVSDHN,"{""P47446"": 7}"
LIXLXXXXX,"{""P47250"": 9}"
LIXLXDNER,"{""P47250"": 1}"
LIXLNQXDV,"{""P47413"": 79}"
LIXLNQXXX,"{""P47413"": 22}"
LIXLNQKDV,"{""P47413"": 2}"
LIXLLETFL,"{""P47506"": 23}"
LIXEWSILH,"{""P47495"": 533}"
LIXERIEXE,"{""P47277"": 12}"
LIXERIEXX,"{""P47277"": 1}"
LIXEXIEXE,"{""P47277"": 3}"
LIXEXIEXX,"{""P47277"": 2}"
LIXEXIEKE,"{""P47277"": 1}"
LIXTMMVMR,"{""P47660"": 114}"
LIXTMMVMX,"{""P47660"": 21}"
LIXIXNTXD,"{""P47650"": 332}"
LIXIXNTXX,"{""P47650"": 74}"
LIXIXNTKD,"{""P47650"": 12}"
LIXIXXXXX,"{""P47650"": 66}"
LIXILGLXX,"{""P47604"": 30}"
LIXILGLXN,"{""P47604"": 2}"
LIXILGLKN,"{""P47604"": 1}"
LIXIIEAFC,"{""P47534"": 92}"
LIXIIEAFX,"{""P47534"": 8}"
LIXIKNTXD,"{""P47650"": 13}"
LIXIKNTXX,"{""P47650"": 3}"
LIXIKNTKD,"{""P47650"": 1}"
LIXPAIEXX,"{""P47252"": 81}"
LIXPAIEXE,"{""P47252"": 19}"
LIXPAIEKE,"{""P47252"": 2}"
LIXKSFELG,"{""P47619"": 20}"
LIXKSLIXP,"{""P47655"": 3}"
LIXKSLIXX,"{""P47655"": 1}"
LIXKNLIEA,"{""P47537"": 4}"
LIXKLNXXH,"{""Q9ZB70"": 1}"
LIXKLNXXX,"{""Q9ZB70"": 2}"
LIXKPESXS,"{""P47694"": 3}"
LIXKPESXX,"{""P47694"": 1}"
LIXKINTSI,"{""P47495"": 3}"
LIXKAIQPQ,"{""P47690"": 1}"
LIXHISQXH,"{""P47474"": 81}"
LIXHISQXX,"{""P47474"": 15}"
LIXHISQKH,"{""P47474"": 3}"
LIXHGEVXG,"{""P47525"": 6}"
LIXNENFLG,"{""P47692"": 32}"
LIXFEPXWI,"{""P47532"": 8}"
LIXFEPKWI,"{""P47532"": 1}"
LIXRIERDW,"{""P47622"": 1}"
LIXRNIQXI,"{""P47385"": 1}"
LIXCYXXXX,"{""P47332"": 2}"
LIVSSWNPS,"{""P47469"": 638}"
LIVSEPNDL,"{""P47310"": 122}"
LIVXXXXXX,"{""P47273"": 24}"
LIVXAFSEN,"{""P47273"": 95}"
LIVNDXTIE,"{""P47431"": 501}"
LIVNDXXXX,"{""P47431"": 98}"
LIVNDKTIE,"{""P47431"": 29}"
LIVTVIDNN,"{""P47364"": 128}"
LIVANLGFS,"{""P47437"": 123}"
LIVLHDSNR,"{""P47312"": 18}"
LIVLHDSNX,"{""P47312"": 3}"
LIVGLGNLG,"{""P47329"": 115}"
LIVKAFSEN,"{""P47273"": 7}"
LIELEXDXL,"{""P47471"": 34}"
LIELEXDYL,"{""P47471"": 475}"
LIELEXXXX,"{""P47471"": 107}"
LIELEKDYL,"{""P47471"": 23}"
LIELEKDXL,"{""P47471"": 1}"
LIELNGIGS,"{""Q49424"": 651}"
LIELQPXXX,"{""P47426"": 26}"
LIELQPXNL,"{""P47426"": 93}"
LIELQPKNL,"{""P47426"": 5}"
LIEYLLVEX,"{""P47701"": 573}"
LIEYLLVEK,"{""P47701"": 30}"
LIEXLSLVT,"{""P47506"": 110}"
LIEXLLVEX,"{""P47701"": 25}"
LIEXXXXXX,"{""P47506"": 19}"
LIEAXGIIG,"{""P47282"": 88}"
LIEAXXXXX,"{""P47282"": 20}"
LIEAKGIIG,"{""P47282"": 6}"
LIEPXXXXX,"{""P47373"": 123}"
LIEPVDATS,"{""P20796"": 134}"
LIEILSRKS,"{""P47597"": 6}"
LIEILSRXS,"{""P47597"": 98}"
LIEILSRXX,"{""P47597"": 22}"
LIEILSXXS,"{""P47597"": 23}"
LIEILSXXX,"{""P47597"": 5}"
LIEILSXKS,"{""P47597"": 1}"
LIEIAQXTN,"{""P47269"": 99}"
LIEIAQXXX,"{""P47269"": 13}"
LIEIAQKTN,"{""P47269"": 2}"
LIENLYFAG,"{""P47619"": 116}"
LIENLXFAG,"{""P47619"": 5}"
LIENQNQTI,"{""P47460"": 149}"
LIENYTVLD,"{""P47365"": 8}"
LIEEHESIN,"{""Q49407"": 130}"
LIETIDNIP,"{""P47551"": 30}"
LIEKLSLVT,"{""P47506"": 4}"
LIQTXVXQX,"{""P47284"": 85}"
LIQTXVXQK,"{""P47284"": 4}"
LIQTXVXXX,"{""P47284"": 16}"
LIQTXVKQX,"{""P47284"": 4}"
LIQTXXXXX,"{""P47284"": 22}"
LIQTKVXQX,"{""P47284"": 3}"
LIQTKVXXX,"{""P47284"": 2}"
LIQXXXXXX,"{""P47692"": 89, ""P47571"": 552, ""Q49405"": 24, ""P47369"": 29}"
LIQXXVDQP,"{""P47369"": 89}"
LIQXNXXXX,"{""Q49405"": 92}"
LIQXNXRNF,"{""Q49405"": 6}"
LIQXPMAIV,"{""P47571"": 23}"
LIQXAHEMC,"{""P47692"": 3}"
LIQXKVDQP,"{""P47369"": 4}"
LIQSLCESL,"{""P47382"": 120}"
LIQSLXESL,"{""P47382"": 4}"
LIQQVVRXX,"{""P47481"": 24}"
LIQQVVRXY,"{""P47481"": 90}"
LIQQVVRKY,"{""P47481"": 6}"
LIQQVVXKY,"{""P47481"": 1}"
LIQQVVXXY,"{""P47481"": 30}"
LIQQVVXXX,"{""P47481"": 10}"
LIQESIGRL,"{""P47261"": 18}"
LIQESIGXL,"{""P47261"": 9}"
LIQAFDGYL,"{""P47349"": 122}"
LIQAFDGXL,"{""P47349"": 5}"
LIQANGLFV,"{""P47502"": 37}"
LIQLXSELE,"{""P47534"": 102}"
LIQLXXXXX,"{""P47534"": 22}"
LIQLKSELE,"{""P47534"": 2}"
LIQPAVIFH,"{""P47541"": 33}"
LIQKXVDQP,"{""P47369"": 3}"
LIQKNXXXX,"{""Q49405"": 3}"
LIQKNXXNF,"{""Q49405"": 1}"
LIQKPMAIV,"{""P47571"": 3}"
LIHYDVMDQ,"{""P47358"": 609}"
LIHGLENEI,"{""P47565"": 145}"
LIHXDVMDQ,"{""P47358"": 32}"
LISQXXXXX,"{""P47693"": 96}"
LISQXGLTI,"{""P47693"": 508}"
LISQKGLTI,"{""P47693"": 32}"
LISNLTGWN,"{""P47387"": 625}"
LISNEFXSQ,"{""P47609"": 482}"
LISNEFXXX,"{""P47609"": 129}"
LISNEFKSQ,"{""P47609"": 17}"
LISNPDSSE,"{""P47310"": 137}"
LISIXDFSX,"{""Q49433"": 489}"
LISIXDFSK,"{""Q49433"": 19}"
LISIXXXXX,"{""Q49433"": 111}"
LISIKDFSX,"{""Q49433"": 26}"
LISPXXXXX,"{""P47318"": 113}"
LISPXNRIL,"{""P47318"": 13}"
LISPXNXIL,"{""P47318"": 2}"
LISPKNRIL,"{""P47318"": 2}"
LISLCEHSL,"{""P47486"": 614}"
LISLXEHSL,"{""P47486"": 25}"
LISDSLXIG,"{""P47448"": 94}"
LISDSLXXX,"{""P47448"": 16}"
LISDSLKIG,"{""P47448"": 5}"
LISDISGTG,"{""P47527"": 115}"
LISDHQAXT,"{""P47524"": 98}"
LISDHQAXX,"{""P47524"": 18}"
LISDHQAKT,"{""P47524"": 3}"
LISVFETMQ,"{""P47437"": 121}"
LISXIKTVX,"{""P47369"": 11}"
LISXIKTVK,"{""P47369"": 1}"
LISXIXTVX,"{""P47369"": 92}"
LISXIXTVK,"{""P47369"": 2}"
LISXIXXXX,"{""P47369"": 15}"
LISXADFVX,"{""P47450"": 108}"
LISXADFVK,"{""P47450"": 5}"
LISXXXXXX,"{""P47369"": 19, ""P47450"": 20}"
LISAPPSVV,"{""P47384"": 115}"
LISGRTHQI,"{""P47610"": 33}"
LISGXTHQI,"{""P47610"": 6}"
LISKIXTVX,"{""P47369"": 3}"
LISKIXXXX,"{""P47369"": 1}"
LISKADFVX,"{""P47450"": 5}"
LIFTNXEHG,"{""P47700"": 484}"
LIFTNXXXX,"{""P47700"": 96}"
LIFTNKEHG,"{""P47700"": 25}"
LIFANANLV,"{""P47463"": 140}"
LIFDINESF,"{""Q49426"": 120}"
LIFQTAXEN,"{""P47340"": 114}"
LIFQTAXXX,"{""P47340"": 22}"
LIFQTAKEN,"{""P47340"": 1}"
LIFLIGVLV,"{""P47308"": 121}"
LIFPRXXXX,"{""P47285"": 11}"
LIFPRXXIA,"{""P47285"": 6}"
LIFPRKKIA,"{""P47285"": 1}"
LIFPRKXIA,"{""P47285"": 1}"
LIFPXXXXX,"{""P47285"": 3}"
LIFPXXXIA,"{""P47285"": 2}"
LIFPXKXIA,"{""P47285"": 1}"
LIFNNIDIS,"{""P47365"": 7}"
LINQYQPRF,"{""P47448"": 23}"
LINQYQPXF,"{""P47448"": 9}"
LINQGMVLG,"{""P47508"": 124}"
LINQXEHXX,"{""P47460"": 7}"
LINQXEHXE,"{""P47460"": 29}"
LINQXEHKE,"{""P47460"": 1}"
LINQXQPRF,"{""P47448"": 1}"
LINQREHXE,"{""P47460"": 101}"
LINQREHXX,"{""P47460"": 15}"
LINQREHKE,"{""P47460"": 4}"
LINETFXXX,"{""P47625"": 19}"
LINETFXGF,"{""P47625"": 93}"
LINETFKGF,"{""P47625"": 10}"
LINELITAX,"{""P47583"": 115}"
LINEQXSLV,"{""P47540"": 97}"
LINEQXXXX,"{""P47540"": 21}"
LINEQKSLV,"{""P47540"": 2}"
LINESIWTI,"{""P47649"": 130}"
LINFXDXHC,"{""P47490"": 84}"
LINFXDXHX,"{""P47490"": 2}"
LINFXDXXX,"{""P47490"": 21}"
LINFXDKHX,"{""P47490"": 1}"
LINFXDKHC,"{""P47490"": 6}"
LINFXXXXX,"{""P47490"": 18}"
LINFKDXHC,"{""P47490"": 4}"
LINFKDXXX,"{""P47490"": 2}"
LININIXXX,"{""P47376"": 93}"
LININIXNP,"{""P47376"": 35}"
LINIENLGX,"{""P47433"": 116}"
LINIENLGK,"{""P47433"": 2}"
LINIEIXTD,"{""P47535"": 113}"
LINIEIXXX,"{""P47535"": 19}"
LINIEIKTD,"{""P47535"": 1}"
LINIFVDPE,"{""P47478"": 7}"
LINRTIINE,"{""P47389"": 129}"
LINRDPNXX,"{""P47294"": 2}"
LINRDPNRX,"{""P47294"": 2}"
LINLESDLN,"{""P47310"": 592}"
LINLXANVV,"{""P47255"": 101}"
LINLXXXXX,"{""P47255"": 17}"
LINLKANVV,"{""P47255"": 2}"
LINCLEIDX,"{""P47281"": 563}"
LINCLEIDK,"{""P47281"": 30}"
LINNNNVNX,"{""Q9ZB73"": 122}"
LINNNNVNK,"{""Q9ZB73"": 2}"
LINXLEIDX,"{""P47281"": 26}"
LINXLEIDK,"{""P47281"": 3}"
LINXTIINE,"{""P47389"": 36}"
LINXDPNRX,"{""P47294"": 1}"
LINVEXLES,"{""P47612"": 103}"
LINVEXXXX,"{""P47612"": 25}"
LINVEKLES,"{""P47612"": 2}"
LINGFANNT,"{""P47291"": 36}"
LINPISFNQ,"{""Q49402"": 27}"
LIPLIEAXX,"{""P47494"": 131}"
LIPLIEAXK,"{""P47494"": 2}"
LIPLIEAKX,"{""P47494"": 4}"
LIPLXNXXX,"{""P47664"": 22}"
LIPLXNXAX,"{""P47664"": 80}"
LIPLXNKAX,"{""P47664"": 6}"
LIPLXXXXX,"{""P47664"": 15}"
LIPLAVLNY,"{""P47482"": 123}"
LIPLAVLNX,"{""P47482"": 8}"
LIPLWEXXX,"{""P47468"": 21}"
LIPLWEXVS,"{""P47468"": 100}"
LIPLWEKVS,"{""P47468"": 12}"
LIPLKNKAX,"{""P47664"": 1}"
LIPLKNXAX,"{""P47664"": 3}"
LIPIXIDHX,"{""P47613"": 474}"
LIPIXIDHK,"{""P47613"": 22}"
LIPIXXXXX,"{""P47613"": 110}"
LIPIKIDHK,"{""P47613"": 1}"
LIPIKIDHX,"{""P47613"": 31}"
LIPSXHQFA,"{""P47433"": 111}"
LIPSXXXXX,"{""P47433"": 19}"
LIPSKHQFA,"{""P47433"": 1}"
LIDQNENLN,"{""Q49413"": 641}"
LIDINXLXP,"{""P47437"": 84}"
LIDINXLXX,"{""P47437"": 23}"
LIDINXXXX,"{""P47437"": 22}"
LIDINKLXP,"{""P47437"": 3}"
LIDINKLXX,"{""P47437"": 3}"
LIDINKLKP,"{""P47437"": 1}"
LIDIYGGLX,"{""Q49423"": 135}"
LIDIXGGLX,"{""Q49423"": 5}"
LIDFXXXXX,"{""P47400"": 473}"
LIDFXXYHY,"{""P47400"": 15}"
LIDFXXYHX,"{""P47400"": 2}"
LIDFXRYHX,"{""P47400"": 3}"
LIDFXRYHY,"{""P47400"": 77}"
LIDFXRXHY,"{""P47400"": 4}"
LIDFLFVSN,"{""P47304"": 133}"
LIDFSRFYA,"{""P47308"": 135}"
LIDFSRFXA,"{""P47308"": 3}"
LIDFSXFYA,"{""P47308"": 18}"
LIDFKRYHX,"{""P47400"": 1}"
LIDFKRYHY,"{""P47400"": 4}"
LIDNLIXNN,"{""P47606"": 97}"
LIDNLIXXX,"{""P47606"": 26}"
LIDNLIKNN,"{""P47606"": 6}"
LIDNFYLYD,"{""P47369"": 123}"
LIDNFYLXD,"{""P47369"": 3}"
LIDNFXXXX,"{""P47446"": 74}"
LIDNFXFTF,"{""P47446"": 30}"
LIDNFXLYD,"{""P47369"": 7}"
LIDNFXLXD,"{""P47369"": 1}"
LIDNFKFTF,"{""P47446"": 2}"
LIDLLYLLL,"{""P47582"": 110}"
LIDLLXLLL,"{""P47582"": 2}"
LIDLFNQQX,"{""P47308"": 131}"
LIDLFNQQK,"{""P47308"": 3}"
LIDLXQFNY,"{""P47356"": 76}"
LIDLXQFNX,"{""P47356"": 11}"
LIDLXXXXX,"{""P47356"": 21}"
LIDLKQFNY,"{""P47356"": 7}"
LIDLKQFNX,"{""P47356"": 1}"
LIDLERSAL,"{""P47460"": 20}"
LIDLEXSAL,"{""P47460"": 3}"
LIDXNXLYP,"{""P47328"": 98}"
LIDXNXLXP,"{""P47328"": 4}"
LIDXNXXXX,"{""P47328"": 11}"
LIDXNKLYP,"{""P47328"": 2}"
LIDXTWKQA,"{""P47277"": 4}"
LIDXTWXQA,"{""P47277"": 77}"
LIDXTWXXX,"{""P47277"": 24}"
LIDXXXXXX,"{""P47349"": 18, ""P47277"": 26, ""P47328"": 21}"
LIDXHWNVF,"{""P47349"": 97}"
LIDXVFIDX,"{""Q49402"": 1}"
LIDXVFIDR,"{""Q49402"": 2}"
LIDEIPILI,"{""P47356"": 132}"
LIDPNHXIT,"{""P47516"": 106}"
LIDPNHXXX,"{""P47516"": 28}"
LIDPNHKIT,"{""P47516"": 2}"
LIDPTPNVA,"{""P47475"": 113}"
LIDSSLAEX,"{""P47486"": 106}"
LIDSSLAEK,"{""P47486"": 6}"
LIDTNLYLV,"{""P47655"": 126}"
LIDTNLXLV,"{""P47655"": 5}"
LIDCVFIDR,"{""Q49402"": 27}"
LIDCVFIDX,"{""Q49402"": 2}"
LIDAAGHYA,"{""P47285"": 113}"
LIDAAGHXA,"{""P47285"": 6}"
LIDDFXPWE,"{""P47267"": 71}"
LIDDFXXXX,"{""P47267"": 17}"
LIDDFKPWE,"{""P47267"": 8}"
LIDKNXLYP,"{""P47328"": 7}"
LIDKNKLYP,"{""P47328"": 1}"
LIDKHWNVF,"{""P47349"": 2}"
LIDKTWXQA,"{""P47277"": 8}"
LIDKTWXXX,"{""P47277"": 1}"
LIDGRSGMP,"{""P47583"": 3}"
LIDGXSGMP,"{""P47583"": 2}"
LITXXXXXX,"{""P47520"": 99, ""P47657"": 88, ""Q49404"": 110, ""P47315"": 29, ""P47436"": 14}"
LITXXEYLA,"{""P47315"": 89}"
LITXXEXLA,"{""P47315"": 5}"
LITXVHVFX,"{""P47657"": 503}"
LITXVHVFK,"{""P47657"": 17}"
LITXSELDC,"{""P47520"": 493}"
LITXSELDX,"{""P47520"": 27}"
LITXWXXAF,"{""P47436"": 71}"
LITXWXXXX,"{""P47436"": 37}"
LITXWXKAF,"{""P47436"": 4}"
LITXWKXAF,"{""P47436"": 4}"
LITXWKXXX,"{""P47436"": 2}"
LITXKEYLA,"{""P47315"": 4}"
LITXIDNXV,"{""P47417"": 1}"
LITDFQSLI,"{""P47580"": 605}"
LITIVITLN,"{""P47702"": 625}"
LITIVLXAF,"{""P47533"": 34}"
LITIVLRAF,"{""P47533"": 104}"
LITTSELNQ,"{""P47446"": 121}"
LITSELLAN,"{""P47453"": 30}"
LITMDLXHX,"{""Q9ZB76"": 99}"
LITMDLXXX,"{""Q9ZB76"": 23}"
LITMDLKHX,"{""Q9ZB76"": 6}"
LITAXSAGC,"{""P47275"": 6}"
LITARSAGC,"{""P47275"": 13}"
LITRIDNRV,"{""P47417"": 8}"
LITRIDNXV,"{""P47417"": 1}"
LITKVHVFX,"{""P47657"": 23}"
LITKSELDC,"{""P47520"": 21}"
LITKSELDX,"{""P47520"": 1}"
LITKXXXXX,"{""P47315"": 1}"
LITKXEYLA,"{""P47315"": 3}"
LITKWXXXX,"{""P47436"": 3}"
LITLWIIVI,"{""P47307"": 32}"
LIGLQXYYF,"{""P47369"": 486}"
LIGLQXYXF,"{""P47369"": 15}"
LIGLQXXXX,"{""P47369"": 91}"
LIGLQXXXF,"{""P47369"": 2}"
LIGLQXXYF,"{""P47369"": 25}"
LIGLQKYYF,"{""P47369"": 16}"
LIGLNTTNF,"{""P47647"": 143}"
LIGLNAFDQ,"{""P47647"": 139}"
LIGLXXXXX,"{""P47289"": 86}"
LIGLXTLLD,"{""P47289"": 18}"
LIGIENIEV,"{""P47341"": 136}"
LIGISFFDL,"{""Q49426"": 637}"
LIGIXXXXX,"{""P47277"": 92}"
LIGIXXTTG,"{""P47277"": 6}"
LIGIXRTTG,"{""P47277"": 20}"
LIGVYGIVL,"{""P47307"": 125}"
LIGVSEXXX,"{""P47294"": 129}"
LIGVSEXLD,"{""P47294"": 11}"
LIGVXGIVL,"{""P47307"": 12}"
LIGNTXLTT,"{""P47415"": 88}"
LIGNTXXXX,"{""P47415"": 22}"
LIGNTKLTT,"{""P47415"": 6}"
LIGNEEYGY,"{""Q49429"": 129}"
LIGNEEYGX,"{""Q49429"": 8}"
LIGNEEXGY,"{""Q49429"": 5}"
LIGQXYDYX,"{""P47512"": 96}"
LIGQXYDXK,"{""P47512"": 1}"
LIGQXYDXX,"{""P47512"": 2}"
LIGQXXXXX,"{""P47512"": 17}"
LIGQXXDYX,"{""P47512"": 2}"
LIGQKYDYX,"{""P47512"": 4}"
LIGQKYDYK,"{""P47512"": 1}"
LIGFGEXTS,"{""P47539"": 92}"
LIGFGEXXX,"{""P47539"": 14}"
LIGFGEKTS,"{""P47539"": 3}"
LIGFSFNNL,"{""Q49400"": 126}"
LIGFSDQNI,"{""P47580"": 125}"
LIGDECDVV,"{""P47524"": 150}"
LIGDEXDVV,"{""P47524"": 5}"
LIGAPPGYI,"{""P47597"": 3}"
LIGAPPGXI,"{""P47597"": 1}"
LIIDXXXXX,"{""P47445"": 96}"
LIIDXLLNA,"{""P47445"": 28}"
LIIDKLLNA,"{""P47445"": 2}"
LIIEXLXXX,"{""P47254"": 84}"
LIIEXLXXI,"{""P47254"": 6}"
LIIEXLXRI,"{""P47254"": 16}"
LIIEXLKRI,"{""P47254"": 1}"
LIIEXXXXX,"{""P47254"": 24}"
LIIEKLXXX,"{""P47254"": 4}"
LIINXYCXQ,"{""Q9ZB82"": 361}"
LIINXYCXX,"{""Q9ZB82"": 67}"
LIINXYCKQ,"{""Q9ZB82"": 12}"
LIINXYXXQ,"{""Q9ZB82"": 21}"
LIINXYXXX,"{""Q9ZB82"": 6}"
LIINXYXKQ,"{""Q9ZB82"": 1}"
LIINXXCKQ,"{""Q9ZB82"": 2}"
LIINXXCXQ,"{""Q9ZB82"": 18}"
LIINXXCXX,"{""Q9ZB82"": 4}"
LIINXXXXX,"{""Q9ZB82"": 88}"
LIINKXCXQ,"{""Q9ZB82"": 1}"
LIINKYCXX,"{""Q9ZB82"": 6}"
LIINKYCXQ,"{""Q9ZB82"": 16}"
LIINKYXXX,"{""Q9ZB82"": 1}"
LIIGQVMHX,"{""P47346"": 110}"
LIIGGFNXV,"{""P47382"": 97}"
LIIGGFNXX,"{""P47382"": 24}"
LIIGGFNKV,"{""P47382"": 3}"
LIIGREMTX,"{""P47365"": 18}"
LIIGREMTK,"{""P47365"": 1}"
LIIGXEMTX,"{""P47365"": 8}"
LIIADELIS,"{""P47326"": 123}"
LIIMADPDA,"{""P47299"": 33}"
LIIMHRGXX,"{""P47326"": 90}"
LIIMHRGXI,"{""P47326"": 8}"
LIIMHRGKI,"{""P47326"": 1}"
LIIMHXGXX,"{""P47326"": 24}"
LIIMHXGXI,"{""P47326"": 2}"
LIICGFSNY,"{""P47634"": 27}"
LIICGFSNX,"{""P47634"": 1}"
LIIRTLEXS,"{""Q49405"": 14}"
LIIRTLEXX,"{""Q49405"": 4}"
LIIRAPLLF,"{""P47260"": 27}"
LIIQVNVLA,"{""P47265"": 121}"
LIIXAPLLF,"{""P47260"": 6}"
LIIXTLEXS,"{""Q49405"": 5}"
LICFEPXWI,"{""P47532"": 90}"
LICFEPXXX,"{""P47532"": 22}"
LICFEPKWI,"{""P47532"": 3}"
LICLVSDHN,"{""P47446"": 120}"
LICHGEVKG,"{""P47525"": 10}"
LICHGEVXG,"{""P47525"": 100}"
LICHGEVXX,"{""P47525"": 25}"
LICGFLLVI,"{""P47528"": 121}"
LIKDLPEKY,"{""P47619"": 1}"
LIKDLPEXY,"{""P47619"": 3}"
LIKDALSVX,"{""P47660"": 5}"
LIKDYLTDP,"{""P47429"": 3}"
LIKTMMVMR,"{""P47660"": 7}"
LIKTMMVMX,"{""P47660"": 1}"
LIKLVVEGG,"{""P47668"": 24}"
LIKLNQXDV,"{""P47413"": 5}"
LIKLNQXXX,"{""P47413"": 1}"
LIKLLETFL,"{""P47506"": 1}"
LIKQFIEQX,"{""P47418"": 24}"
LIKQFVCYL,"{""P47664"": 2}"
LIKQSSDYT,"{""P47433"": 6}"
LIKQGXXXX,"{""P47425"": 1}"
LIKQGXPVE,"{""P47425"": 3}"
LIKXSFELG,"{""P47619"": 19}"
LIKXSLIXP,"{""P47655"": 1}"
LIKXLNXXX,"{""Q9ZB70"": 3}"
LIKXLNXXH,"{""Q9ZB70"": 4}"
LIKXLNXKH,"{""Q9ZB70"": 1}"
LIKXXXXXX,"{""P47655"": 3, ""P47694"": 3, ""P47690"": 1, ""P47495"": 5, ""P47619"": 4}"
LIKXNLIEA,"{""P47537"": 2}"
LIKXINTSI,"{""P47495"": 3}"
LIKXPESXS,"{""P47694"": 3}"
LIKXAIQPQ,"{""P47690"": 1}"
LIKIIEAFC,"{""P47534"": 4}"
LIKIXXXXX,"{""P47650"": 2}"
LIKIXNTXD,"{""P47650"": 20}"
LIKIXNTXX,"{""P47650"": 3}"
LIKIKNTXD,"{""P47650"": 1}"
LIKPAIEXE,"{""P47252"": 2}"
LIKPAIEXX,"{""P47252"": 3}"
LIKVEPNQL,"{""P47433"": 27}"
LIKGLXXXX,"{""P47583"": 14}"
LIKGLXNQI,"{""P47583"": 4}"
LIKGVINDQ,"{""P47683"": 8}"
LIKEWSILH,"{""P47495"": 25}"
LIKKPESXS,"{""P47694"": 1}"
LIKKLNXXH,"{""Q9ZB70"": 1}"
LIKKAIQPQ,"{""P47690"": 1}"
LIKSVLSNY,"{""P47264"": 4}"
LIKSNRLTL,"{""P47277"": 1}"
LIKHISQXH,"{""P47474"": 6}"
LIKHISQXX,"{""P47474"": 1}"
LIRLXDNER,"{""P47250"": 1}"
LIRLXXXXX,"{""P47250"": 14}"
LIRILGLXX,"{""P47604"": 98}"
LIRILGLXN,"{""P47604"": 23}"
LIRILGLKN,"{""P47604"": 1}"
LIRNENFLG,"{""P47692"": 111}"
LIRSAVDXX,"{""P47446"": 12}"
LIRSAVDXS,"{""P47446"": 4}"
LIYRNIQXI,"{""P47385"": 17}"
LIYRNIQXX,"{""P47385"": 7}"
LIYRNIQKI,"{""P47385"": 2}"
LIYQSEWXX,"{""P47267"": 18}"
LIYQSEWXG,"{""P47267"": 92}"
LIYQSEWKG,"{""P47267"": 9}"
LIYCYXXXX,"{""P47332"": 98}"
LIYCYXLQD,"{""P47332"": 3}"
LIYCXXXXX,"{""P47332"": 4}"
LIYKDKXXX,"{""P47315"": 1}"
LIYKDXXXX,"{""P47315"": 5}"
LIYXDXXXX,"{""P47315"": 79}"
LIYXDKXXX,"{""P47315"": 1}"
LIYXXXXXX,"{""P47315"": 26}"
LIYXXXLQD,"{""P47332"": 1}"
LIYXNIQXX,"{""P47385"": 1}"
LIYXYXXXX,"{""P47332"": 7}"
LIMNGQIXV,"{""P47451"": 114}"
LIMNGQIXX,"{""P47451"": 26}"
LIMNGQIKV,"{""P47451"": 9}"
LXAIVISYN,"{""P47658"": 528}"
LXAIVISXN,"{""P47658"": 27}"
LXAVGSVQL,"{""P47384"": 477}"
LXAVLXXXX,"{""P47374"": 1}"
LXAVLXTWQ,"{""P47374"": 8}"
LXAXSNAEX,"{""P47319"": 92}"
LXAXSNAEK,"{""P47319"": 1}"
LXAXITXXX,"{""P47553"": 7}"
LXAXITXSP,"{""P47553"": 27}"
LXAXXXXXX,"{""P47319"": 14}"
LXAXLFXXX,"{""P47662"": 5}"
LXALXATII,"{""P47343"": 86}"
LXALXXXXX,"{""P47343"": 19}"
LXALGYSNL,"{""P47310"": 475}"
LXALGXSNL,"{""P47310"": 28}"
LXALFKXXX,"{""P47326"": 5}"
LXALFKXQD,"{""P47326"": 1}"
LXALFXXXX,"{""P47326"": 65}"
LXALFXXQD,"{""P47326"": 10}"
LXALFXYIP,"{""P47496"": 1}"
LXALFYYIP,"{""P47496"": 6}"
LXALFYXIP,"{""P47496"": 1}"
LXADIGICV,"{""P47605"": 100}"
LXADIGIXV,"{""P47605"": 10}"
LXADATLFL,"{""P47428"": 100}"
LXADHVIVG,"{""P47367"": 2}"
LXAQSILET,"{""P47259"": 115}"
LXANNDFID,"{""P47321"": 88}"
LXANYFGGL,"{""P47437"": 32}"
LXATGYFNL,"{""P47486"": 85}"
LXATGXFNL,"{""P47486"": 2}"
LXARITXSP,"{""P47553"": 73}"
LXARITXXX,"{""P47553"": 12}"
LXARITKSP,"{""P47553"": 2}"
LXARAWXIV,"{""P47390"": 2}"
LXAFPSEFS,"{""P47325"": 32}"
LXAKSNAEX,"{""P47319"": 3}"
LXAGQLIGC,"{""P47409"": 8}"
LXXXXXXXX,"{""P47632"": 183, ""P47437"": 118, ""P47547"": 475, ""P47325"": 597, ""P47587"": 1218, ""P47250"": 494, ""P47353"": 533, ""P47615"": 501, ""P47306"": 471, ""P47323"": 201, ""P47553"": 467, ""P47270"": 105, ""P47411"": 617, ""P47433"": 194, ""Q49435"": 50, ""P47413"": 14, ""Q49460"": 122, ""P47346"": 460, ""P47405"": 93, ""P47525"": 534, ""P47604"": 104, ""P47310"": 106, ""P47394"": 128, ""P47341"": 22, ""P47523"": 310, ""P20796"": 736, ""P47282"": 573, ""P47384"": 183, ""P47576"": 222, ""P47492"": 607, ""P47622"": 126, ""P47331"": 99, ""P47429"": 231, ""P47597"": 239, ""P47283"": 539, ""P55750"": 116, ""Q49412"": 104, ""Q9ZB80"": 508, ""P47530"": 86, ""Q49407"": 481, ""P47322"": 459, ""P47285"": 142, ""P47299"": 84, ""P47359"": 30, ""P47651"": 508, ""P47502"": 112, ""P47520"": 551, ""P47414"": 91, ""P47397"": 29, ""P47606"": 107, ""P47340"": 80, ""P47582"": 243, ""Q49402"": 184, ""P47264"": 24, ""Q49422"": 132, ""P47428"": 20, ""P47261"": 555, ""P47277"": 187, ""P47580"": 204, ""P47619"": 495, ""P47661"": 241, ""P47372"": 47, ""P47445"": 226, ""P52271"": 94, ""Q9ZB74"": 20, ""P47381"": 110, ""P47514"": 86, ""P47294"": 125, ""P47572"": 18, ""P47566"": 76, ""P47486"": 37, ""P47700"": 457, ""P47500"": 116, ""Q49411"": 93, ""P47450"": 46, ""P47465"": 110, ""Q9ZB73"": 94, ""P47276"": 107, ""Q49434"": 21, ""P47386"": 196, ""P47610"": 125, ""P47378"": 29, ""Q49419"": 48, ""P47259"": 16, ""P47607"": 17, ""P47300"": 24, ""P47313"": 92, ""P47551"": 19, ""P35888"": 129, ""P47451"": 127, ""P47563"": 104, ""P47543"": 7, ""P47701"": 24, ""Q49416"": 62, ""P47368"": 119, ""P47694"": 15, ""P47288"": 140, ""P47257"": 137, ""Q49426"": 123, ""P47645"": 58, ""P47329"": 127, ""P47466"": 56, ""Q49398"": 130, ""P47432"": 25, ""P47532"": 97, ""P47366"": 107, ""P47658"": 97, ""P47303"": 101, ""P47387"": 98, ""P47460"": 110, ""P47478"": 108, ""P47295"": 18, ""P47255"": 91, ""Q49420"": 128, ""P47549"": 39, ""P47625"": 25, ""P47458"": 141, ""P47474"": 112, ""P47260"": 35, ""P47314"": 23, ""P47637"": 105, ""P47382"": 99, ""P47343"": 16, ""P47254"": 87, ""P47574"": 21, ""P47315"": 119, ""P47493"": 39, ""P47656"": 26, ""P47321"": 124, ""P47339"": 25, ""P47585"": 37, ""P47286"": 17, ""P47348"": 20, ""P47653"": 109, ""P47446"": 16, ""P47490"": 33, ""P47537"": 24, ""P47662"": 29, ""P47302"": 19, ""P47319"": 17, ""P47258"": 2, ""P47479"": 24, ""P47542"": 11, ""P47618"": 28, ""P47589"": 9, ""P47508"": 23, ""P47540"": 40, ""P47704"": 87, ""P47705"": 37, ""P47326"": 49, ""P47494"": 25, ""P47635"": 34, ""P47546"": 32, ""P47605"": 21, ""P47629"": 17, ""P47558"": 21, ""P47296"": 14, ""Q49400"": 14, ""P47398"": 35, ""P47293"": 17, ""P47448"": 20, ""P47505"": 18, ""P47655"": 35, ""P47469"": 24, ""P47496"": 17, ""P47527"": 29, ""P47311"": 20, ""P47374"": 25, ""P47539"": 18, ""P47513"": 16, ""P47652"": 15, ""Q49401"": 4, ""P47510"": 15, ""P47426"": 1}"
LXXXXVYFD,"{""P47606"": 9}"
LXXXXISTS,"{""P47629"": 15}"
LXXXXQXYX,"{""P47661"": 1}"
LXXXXQKYX,"{""P47661"": 1}"
LXXXNDEDE,"{""P47353"": 22}"
LXXXNSADH,"{""P47492"": 3}"
LXXXANXXX,"{""P47705"": 19}"
LXXXANXXQ,"{""P47705"": 51}"
LXXXANXKQ,"{""P47705"": 3}"
LXXXANKXQ,"{""P47705"": 2}"
LXXXAESGD,"{""P47270"": 3}"
LXXXVLXTL,"{""Q49435"": 59}"
LXXXVLXXX,"{""Q49435"": 12}"
LXXXVLKTL,"{""Q49435"": 1}"
LXXXYLLLG,"{""P47563"": 5}"
LXXXLQTLG,"{""P47437"": 4}"
LXXXKVYFD,"{""P47606"": 1}"
LXXLVAVAS,"{""P47277"": 82}"
LXXLSEYFQ,"{""P47483"": 3}"
LXXQIYXHV,"{""P47429"": 305}"
LXXQIYXXX,"{""P47429"": 61}"
LXXQIYKHV,"{""P47429"": 10}"
LXXQIXXHV,"{""P47429"": 12}"
LXXQIXXXX,"{""P47429"": 3}"
LXXQIXKHV,"{""P47429"": 1}"
LXXQLDALX,"{""P47597"": 85}"
LXXQLDALK,"{""P47597"": 1}"
LXXQNXGXQ,"{""P47587"": 50}"
LXXQNXGXX,"{""P47587"": 8}"
LXXQNXGKQ,"{""P47587"": 3}"
LXXQNXXXX,"{""P47587"": 14}"
LXXQNKGXQ,"{""P47587"": 1}"
LXXQCSYLD,"{""P47532"": 18}"
LXXQCSXLD,"{""P47532"": 1}"
LXXQSXXXX,"{""P47498"": 3}"
LXXELESAQ,"{""P47597"": 407}"
LXXENLLRI,"{""P47651"": 100}"
LXXENLLXI,"{""P47651"": 22}"
LXXEAFSVF,"{""P47493"": 91}"
LXXEIEEFQ,"{""P47597"": 73}"
LXXEITGVG,"{""P36255"": 1}"
LXXETNPNG,"{""P47492"": 25}"
LXXESXNXF,"{""Q49436"": 5}"
LXXESLDII,"{""P47486"": 5}"
LXXEGLISX,"{""P47587"": 4}"
LXXEGLISK,"{""P47587"": 1}"
LXXEDIYXN,"{""P47288"": 2}"
LXXEELLQA,"{""P47540"": 4}"
LXXTNXXXX,"{""P47661"": 134}"
LXXTNXXIX,"{""P47661"": 266}"
LXXTNXKIX,"{""P47661"": 11}"
LXXTNKXIX,"{""P47661"": 14}"
LXXTNKXXX,"{""P47661"": 3}"
LXXTQYQXS,"{""P47429"": 71}"
LXXTQYQXX,"{""P47429"": 10}"
LXXTQYQKS,"{""P47429"": 5}"
LXXTQXQXX,"{""P47429"": 1}"
LXXTLMSFN,"{""P47258"": 5}"
LXXTXFFSQ,"{""Q49401"": 6}"
LXXTXXXXX,"{""Q49401"": 2}"
LXXTISIVF,"{""P47426"": 7}"
LXXISNVVF,"{""P47348"": 85}"
LXXISXTTX,"{""P47414"": 2}"
LXXISXXXX,"{""P47414"": 1}"
LXXILSLQE,"{""Q49407"": 30}"
LXXILEDGT,"{""P47582"": 3}"
LXXIFLLPL,"{""P47677"": 6}"
LXXIIENSX,"{""P47254"": 7}"
LXXIIENSK,"{""P47254"": 1}"
LXXADSLXN,"{""P47645"": 68}"
LXXADSLXX,"{""P47645"": 15}"
LXXADSLKN,"{""P47645"": 2}"
LXXANNELP,"{""P47450"": 4}"
LXXAIATXY,"{""P47698"": 2}"
LXXAXXXXX,"{""P47704"": 5}"
LXXHYFXTX,"{""P47433"": 288}"
LXXHYFXTK,"{""P47433"": 10}"
LXXHYFXXX,"{""P47433"": 62}"
LXXHYFKTX,"{""P47433"": 11}"
LXXHYFKTK,"{""P47433"": 1}"
LXXHQWXXX,"{""P47325"": 61}"
LXXHQWXXY,"{""P47325"": 1}"
LXXHQWXYX,"{""P47325"": 6}"
LXXHQWXYY,"{""P47325"": 13}"
LXXHXFXTX,"{""P47433"": 27}"
LXXHXFXXX,"{""P47433"": 3}"
LXXHXXXXX,"{""P47368"": 1}"
LXXHXXDEX,"{""P47368"": 6}"
LXXHDXEXQ,"{""P47635"": 1}"
LXXHDXEYQ,"{""P47635"": 3}"
LXXFVFDTI,"{""P47546"": 82}"
LXXFXGSNL,"{""P47587"": 65}"
LXXFXHVLE,"{""Q9ZB73"": 28}"
LXXFXXXXX,"{""P47587"": 16, ""Q9ZB73"": 3}"
LXXFIXPXM,"{""P47566"": 2}"
LXXFIXPXX,"{""P47566"": 2}"
LXXFKGSNL,"{""P47587"": 2}"
LXXPFXLTX,"{""P47490"": 75}"
LXXPFXLTK,"{""P47490"": 5}"
LXXPFXXXX,"{""P47490"": 14}"
LXXPFKLTX,"{""P47490"": 4}"
LXXPFKLTK,"{""P47490"": 1}"
LXXCXQXXX,"{""P47661"": 6}"
LXXCXQXYX,"{""P47661"": 61}"
LXXCXQXYK,"{""P47661"": 1}"
LXXCXQKYX,"{""P47661"": 1}"
LXXCXXXXX,"{""P47661"": 13}"
LXXCKQXYX,"{""P47661"": 2}"
LXXCKQXXX,"{""P47661"": 1}"
LXXSGYNSA,"{""P47331"": 80}"
LXXSGXNSA,"{""P47331"": 2}"
LXXSSIXXX,"{""P47450"": 70}"
LXXSSIXQF,"{""P47450"": 17}"
LXXSSIKQF,"{""P47450"": 1}"
LXXDHRSLG,"{""P47615"": 66}"
LXXDHXSLG,"{""P47615"": 23}"
LXXDRELIY,"{""Q9ZB80"": 74}"
LXXDRELIX,"{""Q9ZB80"": 1}"
LXXDQLEXX,"{""P20796"": 16}"
LXXDQLEXH,"{""P20796"": 2}"
LXXDXELIY,"{""Q9ZB80"": 19}"
LXXDXELIX,"{""Q9ZB80"": 1}"
LXXVXNALL,"{""P47589"": 23}"
LXXVXXXXX,"{""P47589"": 4}"
LXXVNTVEX,"{""P47314"": 8}"
LXXVNTVEK,"{""P47314"": 1}"
LXXVYAWYD,"{""P47543"": 5}"
LXXVLNSXT,"{""P47480"": 4}"
LXXVKNALL,"{""P47589"": 1}"
LXXNXXXXX,"{""Q49419"": 15}"
LXXNXLNDA,"{""Q49419"": 72}"
LXXNYENLD,"{""P35888"": 25}"
LXXNIXXXX,"{""P47582"": 1}"
LXXNIXAIX,"{""P47582"": 3}"
LXXNIKAIK,"{""P47582"": 1}"
LXXNKLNDA,"{""Q49419"": 1}"
LXXRNDEDE,"{""P47353"": 65}"
LXXRYLLLG,"{""P47563"": 20}"
LXXRXLLLG,"{""P47563"": 2}"
LXXWIIXAI,"{""P47528"": 4}"
LXXWIIXXX,"{""P47528"": 1}"
LXXWFDXXX,"{""P47624"": 3}"
LXXKLQTLG,"{""P47437"": 2}"
LXXKXVYFD,"{""P47606"": 1}"
LXXKXXXXX,"{""P47606"": 4}"
LXXKANXKQ,"{""P47705"": 1}"
LXXKANXXQ,"{""P47705"": 3}"
LXXKANXXX,"{""P47705"": 3}"
LXXKYDPIT,"{""P47315"": 1}"
LXXKKISTS,"{""P47629"": 1}"
LXXKVLXTL,"{""Q49435"": 1}"
LXXKVLXXX,"{""Q49435"": 1}"
LXYDQLEXX,"{""P20796"": 436}"
LXYDQLEXH,"{""P20796"": 29}"
LXYXNSADH,"{""P47492"": 79}"
LXYXXXXXX,"{""P47492"": 20}"
LXYHDXEYQ,"{""P47635"": 81}"
LXYHDXEXQ,"{""P47635"": 4}"
LXYHDXXXX,"{""P47635"": 14}"
LXYHDKEYQ,"{""P47635"": 2}"
LXYFXXXXX,"{""Q9ZB73"": 122}"
LXYFXHVLE,"{""Q9ZB73"": 342}"
LXYFKHVLE,"{""Q9ZB73"": 11}"
LXYEELLQA,"{""P47540"": 78}"
LXYVNTVEX,"{""P47314"": 84}"
LXYVNTVEK,"{""P47314"": 2}"
LXYLSEYFQ,"{""P47483"": 39}"
LXYLSEXFQ,"{""P47483"": 2}"
LXYWFDXXX,"{""P47624"": 29}"
LXYAIATXY,"{""P47698"": 17}"
LXYAIATXX,"{""P47698"": 12}"
LXYAIATKY,"{""P47698"": 2}"
LXYQSXXXX,"{""P47498"": 29}"
LXYQSXLSV,"{""P47498"": 6}"
LXYQSKLSV,"{""P47498"": 1}"
LXYRYLDLR,"{""P47282"": 2}"
LXYKNSADH,"{""P47492"": 4}"
LXYSXXXXX,"{""P47249"": 4}"
LXMITLYAY,"{""P47623"": 41}"
LXMITLYAX,"{""P47623"": 5}"
LXMITLXAY,"{""P47623"": 3}"
LXMQGSANN,"{""P47329"": 460}"
LXMGNXXII,"{""P47286"": 73}"
LXMGNXXXX,"{""P47286"": 29}"
LXMGNXKII,"{""P47286"": 4}"
LXMGNKXII,"{""P47286"": 4}"
LXMTLXXXX,"{""P47378"": 22}"
LXMTLXPSG,"{""P47378"": 84}"
LXMTLKPSG,"{""P47378"": 4}"
LXMTADQCA,"{""P22746"": 5}"
LXEVEQQXQ,"{""P47288"": 91}"
LXEVEQQXX,"{""P47288"": 14}"
LXEVEQQKQ,"{""P47288"": 1}"
LXEIDVEDG,"{""P47386"": 495}"
LXEIXQTYQ,"{""P47325"": 75}"
LXEIXQTXQ,"{""P47325"": 2}"
LXEIXXXXX,"{""P47325"": 15}"
LXEIGFWTV,"{""P47494"": 108}"
LXEIKQTYQ,"{""P47325"": 7}"
LXEIHDLLL,"{""P47448"": 3}"
LXEAFXXLQ,"{""P47300"": 65}"
LXEAFXXXX,"{""P47300"": 31}"
LXEAFXKLQ,"{""P47300"": 4}"
LXEAFKXLQ,"{""P47300"": 1}"
LXEAFKXXX,"{""P47300"": 2}"
LXEAAERAX,"{""P47547"": 90}"
LXEAAERAK,"{""P47547"": 3}"
LXEAAEXAX,"{""P47547"": 20}"
LXEAAEXAK,"{""P47547"": 1}"
LXEQQEQFN,"{""P47530"": 517}"
LXEQQIXEY,"{""P47650"": 5}"
LXEQQIKEY,"{""P47650"": 1}"
LXEHGVXXS,"{""Q49402"": 322}"
LXEHGVXXX,"{""Q49402"": 159}"
LXEHGVXKS,"{""Q49402"": 9}"
LXEHGVKXS,"{""Q49402"": 11}"
LXEHGVKXX,"{""Q49402"": 2}"
LXEHGVKKS,"{""Q49402"": 1}"
LXEHDINGF,"{""P47277"": 97}"
LXEHNLVXS,"{""P47496"": 1}"
LXEHNLVRS,"{""P47496"": 2}"
LXELIQELX,"{""P47572"": 91}"
LXELIPXHL,"{""P47384"": 68}"
LXELIPXXX,"{""P47384"": 17}"
LXELIPKHL,"{""P47384"": 5}"
LXELSFLFA,"{""P47445"": 493}"
LXENXXXXX,"{""P47551"": 39}"
LXENXXXVE,"{""P47551"": 51}"
LXENXXKVE,"{""P47551"": 3}"
LXENXKXXX,"{""P47551"": 2}"
LXENXKXVE,"{""P47551"": 3}"
LXENVGFQD,"{""P47306"": 2}"
LXENKXXVE,"{""P47551"": 3}"
LXENKXKVE,"{""P47551"": 1}"
LXEEIKPNT,"{""P47368"": 2}"
LXEEIXXXX,"{""P47368"": 4}"
LXEEIXPNT,"{""P47368"": 23}"
LXERYENET,"{""P47632"": 18}"
LXERXENET,"{""P47632"": 1}"
LXEXXXXXX,"{""P35888"": 98, ""P47288"": 21, ""P57085"": 6, ""P47682"": 1}"
LXEXLQKLL,"{""P47288"": 6}"
LXEXLQXLL,"{""P47288"": 75}"
LXEXLQXXX,"{""P47288"": 13}"
LXEXQXIAQ,"{""P57085"": 30}"
LXEXQXXXX,"{""P57085"": 4}"
LXEXDPNIQ,"{""P35888"": 4}"
LXEXYENET,"{""P47632"": 8}"
LXEXEXXXX,"{""P47682"": 6}"
LXEFIXPNQ,"{""P47265"": 8}"
LXEFIXXXX,"{""P47265"": 1}"
LXEFXXXXX,"{""P47326"": 3}"
LXEFXQQNL,"{""P47326"": 2}"
LXEGISVNG,"{""P47368"": 32}"
LXEGVVLRS,"{""P47318"": 2}"
LXEGVVLXS,"{""P47318"": 1}"
LXEGYYAID,"{""P47257"": 1}"
LXEDRFEGY,"{""P47340"": 28}"
LXEDRFEGX,"{""P47340"": 2}"
LXEDXFEGY,"{""P47340"": 4}"
LXEYFRXXX,"{""P47460"": 5}"
LXEYFXXXX,"{""P47460"": 2}"
LXESASRQN,"{""P47640"": 1}"
LXEMLLQXD,"{""P47587"": 2}"
LXEMLLQRD,"{""P47587"": 3}"
LXEKLQXLL,"{""P47288"": 1}"
LXEKLQXXX,"{""P47288"": 2}"
LXEKQKIAQ,"{""P57085"": 1}"
LXQYQXXXX,"{""P47288"": 180}"
LXQYQXXXT,"{""P47288"": 234}"
LXQYQXXKT,"{""P47288"": 18}"
LXQYQXKXT,"{""P47288"": 13}"
LXQYQXKXX,"{""P47288"": 1}"
LXQYQKXXX,"{""P47288"": 5}"
LXQYQKXXT,"{""P47288"": 4}"
LXQYQKXKT,"{""P47288"": 1}"
LXQYRESVN,"{""P47514"": 24}"
LXQYXESVN,"{""P47514"": 3}"
LXQIFEVVT,"{""P47582"": 481}"
LXQIEANXX,"{""P47371"": 2}"
LXQIEANXP,"{""P47371"": 1}"
LXQILIVNN,"{""P47346"": 6}"
LXQTNNDPY,"{""P47382"": 490}"
LXQTNNDPX,"{""P47382"": 25}"
LXQTNXXXX,"{""P47330"": 3}"
LXQTNXLLL,"{""P47330"": 1}"
LXQTTDXYD,"{""P47632"": 399}"
LXQTTDXXX,"{""P47632"": 112}"
LXQTTDXXD,"{""P47632"": 11}"
LXQTTDKYD,"{""P47632"": 20}"
LXQTTDKXD,"{""P47632"": 1}"
LXQXXXXXX,"{""P47479"": 16, ""P47330"": 12}"
LXQXFVITL,"{""P47479"": 82}"
LXQXQXXXT,"{""P47288"": 7}"
LXQXQXXXX,"{""P47288"": 13}"
LXQXRESVN,"{""P47514"": 1}"
LXQDAMVFI,"{""P47313"": 527}"
LXQDIXXXX,"{""P55750"": 15}"
LXQDIXRNL,"{""P55750"": 6}"
LXQDESGGX,"{""P47260"": 93}"
LXQDESGGK,"{""P47260"": 1}"
LXQLXXXXX,"{""P47433"": 64, ""Q49460"": 21}"
LXQLXXFEL,"{""Q49460"": 62}"
LXQLXXLIX,"{""P47433"": 1}"
LXQLXRLIX,"{""P47433"": 17}"
LXQLXKFEL,"{""Q49460"": 7}"
LXQLFXXSX,"{""Q9ZB74"": 70}"
LXQLFXXXX,"{""Q9ZB74"": 35}"
LXQLFXKSX,"{""Q9ZB74"": 1}"
LXQLFKXXX,"{""Q9ZB74"": 1}"
LXQLFKXSX,"{""Q9ZB74"": 3}"
LXQLTNTDI,"{""P47446"": 32}"
LXQLKXFEL,"{""Q49460"": 7}"
LXQLKRLIX,"{""P47433"": 1}"
LXQVSLLAQ,"{""P47359"": 115}"
LXQNNSFIF,"{""P47587"": 20}"
LXQATPTXP,"{""P20796"": 89}"
LXQATPTXX,"{""P20796"": 10}"
LXQATPTKP,"{""P20796"": 9}"
LXQAVGDIY,"{""P47523"": 2}"
LXQFLISNV,"{""Q49398"": 7}"
LXQSLDIQL,"{""P47436"": 5}"
LXQKFVITL,"{""P47479"": 6}"
LXQEEXXXX,"{""P47635"": 2}"
LXQEEXLEQ,"{""P47635"": 1}"
LXQHALTLI,"{""Q49408"": 1}"
LXQQTCATL,"{""P47261"": 2}"
LXSESVVEV,"{""P47315"": 101}"
LXSEQTAXD,"{""P47695"": 4}"
LXSEQTAXX,"{""P47695"": 4}"
LXSTFIXXX,"{""P47374"": 97}"
LXSXNAVIL,"{""P55750"": 407}"
LXSXXXXXX,"{""P55750"": 86}"
LXSIGSSVF,"{""P47366"": 25}"
LXSISXGXA,"{""P47384"": 6}"
LXSISXGYA,"{""P47384"": 84}"
LXSISXXXX,"{""P47384"": 13}"
LXSISKGYA,"{""P47384"": 4}"
LXSLQXXXX,"{""P47576"": 115}"
LXSLQXQQA,"{""P47576"": 386}"
LXSLQKQQA,"{""P47576"": 15}"
LXSLVNEYV,"{""P47583"": 4}"
LXSLGFSLI,"{""P47635"": 93}"
LXSLSVLEV,"{""P47250"": 30}"
LXSLSLNDG,"{""P47523"": 29}"
LXSFVLMTQ,"{""P47701"": 7}"
LXSFASNLX,"{""P47460"": 30}"
LXSKNAVIL,"{""P55750"": 20}"
LXSAELXXX,"{""Q49460"": 6}"
LXSADSSGF,"{""Q49409"": 3}"
LXSVILQQH,"{""P47447"": 31}"
LXDHLYLXX,"{""P47576"": 80}"
LXDHLYLXK,"{""P47576"": 6}"
LXDHLYLKX,"{""P47576"": 5}"
LXDHLXLXX,"{""P47576"": 6}"
LXDHPDIWL,"{""Q49422"": 500}"
LXDFSXQQI,"{""Q49411"": 372}"
LXDFSXXXX,"{""Q49411"": 111}"
LXDFSKQQI,"{""Q49411"": 18}"
LXDFMXFDE,"{""P47268"": 4}"
LXDFMXXXX,"{""P47268"": 1}"
LXDFMKFDE,"{""P47268"": 2}"
LXDLVIASX,"{""P47295"": 108}"
LXDLVIASK,"{""P47295"": 2}"
LXDLXFLTL,"{""P47326"": 3}"
LXDLRFLTL,"{""P47326"": 1}"
LXDNFDINV,"{""P47656"": 112}"
LXDNLALWL,"{""P47587"": 102}"
LXDNEXLER,"{""P47250"": 7}"
LXDNEXLEX,"{""P47250"": 1}"
LXDNERLER,"{""P47250"": 30}"
LXDNERLEX,"{""P47250"": 4}"
LXDXLTPSY,"{""P47549"": 90}"
LXDXLTPSX,"{""P47549"": 7}"
LXDXXXXXX,"{""P47549"": 11, ""P47443"": 8, ""P47276"": 3}"
LXDXNTTTS,"{""P47276"": 1}"
LXDXVIRFA,"{""P47443"": 2}"
LXDXQXTDG,"{""P47264"": 2}"
LXDXTNFLN,"{""P47637"": 3}"
LXDACNYLA,"{""P47302"": 93}"
LXDACNXLA,"{""P47302"": 4}"
LXDAXNYLA,"{""P47302"": 6}"
LXDAVXXXX,"{""P47321"": 5}"
LXDRLITDF,"{""P47580"": 3}"
LXDVNNXIV,"{""P47551"": 9}"
LXDVGVGDT,"{""P47384"": 11}"
LXDCTNFLN,"{""P47637"": 21}"
LXDILGQTL,"{""P47580"": 31}"
LXDEYAHXL,"{""Q49434"": 2}"
LXDWIFSRQ,"{""P47508"": 1}"
LXDKLTPSY,"{""P47549"": 2}"
LXNSPPLTF,"{""Q49402"": 532}"
LXNSLTDLL,"{""P47637"": 104}"
LXNSFNLXG,"{""P47534"": 2}"
LXNSFNLXX,"{""P47534"": 2}"
LXNINVLDS,"{""P47658"": 120}"
LXNIXXXXX,"{""P47699"": 31}"
LXNIXQLGI,"{""P47699"": 1}"
LXNAXXXXX,"{""P47303"": 431}"
LXNAXXAGI,"{""P47303"": 70}"
LXNAXKAGI,"{""P47303"": 4}"
LXNASGVXI,"{""P47458"": 94}"
LXNASGVXX,"{""P47458"": 15}"
LXNASGVKI,"{""P47458"": 3}"
LXNAKXXXX,"{""P47303"": 13}"
LXNAKXAGI,"{""P47303"": 1}"
LXNHPSYIA,"{""P47429"": 98}"
LXNHPSXIA,"{""P47429"": 5}"
LXNLXXXXX,"{""P47492"": 468}"
LXNLSEXXX,"{""P47311"": 59}"
LXNLSEXXQ,"{""P47311"": 16}"
LXNLSEKXQ,"{""P47311"": 2}"
LXNLSEKXX,"{""P47311"": 5}"
LXNLLGVXI,"{""P47331"": 19}"
LXNLLGVXX,"{""P47331"": 74}"
LXNLLGVKI,"{""P47331"": 2}"
LXNLILMRG,"{""P47283"": 35}"
LXNLILMXG,"{""P47283"": 5}"
LXNLHLLGR,"{""Q49398"": 23}"
LXNLHLLGX,"{""Q49398"": 6}"
LXNXQDQPI,"{""Q49460"": 7}"
LXNXLAAVS,"{""P47318"": 2}"
LXNXLLXXX,"{""P47615"": 4}"
LXNXXXXXX,"{""P47257"": 1, ""P47615"": 1}"
LXNXXALVV,"{""P47257"": 3}"
LXNDLNSPX,"{""P47661"": 104}"
LXNDLNSPK,"{""P47661"": 4}"
LXNDIVLVP,"{""P47276"": 2}"
LXNGNXXXX,"{""P47413"": 17}"
LXNGNXENA,"{""P47413"": 88}"
LXNGNKENA,"{""P47413"": 4}"
LXNELXLFL,"{""P47655"": 98}"
LXNELXXXX,"{""P47655"": 18}"
LXNELKLFL,"{""P47655"": 3}"
LXNNLDLTL,"{""Q49398"": 88}"
LXNNLVEEV,"{""P47335"": 2}"
LXNNYDFFX,"{""P47251"": 8}"
LXNNYDFFK,"{""P47251"": 1}"
LXNNXXXXX,"{""P47607"": 14}"
LXNNXIFDX,"{""P47607"": 91}"
LXNNXIFDK,"{""P47607"": 3}"
LXNNKIFDX,"{""P47607"": 8}"
LXNRLAAVS,"{""P47318"": 9}"
LXNRXALVV,"{""P47257"": 20}"
LXNRXXXXX,"{""P47257"": 6}"
LXNRQDQPI,"{""Q49460"": 18}"
LXNRKALVV,"{""P47257"": 1}"
LXNFLFDRS,"{""P47516"": 4}"
LXNFLFDXS,"{""P47516"": 2}"
LXNPNTSLT,"{""P47562"": 9}"
LXNYFWTYF,"{""P47332"": 4}"
LXNKLLXXX,"{""P47615"": 1}"
LXVIQFDGS,"{""P47398"": 106}"
LXVISYSVE,"{""P20796"": 112}"
LXVISXSVE,"{""P20796"": 9}"
LXVIVNNVE,"{""P47655"": 11}"
LXVIIETAL,"{""P47296"": 97}"
LXVAIICQD,"{""P47622"": 96}"
LXVAIIXQD,"{""P47622"": 3}"
LXVALLEXN,"{""P47285"": 78}"
LXVALLEXX,"{""P47285"": 16}"
LXVALLEKN,"{""P47285"": 3}"
LXVMLEPST,"{""Q49412"": 518}"
LXVDQTIEN,"{""P47486"": 105}"
LXVDALIFD,"{""P47585"": 97}"
LXVTSQQIQ,"{""P47625"": 79}"
LXVTVXNPE,"{""P47315"": 4}"
LXVTVXXXX,"{""P47315"": 1}"
LXVNQVYFD,"{""P47505"": 106}"
LXVNQVXFD,"{""P47505"": 12}"
LXVNEAFDD,"{""P47694"": 110}"
LXVNLSQNG,"{""Q9ZB73"": 7}"
LXVNRLYYQ,"{""P47498"": 5}"
LXVNRLAYF,"{""P47455"": 2}"
LXVNXLYYQ,"{""P47498"": 2}"
LXVXAVTVS,"{""P47277"": 96}"
LXVXXXXXX,"{""P47277"": 17}"
LXVEIENFX,"{""P47547"": 103}"
LXVEIENFK,"{""P47547"": 5}"
LXVSTLHSL,"{""P47319"": 9}"
LXVSPXFER,"{""P47386"": 2}"
LXVSPRFER,"{""P47386"": 2}"
LXVSPRFEX,"{""P47386"": 1}"
LXVVENLLX,"{""P47542"": 93}"
LXVVENLLK,"{""P47542"": 3}"
LXVLTYSRA,"{""P47321"": 19}"
LXVLTYSXA,"{""P47321"": 2}"
LXVLTXSRA,"{""P47321"": 4}"
LXVFXXGIX,"{""P47647"": 2}"
LXVFXXXXX,"{""P47647"": 2}"
LXVFKXXXX,"{""P47647"": 1}"
LXVKAVTVS,"{""P47277"": 3}"
LXVRNERVL,"{""P47394"": 1}"
LXLNXXXXX,"{""P47398"": 19}"
LXLNXXAYQ,"{""P47398"": 67}"
LXLNXXAXQ,"{""P47398"": 2}"
LXLNXKAYQ,"{""P47398"": 2}"
LXLNVLNSQ,"{""P47661"": 10}"
LXLNQELXL,"{""P47540"": 87}"
LXLNQELXX,"{""P47540"": 21}"
LXLNQELKL,"{""P47540"": 6}"
LXLNNNINW,"{""Q49434"": 105}"
LXLNNFTLQ,"{""P47445"": 18}"
LXLNLTKXH,"{""Q49423"": 1}"
LXLNLTKKH,"{""Q49423"": 1}"
LXLNLTXXH,"{""Q49423"": 27}"
LXLNLTXXX,"{""Q49423"": 5}"
LXLNLTXKH,"{""Q49423"": 1}"
LXLNLIGNW,"{""P47527"": 104}"
LXLNKXAYQ,"{""P47398"": 1}"
LXLLDELXE,"{""P47466"": 75}"
LXLLDELXX,"{""P47466"": 9}"
LXLLDELKE,"{""P47466"": 2}"
LXLLDFVXY,"{""P47293"": 74}"
LXLLDFVXX,"{""P47293"": 20}"
LXLLDFVKY,"{""P47293"": 3}"
LXLLDFVKX,"{""P47293"": 1}"
LXLLELQXT,"{""P47460"": 433}"
LXLLELQXX,"{""P47460"": 72}"
LXLLELQKT,"{""P47460"": 17}"
LXLLSDNXL,"{""P47537"": 81}"
LXLLSDNXX,"{""P47537"": 19}"
LXLLSDNKL,"{""P47537"": 3}"
LXLLTXXHF,"{""Q2MHT0"": 1}"
LXLLTRXHF,"{""Q2MHT0"": 4}"
LXLLTRXXX,"{""Q2MHT0"": 3}"
LXLLXALXX,"{""P47558"": 55}"
LXLLXALXP,"{""P47558"": 24}"
LXLLXALKP,"{""P47558"": 1}"
LXLLXXXXX,"{""P47558"": 12}"
LXLLFXLLL,"{""P47661"": 7}"
LXLLFXXXX,"{""P47661"": 1}"
LXLLVVSDL,"{""P52271"": 20}"
LXLXXADSL,"{""P47645"": 76}"
LXLXXXXXX,"{""P47372"": 18, ""P47645"": 25, ""Q49409"": 4, ""P47465"": 1, ""P56723"": 1}"
LXLXLPVFI,"{""P47372"": 82}"
LXLXLALNQ,"{""P47465"": 7}"
LXLXTETNN,"{""P56723"": 5}"
LXLXKADSL,"{""P47645"": 6}"
LXLALNQLV,"{""P47465"": 505}"
LXLAARELX,"{""P47604"": 19}"
LXLAAXELX,"{""P47604"": 8}"
LXLFEINKX,"{""P47483"": 1}"
LXLFEINXX,"{""P47483"": 27}"
LXLFEINXK,"{""P47483"": 1}"
LXLFDXXXX,"{""P47525"": 3}"
LXLFDXNNN,"{""P47525"": 6}"
LXLEDQIXX,"{""P47446"": 19}"
LXLEDQIXF,"{""P47446"": 93}"
LXLEPHXXX,"{""P47397"": 68}"
LXLEPHXYL,"{""P47397"": 3}"
LXLEFDDEX,"{""P47277"": 2}"
LXLEFDDER,"{""P47277"": 2}"
LXLEVERWL,"{""P47299"": 1}"
LXLYDXLIT,"{""P47580"": 11}"
LXLYDRLIT,"{""P47580"": 12}"
LXLTFTDQX,"{""P47445"": 110}"
LXLTFTDQK,"{""P47445"": 3}"
LXLTGFIIS,"{""P47294"": 455}"
LXLTNKELE,"{""P47394"": 4}"
LXLTNXELE,"{""P47394"": 81}"
LXLTNXXXX,"{""P47394"": 15}"
LXLTEXIYQ,"{""P47583"": 1}"
LXLPVFIEN,"{""P47372"": 103}"
LXLQXLDWX,"{""P47510"": 81}"
LXLQXXXXX,"{""P47510"": 19}"
LXLQKLDWX,"{""P47510"": 1}"
LXLINIFVD,"{""P47478"": 9}"
LXLVIEQTP,"{""P47339"": 116}"
LXLVXNGEG,"{""P47549"": 1}"
LXLVGVLIA,"{""P47393"": 5}"
LXLVRNGEG,"{""P47549"": 1}"
LXLKXADSL,"{""P47645"": 5}"
LXLKLPVFI,"{""P47372"": 7}"
LXRETNPNG,"{""P47492"": 106}"
LXREDIYXN,"{""P47288"": 3}"
LXREITGVG,"{""P36255"": 2}"
LXRFIXXXX,"{""P47566"": 4}"
LXRFIXPXM,"{""P47566"": 10}"
LXRFIXPXX,"{""P47566"": 4}"
LXRFIXPKM,"{""P47566"": 1}"
LXRAXXXXX,"{""P47704"": 20}"
LXRAXTHGF,"{""P47704"": 2}"
LXRILSLQE,"{""Q49407"": 88}"
LXRILEDGT,"{""P47582"": 8}"
LXRISXXXX,"{""P47414"": 10}"
LXRISXTTX,"{""P47414"": 16}"
LXRISKTTX,"{""P47414"": 1}"
LXRIIENSX,"{""P47254"": 16}"
LXRIIENSK,"{""P47254"": 1}"
LXRIXXIXP,"{""P47277"": 2}"
LXRIXXXXX,"{""P47277"": 2}"
LXRIVTLDG,"{""P47540"": 1}"
LXRHXXDEX,"{""P47368"": 13}"
LXRHXXDEK,"{""P47368"": 1}"
LXRHXXXXX,"{""P47368"": 4}"
LXRHXKDEX,"{""P47368"": 1}"
LXRXAESGD,"{""P47270"": 10}"
LXRXYDPIT,"{""P47315"": 10}"
LXRXXXXXX,"{""P47270"": 6, ""P47315"": 3}"
LXRKYDPIT,"{""P47315"": 1}"
LXRKAESGD,"{""P47270"": 2}"
LXRSLXXXX,"{""P47395"": 1}"
LXTAPXXXX,"{""P47448"": 33}"
LXTAPXXPG,"{""P47448"": 71}"
LXTAPXKPG,"{""P47448"": 1}"
LXTAPKXPG,"{""P47448"": 2}"
LXTALTTML,"{""P47580"": 8}"
LXTXDEIAF,"{""P47610"": 434}"
LXTXDGMRY,"{""P47322"": 3}"
LXTXDGMXY,"{""P47322"": 1}"
LXTXXXXXX,"{""P47662"": 17, ""P47610"": 87}"
LXTXMEELI,"{""P47662"": 81}"
LXTXLFXFH,"{""P47653"": 1}"
LXTGTPPRI,"{""P47619"": 82}"
LXTGTPPXI,"{""P47619"": 33}"
LXTSLTFAN,"{""P47525"": 119}"
LXTSNPXNV,"{""Q49407"": 2}"
LXTLVIEXQ,"{""P47513"": 89}"
LXTLVIEXX,"{""P47513"": 13}"
LXTLVIEKQ,"{""P47513"": 3}"
LXTLTIGXD,"{""P47652"": 84}"
LXTLTIGXX,"{""P47652"": 12}"
LXTLTIGKD,"{""P47652"": 2}"
LXTFGVINF,"{""P47326"": 103}"
LXTQTFDSE,"{""P47460"": 24}"
LXTDFEXLX,"{""Q49419"": 86}"
LXTDFEXLK,"{""Q49419"": 3}"
LXTDFEXXX,"{""Q49419"": 15}"
LXTDFEKLK,"{""Q49419"": 1}"
LXTDFEKLX,"{""Q49419"": 4}"
LXTCDGMRY,"{""P47322"": 76}"
LXTCDGMRX,"{""P47322"": 5}"
LXTCDGMXY,"{""P47322"": 29}"
LXTCDGMXX,"{""P47322"": 1}"
LXTTDVVLT,"{""Q49416"": 107}"
LXTTXXXXX,"{""P47549"": 25}"
LXTTXADVD,"{""P47549"": 67}"
LXTTKADVD,"{""P47549"": 2}"
LXTNVXXFN,"{""P55750"": 68}"
LXTNVXXXX,"{""P55750"": 28}"
LXTNVXKFN,"{""P55750"": 2}"
LXTNVKXXX,"{""P55750"": 3}"
LXTNVKXFN,"{""P55750"": 2}"
LXTMLNDXE,"{""P47394"": 93}"
LXTMLNDXX,"{""P47394"": 23}"
LXTMLNDKE,"{""P47394"": 2}"
LXTKDEIAF,"{""P47610"": 12}"
LXTKMEELI,"{""P47662"": 6}"
LXTEAXXSX,"{""P47301"": 1}"
LXTEAXXXX,"{""P47301"": 2}"
LXTEAKXSX,"{""P47301"": 1}"
LXTYLFXFH,"{""P47653"": 7}"
LXTPHSQPI,"{""P47271"": 6}"
LXPTQPVIF,"{""P47255"": 519}"
LXPTXFLNY,"{""P47252"": 1}"
LXPTXXXXX,"{""P47252"": 5}"
LXPPAVILT,"{""P47331"": 98}"
LXPPVMQDS,"{""P47277"": 14}"
LXPFXLGGD,"{""Q49420"": 424}"
LXPFXXXXX,"{""Q49420"": 74}"
LXPFKLGGD,"{""Q49420"": 13}"
LXPRXXXXX,"{""P47520"": 12}"
LXPRXFRSY,"{""P47520"": 5}"
LXPRXFXSY,"{""P47520"": 2}"
LXPWCISRQ,"{""P47576"": 14}"
LXPWCISXQ,"{""P47576"": 4}"
LXPWXISRQ,"{""P47576"": 3}"
LXPIGITSS,"{""P47437"": 99}"
LXPIQEAFE,"{""P47328"": 7}"
LXPXXSVAX,"{""P47539"": 77}"
LXPXXSVAK,"{""P47539"": 6}"
LXPXXXXXX,"{""P47539"": 38, ""P47520"": 5}"
LXPXKSVAX,"{""P47539"": 3}"
LXPXKSVAK,"{""P47539"": 1}"
LXPGYFIHT,"{""P47469"": 82}"
LXPGXFIHT,"{""P47469"": 1}"
LXPKXSVAX,"{""P47539"": 6}"
LXPKXSVAK,"{""P47539"": 1}"
LXPATIISX,"{""P47350"": 2}"
LXIFEENVE,"{""P47580"": 533}"
LXIFSSFFE,"{""P47248"": 34}"
LXIQQLVNL,"{""P47496"": 105}"
LXIQQAXSS,"{""P47394"": 6}"
LXIQQARSS,"{""P47394"": 22}"
LXIAILEIL,"{""P47411"": 67}"
LXIAAYEAX,"{""P47661"": 87}"
LXIAAYEAK,"{""P47661"": 2}"
LXIAAXEAX,"{""P47661"": 8}"
LXIARAIAL,"{""P47650"": 8}"
LXIAXAIAL,"{""P47650"": 2}"
LXINNEAEY,"{""P47700"": 123}"
LXINNEAEX,"{""P47700"": 13}"
LXINNDAVY,"{""P47551"": 33}"
LXINNDAVX,"{""P47551"": 3}"
LXITSHFIL,"{""P47585"": 102}"
LXITIRNAR,"{""P47595"": 1}"
LXIGDXFSF,"{""P47368"": 83}"
LXIGDXXXX,"{""P47368"": 11}"
LXIGDKFSF,"{""P47368"": 6}"
LXIGFVINI,"{""P47264"": 100}"
LXIGVFGIG,"{""P47466"": 102}"
LXIPYXGIE,"{""P47701"": 71}"
LXIPYXXXX,"{""P47701"": 17}"
LXIPYKGIE,"{""P47701"": 6}"
LXIPAFVGL,"{""P47525"": 1}"
LXIPXXGIE,"{""P47701"": 4}"
LXIPXXXXX,"{""P47701"": 3}"
LXIINVIDX,"{""P47508"": 97}"
LXIINVIDK,"{""P47508"": 3}"
LXIIXXTPN,"{""Q49420"": 61}"
LXIIXXXXX,"{""Q49420"": 30}"
LXIIXKTPN,"{""Q49420"": 2}"
LXIIFEDEN,"{""P47610"": 106}"
LXIISLIGG,"{""P47664"": 8}"
LXIIREEIG,"{""P47481"": 3}"
LXIIKXTPN,"{""Q49420"": 3}"
LXIIKXXXX,"{""Q49420"": 1}"
LXIXXXXXX,"{""P47437"": 92}"
LXIXFSFIE,"{""P47525"": 4}"
LXIRFSFIE,"{""P47525"": 22}"
LXIRFYLIQ,"{""P47381"": 1}"
LXIEDALNS,"{""P47632"": 11}"
LXIEDIVFT,"{""P47376"": 8}"
LXGXXXXXX,"{""P47582"": 368}"
LXGXQGLFR,"{""P47582"": 76}"
LXGXQGLFX,"{""P47582"": 13}"
LXGFLAVGV,"{""P47502"": 104}"
LXGQRQLGT,"{""P47346"": 99}"
LXGQLAXPN,"{""P47574"": 77}"
LXGQLAXXX,"{""P47574"": 12}"
LXGQLAKPN,"{""P47574"": 1}"
LXGQXQLGT,"{""P47346"": 18}"
LXGLNVEIQ,"{""P47520"": 158}"
LXGDINPEG,"{""P47259"": 7}"
LXGNGDFSS,"{""Q49400"": 99}"
LXGKQGLFR,"{""P47582"": 6}"
LXGKQGLFX,"{""P47582"": 1}"
LXGELLEYR,"{""P47405"": 18}"
LXGELLEYX,"{""P47405"": 3}"
LXGELLEXR,"{""P47405"": 1}"
LXGIEMXRW,"{""P47548"": 1}"
LXGTINVVA,"{""P47632"": 7}"
LXGGDVSRX,"{""P47384"": 1}"
LXFSNYAIE,"{""P47502"": 492}"
LXFSNXAIE,"{""P47502"": 34}"
LXFSDQFSN,"{""P47655"": 106}"
LXFCLFSXX,"{""Q9ZB72"": 30}"
LXFRNLVDD,"{""P47306"": 98}"
LXFRELAYA,"{""P47410"": 6}"
LXFRELAXA,"{""P47410"": 2}"
LXFINSNLN,"{""P47580"": 117}"
LXFGIXSQN,"{""P47329"": 18}"
LXFGIXXXX,"{""P47329"": 8}"
LXFGIKSQN,"{""P47329"": 2}"
LXFLINAIL,"{""P47387"": 29}"
LXFLSSRHQ,"{""P47323"": 14}"
LXFLSSXHQ,"{""P47323"": 2}"
LXFLLLVLV,"{""P47561"": 1}"
LXFDDQXEL,"{""P47618"": 76}"
LXFDDQXXX,"{""P47618"": 19}"
LXFDDQKEL,"{""P47618"": 2}"
LXFYXLPLI,"{""P47341"": 74}"
LXFYXXXXX,"{""P47341"": 12}"
LXFYFDLTN,"{""P47299"": 28}"
LXFYKLPLI,"{""P47341"": 2}"
LXFTDCAFA,"{""P47541"": 24}"
LXFTDXAFA,"{""P47541"": 1}"
LXFXNLVDD,"{""P47306"": 25}"
LXFXXXXXX,"{""P47341"": 1}"
LXFXXLPLI,"{""P47341"": 3}"
LXFXFDLTN,"{""P47299"": 1}"
LXFESGVHR,"{""P47500"": 3}"
LXHNDGFAI,"{""Q49416"": 96}"
LXHPLSYYA,"{""P47277"": 6}"
LXHICSLVX,"{""P47264"": 10}"
LXHVYPYRY,"{""P20796"": 17}"
LXHVYPYRX,"{""P20796"": 3}"
LXHVYPYXY,"{""P20796"": 7}"
LXHVYPXXY,"{""P20796"": 1}"
LXHQFALSQ,"{""P47587"": 6}"
LXHXXXXXX,"{""P47545"": 2}"
LXHXXDVNY,"{""P47545"": 2}"
LXHAVRNNP,"{""P47491"": 1}"
LXKELESAQ,"{""P47597"": 19}"
LXKEIEEFQ,"{""P47597"": 3}"
LXKEAFSVF,"{""P47493"": 4}"
LXKENLLRI,"{""P47651"": 8}"
LXKENLLXI,"{""P47651"": 1}"
LXKQCSYLD,"{""P47532"": 1}"
LXKQLDALX,"{""P47597"": 4}"
LXKQIYKHV,"{""P47429"": 1}"
LXKQIYXHV,"{""P47429"": 10}"
LXKQIYXXX,"{""P47429"": 3}"
LXKQNXGXQ,"{""P47587"": 6}"
LXKQNXGXX,"{""P47587"": 1}"
LXKQNXXXX,"{""P47587"": 1}"
LXKHYFXTX,"{""P47433"": 15}"
LXKHYFXTK,"{""P47433"": 3}"
LXKHYFXXX,"{""P47433"": 1}"
LXKHYFKTX,"{""P47433"": 1}"
LXKHQWXYY,"{""P47325"": 1}"
LXKHQWXXX,"{""P47325"": 4}"
LXKDRELIY,"{""Q9ZB80"": 7}"
LXKDHRSLG,"{""P47615"": 3}"
LXKLVAVAS,"{""P47277"": 7}"
LXKPFXLTX,"{""P47490"": 3}"
LXKPFKLTX,"{""P47490"": 1}"
LXKISNVVF,"{""P47348"": 10}"
LXKNXLNDA,"{""Q49419"": 4}"
LXKNXXXXX,"{""Q49419"": 1}"
LXKNYENLD,"{""P35888"": 3}"
LXKTNXXXX,"{""P47661"": 5}"
LXKTNXXIX,"{""P47661"": 14}"
LXKTISIVF,"{""P47426"": 1}"
LXKTQYQXS,"{""P47429"": 2}"
LXKTQXQXS,"{""P47429"": 1}"
LXKTQXQXX,"{""P47429"": 1}"
LXKXNDEDE,"{""P47353"": 1}"
LXKXXXXXX,"{""P47606"": 4, ""P47285"": 2, ""Q49435"": 1}"
LXKXXVYFD,"{""P47606"": 2}"
LXKXVLXTL,"{""Q49435"": 1}"
LXKXANXXQ,"{""P47705"": 4}"
LXKXANXKQ,"{""P47705"": 1}"
LXKXANKXQ,"{""P47705"": 1}"
LXKFVFDTI,"{""P47546"": 5}"
LXKFXGSNL,"{""P47587"": 4}"
LXKFXXXXX,"{""P47587"": 1}"
LXKKANXXQ,"{""P47705"": 1}"
LXKRNDEDE,"{""P47353"": 3}"
LXKADSLXN,"{""P47645"": 3}"
LXKVLNSXT,"{""P47480"": 1}"
LXKCXQXYX,"{""P47661"": 4}"
LXKSSIXXX,"{""P47450"": 5}"
LXKSSIXQF,"{""P47450"": 1}"
LXWFTXXXX,"{""P47257"": 72}"
LXWFTXXXI,"{""P47257"": 3}"
LXWFTXRXI,"{""P47257"": 12}"
LXWFTXRXX,"{""P47257"": 1}"
LXWFTKRXI,"{""P47257"": 1}"
LXWFIXXGM,"{""P47548"": 22}"
LXWFIXXXX,"{""P47548"": 8}"
LXWFIKXGM,"{""P47548"": 1}"
LWXEAIEEG,"{""P47658"": 479}"
LWXEYNQVT,"{""P47281"": 7}"
LWXXXXXXX,"{""P47658"": 100, ""P47651"": 128, ""P47425"": 129, ""Q49404"": 27}"
LWXSXLLIT,"{""Q49404"": 83}"
LWXSXXXXX,"{""Q49404"": 16}"
LWXSKLLIT,"{""Q49404"": 3}"
LWVANTDWQ,"{""P47587"": 618}"
LWDPIADXV,"{""P47360"": 13}"
LWDPIADXX,"{""P47360"": 112}"
LWQNIQTTA,"{""P47502"": 104}"
LWGNILAGT,"{""P47645"": 583}"
LWNNVXEXX,"{""P47582"": 23}"
LWNNVXEXV,"{""P47582"": 82}"
LWNNVXEKV,"{""P47582"": 6}"
LWNNVXXXX,"{""P47582"": 23}"
LWNNVKEXV,"{""P47582"": 4}"
LWNVTXFVI,"{""P47576"": 113}"
LWNVTXXXX,"{""P47576"": 23}"
LWNVTKFVI,"{""P47576"": 5}"
LWFWLISLV,"{""P47544"": 123}"
LWFGYTVNX,"{""Q49400"": 143}"
LWFGYTVNK,"{""Q49400"": 6}"
LWFGXTVNX,"{""Q49400"": 4}"
LWFLVPNDX,"{""P47248"": 120}"
LWFLVPNDK,"{""P47248"": 2}"
LWPLPITEI,"{""Q49426"": 133}"
LWPFQNIIG,"{""P52271"": 97}"
LWENAQNXX,"{""P47500"": 92}"
LWENAQNXQ,"{""P47500"": 20}"
LWENAQNKQ,"{""P47500"": 2}"
LWTGYAATV,"{""Q49430"": 125}"
LWTGXAATV,"{""Q49430"": 4}"
LWSFVIGDS,"{""P47332"": 146}"
LWISQLEFD,"{""P47653"": 118}"
LWKEAIEEG,"{""P47658"": 31}"
LWKXXXXXX,"{""P47425"": 6}"
LWKSXXXXX,"{""Q49404"": 1}"
LWKSXLLIT,"{""Q49404"": 2}"
LWLFFLYSL,"{""P47533"": 32}"
LWLFFLXSL,"{""P47533"": 2}"
LWLXNDNVQ,"{""P47619"": 4}"
LWLRNDNVQ,"{""P47619"": 26}"
LWREYNQVT,"{""P47281"": 18}"
LWREXNQVT,"{""P47281"": 1}"
LLNSYLQAX,"{""P47368"": 526}"
LLNSSXXXX,"{""P47619"": 110}"
LLNSSXGPA,"{""P47619"": 20}"
LLNSSKGPA,"{""P47619"": 2}"
LLNSXLQAX,"{""P47368"": 32}"
LLNSAISNA,"{""P47402"": 125}"
LLNHFDCDI,"{""P47627"": 140}"
LLNHFDXDI,"{""P47627"": 8}"
LLNYYFXTV,"{""P47606"": 6}"
LLNYYFCTV,"{""P47606"": 129}"
LLNYXFCTV,"{""P47606"": 6}"
LLNXXXXXX,"{""P47637"": 14}"
LLNXXFCTV,"{""P47606"": 1}"
LLNXNLQHL,"{""P47637"": 92}"
LLNXYFCTV,"{""P47606"": 10}"
LLNXYFXTV,"{""P47606"": 2}"
LLNXDIVLP,"{""P47539"": 4}"
LLNXGGMDS,"{""P47355"": 12}"
LLNVSVNYF,"{""P47615"": 21}"
LLNVSVNXF,"{""P47615"": 2}"
LLNVLSEXP,"{""P47581"": 102}"
LLNVLSEXX,"{""P47581"": 25}"
LLNVLSEKP,"{""P47581"": 2}"
LLNCDIVLP,"{""P47539"": 122}"
LLNLFSIFX,"{""Q49404"": 590}"
LLNLFSIFK,"{""Q49404"": 8}"
LLNDVEQAF,"{""P47418"": 138}"
LLNDSXLGA,"{""Q49409"": 4}"
LLNDSRLGA,"{""Q49409"": 26}"
LLNIEQDPL,"{""P47545"": 129}"
LLNRGGMDS,"{""P47355"": 24}"
LLNNQXXXX,"{""Q49406"": 24}"
LLNNQXEIA,"{""Q49406"": 90}"
LLNNQKEIA,"{""Q49406"": 5}"
LLNQPXXXL,"{""P47482"": 4}"
LLNQPXXXX,"{""P47482"": 1}"
LLNQPXKXL,"{""P47482"": 2}"
LLNQPRXXL,"{""P47482"": 14}"
LLNQPRXXX,"{""P47482"": 10}"
LLNQPRKXL,"{""P47482"": 1}"
LLNKNLQHL,"{""P47637"": 5}"
LLNAXXIXE,"{""P47445"": 5}"
LLNAXXIXX,"{""P47445"": 1}"
LLNAXXXXX,"{""P47445"": 1}"
LLNARXXXX,"{""P47445"": 1}"
LLNARXIXE,"{""P47445"": 10}"
LLNARXIXX,"{""P47445"": 6}"
LLNARXIKE,"{""P47445"": 1}"
LLDFGIAST,"{""P47355"": 119}"
LLDFGRYTX,"{""P47438"": 4}"
LLDFGRYTY,"{""P47438"": 12}"
LLDFGRXTY,"{""P47438"": 2}"
LLDFGXYTY,"{""P47438"": 7}"
LLDFGXYTX,"{""P47438"": 1}"
LLDFGXXTY,"{""P47438"": 1}"
LLDFVXXXX,"{""P47293"": 18}"
LLDFVXXSD,"{""P47293"": 7}"
LLDFVXYSD,"{""P47293"": 86}"
LLDFVKXSD,"{""P47293"": 1}"
LLDFVKYSD,"{""P47293"": 4}"
LLDLWSCFD,"{""P47264"": 573}"
LLDLWSXFD,"{""P47264"": 39}"
LLDLNELVP,"{""P47277"": 114}"
LLDLLFNLF,"{""P47612"": 109}"
LLDPSVVGI,"{""P47639"": 594}"
LLDPLFLEA,"{""P47533"": 639}"
LLDIAFENY,"{""P47520"": 118}"
LLDIAFENX,"{""P47520"": 10}"
LLDQIXXXX,"{""P47621"": 16}"
LLDQIXIXA,"{""P47621"": 75}"
LLDQIXIXX,"{""P47621"": 12}"
LLDQIXIKA,"{""P47621"": 3}"
LLDQIKIXA,"{""P47621"": 5}"
LLDQIKIXX,"{""P47621"": 2}"
LLDQAIXXX,"{""P47518"": 106}"
LLDQAIXXF,"{""P47518"": 6}"
LLDQAIXRF,"{""P47518"": 16}"
LLDQAIKRF,"{""P47518"": 1}"
LLDQFVTNE,"{""P47551"": 32}"
LLDELXXXX,"{""P47466"": 24}"
LLDELXELG,"{""P47466"": 112}"
LLDELKELG,"{""P47466"": 9}"
LLDXFQLAL,"{""P47576"": 99}"
LLDXXXXXX,"{""P47576"": 16}"
LLDKFQLAL,"{""P47576"": 6}"
LLTGLGIXH,"{""P47496"": 516}"
LLTGLGIXX,"{""P47496"": 97}"
LLTGLGIKH,"{""P47496"": 26}"
LLTGLLXPQ,"{""P47425"": 89}"
LLTGLLXXX,"{""P47425"": 19}"
LLTGLLKPQ,"{""P47425"": 1}"
LLTSNELNS,"{""Q9ZB79"": 599}"
LLTSRAEYR,"{""P47619"": 1}"
LLTAELQNT,"{""P47321"": 650}"
LLTNSXPEX,"{""P47400"": 104}"
LLTNSXPEK,"{""P47400"": 3}"
LLTNSXXXX,"{""P47400"": 21}"
LLTNSKPEX,"{""P47400"": 1}"
LLTVTTIAS,"{""P47411"": 117}"
LLTXXXXXX,"{""P47583"": 140, ""P47286"": 96, ""P47447"": 43}"
LLTXXXFXX,"{""P47447"": 1}"
LLTXXYFXX,"{""P47447"": 54}"
LLTXXYFXN,"{""P47447"": 18}"
LLTXSSSST,"{""P47286"": 29}"
LLTXKYFXX,"{""P47447"": 1}"
LLTXKYFXN,"{""P47447"": 1}"
LLTTXNIXX,"{""P20796"": 13}"
LLTTXNIXA,"{""P20796"": 84}"
LLTTXNIKA,"{""P20796"": 5}"
LLTTXXXXX,"{""P20796"": 23}"
LLTTKNIXX,"{""P20796"": 2}"
LLTTKNIXA,"{""P20796"": 3}"
LLTIIQRII,"{""P47660"": 29}"
LLTIIQXII,"{""P47660"": 4}"
LLTIDLSHV,"{""P47357"": 118}"
LLTKXXXXX,"{""P47447"": 2}"
LLTKXYFXX,"{""P47447"": 2}"
LLTKXYFXN,"{""P47447"": 1}"
LLTKSSSST,"{""P47286"": 1}"
LLTLLQNXD,"{""P47416"": 2}"
LLTLLQNRD,"{""P47416"": 1}"
LLVHGTLLF,"{""P47512"": 656}"
LLVISXQAN,"{""P47631"": 27}"
LLVISYQAN,"{""P47631"": 586}"
LLVITATSN,"{""Q49420"": 155}"
LLVVTEAVX,"{""P47515"": 589}"
LLVVTEAVK,"{""P47515"": 18}"
LLVVSDLFS,"{""P52271"": 30}"
LLVEYLLYC,"{""P47386"": 109}"
LLVEYLLYX,"{""P47386"": 4}"
LLVEYLLXC,"{""P47386"": 3}"
LLVEXXXXX,"{""P47376"": 82}"
LLVEXLRIE,"{""P47376"": 20}"
LLVEXLLYC,"{""P47386"": 6}"
LLVEXLLYX,"{""P47386"": 1}"
LLVEXLXIE,"{""P47376"": 5}"
LLVETIDES,"{""P47661"": 110}"
LLVELETRX,"{""P47460"": 25}"
LLVELETXX,"{""P47460"": 5}"
LLVXXXXXX,"{""P47576"": 97}"
LLVXSIPLT,"{""P47576"": 20}"
LLVXFNAXL,"{""P47356"": 6}"
LLVXRTFNQ,"{""P47483"": 1}"
LLVFDFTAI,"{""P47612"": 120}"
LLVYFNAXL,"{""P47356"": 125}"
LLVYFNAXX,"{""P47356"": 22}"
LLVYFNAKL,"{""P47356"": 5}"
LLVQIXPXX,"{""Q49405"": 97}"
LLVQIXPXT,"{""Q49405"": 2}"
LLVQIXXXX,"{""Q49405"": 27}"
LLVQIKPXX,"{""Q49405"": 5}"
LLVGFRYEQ,"{""P47433"": 27}"
LLVGFRXEQ,"{""P47433"": 2}"
LLVGFXYEQ,"{""P47433"": 4}"
LLVRRTFNQ,"{""P47483"": 7}"
LLVRXTFNQ,"{""P47483"": 1}"
LLVKSIPLT,"{""P47576"": 2}"
LLLQTLHDV,"{""P47534"": 138}"
LLLCTGDMG,"{""P47251"": 528}"
LLLCNNLNL,"{""P47303"": 589}"
LLLCDEPTG,"{""P47705"": 111}"
LLLTKDNIN,"{""P47652"": 4}"
LLLTQQXEL,"{""P47402"": 84}"
LLLTQQXXX,"{""P47402"": 26}"
LLLTQQKEL,"{""P47402"": 4}"
LLLTXDNIN,"{""P47652"": 91}"
LLLTXXXXX,"{""P47652"": 18}"
LLLNXXXXX,"{""P47634"": 546, ""P47305"": 25}"
LLLNXHEIX,"{""P47305"": 104}"
LLLNXHEIK,"{""P47305"": 6}"
LLLNXELQX,"{""P47634"": 8}"
LLLNXELQR,"{""P47634"": 18}"
LLLNPXLLM,"{""P47661"": 34}"
LLLNPXXXX,"{""P47661"": 94}"
LLLNPKLLM,"{""P47661"": 2}"
LLLNKHEIX,"{""P47305"": 4}"
LLLNKELQR,"{""P47634"": 2}"
LLLNKELQX,"{""P47634"": 1}"
LLLSYSNQL,"{""P47354"": 123}"
LLLSXSNQL,"{""P47354"": 11}"
LLLSNIDHF,"{""P47450"": 26}"
LLLKASDMF,"{""P47551"": 6}"
LLLKDINLV,"{""P47661"": 7}"
LLLKKGTLL,"{""P47583"": 1}"
LLLKXGTLL,"{""P47583"": 5}"
LLLXDINLV,"{""P47661"": 78}"
LLLXDEPTG,"{""P47705"": 8}"
LLLXKGTLL,"{""P47583"": 8}"
LLLXASDMF,"{""P47551"": 93}"
LLLXXXXXX,"{""P47583"": 45, ""P47661"": 33, ""P47551"": 13}"
LLLXXGTLL,"{""P47583"": 88}"
LLLXTGDMG,"{""P47251"": 28}"
LLLXNNLNL,"{""P47303"": 24}"
LLLXHQFIL,"{""P47282"": 6}"
LLLDAVVDF,"{""P47335"": 135}"
LLLVDEPTT,"{""P47532"": 130}"
LLLIAXSNX,"{""Q49405"": 82}"
LLLIAXSNK,"{""Q49405"": 2}"
LLLIAXXXX,"{""Q49405"": 20}"
LLLIAKSNX,"{""Q49405"": 8}"
LLLMDEPLS,"{""P47433"": 110}"
LLLAHHXDD,"{""P47330"": 5}"
LLLAHHRDD,"{""P47330"": 15}"
LLLLSDGDX,"{""Q49396"": 107}"
LLLLSDGDK,"{""Q49396"": 4}"
LLLRHQFIL,"{""P47282"": 25}"
LLSXLTGVX,"{""P47668"": 24}"
LLSXTTXLV,"{""P47417"": 21}"
LLSXTTXXX,"{""P47417"": 71}"
LLSXTTKLV,"{""P47417"": 3}"
LLSXXXXXX,"{""P47417"": 22}"
LLSXXTNEL,"{""P47405"": 4}"
LLSITXXXX,"{""Q49426"": 111}"
LLSITXRLF,"{""Q49426"": 6}"
LLSIEYENT,"{""P47460"": 114}"
LLSIEXENT,"{""P47460"": 6}"
LLSRXTNEL,"{""P47405"": 20}"
LLSRXXXXX,"{""P47405"": 2}"
LLSVYLPAI,"{""P47548"": 618}"
LLSVXLPAI,"{""P47548"": 25}"
LLSSAFQXA,"{""P47668"": 104}"
LLSSAFQXX,"{""P47668"": 17}"
LLSSAFQKA,"{""P47668"": 5}"
LLSSLNGYL,"{""P47574"": 609}"
LLSSLNGXL,"{""P47574"": 25}"
LLSQDDASV,"{""P47347"": 137}"
LLSYLTGVX,"{""P47668"": 560}"
LLSYLTGVK,"{""P47668"": 6}"
LLSAYXXXX,"{""P47566"": 37}"
LLSAYXXVE,"{""P47566"": 69}"
LLSAYXKVE,"{""P47566"": 4}"
LLSAYKXXX,"{""P47566"": 3}"
LLSAYKXVE,"{""P47566"": 1}"
LLSAXXXXX,"{""P47566"": 5}"
LLSAXXXVE,"{""P47566"": 7}"
LLSASNITL,"{""P47480"": 34}"
LLSDNXLEI,"{""P47537"": 104}"
LLSDNXXXX,"{""P47537"": 35}"
LLSDNKLEI,"{""P47537"": 3}"
LLSDPDPIQ,"{""Q9ZB78"": 1}"
LLSLXDLNI,"{""P47255"": 115}"
LLSLXXXXX,"{""P47255"": 23}"
LLSLKDLNI,"{""P47255"": 5}"
LLSKTTXXX,"{""P47417"": 2}"
LLAGFEDPT,"{""P47288"": 639}"
LLAXXXXXX,"{""P47701"": 150, ""P47441"": 20, ""P47431"": 18}"
LLAXVNSSD,"{""P47701"": 479}"
LLAXDXXXX,"{""P47431"": 104}"
LLAXDXNNF,"{""P47431"": 20}"
LLAXDFFQN,"{""P47585"": 38}"
LLAXSIQTT,"{""P47441"": 99}"
LLAYDFFQN,"{""P47585"": 578}"
LLAESKELX,"{""P47251"": 7}"
LLAESKELK,"{""P47251"": 1}"
LLAESXXXX,"{""P47251"": 26}"
LLAESXELX,"{""P47251"": 88}"
LLAESXELK,"{""P47251"": 2}"
LLANEFXEL,"{""P47312"": 109}"
LLANEFXXX,"{""P47312"": 18}"
LLANEFKEL,"{""P47312"": 2}"
LLANMVVAI,"{""P47548"": 113}"
LLAAALTDX,"{""P47283"": 115}"
LLAAALTDK,"{""P47283"": 2}"
LLAVLFGSL,"{""P47497"": 130}"
LLAVVLTIL,"{""P47405"": 41}"
LLAKVNSSD,"{""P47701"": 20}"
LLAKDXXXX,"{""P47431"": 3}"
LLAKDXNNF,"{""P47431"": 1}"
LLAKSIQTT,"{""P47441"": 4}"
LLEINXQXV,"{""P47288"": 72}"
LLEINXQXX,"{""P47288"": 8}"
LLEINXQKV,"{""P47288"": 2}"
LLEINXXXX,"{""P47288"": 20}"
LLEINKQXV,"{""P47288"": 5}"
LLEIXDIFL,"{""P47492"": 496}"
LLEIXXXXX,"{""P47492"": 90}"
LLEIKDIFL,"{""P47492"": 23}"
LLEHSLGFE,"{""P47384"": 558}"
LLEXXXXXX,"{""P47441"": 85, ""P47460"": 114, ""P47283"": 100, ""P47384"": 16, ""P47336"": 19}"
LLEXFXDXX,"{""P47283"": 395}"
LLEXFXDXK,"{""P47283"": 2}"
LLEXFXDKX,"{""P47283"": 19}"
LLEXFXDKK,"{""P47283"": 2}"
LLEXFXXXX,"{""P47283"": 84}"
LLEXFKDXX,"{""P47283"": 20}"
LLEXFKDKX,"{""P47283"": 1}"
LLEXQXEGX,"{""P47384"": 74}"
LLEXQXEGK,"{""P47384"": 4}"
LLEXQXXXX,"{""P47384"": 8}"
LLEXQKEGX,"{""P47384"": 4}"
LLEXNQLLR,"{""P47441"": 22}"
LLEXNQLLX,"{""P47441"": 5}"
LLEXNVNEQ,"{""P47251"": 9}"
LLEXATEFX,"{""P47336"": 101}"
LLEXATEFK,"{""P47336"": 3}"
LLEXACXXX,"{""P47641"": 29}"
LLEXACXLN,"{""P47641"": 2}"
LLEXSDEXT,"{""P47492"": 11}"
LLEXSDEXX,"{""P47492"": 2}"
LLEXTESRL,"{""P47460"": 24}"
LLEXTESXL,"{""P47460"": 6}"
LLEQXXXXX,"{""P47635"": 472}"
LLEQXEEFA,"{""P47635"": 111}"
LLEQKEEFA,"{""P47635"": 7}"
LLEMATLIN,"{""P47606"": 617}"
LLEMRLSSL,"{""P47455"": 35}"
LLEMXLSSL,"{""P47455"": 9}"
LLEDSFSYS,"{""P47473"": 31}"
LLEDVRXFD,"{""Q49432"": 4}"
LLEDVRXXX,"{""Q49432"": 13}"
LLEDVXKFD,"{""Q49432"": 1}"
LLEDVXXXX,"{""Q49432"": 4}"
LLEEXXXXX,"{""Q49417"": 575, ""P47573"": 96}"
LLEEXVDRM,"{""P47573"": 18}"
LLEEXVDXM,"{""P47573"": 6}"
LLEEKVDRM,"{""P47573"": 2}"
LLEYSDEXT,"{""P47492"": 83}"
LLEYSDEXX,"{""P47492"": 26}"
LLEYSDEKT,"{""P47492"": 6}"
LLERNVNEQ,"{""P47251"": 23}"
LLERACXXX,"{""P47641"": 101}"
LLERACXLN,"{""P47641"": 3}"
LLERAXXXX,"{""P47641"": 3}"
LLESEXDXL,"{""P47597"": 77}"
LLESEXDXX,"{""P47597"": 13}"
LLESEXDKL,"{""P47597"": 4}"
LLESEXXXX,"{""P47597"": 23}"
LLESEKDXL,"{""P47597"": 6}"
LLELQXTLQ,"{""P47460"": 102}"
LLELQXXXX,"{""P47460"": 11}"
LLELQKTLQ,"{""P47460"": 3}"
LLEKATEFX,"{""P47336"": 5}"
LLEKATEFK,"{""P47336"": 1}"
LLEKQXEGX,"{""P47384"": 8}"
LLEKQXXXX,"{""P47384"": 1}"
LLEKQKEGX,"{""P47384"": 1}"
LLEKFXDXX,"{""P47283"": 10}"
LLEKFXXXX,"{""P47283"": 4}"
LLEKTESRL,"{""P47460"": 1}"
LLETFLERN,"{""P47506"": 19}"
LLETFLEXN,"{""P47506"": 3}"
LLGSFISFX,"{""P47477"": 107}"
LLGFPTANI,"{""P47391"": 548}"
LLGXXXXXX,"{""P47418"": 92, ""P47254"": 115}"
LLGXXLVTI,"{""P47418"": 24}"
LLGXTTVCE,"{""P47618"": 1}"
LLGWFTXXX,"{""P47371"": 84}"
LLGWFTXXF,"{""P47371"": 1}"
LLGWFTXYF,"{""P47371"": 26}"
LLGLYXXXX,"{""Q49409"": 118}"
LLGLYXALA,"{""Q49409"": 3}"
LLGLXXXXX,"{""Q49409"": 1}"
LLGIDLTSP,"{""P47429"": 111}"
LLGGFLXAX,"{""P47546"": 85}"
LLGGFLXAK,"{""P47546"": 3}"
LLGGFLXXX,"{""P47546"": 27}"
LLGGFLKAX,"{""P47546"": 3}"
LLGVIDCDP,"{""P47593"": 26}"
LLGVIDXDP,"{""P47593"": 1}"
LLGYTTVCE,"{""P47618"": 27}"
LLGTRGLMP,"{""P47328"": 25}"
LLGTXGLMP,"{""P47328"": 4}"
LLGKXXXXX,"{""P47418"": 2}"
LLGKXLVTI,"{""P47418"": 2}"
LLXXXXXXX,"{""P47480"": 86, ""P47460"": 578, ""P47521"": 1091, ""Q49414"": 464, ""P47664"": 19, ""P47619"": 96, ""Q57081"": 35, ""P47446"": 22, ""Q49427"": 28, ""P47688"": 123, ""P47649"": 15, ""P47275"": 20, ""P47615"": 111, ""P47663"": 147, ""P47278"": 104, ""P47484"": 17, ""P47364"": 94, ""P47473"": 105, ""P56723"": 100, ""P47453"": 42, ""P47549"": 35, ""P47294"": 121, ""P47269"": 27, ""P47580"": 23, ""P47568"": 83, ""P47694"": 39, ""P47656"": 21, ""P47693"": 113, ""P47390"": 80, ""P47558"": 19, ""P47386"": 23, ""P47376"": 27, ""Q49396"": 14, ""P47640"": 24, ""Q49420"": 19}"
LLXXVIXXX,"{""P47453"": 79}"
LLXXVNXXX,"{""P47694"": 80}"
LLXXVNXEN,"{""P47694"": 17}"
LLXXVNKEN,"{""P47694"": 1}"
LLXXLAVFL,"{""P47521"": 98}"
LLXXLXXXX,"{""P47663"": 25}"
LLXXLXERN,"{""P47663"": 3}"
LLXXINXXX,"{""Q57081"": 75}"
LLXXINXRY,"{""Q57081"": 5}"
LLXXIGIEF,"{""P47364"": 22}"
LLXXSXFWW,"{""P47549"": 77}"
LLXXSXXXX,"{""P47549"": 16}"
LLXXSWXXX,"{""P56723"": 1}"
LLXXSWXNA,"{""P56723"": 5}"
LLXXSWKNA,"{""P56723"": 2}"
LLXXSKFWW,"{""P47549"": 2}"
LLXXPIWNA,"{""P47278"": 22}"
LLXXPPFIL,"{""P47619"": 12}"
LLXXQFEGX,"{""P47446"": 5}"
LLXXQFEGY,"{""P47446"": 70}"
LLXXEVNFR,"{""P47688"": 4}"
LLXXEVNFX,"{""P47688"": 3}"
LLXXAQXXA,"{""P47390"": 4}"
LLXXAQRXA,"{""P47390"": 16}"
LLXXAQRXX,"{""P47390"": 2}"
LLXXALIAC,"{""P47534"": 3}"
LLXANFXXX,"{""P47640"": 31}"
LLXANFXAD,"{""P47640"": 69}"
LLXANFKAD,"{""P47640"": 2}"
LLXALXXXX,"{""P47558"": 66}"
LLXALXPLV,"{""P47558"": 22}"
LLXALKPLV,"{""P47558"": 2}"
LLXADXNLN,"{""Q49427"": 16}"
LLXADXXXX,"{""Q49427"": 77}"
LLXADKNLN,"{""Q49427"": 1}"
LLXAITNLM,"{""P47251"": 6}"
LLXYLXXXX,"{""P47663"": 408}"
LLXYLXEXN,"{""P47663"": 8}"
LLXYLXERN,"{""P47663"": 11}"
LLXYLKEXN,"{""P47663"": 2}"
LLXYLKERN,"{""P47663"": 1}"
LLXTNWNSL,"{""P47484"": 107}"
LLXTINYFX,"{""P47275"": 104}"
LLXTINYFK,"{""P47275"": 6}"
LLXTINXFX,"{""P47275"": 5}"
LLXTXXXXX,"{""P47656"": 82}"
LLXTXXLTT,"{""P47656"": 13}"
LLXTTILNN,"{""P47386"": 94}"
LLXTSXXXX,"{""Q49420"": 92}"
LLXTKXXXX,"{""P47656"": 2}"
LLXLQQSQA,"{""P47480"": 519}"
LLXLFFEYF,"{""P47649"": 100}"
LLXLFFEXF,"{""P47649"": 7}"
LLXLXQTNN,"{""P47382"": 4}"
LLXLXXXXX,"{""P47382"": 1}"
LLXNQNFTE,"{""P47376"": 80}"
LLXNNTNLS,"{""P47580"": 98}"
LLXNRNWSF,"{""P47349"": 2}"
LLXSLQLLV,"{""Q49414"": 117}"
LLXSHIEDL,"{""P47622"": 1}"
LLXIEIELG,"{""P47647"": 27}"
LLXENERNL,"{""P47460"": 20}"
LLXENEXNL,"{""P47460"": 2}"
LLXENIRVN,"{""P47615"": 7}"
LLXENIXVN,"{""P47615"": 4}"
LLXENPHGL,"{""P47568"": 23}"
LLXENGVVT,"{""P47566"": 2}"
LLXEDQTAX,"{""P47664"": 90}"
LLXEDQTAK,"{""P47664"": 2}"
LLXEPTQAI,"{""P47269"": 89}"
LLXDEXTTE,"{""Q49396"": 96}"
LLXDEXXXX,"{""Q49396"": 11}"
LLXDEKTTE,"{""Q49396"": 5}"
LLXDVGLEY,"{""P47660"": 10}"
LLXDMGHTP,"{""P47693"": 5}"
LLXRSWXNA,"{""P56723"": 23}"
LLXRSWXXX,"{""P56723"": 3}"
LLXRALIAC,"{""P47534"": 4}"
LLXRALIAX,"{""P47534"": 1}"
LLXFLEEXQ,"{""Q49415"": 4}"
LLXFLVLSP,"{""P47638"": 6}"
LLXFYTRSX,"{""P47465"": 1}"
LLXKSXFWW,"{""P47549"": 2}"
LLXKSKFWW,"{""P47549"": 1}"
LLXKLAVFL,"{""P47521"": 5}"
LLXKVNXXX,"{""P47694"": 4}"
LLXKVNXEN,"{""P47694"": 1}"
LLXKVIXXX,"{""P47453"": 4}"
LLXKPPFIL,"{""P47619"": 1}"
LLXKPIWNA,"{""P47278"": 1}"
LLXKQFEGY,"{""P47446"": 2}"
LLXKINXXX,"{""Q57081"": 4}"
LLXKAQRXA,"{""P47390"": 1}"
LLXGFWQTV,"{""P47434"": 7}"
LLXQIILNR,"{""P47473"": 2}"
LLXQIILNX,"{""P47473"": 1}"
LLWARIGTP,"{""P47660"": 125}"
LLWAXIGTP,"{""P47660"": 39}"
LLWMHLFTP,"{""P47350"": 152}"
LLWPLXLIX,"{""P47427"": 467}"
LLWPLXXXX,"{""P47427"": 128}"
LLWPLKLIX,"{""P47427"": 25}"
LLFVSSITP,"{""Q49396"": 142}"
LLFVIDTIS,"{""P47398"": 118}"
LLFVPHSIQ,"{""P47278"": 2}"
LLFAPLIFL,"{""P47344"": 630}"
LLFEXSNDQ,"{""P47483"": 100}"
LLFEXXXXX,"{""P47483"": 18}"
LLFEKSNDQ,"{""P47483"": 8}"
LLFGTIDSW,"{""P47284"": 133}"
LLFGXLVFX,"{""P47286"": 95}"
LLFGXLVFK,"{""P47286"": 6}"
LLFGXXXXX,"{""P47286"": 15}"
LLFGKLVFX,"{""P47286"": 6}"
LLFFTLFIP,"{""P47498"": 155}"
LLFFAXTSX,"{""P35888"": 85}"
LLFFAXTSK,"{""P35888"": 1}"
LLFFAXXXX,"{""P35888"": 13}"
LLFFAKTSX,"{""P35888"": 4}"
LLFQXIXXL,"{""P47620"": 54}"
LLFQXIXXX,"{""P47620"": 29}"
LLFQXIXKL,"{""P47620"": 3}"
LLFQXIKXL,"{""P47620"": 4}"
LLFQXXXXX,"{""P47620"": 19}"
LLFQKIXXL,"{""P47620"": 5}"
LLFLSAITT,"{""Q49411"": 123}"
LLFYEQALQ,"{""P47264"": 8}"
LLQGINXIA,"{""P47632"": 510}"
LLQGINXXX,"{""P47632"": 88}"
LLQGINKIA,"{""P47632"": 19}"
LLQESVDAL,"{""P47582"": 139}"
LLQEARDQG,"{""P47524"": 109}"
LLQEAXDQG,"{""P47524"": 23}"
LLQFLLTSN,"{""P47387"": 644}"
LLQXXXXXX,"{""P47304"": 17, ""P47593"": 44}"
LLQXXTVII,"{""P47593"": 94}"
LLQXEQAXX,"{""P47304"": 104}"
LLQXEQAXK,"{""P47304"": 1}"
LLQXEQAKX,"{""P47304"": 5}"
LLQXKTVII,"{""P47593"": 5}"
LLQAQMLDT,"{""P47384"": 43}"
LLQLIELIX,"{""P47363"": 135}"
LLQLIELIK,"{""P47363"": 6}"
LLQVNNLRC,"{""P47317"": 16}"
LLQVNNLRX,"{""P47317"": 1}"
LLQVNNLXC,"{""P47317"": 6}"
LLQVNNLXX,"{""P47317"": 1}"
LLQKXTVII,"{""P47593"": 6}"
LLQKEQAXX,"{""P47304"": 4}"
LLQQSLIER,"{""P47460"": 7}"
LLQQSLIEX,"{""P47460"": 1}"
LLYIEIELG,"{""P47647"": 596}"
LLYNRNWSF,"{""P47349"": 26}"
LLYNXNWSF,"{""P47349"": 6}"
LLYFLEEXQ,"{""Q49415"": 92}"
LLYFLEEXX,"{""Q49415"": 26}"
LLYFLEEKQ,"{""Q49415"": 2}"
LLYFYTRSX,"{""P47465"": 15}"
LLYFYTRSK,"{""P47465"": 3}"
LLYFYTXSX,"{""P47465"": 6}"
LLYFXTRSX,"{""P47465"": 2}"
LLYVFLCIV,"{""P47261"": 4}"
LLPATXAIP,"{""P47691"": 510}"
LLPATXXXX,"{""P47691"": 90}"
LLPATKAIP,"{""P47691"": 31}"
LLPTVXSEI,"{""P47544"": 21}"
LLPTVXXXX,"{""P47544"": 83}"
LLPTVKSEI,"{""P47544"": 1}"
LLPNGGDSM,"{""P47459"": 112}"
LLPYFYDQS,"{""P47326"": 104}"
LLPYFXDQS,"{""P47326"": 9}"
LLPXFYDQS,"{""P47326"": 9}"
LLIIIAVLA,"{""P47533"": 34}"
LLINTEXXX,"{""Q49426"": 487}"
LLINTEXNV,"{""Q49426"": 133}"
LLINTEKNV,"{""Q49426"": 6}"
LLIFNILYW,"{""P47681"": 601}"
LLIFNILXW,"{""P47681"": 31}"
LLITSELTD,"{""Q49404"": 153}"
LLIDTCLIN,"{""P47246"": 121}"
LLIDTXLIN,"{""P47246"": 9}"
LLIQDHTNX,"{""P47466"": 131}"
LLIQDHTNK,"{""P47466"": 3}"
LLIEMNVTE,"{""P47579"": 126}"
LLIAHPRHG,"{""P47581"": 32}"
LLIAHPXHG,"{""P47581"": 5}"
LLISLDEXA,"{""P47591"": 111}"
LLISLDEXX,"{""P47591"": 18}"
LLISLDEKA,"{""P47591"": 2}"
LLHXIXXXX,"{""P47280"": 71}"
LLHXIXXWX,"{""P47280"": 6}"
LLHXIXRWX,"{""P47280"": 11}"
LLHXIKXWX,"{""P47280"": 1}"
LLHXXXXXX,"{""P47280"": 31}"
LLHDSXXXX,"{""P47540"": 26}"
LLHDSRXXX,"{""P47540"": 93}"
LLHDSRXEI,"{""P47540"": 1}"
LLHLGDEIX,"{""P47597"": 134}"
LLHLGDEIK,"{""P47597"": 5}"
LLHKIXXXX,"{""P47280"": 4}"
LLKALXPLV,"{""P47558"": 2}"
LLKALXXXX,"{""P47558"": 3}"
LLKANFXXX,"{""P47640"": 2}"
LLKANFXAD,"{""P47640"": 7}"
LLKADXXXX,"{""Q49427"": 4}"
LLKXXXXXX,"{""P47521"": 58, ""P47364"": 1, ""P47390"": 6, ""P47688"": 2, ""P47446"": 2, ""P47549"": 2, ""P47453"": 1, ""P47278"": 2, ""P47619"": 3}"
LLKXLAVFL,"{""P47521"": 7}"
LLKXINXXX,"{""Q57081"": 6}"
LLKXSXFWW,"{""P47549"": 5}"
LLKXSKFWW,"{""P47549"": 1}"
LLKXQFEGY,"{""P47446"": 3}"
LLKXAQRXA,"{""P47390"": 2}"
LLKXVIXXX,"{""P47453"": 5}"
LLKXVNXXX,"{""P47694"": 2}"
LLKXVNXEN,"{""P47694"": 1}"
LLKXPPFIL,"{""P47619"": 1}"
LLKXPIWNA,"{""P47278"": 1}"
LLKNNTNLS,"{""P47580"": 6}"
LLKNQNFTE,"{""P47376"": 5}"
LLKDEXTTE,"{""Q49396"": 7}"
LLKDEXXXX,"{""Q49396"": 1}"
LLKDEKTTE,"{""Q49396"": 1}"
LLKTSXXXX,"{""Q49420"": 4}"
LLKTINYFX,"{""P47275"": 5}"
LLKTTILNN,"{""P47386"": 6}"
LLKTXXLTT,"{""P47656"": 1}"
LLKTXXXXX,"{""P47656"": 2}"
LLKTNWNSL,"{""P47484"": 4}"
LLKTKXXXX,"{""P47656"": 1}"
LLKENERNL,"{""P47460"": 1}"
LLKEDQTAX,"{""P47664"": 4}"
LLKEPTQAI,"{""P47269"": 4}"
LLKSLQLLV,"{""Q49414"": 6}"
LLKKLAVFL,"{""P47521"": 1}"
LLKLQQSQA,"{""P47480"": 15}"
LLKLFFEYF,"{""P47649"": 5}"
LLKYLXXXX,"{""P47663"": 15}"
LLKYLXERN,"{""P47663"": 1}"
LLKQIILNR,"{""P47473"": 2}"
LLCENGVVT,"{""P47566"": 23}"
LLCDVGLEY,"{""P47660"": 142}"
LLCDVGLEX,"{""P47660"": 5}"
LLRRALIAC,"{""P47534"": 22}"
LLRRALIAX,"{""P47534"": 1}"
LLRFLVLSP,"{""P47638"": 22}"
LLRLXQTNN,"{""P47382"": 24}"
LLRLXXXXX,"{""P47382"": 2}"
LLRGFWQTV,"{""P47434"": 23}"
LLRSHIEDL,"{""P47622"": 7}"
LLRXALIAC,"{""P47534"": 5}"
LLRAITNLM,"{""P47251"": 23}"
LLMINCCND,"{""P47661"": 29}"
LLMINCXND,"{""P47661"": 2}"
LLMINXCND,"{""P47661"": 2}"
LYEGISVNG,"{""P47368"": 570}"
LYEEIXPNT,"{""P47368"": 475}"
LYEEIXXXX,"{""P47368"": 92}"
LYEEIKPNT,"{""P47368"": 23}"
LYEQQIXEY,"{""P47650"": 111}"
LYEQQIXEX,"{""P47650"": 5}"
LYEQQIXXX,"{""P47650"": 20}"
LYEQQIKEY,"{""P47650"": 3}"
LYEYFRXXX,"{""P47460"": 102}"
LYEYFRXMR,"{""P47460"": 4}"
LYEYFRXMX,"{""P47460"": 1}"
LYEYFRKMR,"{""P47460"": 2}"
LYEYFXXXX,"{""P47460"": 9}"
LYEHNLVRS,"{""P47496"": 20}"
LYEHNLVXS,"{""P47496"": 6}"
LYEXFRXXX,"{""P47460"": 9}"
LYQLTNTDI,"{""P47446"": 588}"
LYQXXXXXX,"{""P47330"": 121}"
LYQXXIACV,"{""P47330"": 4}"
LYQTNXXXX,"{""P47330"": 87}"
LYQTNXLLL,"{""P47330"": 25}"
LYQHALTLI,"{""Q49408"": 22}"
LYQIEANXX,"{""P47371"": 87}"
LYQIEANXP,"{""P47371"": 20}"
LYQFLISNV,"{""Q49398"": 119}"
LYQEEXXXX,"{""P47635"": 78}"
LYQEEXLEQ,"{""P47635"": 29}"
LYQSLDIQL,"{""P47436"": 112}"
LYQQTXATL,"{""P47261"": 3}"
LYQQTCATL,"{""P47261"": 28}"
LYQKXXXXX,"{""P47330"": 5}"
LYXNIXAIX,"{""P47582"": 72}"
LYXNIXAIK,"{""P47582"": 2}"
LYXNIXXXX,"{""P47582"": 13}"
LYXNIKAIX,"{""P47582"": 4}"
LYXNIKAIK,"{""P47582"": 1}"
LYXKXXXXX,"{""P47629"": 3}"
LYXKXISTS,"{""P47629"": 13}"
LYXXXXXXX,"{""P47543"": 86, ""P47629"": 225, ""P47480"": 19, ""P47582"": 15}"
LYXXXISTS,"{""P47629"": 316}"
LYXXKISTS,"{""P47629"": 16}"
LYXVYAWYD,"{""P47543"": 18}"
LYXVLNSXT,"{""P47480"": 83}"
LYXVLNSXX,"{""P47480"": 19}"
LYXVLNSKT,"{""P47480"": 6}"
LYXVXAWYD,"{""P47543"": 3}"
LYXQSXXXX,"{""P47498"": 16}"
LYXQSXLSV,"{""P47498"": 5}"
LYXSLXXXX,"{""P47395"": 4}"
LYXIXXIXX,"{""P47277"": 1}"
LYXIXXIXP,"{""P47277"": 5}"
LYXIVTLDG,"{""P47540"": 7}"
LYXEITGVG,"{""P36255"": 6}"
LYXAFXQEI,"{""P47515"": 1}"
LYXAFRQEI,"{""P47515"": 2}"
LYHPLSYYA,"{""P47277"": 111}"
LYHPLSYXA,"{""P47277"": 7}"
LYHPLSXYA,"{""P47277"": 7}"
LYDILGQTL,"{""P47580"": 549}"
LYDXXXXXX,"{""P47443"": 99, ""P47264"": 13}"
LYDXLITDF,"{""P47580"": 5}"
LYDXQXTDG,"{""P47264"": 70}"
LYDXQXXXX,"{""P47264"": 16}"
LYDXQKTDG,"{""P47264"": 4}"
LYDXVIRFA,"{""P47443"": 18}"
LYDXVIXFA,"{""P47443"": 5}"
LYDAVXXXX,"{""P47321"": 91}"
LYDRLITDF,"{""P47580"": 22}"
LYDQFGHEG,"{""P47265"": 25}"
LYDKVIXFA,"{""P47443"": 1}"
LYDKVIRFA,"{""P47443"": 1}"
LYDKQXTDG,"{""P47264"": 5}"
LYYQSXXXX,"{""P47498"": 418}"
LYYQSXLSV,"{""P47498"": 106}"
LYYQSKLSV,"{""P47498"": 3}"
LYLXTETNN,"{""P56723"": 99}"
LYLXXXXXX,"{""P56723"": 11}"
LYLNLTXXX,"{""Q49423"": 159}"
LYLNLTXXH,"{""Q49423"": 397}"
LYLNLTXKH,"{""Q49423"": 19}"
LYLNLTKXH,"{""Q49423"": 22}"
LYLNLTKXX,"{""Q49423"": 3}"
LYLNVLNSQ,"{""P47661"": 109}"
LYLFEINXX,"{""P47483"": 572}"
LYLFEINXK,"{""P47483"": 16}"
LYLFEINKX,"{""P47483"": 18}"
LYLFEINKK,"{""P47483"": 3}"
LYLFDXNNN,"{""P47525"": 110}"
LYLFDXXXX,"{""P47525"": 24}"
LYLFDKNNN,"{""P47525"": 5}"
LYLLFXLLL,"{""P47661"": 112}"
LYLLFXXXX,"{""P47661"": 20}"
LYLLFKLLL,"{""P47661"": 5}"
LYLQLVILT,"{""Q49432"": 25}"
LYLMFMGPI,"{""P47508"": 10}"
LYLKTETNN,"{""P56723"": 4}"
LYFCLFSXX,"{""Q9ZB72"": 512}"
LYFCLFSXR,"{""Q9ZB72"": 14}"
LYFCLFSKX,"{""Q9ZB72"": 1}"
LYFCLFSKR,"{""Q9ZB72"": 1}"
LYFTDCAFA,"{""P47541"": 557}"
LYFTDXAFA,"{""P47541"": 31}"
LYFXLFSXX,"{""Q9ZB72"": 34}"
LYFXLFSXR,"{""Q9ZB72"": 1}"
LYWFIXXGM,"{""P47548"": 388}"
LYWFIXXXX,"{""P47548"": 155}"
LYWFIXKGM,"{""P47548"": 14}"
LYWFIKXGM,"{""P47548"": 17}"
LYWFIKXXX,"{""P47548"": 7}"
LYWFIKKGM,"{""P47548"": 1}"
LYPIQEAFE,"{""P47328"": 136}"
LYPATIISX,"{""P47350"": 111}"
LYPATIISK,"{""P47350"": 3}"
LYPPVMQDS,"{""P47277"": 109}"
LYPTXXXXX,"{""P47252"": 80}"
LYPTXFLNY,"{""P47252"": 16}"
LYPTXFLNX,"{""P47252"": 1}"
LYNXXXXXX,"{""P47615"": 19}"
LYNXLLXEN,"{""P47615"": 5}"
LYNXLLXXX,"{""P47615"": 68}"
LYNXLAAVS,"{""P47318"": 38}"
LYNXQNYPD,"{""P47637"": 9}"
LYNRQNYPD,"{""P47637"": 24}"
LYNRQNXPD,"{""P47637"": 1}"
LYNRLAAVS,"{""P47318"": 108}"
LYNNLVEEV,"{""P47335"": 124}"
LYNKLLXXX,"{""P47615"": 4}"
LYTALTTML,"{""P47580"": 104}"
LYKXXXXXX,"{""P47629"": 4}"
LYKXXISTS,"{""P47629"": 16}"
LYKNIXAIX,"{""P47582"": 3}"
LYKNIXXXX,"{""P47582"": 2}"
LYKVLNSXT,"{""P47480"": 2}"
LYKVYAWYD,"{""P47543"": 2}"
LYSEQTAXD,"{""P47695"": 108}"
LYSEQTAXX,"{""P47695"": 14}"
LYSEQTAKD,"{""P47695"": 4}"
LYVFXXGIX,"{""P47647"": 73}"
LYVFXXGIK,"{""P47647"": 5}"
LYVFXXXXX,"{""P47647"": 41}"
LYVFXKGIX,"{""P47647"": 2}"
LYVFKXGIX,"{""P47647"": 5}"
LYVFKXGIK,"{""P47647"": 1}"
LYVFKXXXX,"{""P47647"": 1}"
LYVNLSQNG,"{""Q9ZB73"": 116}"
LYVNXLYYQ,"{""P47498"": 23}"
LYVNXLYXQ,"{""P47498"": 2}"
LYVNXLXYQ,"{""P47498"": 1}"
LYVNRLYYQ,"{""P47498"": 102}"
LYVNRLYXQ,"{""P47498"": 2}"
LYVNRLXYQ,"{""P47498"": 6}"
LYAXLFXXX,"{""P47662"": 72}"
LYAXLFXIG,"{""P47662"": 1}"
LYAXXXXXX,"{""P47662"": 25}"
LYAKLFXXX,"{""P47662"": 5}"
LYRIXXXXX,"{""P47277"": 13}"
LYRIXXIXX,"{""P47277"": 2}"
LYRIXXIXP,"{""P47277"": 8}"
LYRIXKIXP,"{""P47277"": 1}"
LYRIVTLDG,"{""P47540"": 26}"
LYRIKXIXP,"{""P47277"": 1}"
LYRIKXXXX,"{""P47277"": 1}"
LYREITGVG,"{""P36255"": 19}"
LYRSLXAAL,"{""P47395"": 1}"
LYRSLXXXX,"{""P47395"": 11}"
LYRAFXQEI,"{""P47515"": 1}"
LYRAFRQEI,"{""P47515"": 2}"
LYGGDVSRX,"{""P47384"": 21}"
LYGGDVSRK,"{""P47384"": 1}"
LYGGDVSXX,"{""P47384"": 5}"
LYGIEMXRW,"{""P47548"": 1}"
LYGIEMRRW,"{""P47548"": 5}"
LEQAAQLNX,"{""P55825"": 129}"
LEQAAQLNK,"{""P55825"": 1}"
LEQAXIEFQ,"{""P47353"": 506}"
LEQAXXXXX,"{""P47353"": 98}"
LEQAIVDRA,"{""P47580"": 35}"
LEQAIVDXA,"{""P47580"": 6}"
LEQAKIEFQ,"{""P47353"": 24}"
LEQLTTTND,"{""P47386"": 625}"
LEQMGIEVE,"{""P47437"": 110}"
LEQHLTNYY,"{""P47303"": 15}"
LEQHLTNYX,"{""P47303"": 2}"
LEQHLTNXY,"{""P47303"": 2}"
LEQVIIDXX,"{""P47272"": 126}"
LEQVIIDXK,"{""P47272"": 5}"
LEQVIIDKX,"{""P47272"": 4}"
LEQRXVNDS,"{""P47635"": 15}"
LEQRXXXXX,"{""P47635"": 3}"
LEQRQYFLD,"{""P47270"": 22}"
LEQRQXFLD,"{""P47270"": 1}"
LEQRKVNDS,"{""P47635"": 1}"
LEQWQRQXX,"{""P47358"": 26}"
LEQWQXQXX,"{""P47358"": 2}"
LEQXQYFLD,"{""P47270"": 7}"
LEQXQXFLD,"{""P47270"": 1}"
LEQXKVNDS,"{""P47635"": 2}"
LEQXXVNDS,"{""P47635"": 7}"
LEPIDFFAT,"{""P47340"": 124}"
LEPHXXXXX,"{""P47397"": 122}"
LEPHXYLRE,"{""P47397"": 7}"
LEPHXYLXE,"{""P47397"": 4}"
LEPNRXQEQ,"{""P47482"": 16}"
LEPNRXXXX,"{""P47482"": 5}"
LEPNRKQEQ,"{""P47482"": 1}"
LEPNXXXXX,"{""P47482"": 2}"
LEPNXXQEQ,"{""P47482"": 3}"
LEFLGDALI,"{""P47607"": 608}"
LEFDLSXXX,"{""P47321"": 478}"
LEFDLSXPD,"{""P47321"": 131}"
LEFDLSKPD,"{""P47321"": 5}"
LEFDXXXXX,"{""P47460"": 98}"
LEFDXXDEQ,"{""P47460"": 5}"
LEFDXRDEQ,"{""P47460"": 19}"
LEFDKRDEQ,"{""P47460"": 3}"
LEFDDERLH,"{""P47277"": 2}"
LEFXXXXXX,"{""P20796"": 459}"
LEFXDPQTQ,"{""P20796"": 116}"
LEFNQXXIE,"{""P47599"": 89}"
LEFNQXXXX,"{""P47599"": 31}"
LEFNQXKIE,"{""P47599"": 1}"
LEFNQKXIE,"{""P47599"": 3}"
LEFNQKXXX,"{""P47599"": 1}"
LEFNLTRLX,"{""P47386"": 32}"
LEFNLTRLK,"{""P47386"": 1}"
LEFNLTXLX,"{""P47386"": 9}"
LEFTPMDET,"{""P47480"": 116}"
LEFVNFXHQ,"{""P47366"": 121}"
LEFVNFXXX,"{""P47366"": 16}"
LEFVNFKHQ,"{""P47366"": 6}"
LEFAATTSX,"{""P56723"": 103}"
LEFAATTSK,"{""P56723"": 6}"
LEFQEQTNN,"{""P47310"": 4}"
LEFKDPQTQ,"{""P20796"": 6}"
LEXXXXXXX,"{""P47481"": 138, ""Q49405"": 97, ""P47424"": 137, ""P47281"": 463, ""P47316"": 111, ""P47343"": 127, ""P47551"": 20, ""P47650"": 31, ""P47585"": 44, ""P47453"": 89, ""P47547"": 22, ""P47653"": 44, ""P47327"": 25, ""P47471"": 13, ""Q49403"": 19, ""P47317"": 16, ""P47465"": 19, ""P47624"": 17, ""Q49430"": 21, ""P47264"": 2, ""P47288"": 1}"
LEXXHXSXN,"{""P47585"": 52}"
LEXXHXSXX,"{""P47585"": 19}"
LEXXHXSKN,"{""P47585"": 3}"
LEXXHXXXX,"{""P47585"": 14}"
LEXXHKSXX,"{""P47585"": 2}"
LEXXHKSXN,"{""P47585"": 1}"
LEXXIEQLQ,"{""P47288"": 2}"
LEXXEVEIL,"{""P47264"": 10}"
LEXFFGGVX,"{""P47316"": 499}"
LEXFFGGVK,"{""P47316"": 14}"
LEXFLQXXS,"{""P47624"": 73}"
LEXFLQXXX,"{""P47624"": 31}"
LEXFLQXKS,"{""P47624"": 8}"
LEXFLQKXS,"{""P47624"": 6}"
LEXFLXALF,"{""Q49423"": 23}"
LEXFLXXXX,"{""Q49423"": 4}"
LEXFLKALF,"{""Q49423"": 1}"
LEXIIQAGI,"{""P47481"": 466}"
LEXIITIAX,"{""P47424"": 470}"
LEXIGXWFS,"{""P47317"": 76}"
LEXIGXXXX,"{""P47317"": 16}"
LEXIGKWFS,"{""P47317"": 2}"
LEXIEXLLK,"{""P47453"": 2}"
LEXIEXLLX,"{""P47453"": 1}"
LEXIXHYRX,"{""P47650"": 18}"
LEXIXHYXX,"{""P47650"": 6}"
LEXIXXXXX,"{""P47650"": 79}"
LEXEYPSLX,"{""P47343"": 459}"
LEXEYPSLK,"{""P47343"": 3}"
LEXEYNLXL,"{""P47384"": 21}"
LEXEYNLXX,"{""P47384"": 6}"
LEXEYNLKL,"{""P47384"": 1}"
LEXELNVIN,"{""Q49405"": 533}"
LEXEXNLXX,"{""P47384"": 1}"
LEXEXNLXL,"{""P47384"": 2}"
LEXEXPSLX,"{""P47343"": 20}"
LEXLPLAXQ,"{""P47471"": 70}"
LEXLPLAXX,"{""P47471"": 22}"
LEXLPLAKQ,"{""P47471"": 5}"
LEXLPDRYT,"{""P47453"": 13}"
LEXLPDXYT,"{""P47453"": 4}"
LEXLWTGYA,"{""Q49430"": 92}"
LEXLWTGXA,"{""Q49430"": 9}"
LEXLTGNID,"{""P47547"": 101}"
LEXLIXXXX,"{""P47293"": 2}"
LEXDXSIIE,"{""P47551"": 66}"
LEXDXVFLS,"{""P47653"": 86}"
LEXDXXXXX,"{""P47653"": 17, ""P47551"": 16}"
LEXDKSIIE,"{""P47551"": 2}"
LEXDKVFLS,"{""P47653"": 4}"
LEXDDQLVN,"{""P47506"": 2}"
LEXNPLRIL,"{""P47281"": 106}"
LEXNPLXIL,"{""P47281"": 25}"
LEXNEIXXQ,"{""P47653"": 51}"
LEXNEIXXX,"{""P47653"": 28}"
LEXNEIXKQ,"{""P47653"": 5}"
LEXNEIKXQ,"{""P47653"": 3}"
LEXNEIKXX,"{""P47653"": 1}"
LEXNRIIDS,"{""P47296"": 2}"
LEXVTIFXE,"{""P47250"": 29}"
LEXVTIFXX,"{""P47250"": 6}"
LEXVTIFKE,"{""P47250"": 2}"
LEXVVVVLA,"{""P47465"": 112}"
LEXGAXNAX,"{""P47327"": 72}"
LEXGAXNAK,"{""P47327"": 2}"
LEXGAXXXX,"{""P47327"": 18}"
LEXGAKNAX,"{""P47327"": 4}"
LEXAQAXQV,"{""Q49403"": 90}"
LEXAQAXXX,"{""Q49403"": 22}"
LEXAQAKQV,"{""Q49403"": 1}"
LEXQIITDN,"{""P47267"": 4}"
LEXKHXSXN,"{""P47585"": 3}"
LEXKHXSXX,"{""P47585"": 1}"
LELXXXXXX,"{""P47334"": 588, ""Q9ZB70"": 440}"
LELXEHRHK,"{""Q9ZB70"": 7}"
LELXEHRHX,"{""Q9ZB70"": 88}"
LELXEHXHX,"{""Q9ZB70"": 27}"
LELNSHLXV,"{""P47433"": 517}"
LELNSHLXX,"{""P47433"": 90}"
LELNSHLKV,"{""P47433"": 24}"
LELNSNEIS,"{""Q49425"": 110}"
LELNDEQXX,"{""P47660"": 127}"
LELNDEQXK,"{""P47660"": 2}"
LELNDEQKX,"{""P47660"": 3}"
LELQNQFQX,"{""P47394"": 134}"
LELQNQFQK,"{""P47394"": 5}"
LELDNIFTE,"{""P47637"": 100}"
LELDNRFQA,"{""P47460"": 26}"
LELDNXFQA,"{""P47460"": 6}"
LELAQYSEL,"{""P47641"": 127}"
LELAQXSEL,"{""P47641"": 11}"
LELTELSQX,"{""P47281"": 117}"
LELTELSQK,"{""P47281"": 2}"
LELKEHRHX,"{""Q9ZB70"": 1}"
LERVTIFKE,"{""P47250"": 4}"
LERVTIFXE,"{""P47250"": 99}"
LERVTIFXX,"{""P47250"": 25}"
LERIEXLLX,"{""P47453"": 22}"
LERIEXXXX,"{""P47453"": 2}"
LEREYNLXL,"{""P47384"": 72}"
LEREYNLXX,"{""P47384"": 14}"
LEREYNLKL,"{""P47384"": 7}"
LEREXNLXL,"{""P47384"": 4}"
LERDDQLVN,"{""P47506"": 7}"
LERXIEQLQ,"{""P47288"": 20}"
LERXXXXXX,"{""P47288"": 4}"
LENSQXXFC,"{""P47326"": 399}"
LENSQXXFX,"{""P47326"": 11}"
LENSQXXXX,"{""P47326"": 184}"
LENSQXKFC,"{""P47326"": 17}"
LENSQKXFC,"{""P47326"": 18}"
LENSQKXFX,"{""P47326"": 3}"
LENSQKXXX,"{""P47326"": 4}"
LENSQKKFC,"{""P47326"": 1}"
LENIXHVXX,"{""P47673"": 500}"
LENIXHVXK,"{""P47673"": 1}"
LENIXHVKX,"{""P47673"": 16}"
LENIXXXXX,"{""P47673"": 96}"
LENIKHVXX,"{""P47673"": 21}"
LENTLETVX,"{""P47302"": 612}"
LENTLETVK,"{""P47302"": 28}"
LENTXYYLS,"{""P47251"": 6}"
LENTXXYLS,"{""P47251"": 1}"
LENTRYYLS,"{""P47251"": 18}"
LENTRYXLS,"{""P47251"": 1}"
LENLASLIE,"{""Q49434"": 127}"
LENWNSNLL,"{""P47492"": 130}"
LENEXSHIX,"{""P47609"": 96}"
LENEXSHIK,"{""P47609"": 5}"
LENEXXXXX,"{""P47609"": 15}"
LENEKSHIX,"{""P47609"": 4}"
LENNERELX,"{""P47540"": 26}"
LENNEXELX,"{""P47540"": 5}"
LENDTDSSL,"{""P47523"": 25}"
LEIGXXYLF,"{""P47387"": 331}"
LEIGXXXXX,"{""P47387"": 221}"
LEIGXXXLF,"{""P47387"": 21}"
LEIGXKYLF,"{""P47387"": 22}"
LEIGXKXLF,"{""P47387"": 1}"
LEIGKXYLF,"{""P47387"": 17}"
LEIGKXXXX,"{""P47387"": 8}"
LEIGKXXLF,"{""P47387"": 1}"
LEIGKKYLF,"{""P47387"": 1}"
LEIEXWSXX,"{""P47330"": 95}"
LEIEXWSXI,"{""P47330"": 408}"
LEIEXWSKI,"{""P47330"": 22}"
LEIEXXXXX,"{""P47330"": 83}"
LEIENGLEF,"{""Q49412"": 644}"
LEIEKWSXI,"{""P47330"": 18}"
LEIEKWSXX,"{""P47330"": 8}"
LEIEKWSKI,"{""P47330"": 3}"
LEINSLVDQ,"{""Q49405"": 118}"
LEINNSIVY,"{""P47612"": 25}"
LEINNSIVX,"{""P47612"": 2}"
LEIILGLIX,"{""P47446"": 608}"
LEIILGLIK,"{""P47446"": 24}"
LEILTYSDP,"{""Q49410"": 126}"
LEILTXSDP,"{""Q49410"": 8}"
LEIHELXPL,"{""P47662"": 116}"
LEIHELXXX,"{""P47662"": 16}"
LEIHELKPL,"{""P47662"": 4}"
LEITFXXXX,"{""P47537"": 116}"
LEIYXXXXX,"{""Q9ZB79"": 125}"
LEIXXXXXX,"{""Q9ZB79"": 5}"
LEEXTEAVF,"{""Q49429"": 117}"
LEEXQXXLT,"{""P47576"": 3}"
LEEXQXXXX,"{""P47576"": 2}"
LEEXXXXXX,"{""Q49429"": 11}"
LEEGXFPYY,"{""Q49434"": 391}"
LEEGXFPYX,"{""Q49434"": 26}"
LEEGXFPXX,"{""Q49434"": 1}"
LEEGXFPXY,"{""Q49434"": 21}"
LEEGXXXXX,"{""Q49434"": 131}"
LEEGKFPXY,"{""Q49434"": 1}"
LEEGKFPYY,"{""Q49434"": 19}"
LEEYQXXLT,"{""P47576"": 82}"
LEEYQXXXX,"{""P47576"": 20}"
LEEYQXKLT,"{""P47576"": 2}"
LEEYQKXLT,"{""P47576"": 5}"
LEEERXXXX,"{""P47342"": 119}"
LEEEXXXXX,"{""P47342"": 22}"
LEEINFRQN,"{""P47565"": 34}"
LEEINFXQN,"{""P47565"": 7}"
LEEANFDNV,"{""Q49429"": 127}"
LEEVRXALL,"{""P47681"": 26}"
LEEVRXXXX,"{""P47681"": 8}"
LEEVRKALL,"{""P47681"": 2}"
LEEVXXALL,"{""P47681"": 8}"
LEEVXXXXX,"{""P47681"": 1}"
LEENSRDTL,"{""P35888"": 32}"
LEENSXDTL,"{""P35888"": 10}"
LEEKTEAVF,"{""Q49429"": 5}"
LEGXNXLIX,"{""P47270"": 21}"
LEGXNYLIX,"{""P47270"": 495}"
LEGXNYLIK,"{""P47270"": 18}"
LEGXXXXXX,"{""P47270"": 101}"
LEGXLDVPR,"{""Q49460"": 8}"
LEGXLDVPX,"{""Q49460"": 1}"
LEGKNXLIX,"{""P47270"": 7}"
LEGKNYLIX,"{""P47270"": 15}"
LEGKNYLIK,"{""P47270"": 2}"
LEGYLDVPR,"{""Q49460"": 116}"
LEGYLDVPX,"{""Q49460"": 26}"
LEGISQXFV,"{""P47615"": 95}"
LEGISQXXX,"{""P47615"": 19}"
LEGISQKFV,"{""P47615"": 7}"
LEGEINRQV,"{""Q49407"": 128}"
LEGEINXQV,"{""Q49407"": 42}"
LEAXLSEID,"{""P47350"": 468}"
LEAXXXXXX,"{""P47350"": 159}"
LEASNXLYL,"{""P47661"": 455}"
LEASNXLXL,"{""P47661"": 24}"
LEASNXXXX,"{""P47661"": 122}"
LEASNKLYL,"{""P47661"": 20}"
LEASNKLXL,"{""P47661"": 2}"
LEAVGVXTE,"{""P47297"": 114}"
LEAVGVXXX,"{""P47297"": 19}"
LEAVGVKTE,"{""P47297"": 4}"
LEALQSQMH,"{""Q49434"": 111}"
LEADLNTFY,"{""P47453"": 115}"
LEADLNTFX,"{""P47453"": 4}"
LEAAAXMNA,"{""P47431"": 114}"
LEAAAXXXX,"{""P47431"": 13}"
LEAAAKMNA,"{""P47431"": 5}"
LEAEXEFTE,"{""P20796"": 97}"
LEAEXXXXX,"{""P20796"": 44}"
LEAEKEFTE,"{""P20796"": 2}"
LEAKLSEID,"{""P47350"": 21}"
LEANRLLXL,"{""P47480"": 25}"
LEANRLLXX,"{""P47480"": 1}"
LEANRLLKL,"{""P47480"": 2}"
LEANXLLXL,"{""P47480"": 2}"
LEYFLXALF,"{""Q49423"": 479}"
LEYFLXXXX,"{""Q49423"": 77}"
LEYFLKALF,"{""Q49423"": 28}"
LEYQIITDN,"{""P47267"": 109}"
LEYNRIIDS,"{""P47296"": 17}"
LEYNXIIDS,"{""P47296"": 8}"
LEVXXXXXX,"{""P47612"": 91}"
LEVXXXDXN,"{""P47612"": 1}"
LEVXXRDXX,"{""P47612"": 1}"
LEVXRRDXN,"{""P47612"": 1}"
LEVFFQPAX,"{""Q49421"": 128}"
LEVFFQPAK,"{""Q49421"": 8}"
LEVERWLNH,"{""P47299"": 136}"
LEVEXWLNH,"{""P47299"": 38}"
LEVHYHIPX,"{""P47388"": 124}"
LEVHYHIPK,"{""P47388"": 3}"
LEVHXHIPX,"{""P47388"": 8}"
LEVHXHIPK,"{""P47388"": 1}"
LEVAITXSV,"{""P47329"": 93}"
LEVAITXXX,"{""P47329"": 20}"
LEVAITKSV,"{""P47329"": 4}"
LEVLFEDXD,"{""P47451"": 127}"
LEVLFEDXX,"{""P47451"": 18}"
LEVLFEDKD,"{""P47451"": 4}"
LEDLXLEEA,"{""Q49429"": 97}"
LEDLXXXXX,"{""Q49429"": 22}"
LEDLKLEEA,"{""Q49429"": 3}"
LEDXXXXXX,"{""P47460"": 14}"
LEDXEXXXX,"{""P47460"": 17}"
LEDXEXDLN,"{""P47460"": 78}"
LEDXEKDLN,"{""P47460"": 7}"
LEDQIXFVV,"{""P47446"": 102}"
LEDQIXXXX,"{""P47446"": 26}"
LEDQIKFVV,"{""P47446"": 4}"
LEDKEXDLN,"{""P47460"": 5}"
LEDKEXXXX,"{""P47460"": 2}"
LEDGSMRSD,"{""P47346"": 5}"
LEDGSMXSD,"{""P47346"": 1}"
LEWEXXXXX,"{""P47272"": 78}"
LEWEXNFIT,"{""P47272"": 25}"
LEWEKNFIT,"{""P47272"": 3}"
LESVNLDGT,"{""P47496"": 135}"
LESDRXXXX,"{""P47700"": 8}"
LESDRXQAI,"{""P47700"": 15}"
LESDRKQAI,"{""P47700"": 2}"
LESDXXQAI,"{""P47700"": 8}"
LESDXXXXX,"{""P47700"": 2}"
LESYDSTLL,"{""P47396"": 139}"
LESLGLVRT,"{""P47591"": 25}"
LESLGLVXT,"{""P47591"": 13}"
LESELIFLN,"{""P47612"": 103}"
LESAVSDLS,"{""P47516"": 139}"
LESXXXXXX,"{""P47542"": 26}"
LESXNDPEL,"{""P47542"": 111}"
LESXDSTLL,"{""P47396"": 9}"
LESGFTXME,"{""P47583"": 3}"
LESGFTRME,"{""P47583"": 4}"
LESKNDPEL,"{""P47542"": 2}"
LECLIXXXX,"{""P47293"": 110}"
LECXEVEIL,"{""P47264"": 95}"
LECXXXXXX,"{""P47264"": 21}"
LECKEVEIL,"{""P47264"": 4}"
LETYQSEGN,"{""P47597"": 125}"
LETSXFPIL,"{""P47610"": 107}"
LETSXXXXX,"{""P47610"": 17}"
LETSKFPIL,"{""P47610"": 3}"
LETALXYLG,"{""Q9ZB77"": 86}"
LETALXXXX,"{""Q9ZB77"": 32}"
LETALXXLG,"{""Q9ZB77"": 3}"
LETALKYLG,"{""Q9ZB77"": 1}"
LETXXXXXX,"{""P47445"": 113}"
LETXDRXTV,"{""P47445"": 12}"
LETXDRXXX,"{""P47445"": 1}"
LETXDXXTV,"{""P47445"": 6}"
LETXDXXXX,"{""P47445"": 1}"
LETXQSEGN,"{""P47597"": 4}"
LETEYXALQ,"{""P47460"": 97}"
LETEYXXXX,"{""P47460"": 15}"
LETEYKALQ,"{""P47460"": 6}"
LETEXXXXX,"{""P47460"": 4}"
LETEXXALQ,"{""P47460"": 4}"
LETEXKALQ,"{""P47460"": 1}"
LETKDRXXX,"{""P47445"": 1}"
LETKDXXTV,"{""P47445"": 1}"
LEMMFFQIV,"{""P47591"": 138}"
LEKNEIXXX,"{""P47653"": 3}"
LEKNEIXXQ,"{""P47653"": 1}"
LEKNPLRIL,"{""P47281"": 4}"
LEKNPLXIL,"{""P47281"": 1}"
LEKLTGNID,"{""P47547"": 7}"
LEKLPDRYT,"{""P47453"": 2}"
LEKLPLAXQ,"{""P47471"": 2}"
LEKLPLAKQ,"{""P47471"": 1}"
LEKLWTGYA,"{""Q49430"": 3}"
LEKIITIAX,"{""P47424"": 23}"
LEKIIQAGI,"{""P47481"": 28}"
LEKIGXWFS,"{""P47317"": 2}"
LEKIGXXXX,"{""P47317"": 1}"
LEKIXXXXX,"{""P47650"": 4}"
LEKFFGGVX,"{""P47316"": 20}"
LEKFLQXXS,"{""P47624"": 4}"
LEKELNVIN,"{""Q49405"": 25}"
LEKEYPSLX,"{""P47343"": 20}"
LEKEXPSLX,"{""P47343"": 2}"
LEKAQAXQV,"{""Q49403"": 6}"
LEKVVVVLA,"{""P47465"": 5}"
LEKGAXNAX,"{""P47327"": 3}"
LEKDXVFLS,"{""P47653"": 5}"
LEKDXXXXX,"{""P47551"": 1}"
LEKXHXSXN,"{""P47585"": 2}"
LEKXHXSXX,"{""P47585"": 1}"
LEKXHXXXX,"{""P47585"": 3}"
LQQLAFLNX,"{""P47249"": 588}"
LQQLAFLNK,"{""P47249"": 5}"
LQQFAXRVY,"{""P47340"": 102}"
LQQFAXRVX,"{""P47340"": 3}"
LQQFAXXXX,"{""P47340"": 447}"
LQQFAXXVY,"{""P47340"": 27}"
LQQFAXXVX,"{""P47340"": 1}"
LQQFAKXVY,"{""P47340"": 1}"
LQQFAKRVY,"{""P47340"": 4}"
LQQXXXXXX,"{""P47505"": 129, ""P47460"": 457}"
LQQXXEELL,"{""P47460"": 23}"
LQQXREELL,"{""P47460"": 98}"
LQQXGIXXX,"{""P47505"": 444}"
LQQXGIXVG,"{""P47505"": 21}"
LQQXGIKVG,"{""P47505"": 1}"
LQQENADFL,"{""P47460"": 624}"
LQQENELFA,"{""P47460"": 122}"
LQQIASYFW,"{""Q49404"": 118}"
LQQIASXFW,"{""Q49404"": 2}"
LQQIQSDLE,"{""Q9ZB71"": 41}"
LQQIFDVDV,"{""P47303"": 131}"
LQQISIQNS,"{""P47277"": 6}"
LQQSQAEQY,"{""P47480"": 132}"
LQQSQAEQX,"{""P47480"": 6}"
LQQKGIXXX,"{""P47505"": 18}"
LQQKREELL,"{""P47460"": 2}"
LQLTRTTLD,"{""P47469"": 21}"
LQLTXISXF,"{""P47497"": 94}"
LQLTXISXX,"{""P47497"": 16}"
LQLTXISKF,"{""P47497"": 1}"
LQLTXXXXX,"{""P47497"": 13}"
LQLTXTTLD,"{""P47469"": 5}"
LQLTKISXF,"{""P47497"": 4}"
LQLSSQVCX,"{""Q49426"": 574}"
LQLSSQVCK,"{""Q49426"": 18}"
LQLSSQVXK,"{""Q49426"": 1}"
LQLSSQVXX,"{""Q49426"": 25}"
LQLSVATAE,"{""P47361"": 117}"
LQLLEGNVE,"{""P47698"": 633}"
LQLPALGLV,"{""P47292"": 105}"
LQLNLLXXX,"{""P47285"": 105}"
LQLNLLXER,"{""P47285"": 19}"
LQLNLLXEX,"{""P47285"": 3}"
LQLNLLKEX,"{""P47285"": 1}"
LQLNLAFIE,"{""P47534"": 128}"
LQLXIIXEE,"{""P47250"": 61}"
LQLXIIXXX,"{""P47250"": 17}"
LQLXIIKEE,"{""P47250"": 1}"
LQLXXXXXX,"{""P47250"": 18}"
LQLAXTIXQ,"{""P47540"": 78}"
LQLAXTIXX,"{""P47540"": 24}"
LQLAXTIKQ,"{""P47540"": 6}"
LQLAXXXXX,"{""P47540"": 19}"
LQLAKTIXQ,"{""P47540"": 2}"
LQLAKTIXX,"{""P47540"": 2}"
LQLKIIXEE,"{""P47250"": 3}"
LQLKIIXXX,"{""P47250"": 2}"
LQDMGISLS,"{""P47572"": 621}"
LQDQSEXGN,"{""P47527"": 535}"
LQDQSEXXX,"{""P47527"": 86}"
LQDQSEKGN,"{""P47527"": 22}"
LQDAPHNDL,"{""P47543"": 15}"
LQDASFVNV,"{""P22747"": 111}"
LQDDLLQEN,"{""Q49419"": 41}"
LQDFSQTSL,"{""P47460"": 108}"
LQDNSFYFF,"{""P47332"": 5}"
LQEGMVICI,"{""P47418"": 568}"
LQEGMVIXI,"{""P47418"": 31}"
LQEIXQQGE,"{""P47527"": 521}"
LQEIXXXXX,"{""P47527"": 102}"
LQEIMIXDF,"{""P47261"": 110}"
LQEIMIXXX,"{""P47261"": 13}"
LQEIMIKDF,"{""P47261"": 5}"
LQEIKQQGE,"{""P47527"": 23}"
LQELQTLEA,"{""P47460"": 615}"
LQERIASTX,"{""P47639"": 27}"
LQERIASTK,"{""P47639"": 3}"
LQEHXXXXX,"{""P47691"": 83}"
LQEHXEIED,"{""P47691"": 30}"
LQEXIASTX,"{""P47639"": 5}"
LQXLLRLKQ,"{""P47382"": 4}"
LQXLLRLXQ,"{""P47382"": 79}"
LQXLLRLXX,"{""P47382"": 8}"
LQXLLEINX,"{""P47288"": 102}"
LQXLLEINK,"{""P47288"": 8}"
LQXLLLTPS,"{""P47579"": 24}"
LQXLLXLXQ,"{""P47382"": 16}"
LQXLLXLXX,"{""P47382"": 6}"
LQXLLXLKQ,"{""P47382"": 1}"
LQXLQLSVA,"{""P47361"": 97}"
LQXLDWXXX,"{""P47510"": 91}"
LQXLDSVRF,"{""P47282"": 1}"
LQXDSPVXD,"{""P20796"": 420}"
LQXDSPVXX,"{""P20796"": 87}"
LQXDSPVKD,"{""P20796"": 21}"
LQXXXXXXX,"{""P47382"": 453, ""P47541"": 111, ""P47461"": 87, ""P47505"": 40, ""P20796"": 87, ""P47617"": 19, ""P47580"": 19, ""P47288"": 23, ""P47361"": 26, ""P47510"": 22, ""P47621"": 79, ""P47310"": 30, ""P47433"": 10, ""P47661"": 14, ""P47460"": 25, ""P47648"": 11}"
LQXXFIDST,"{""P47505"": 86}"
LQXXLLREI,"{""P47621"": 1}"
LQXXLLXEI,"{""P47621"": 1}"
LQXEALAIQ,"{""P47460"": 126}"
LQXEAXXXX,"{""P47580"": 25}"
LQXEAXESS,"{""P47580"": 77}"
LQXEAKESS,"{""P47580"": 4}"
LQXEXLXXX,"{""P47437"": 1}"
LQXEXLXIX,"{""P47437"": 2}"
LQXEXXXXX,"{""P47437"": 1}"
LQXNYSXPI,"{""P47648"": 72}"
LQXNYSXXX,"{""P47648"": 16}"
LQXNYSKPI,"{""P47648"": 3}"
LQXNEFEEX,"{""P47394"": 9}"
LQXNEFEEK,"{""P47394"": 2}"
LQXNXSXPI,"{""P47648"": 3}"
LQXAPQLTW,"{""P47541"": 524}"
LQXALGIST,"{""P47310"": 88}"
LQXIXFIMX,"{""P47661"": 86}"
LQXIXFIMK,"{""P47661"": 1}"
LQXIXXXXX,"{""P47661"": 26}"
LQXIKFIMX,"{""P47661"": 1}"
LQXPIQYDX,"{""P47617"": 72}"
LQXPIQXDX,"{""P47617"": 4}"
LQXVWIERH,"{""P47461"": 32}"
LQXVWIEXH,"{""P47461"": 4}"
LQXVLIAIS,"{""P47486"": 1}"
LQXQTPIXX,"{""P47433"": 17}"
LQXQTPIXS,"{""P47433"": 89}"
LQXQTPIKS,"{""P47433"": 3}"
LQXCLLREI,"{""P47621"": 19}"
LQXCLLXEI,"{""P47621"": 4}"
LQXGFDILF,"{""P47618"": 2}"
LQXKFIDST,"{""P47505"": 3}"
LQNDIFLMV,"{""P47330"": 654}"
LQNAFNPFE,"{""P47591"": 609}"
LQNXLNLMN,"{""P47539"": 524}"
LQNXXXXXX,"{""P47539"": 105}"
LQNNTTTNG,"{""P47563"": 123}"
LQNSFAYNG,"{""P47508"": 616}"
LQNSFAXNG,"{""P47508"": 31}"
LQNSQEQDE,"{""P47300"": 118}"
LQNQLNEMG,"{""P47540"": 138}"
LQNKLNLMN,"{""P47539"": 30}"
LQAVSXXPV,"{""P47541"": 415}"
LQAVSXXXX,"{""P47541"": 199}"
LQAVSXKPV,"{""P47541"": 18}"
LQAVSKXPV,"{""P47541"": 13}"
LQAVSKXXX,"{""P47541"": 4}"
LQAVSKKPV,"{""P47541"": 1}"
LQATGTFDS,"{""P47678"": 618}"
LQASYDFXX,"{""P47694"": 28}"
LQASYDFXT,"{""P47694"": 107}"
LQASYDFKT,"{""P47694"": 8}"
LQASXDFXT,"{""P47694"": 8}"
LQASXDFKT,"{""P47694"": 1}"
LQADHEILQ,"{""Q49419"": 133}"
LQAQIFNLW,"{""P47549"": 135}"
LQAIXQHFS,"{""P47433"": 99}"
LQAIXXXXX,"{""P47433"": 25}"
LQAIKQHFS,"{""P47433"": 3}"
LQANNTATS,"{""P47341"": 27}"
LQITYAVQT,"{""P47571"": 617}"
LQITXAVQT,"{""P47571"": 30}"
LQIIQGGHL,"{""Q49425"": 140}"
LQIIGXDEL,"{""P47678"": 483}"
LQIIGXXXX,"{""P47678"": 108}"
LQIIGKDEL,"{""P47678"": 19}"
LQIXPPNTF,"{""Q49425"": 102}"
LQIXXXXXX,"{""Q49425"": 16}"
LQIEXXXXX,"{""P47540"": 103}"
LQIEXNTAD,"{""P47540"": 27}"
LQIEXAXQR,"{""P47661"": 3}"
LQIEXAXXX,"{""P47661"": 4}"
LQIERAXQX,"{""P47661"": 3}"
LQIERAXQR,"{""P47661"": 1}"
LQIERAXXX,"{""P47661"": 15}"
LQIERAKQR,"{""P47661"": 1}"
LQIEKNTAD,"{""P47540"": 2}"
LQIKPPNTF,"{""Q49425"": 5}"
LQGILTLGN,"{""P47350"": 120}"
LQTDILDNT,"{""P47551"": 597}"
LQTNETLMD,"{""P47294"": 642}"
LQTXNGTLG,"{""P47337"": 494}"
LQTXXXXXX,"{""P47337"": 125}"
LQTTXNVXF,"{""P47653"": 26}"
LQTTXNVRF,"{""P47653"": 98}"
LQTTXXXXX,"{""P47653"": 458}"
LQTTKNVRF,"{""P47653"": 3}"
LQTTKNVXF,"{""P47653"": 4}"
LQTTTXXGE,"{""P47431"": 84}"
LQTTTXXXX,"{""P47431"": 37}"
LQTTTXKGE,"{""P47431"": 4}"
LQTTTKXGE,"{""P47431"": 3}"
LQTLGFHNV,"{""P47437"": 106}"
LQTVXLAST,"{""P47348"": 111}"
LQTVXXXXX,"{""P47348"": 21}"
LQTVKLAST,"{""P47348"": 6}"
LQTEQXELX,"{""P47250"": 101}"
LQTEQXELK,"{""P47250"": 3}"
LQTEQXXXX,"{""P47250"": 8}"
LQTEQKELX,"{""P47250"": 4}"
LQTEQKELK,"{""P47250"": 1}"
LQTKNGTLG,"{""P47337"": 25}"
LQTSTTNIY,"{""P47513"": 23}"
LQSVVWIXL,"{""P47651"": 484}"
LQSVVWIXX,"{""P47651"": 128}"
LQSVVWIKL,"{""P47651"": 22}"
LQSLIETVG,"{""P47350"": 150}"
LQSIVGTNA,"{""Q49408"": 28}"
LQFGEHXXX,"{""P47339"": 589}"
LQFFNXAQS,"{""P47688"": 99}"
LQFFNXXXX,"{""P47688"": 23}"
LQFFNKAQS,"{""P47688"": 11}"
LQFDVTQNA,"{""P47686"": 31}"
LQVEFDXFL,"{""P47321"": 25}"
LQVEFDXXX,"{""P47321"": 100}"
LQVFSNSPT,"{""P47585"": 129}"
LQVVETDIF,"{""Q49423"": 137}"
LQVRFPVNM,"{""P47250"": 128}"
LQVKQQALN,"{""Q49419"": 7}"
LQVXQQALN,"{""Q49419"": 91}"
LQVXFPVNM,"{""P47250"": 27}"
LQVXXXXXX,"{""Q49419"": 23}"
LQCLLLTPS,"{""P47579"": 543}"
LQCEXLXIX,"{""P47437"": 66}"
LQCEXLXXX,"{""P47437"": 23}"
LQCEXLKIX,"{""P47437"": 6}"
LQCEXXXXX,"{""P47437"": 18}"
LQCEKLXIX,"{""P47437"": 6}"
LQPVCXDLT,"{""P47437"": 97}"
LQPVCXXXX,"{""P47437"": 21}"
LQPVCKDLT,"{""P47437"": 7}"
LQPVXXDLT,"{""P47437"": 3}"
LQPVXXXXX,"{""P47437"": 1}"
LQPNVVSXX,"{""P47518"": 125}"
LQWINANYI,"{""P47700"": 124}"
LQWINANXI,"{""P47700"": 3}"
LQWXNDFXX,"{""P47356"": 78}"
LQWXNDFXL,"{""P47356"": 19}"
LQWXXXXXX,"{""P47356"": 24}"
LQWKNDFXX,"{""P47356"": 4}"
LQKAPQLTW,"{""P47541"": 20}"
LQKALGIST,"{""P47310"": 3}"
LQKDSPVXX,"{""P20796"": 5}"
LQKDSPVXD,"{""P20796"": 25}"
LQKLLRLXQ,"{""P47382"": 6}"
LQKLLEINX,"{""P47288"": 3}"
LQKLLEINK,"{""P47288"": 1}"
LQKLLXLXQ,"{""P47382"": 1}"
LQKLDWXXX,"{""P47510"": 2}"
LQKLQLSVA,"{""P47361"": 3}"
LQKEALAIQ,"{""P47460"": 3}"
LQKEAXESS,"{""P47580"": 2}"
LQKEAXXXX,"{""P47580"": 2}"
LQKQTPIXS,"{""P47433"": 4}"
LQKPIQYDX,"{""P47617"": 5}"
LQKNYSXXX,"{""P47648"": 1}"
LQKCLLREI,"{""P47621"": 1}"
LQKXFIDST,"{""P47505"": 1}"
LQKIXFIMX,"{""P47661"": 4}"
LQKIXXXXX,"{""P47661"": 1}"
LQRNEFEEX,"{""P47394"": 24}"
LQRVLIAIS,"{""P47486"": 7}"
LQRGFDILF,"{""P47618"": 24}"
LQRLDSVRF,"{""P47282"": 5}"
LQRLDSVXF,"{""P47282"": 1}"
LDANDQSTX,"{""P47340"": 112}"
LDANDQSTK,"{""P47340"": 4}"
LDAKRAFVA,"{""P47482"": 3}"
LDAXXXXXX,"{""P47482"": 105}"
LDAXXAFVA,"{""P47482"": 7}"
LDAXRAFVA,"{""P47482"": 19}"
LDAHNLXSA,"{""P47672"": 95}"
LDAHNLXXX,"{""P47672"": 15}"
LDAHNLKSA,"{""P47672"": 5}"
LDAICNVCG,"{""P47280"": 5}"
LDPSLXQXX,"{""P47356"": 90}"
LDPSLXQXI,"{""P47356"": 431}"
LDPSLXQKI,"{""P47356"": 16}"
LDPSLXXXX,"{""P47356"": 91}"
LDPSLKQXI,"{""P47356"": 20}"
LDPSLKQXX,"{""P47356"": 3}"
LDPSVLVPF,"{""P47300"": 119}"
LDFLIXNDX,"{""P47473"": 29}"
LDFLIXNDY,"{""P47473"": 488}"
LDFLIXXXX,"{""P47473"": 99}"
LDFLIKNDY,"{""P47473"": 32}"
LDFLIKNDX,"{""P47473"": 3}"
LDFNLENIL,"{""P47589"": 130}"
LDFQATSEL,"{""P47623"": 124}"
LDFVLWXIT,"{""P47495"": 121}"
LDFVLWXXX,"{""P47495"": 16}"
LDFVLWKIT,"{""P47495"": 2}"
LDFHDLLIX,"{""P47486"": 132}"
LDFHDLLIK,"{""P47486"": 3}"
LDFHEGLVF,"{""P47295"": 34}"
LDFICSTXE,"{""P47596"": 30}"
LDFICSTRE,"{""P47596"": 106}"
LDFIXSTXE,"{""P47596"": 3}"
LDFIXSTRE,"{""P47596"": 4}"
LDFEAAENV,"{""P47368"": 26}"
LDNDNYQYF,"{""P47473"": 100}"
LDNDNYQXF,"{""P47473"": 7}"
LDNDNXQYF,"{""P47473"": 5}"
LDNTPNXAX,"{""P47647"": 86}"
LDNTPNXAK,"{""P47647"": 7}"
LDNTPNXXX,"{""P47647"": 21}"
LDNTPNKAX,"{""P47647"": 5}"
LDNTLXFAX,"{""Q49413"": 6}"
LDNTLRFAX,"{""Q49413"": 16}"
LDNTLRFAK,"{""Q49413"": 1}"
LDNIASIEF,"{""P47520"": 633}"
LDNIVYRMG,"{""P47553"": 31}"
LDNIVYXMG,"{""P47553"": 1}"
LDNIVXRMG,"{""P47553"": 1}"
LDNQLEIDL,"{""Q2MHT0"": 107}"
LDNSDISLV,"{""P47583"": 141}"
LDNALYSLD,"{""P47459"": 109}"
LDNALXSLD,"{""P47459"": 6}"
LDNEQLXWL,"{""Q49460"": 97}"
LDNEQLXXX,"{""Q49460"": 14}"
LDNEQLKWL,"{""Q49460"": 6}"
LDXXXXXXX,"{""P47267"": 446, ""P47376"": 25, ""P36255"": 38, ""P47534"": 137, ""P47660"": 30, ""Q49413"": 153, ""P47638"": 30, ""Q49460"": 14, ""P47270"": 134, ""P47350"": 24, ""P47576"": 27, ""P47463"": 17, ""Q2MHT0"": 30}"
LDXXDDQLT,"{""Q49413"": 392}"
LDXXQLIES,"{""P36255"": 86}"
LDXXHLXAV,"{""Q2MHT0"": 56}"
LDXXHLXXX,"{""Q2MHT0"": 16}"
LDXXHLKAV,"{""Q2MHT0"": 3}"
LDXLASLIN,"{""P47270"": 498}"
LDXPQFGDX,"{""P47350"": 102}"
LDXPQFGDK,"{""P47350"": 6}"
LDXDNRCSV,"{""P47267"": 87}"
LDXDNRXSV,"{""P47267"": 7}"
LDXDNXCSV,"{""P47267"": 22}"
LDXDTSGAI,"{""P47451"": 34}"
LDXTIISAQ,"{""P47638"": 86}"
LDXFILPEX,"{""P47534"": 470}"
LDXFILPEK,"{""P47534"": 12}"
LDXEIVLIG,"{""P47463"": 106}"
LDXNTXXXX,"{""P47660"": 80}"
LDXNTXHNI,"{""P47660"": 20}"
LDXNTKHNI,"{""P47660"": 2}"
LDXNSSDFH,"{""P47376"": 120}"
LDXKDDQLT,"{""Q49413"": 20}"
LDXKHLXAV,"{""Q2MHT0"": 3}"
LDXKHLXXX,"{""Q2MHT0"": 2}"
LDXKHLKAV,"{""Q2MHT0"": 1}"
LDXKQLIES,"{""P36255"": 6}"
LDXVITSIL,"{""Q49460"": 73}"
LDXVIQXIT,"{""P47576"": 78}"
LDXVIQXXX,"{""P47576"": 17}"
LDXVIQKIT,"{""P47576"": 6}"
LDXICMVYT,"{""P47640"": 5}"
LDLSXXXXX,"{""P47277"": 124}"
LDLSXQXXX,"{""P47277"": 401}"
LDLSXQXXV,"{""P47277"": 26}"
LDLSXQXRV,"{""P47277"": 68}"
LDLSXQKRV,"{""P47277"": 7}"
LDLSXQKXV,"{""P47277"": 1}"
LDLSLEEFL,"{""P47551"": 581}"
LDLSKQXXX,"{""P47277"": 19}"
LDLSKQXRV,"{""P47277"": 1}"
LDLQYQALX,"{""P47316"": 135}"
LDLQYQALK,"{""P47316"": 5}"
LDLQXFMFX,"{""P47339"": 31}"
LDLQXQALX,"{""P47316"": 1}"
LDLQRFMFX,"{""P47339"": 128}"
LDLQRFMFK,"{""P47339"": 1}"
LDLVEQEND,"{""Q49419"": 615}"
LDLIEQXYH,"{""P47545"": 99}"
LDLIEQXXX,"{""P47545"": 14}"
LDLIEQXXH,"{""P47545"": 5}"
LDLIEQKYH,"{""P47545"": 5}"
LDLLNQDXD,"{""P47549"": 118}"
LDLLNQDXX,"{""P47549"": 24}"
LDLLNQDKD,"{""P47549"": 2}"
LDLFVXNHG,"{""Q49329"": 111}"
LDLFVXXXX,"{""Q49329"": 22}"
LDLFVKNHG,"{""Q49329"": 4}"
LDLDLELLK,"{""P47369"": 6}"
LDLDLELLX,"{""P47369"": 132}"
LDLEIIDWL,"{""Q49416"": 127}"
LDLXXXXXX,"{""P47374"": 94, ""P47496"": 22}"
LDLXIGDKL,"{""P47496"": 4}"
LDLXIGDXL,"{""P47496"": 69}"
LDLXIGDXX,"{""P47496"": 11}"
LDLXNEDTS,"{""P47374"": 32}"
LDLKIGDXL,"{""P47496"": 9}"
LDLKNEDTS,"{""P47374"": 1}"
LDELNXXXX,"{""P47277"": 467}"
LDELNXLYR,"{""P47277"": 92}"
LDELNXLYX,"{""P47277"": 28}"
LDELNXLXR,"{""P47277"": 4}"
LDELNLXXX,"{""P47443"": 28}"
LDELNLXNX,"{""P47443"": 118}"
LDELNLXNK,"{""P47443"": 9}"
LDELNLKNK,"{""P47443"": 1}"
LDELNLKNX,"{""P47443"": 2}"
LDELNKLYR,"{""P47277"": 9}"
LDELNKLYX,"{""P47277"": 1}"
LDEIPXLVS,"{""P47288"": 111}"
LDEIPXXXX,"{""P47288"": 20}"
LDEIPKLVS,"{""P47288"": 5}"
LDEIQAXXX,"{""P47250"": 114}"
LDEIQAXAV,"{""P47250"": 3}"
LDEIIATIF,"{""Q49407"": 136}"
LDENPYPEA,"{""P47481"": 109}"
LDENPXPEA,"{""P47481"": 5}"
LDETVALDW,"{""P47684"": 136}"
LDEMNXXLX,"{""P47540"": 3}"
LDEMNRXLX,"{""P47540"": 10}"
LDEMNRXLK,"{""P47540"": 1}"
LDEMNRXXX,"{""P47540"": 4}"
LDDLYFHXF,"{""P47580"": 493}"
LDDLYFHXX,"{""P47580"": 97}"
LDDLYFHKF,"{""P47580"": 24}"
LDDLINAEX,"{""P47445"": 118}"
LDDLINAEK,"{""P47445"": 3}"
LDDLXFHXF,"{""P47580"": 26}"
LDDLXFHXX,"{""P47580"": 6}"
LDDYVFHSF,"{""P47699"": 138}"
LDDXXXXXX,"{""P47459"": 98}"
LDDXINELE,"{""P47459"": 28}"
LDDXVFHSF,"{""P47699"": 8}"
LDDKINELE,"{""P47459"": 2}"
LDWXSMHXA,"{""Q49416"": 19}"
LDWXSMHXX,"{""Q49416"": 74}"
LDWXSMHKA,"{""Q49416"": 2}"
LDWXXXXXX,"{""P47510"": 121, ""P47513"": 17, ""Q49416"": 23}"
LDWXQLLXX,"{""P47513"": 19}"
LDWXQLLXQ,"{""P47513"": 91}"
LDWXQLLKQ,"{""P47513"": 5}"
LDWKSMHXA,"{""Q49416"": 3}"
LDWKSMHXX,"{""Q49416"": 2}"
LDWKQLLXQ,"{""P47513"": 3}"
LDWKQLLXX,"{""P47513"": 1}"
LDIPFSLSL,"{""P47425"": 612}"
LDIEELAEX,"{""P47705"": 634}"
LDIEELAEK,"{""P47705"": 25}"
LDINLAXQI,"{""P47486"": 104}"
LDINLAXXX,"{""P47486"": 23}"
LDINLAKQI,"{""P47486"": 4}"
LDILGQDDP,"{""P47277"": 113}"
LDIXXXXXX,"{""Q49416"": 12, ""P47705"": 14}"
LDIXLXHND,"{""Q49416"": 70}"
LDIXLXXXX,"{""Q49416"": 17}"
LDIXLKHND,"{""Q49416"": 1}"
LDIXEILYX,"{""P47705"": 88}"
LDIXEILYK,"{""P47705"": 3}"
LDIXEILXX,"{""P47705"": 7}"
LDIKLXXXX,"{""Q49416"": 2}"
LDIKLXHND,"{""Q49416"": 5}"
LDIKEILYX,"{""P47705"": 4}"
LDIKEILXX,"{""P47705"": 1}"
LDSNDLINY,"{""P47551"": 609}"
LDSNDLINX,"{""P47551"": 30}"
LDSXXXXXX,"{""P47481"": 96, ""P47545"": 33, ""P47662"": 34}"
LDSXXNELX,"{""P47662"": 59}"
LDSXXNELK,"{""P47662"": 3}"
LDSXXLFSF,"{""P47545"": 97}"
LDSXITXXX,"{""P47481"": 7}"
LDSXITRXX,"{""P47481"": 17}"
LDSXKLFSF,"{""P47545"": 4}"
LDSGVFPGC,"{""P47634"": 124}"
LDSGVFPGX,"{""P47634"": 6}"
LDSLLASLL,"{""P47451"": 145}"
LDSTVEVPQ,"{""Q49429"": 107}"
LDSDARAGA,"{""P47294"": 28}"
LDSDAXAGA,"{""P47294"": 7}"
LDSVXFELI,"{""P47282"": 39}"
LDSVRFELI,"{""P47282"": 118}"
LDSKXLFSF,"{""P47545"": 9}"
LDSKXNELX,"{""P47662"": 7}"
LDSKXXXXX,"{""P47545"": 2}"
LDSKITRXX,"{""P47481"": 1}"
LDSQAMMLR,"{""P47615"": 23}"
LDSQAMMLX,"{""P47615"": 7}"
LDHSTPTNY,"{""Q49407"": 106}"
LDHSTPTNX,"{""Q49407"": 7}"
LDHNLCSXC,"{""P47587"": 4}"
LDHNLCSRC,"{""P47587"": 18}"
LDHNLCSRX,"{""P47587"": 1}"
LDHNLXSRC,"{""P47587"": 2}"
LDHNLXSRX,"{""P47587"": 1}"
LDRICMVYT,"{""P47640"": 21}"
LDRICMVXT,"{""P47640"": 1}"
LDRDTSGAI,"{""P47451"": 109}"
LDVTTSELV,"{""P47349"": 132}"
LDVQLEAMQ,"{""P47335"": 139}"
LDVLDDALL,"{""P47695"": 8}"
LDMIVYLAD,"{""P47482"": 137}"
LDMIVXLAD,"{""P47482"": 5}"
LDQYXXELS,"{""Q49434"": 23}"
LDQYXXXXX,"{""Q49434"": 85}"
LDQYXKELS,"{""Q49434"": 2}"
LDQYKXXXX,"{""Q49434"": 3}"
LDQIQLESQ,"{""P47460"": 145}"
LDQDERLIS,"{""P47486"": 26}"
LDQDEXLIS,"{""P47486"": 6}"
LDQLTSGWX,"{""P47340"": 120}"
LDQLTSGWK,"{""P47340"": 1}"
LDQXXXXXX,"{""Q49434"": 4}"
LDQXXXELS,"{""Q49434"": 1}"
LDTPLFSVE,"{""Q49399"": 120}"
LDTGFQPRQ,"{""Q57081"": 5}"
LDKFILPEX,"{""P47534"": 19}"
LDKFILPEK,"{""P47534"": 2}"
LDKXDDQLT,"{""Q49413"": 24}"
LDKXXXXXX,"{""Q49413"": 3, ""P36255"": 1}"
LDKXHLXAV,"{""Q2MHT0"": 3}"
LDKXHLXXX,"{""Q2MHT0"": 1}"
LDKXQLIES,"{""P36255"": 3}"
LDKNSSDFH,"{""P47376"": 3}"
LDKNTXXXX,"{""P47660"": 2}"
LDKNTXHNI,"{""P47660"": 1}"
LDKTIISAQ,"{""P47638"": 8}"
LDKLASLIN,"{""P47270"": 14}"
LDKDNXCSV,"{""P47267"": 1}"
LDKDNRXSV,"{""P47267"": 1}"
LDKDNRCSV,"{""P47267"": 5}"
LDKPQFGDX,"{""P47350"": 4}"
LDKVITSIL,"{""Q49460"": 6}"
LDKVIQXIT,"{""P47576"": 2}"
LDKEIVLIG,"{""P47463"": 1}"
LDGYIYDXX,"{""Q49432"": 1}"
LDGYIYDXR,"{""Q49432"": 2}"
LDGYIYDRR,"{""Q49432"": 4}"
LDGLEQFHP,"{""P47294"": 6}"
LPPNQTEIX,"{""P47340"": 616}"
LPPNQTEIK,"{""P47340"": 26}"
LPPLSLLNV,"{""P47651"": 116}"
LPPEILLQX,"{""P47695"": 122}"
LPPEILLQK,"{""P47695"": 7}"
LPDELSGGM,"{""P47288"": 567}"
LPDIXXXXX,"{""P47261"": 80}"
LPDIXGNIR,"{""P47261"": 19}"
LPDIXGNIX,"{""P47261"": 3}"
LPDRYTEXX,"{""P47453"": 15}"
LPDRYTEXL,"{""P47453"": 3}"
LPDRXTEXX,"{""P47453"": 2}"
LPDXYTEXL,"{""P47453"": 1}"
LPDXYTEXX,"{""P47453"": 2}"
LPXGYDTYI,"{""P47261"": 411}"
LPXGYDTXI,"{""P47261"": 26}"
LPXGXDTYI,"{""P47261"": 27}"
LPXGXDTXI,"{""P47261"": 1}"
LPXYGVANX,"{""P47415"": 481}"
LPXYGVANK,"{""P47415"": 17}"
LPXXXXXXX,"{""P47415"": 90, ""Q49404"": 29, ""P47261"": 127, ""P47342"": 20, ""P47412"": 6}"
LPXXLQQIA,"{""Q49404"": 74}"
LPXXGVANX,"{""P47415"": 19}"
LPXXGVANK,"{""P47415"": 1}"
LPXSLXNTT,"{""P47300"": 5}"
LPXSLXXXX,"{""P47300"": 1}"
LPXNLPLXF,"{""P47412"": 89}"
LPXNLPLXX,"{""P47412"": 10}"
LPXNLPLKF,"{""P47412"": 5}"
LPXVPTELF,"{""P47342"": 93}"
LPXVVXQDI,"{""P36255"": 6}"
LPXVVXXXX,"{""P36255"": 1}"
LPXKLQQIA,"{""Q49404"": 8}"
LPFSFXXXE,"{""P47301"": 66}"
LPFSFXXXX,"{""P47301"": 58}"
LPFSFXXKE,"{""P47301"": 3}"
LPFSFXKXE,"{""P47301"": 3}"
LPFSFKXXE,"{""P47301"": 6}"
LPFDGSVVV,"{""P47321"": 116}"
LPFNSFYAN,"{""P47310"": 105}"
LPFNSFXAN,"{""P47310"": 8}"
LPFLPEALI,"{""P47480"": 116}"
LPFXXXXXX,"{""P47576"": 113, ""P47301"": 92}"
LPFXXXIVN,"{""P47301"": 3}"
LPFXXRIVN,"{""P47301"": 23}"
LPFXTVLIH,"{""P47576"": 6}"
LPFXKRIVN,"{""P47301"": 1}"
LPFRRLLLC,"{""P47251"": 4}"
LPFRXLLLX,"{""P47251"": 1}"
LPFKXXIVN,"{""P47301"": 1}"
LPFKXXXXX,"{""P47301"": 2}"
LPFKXRIVN,"{""P47301"": 2}"
LPSRTDQIF,"{""P22747"": 25}"
LPSEIQAIE,"{""P47566"": 124}"
LPSALDNRP,"{""P47319"": 124}"
LPSALDNXP,"{""P47319"": 30}"
LPSXTDQIF,"{""P22747"": 6}"
LPMHPDYLX,"{""P47631"": 598}"
LPMHPDYLK,"{""P47631"": 17}"
LPMHPDXLX,"{""P47631"": 40}"
LPMHPDXLK,"{""P47631"": 1}"
LPEFXLNYH,"{""P47314"": 102}"
LPEFXLNXH,"{""P47314"": 4}"
LPEFXXXXX,"{""P47314"": 26}"
LPEFKLNYH,"{""P47314"": 5}"
LPEPXVRVS,"{""P47607"": 2}"
LPEPRVRVS,"{""P47607"": 1}"
LPEPRVXVS,"{""P47607"": 1}"
LPNELYFVF,"{""P47588"": 115}"
LPNELXFVF,"{""P47588"": 8}"
LPNELSGGQ,"{""P47311"": 6}"
LPNLIVIDD,"{""P47316"": 682}"
LPNSLSLGG,"{""P47416"": 8}"
LPNGYIFSG,"{""P47658"": 27}"
LPNGXIFSG,"{""P47658"": 1}"
LPVVDIXNT,"{""Q49404"": 109}"
LPVVDIXXX,"{""Q49404"": 18}"
LPVVDIKNT,"{""Q49404"": 7}"
LPVFIENXX,"{""P47372"": 93}"
LPVFIENXD,"{""P47372"": 20}"
LPVFLVLAQ,"{""Q49421"": 145}"
LPVXIXXXX,"{""P47631"": 19}"
LPVXIXVLX,"{""P47631"": 71}"
LPVXIKVLK,"{""P47631"": 1}"
LPVXIKVLX,"{""P47631"": 2}"
LPVXXAINY,"{""P47446"": 65}"
LPVXXAINX,"{""P47446"": 1}"
LPVXXXXXX,"{""P47446"": 32, ""P47631"": 17}"
LPVXKAINY,"{""P47446"": 6}"
LPVTWXLMX,"{""P47404"": 97}"
LPVTWXXXX,"{""P47404"": 31}"
LPVTWKLMX,"{""P47404"": 3}"
LPVSVAAFS,"{""P47363"": 36}"
LPVKIXVLX,"{""P47631"": 2}"
LPVKIXXXX,"{""P47631"": 2}"
LPVKXXXXX,"{""P47446"": 2}"
LPCVVXQDI,"{""P36255"": 86}"
LPCVVXXXX,"{""P36255"": 23}"
LPCVVKQDI,"{""P36255"": 4}"
LPQVWASXX,"{""P47702"": 111}"
LPQVWASXR,"{""P47702"": 19}"
LPQVWASKR,"{""P47702"": 1}"
LPQSLQGIX,"{""P47308"": 146}"
LPQSLQGIK,"{""P47308"": 6}"
LPLVLNGLG,"{""P47411"": 129}"
LPLEQFESE,"{""P47310"": 115}"
LPLITTAFS,"{""P47341"": 121}"
LPLAXQXEM,"{""P47471"": 85}"
LPLAXQXXX,"{""P47471"": 22}"
LPLAXXXXX,"{""P47471"": 21}"
LPLAKQXEM,"{""P47471"": 5}"
LPLAKQXXX,"{""P47471"": 1}"
LPLLRGGAP,"{""P47605"": 28}"
LPLLXGGAP,"{""P47605"": 5}"
LPTQFLSHG,"{""P47267"": 24}"
LPIYXXXXX,"{""P47330"": 107}"
LPIYXXNEV,"{""P47330"": 1}"
LPIYXRNEV,"{""P47330"": 2}"
LPIVTIIXM,"{""P47510"": 90}"
LPIVTIIXX,"{""P47510"": 17}"
LPIVTIIKM,"{""P47510"": 6}"
LPISLVSSP,"{""P47706"": 123}"
LPIXXXXXX,"{""P47330"": 6}"
LPGQLISAS,"{""P47518"": 30}"
LPGFVEQFT,"{""P47561"": 133}"
LPGXFYSSA,"{""P47427"": 3}"
LPGXNELYG,"{""P36263"": 3}"
LPGRNELYG,"{""P36263"": 7}"
LPGRFYSSA,"{""P47427"": 21}"
LPGRFXSSA,"{""P47427"": 2}"
LPKYGVANX,"{""P47415"": 21}"
LPKYGVANK,"{""P47415"": 2}"
LPKGYDTYI,"{""P47261"": 17}"
LPKGXDTXI,"{""P47261"": 1}"
LPKNLPLXF,"{""P47412"": 7}"
LPKNLPLKF,"{""P47412"": 1}"
LPKXGVANX,"{""P47415"": 2}"
LPKXXXXXX,"{""Q49404"": 1}"
LPKVPTELF,"{""P47342"": 5}"
LPRSLXNTT,"{""P47300"": 19}"
LPRSLXXXX,"{""P47300"": 3}"
LAIXSVNNA,"{""P47482"": 107}"
LAIXXXXXX,"{""P47607"": 15, ""P47482"": 21}"
LAIXPXXXX,"{""P47607"": 95}"
LAIXPKXXX,"{""P47607"": 2}"
LAIIEVMGR,"{""P47457"": 116}"
LAIIEVMGX,"{""P47457"": 38}"
LAIVSAWXE,"{""P47317"": 100}"
LAIVSAWXX,"{""P47317"": 22}"
LAIVSAWKE,"{""P47317"": 6}"
LAITXILTX,"{""P47433"": 95}"
LAITXXXXX,"{""P47433"": 22}"
LAITKILTX,"{""P47433"": 5}"
LAIMEQIDG,"{""P47670"": 130}"
LAIARSNVI,"{""P47571"": 31}"
LAIAXSNVI,"{""P47571"": 7}"
LAIKPXXXX,"{""P47607"": 7}"
LAIKSVNNA,"{""P47482"": 2}"
LAKXSWAFL,"{""P20796"": 18}"
LAKXYHPDR,"{""P47442"": 2}"
LAKXYHPDV,"{""P47248"": 1}"
LAKXXXXXX,"{""P47615"": 26, ""P47442"": 4, ""P47394"": 2, ""P20796"": 4}"
LAKXVRQAI,"{""P47615"": 3}"
LAKXVXQAI,"{""P47615"": 1}"
LAKXLFALN,"{""P47394"": 1}"
LAKQAVLNY,"{""P47587"": 20}"
LAKQAVLNX,"{""P47587"": 4}"
LAKQIHQTT,"{""P47549"": 8}"
LAKQLAIAN,"{""P47482"": 6}"
LAKQGKCVI,"{""P47425"": 1}"
LAKQGXCVI,"{""P47425"": 1}"
LAKLDSXXL,"{""P47545"": 7}"
LAKLDSXXX,"{""P47545"": 1}"
LAKLAVITL,"{""P47399"": 6}"
LAKLSXXXX,"{""Q49419"": 4}"
LAKYLNVDX,"{""P47512"": 5}"
LAKNFEXXX,"{""P47416"": 19}"
LAKNFEXSG,"{""P47416"": 1}"
LAKTSATPG,"{""P47577"": 2}"
LAKTXSTMV,"{""P47480"": 2}"
LAKTXXXXX,"{""P47480"": 1}"
LAKTKSTMV,"{""P47480"": 1}"
LAKRYHPDV,"{""P47248"": 8}"
LAKRIASAV,"{""P47574"": 2}"
LAKSNLXQA,"{""P47482"": 6}"
LAKSNLXXX,"{""P47482"": 1}"
LAKSNLKQA,"{""P47482"": 1}"
LAKSTVXFT,"{""P47695"": 5}"
LAKSTVXXX,"{""P47695"": 1}"
LAKELVNKH,"{""P47510"": 2}"
LAKELVNXH,"{""P47510"": 18}"
LAKELVNXX,"{""P47510"": 5}"
LAKETVRID,"{""Q49428"": 1}"
LAKHFNIPE,"{""P47623"": 1}"
LAKHQQNXQ,"{""P47382"": 2}"
LAKGEWVTV,"{""P47306"": 3}"
LAKAWVDWE,"{""P47266"": 8}"
LAKAEXALY,"{""P47491"": 2}"
LAKAERALY,"{""P47491"": 1}"
LAKKSWAFL,"{""P20796"": 2}"
LAMLXXXXX,"{""P47436"": 468}"
LAMLXXGID,"{""P47436"": 6}"
LAMLXYGID,"{""P47436"": 110}"
LAMLKYGID,"{""P47436"": 5}"
LAMLKXGID,"{""P47436"": 1}"
LAMEXXXXX,"{""P47384"": 109}"
LAMEXIIIS,"{""P47384"": 24}"
LAMEKIIIS,"{""P47384"": 4}"
LAMQYHPDX,"{""P47265"": 2}"
LAMQYHPDR,"{""P47265"": 25}"
LAMQXHPDX,"{""P47265"": 1}"
LAMQXHPDR,"{""P47265"": 2}"
LAAVSGTAL,"{""P47318"": 574}"
LAAPLTXXX,"{""P47339"": 111}"
LAAPLTXXA,"{""P47339"": 29}"
LAAPLTKXA,"{""P47339"": 3}"
LAAPLTKXX,"{""P47339"": 5}"
LAAAVIILT,"{""P47458"": 602}"
LAAELLXDI,"{""P47250"": 118}"
LAAELLXXX,"{""P47250"": 23}"
LAAELLKDI,"{""P47250"": 2}"
LAAIXADEX,"{""P47318"": 92}"
LAAIXXXXX,"{""P47318"": 32}"
LAAIKADEX,"{""P47318"": 5}"
LAARELXXX,"{""P47604"": 23}"
LAARELKXX,"{""P47604"": 1}"
LAANNHSLE,"{""P47534"": 125}"
LAANLEWLS,"{""P47366"": 32}"
LAAXELXXX,"{""P47604"": 4}"
LAAXELKXX,"{""P47604"": 1}"
LAXXXXXXX,"{""P47491"": 522, ""P47615"": 475, ""P47248"": 478, ""Q49419"": 600, ""P47520"": 104, ""P47694"": 86, ""P47394"": 105, ""P47382"": 20, ""P47695"": 26, ""P20796"": 187, ""P47623"": 85, ""P47577"": 92, ""P47399"": 20, ""P47698"": 125, ""Q49428"": 119, ""P47416"": 165, ""P47574"": 75, ""P47587"": 93, ""P47510"": 106, ""P47425"": 20, ""P55750"": 16, ""P47442"": 90, ""P47266"": 22, ""P47512"": 11, ""P47482"": 46, ""P47545"": 10, ""P47549"": 23, ""P47306"": 13, ""P47480"": 9}"
LAXXXHPDV,"{""P47248"": 1}"
LAXXVRQAI,"{""P47615"": 89}"
LAXXVXQAI,"{""P47615"": 19}"
LAXXSWAFL,"{""P20796"": 391}"
LAXXLFALN,"{""P47394"": 23}"
LAXXLNVDX,"{""P47512"": 3}"
LAXXYHPDV,"{""P47248"": 17}"
LAXXYHPDR,"{""P47442"": 16}"
LAXXYHPDX,"{""P47442"": 3}"
LAXXIASAV,"{""P47574"": 5}"
LAXXGIISL,"{""P55750"": 8}"
LAXQAVLNY,"{""P47587"": 475}"
LAXQAVLNX,"{""P47587"": 17}"
LAXQIHQTT,"{""P47549"": 118}"
LAXQGXCVI,"{""P47425"": 78}"
LAXQGXXVI,"{""P47425"": 6}"
LAXQGXXXX,"{""P47425"": 11}"
LAXQGKCVI,"{""P47425"": 1}"
LAXQLAIAN,"{""P47482"": 100}"
LAXNFEXXX,"{""P47416"": 447}"
LAXNFEXSG,"{""P47416"": 18}"
LAXELVNKH,"{""P47510"": 19}"
LAXELVNXH,"{""P47510"": 409}"
LAXELVNXX,"{""P47510"": 84}"
LAXENXLMQ,"{""P47281"": 23}"
LAXENXXXX,"{""P47281"": 1}"
LAXENKLMQ,"{""P47281"": 2}"
LAXETVRID,"{""Q49428"": 3}"
LAXETVXID,"{""Q49428"": 1}"
LAXAWVDWE,"{""P47266"": 96}"
LAXAERALY,"{""P47491"": 18}"
LAXAERALX,"{""P47491"": 2}"
LAXAEXALX,"{""P47491"": 1}"
LAXAEXALY,"{""P47491"": 3}"
LAXTXSTMV,"{""P47480"": 62}"
LAXTXXXXX,"{""P47480"": 15}"
LAXTSATPG,"{""P47577"": 27}"
LAXTKSTMV,"{""P47480"": 5}"
LAXGEWVTV,"{""P47306"": 116}"
LAXSNLXQA,"{""P47482"": 80}"
LAXSNLXXX,"{""P47482"": 13}"
LAXSNLKQA,"{""P47482"": 4}"
LAXSTVKFT,"{""P47695"": 6}"
LAXSTVXFT,"{""P47695"": 81}"
LAXSTVXXX,"{""P47695"": 15}"
LAXSGRYSE,"{""P47520"": 14}"
LAXSGRXSE,"{""P47520"": 3}"
LAXSGXYSE,"{""P47520"": 3}"
LAXFSXANE,"{""P47455"": 19}"
LAXFSXXXX,"{""P47455"": 5}"
LAXRIASAV,"{""P47574"": 14}"
LAXRYHPDV,"{""P47248"": 74}"
LAXRXHPDV,"{""P47248"": 3}"
LAXHQQNXQ,"{""P47382"": 68}"
LAXHQQNXX,"{""P47382"": 16}"
LAXHQQNKQ,"{""P47382"": 3}"
LAXHFNIPE,"{""P47623"": 32}"
LAXLDSXXL,"{""P47545"": 54}"
LAXLDSXXX,"{""P47545"": 29}"
LAXLDSXKL,"{""P47545"": 3}"
LAXLDSKXL,"{""P47545"": 3}"
LAXLSXXXX,"{""Q49419"": 85}"
LAXLSXXER,"{""Q49419"": 1}"
LAXLSKXXX,"{""Q49419"": 6}"
LAXLAVITL,"{""P47399"": 94}"
LAXLNXFTD,"{""P47264"": 24}"
LAXLNXXXX,"{""P47264"": 10}"
LAXYLNVDX,"{""P47512"": 104}"
LAXYLNVDK,"{""P47512"": 1}"
LAXKSWAFL,"{""P20796"": 20}"
LAXKVRQAI,"{""P47615"": 2}"
LAXKVXQAI,"{""P47615"": 2}"
LAXKGIISL,"{""P55750"": 1}"
LAXWLEXXY,"{""P47294"": 8}"
LAXWLEXXX,"{""P47294"": 1}"
LAXVQTLXE,"{""P47525"": 7}"
LAXVQTLXX,"{""P47525"": 1}"
LAEDALDIM,"{""P47647"": 131}"
LAEDQQINL,"{""P47486"": 133}"
LAETQDNEF,"{""P35888"": 619}"
LAETQVXPV,"{""Q49415"": 116}"
LAETQVXXX,"{""Q49415"": 17}"
LAETQVKPV,"{""Q49415"": 4}"
LAENXXXXX,"{""P47572"": 94}"
LAENXNIVM,"{""P47572"": 27}"
LAENSIQKV,"{""P47368"": 4}"
LAENSIQXV,"{""P47368"": 101}"
LAENSIQXX,"{""P47368"": 20}"
LAENKNIVM,"{""P47572"": 3}"
LAEEIENIL,"{""P47388"": 131}"
LAEEDPTFX,"{""P47335"": 123}"
LAEEDPTFK,"{""P47335"": 1}"
LAELDDVAX,"{""P47460"": 604}"
LAELDDVAK,"{""P47460"": 23}"
LAEXXXXXX,"{""P47460"": 33}"
LAEXNNQVX,"{""P47460"": 92}"
LAEXNNQVK,"{""P47460"": 2}"
LAEXNQPFI,"{""P47551"": 3}"
LAEQFQLPD,"{""P47376"": 127}"
LAEQXYQTE,"{""P47460"": 5}"
LAEQXXXXX,"{""P47460"": 120}"
LAEINAXYX,"{""P47702"": 102}"
LAEINAXYK,"{""P47702"": 2}"
LAEINAXXX,"{""P47702"": 26}"
LAEINAKYK,"{""P47702"": 1}"
LAEINAKYX,"{""P47702"": 3}"
LAEIELTFD,"{""P47540"": 7}"
LAERNQPFI,"{""P47551"": 9}"
LAEKNNQVX,"{""P47460"": 8}"
LAYLNXFTD,"{""P47264"": 486}"
LAYLNXXXX,"{""P47264"": 96}"
LAYLNKFTD,"{""P47264"": 22}"
LAYFSXANE,"{""P47455"": 499}"
LAYFSXXXX,"{""P47455"": 85}"
LAYFSKANE,"{""P47455"": 29}"
LAYWLEXKY,"{""P47294"": 4}"
LAYWLEXXY,"{""P47294"": 85}"
LAYWLEXXX,"{""P47294"": 41}"
LAYWLEKXY,"{""P47294"": 4}"
LAFGETLFF,"{""P47264"": 113}"
LAFGEXXXX,"{""P47342"": 132}"
LAFGEXGIQ,"{""P47342"": 4}"
LAFQAAQVF,"{""P47625"": 114}"
LAFEIIYGV,"{""P47399"": 122}"
LAFEIIXGV,"{""P47399"": 5}"
LAFDLAFEY,"{""P47535"": 108}"
LAFDLAFEX,"{""P47535"": 3}"
LAFDLIEXX,"{""P47700"": 87}"
LAFDLIEXN,"{""P47700"": 21}"
LAFDLIEKN,"{""P47700"": 1}"
LAFDPLEAG,"{""P55825"": 28}"
LAFVGXGIT,"{""P47631"": 96}"
LAFVGXXXX,"{""P47631"": 17}"
LAFVGKGIT,"{""P47631"": 7}"
LAFNSXNXL,"{""P47446"": 79}"
LAFNSXNXX,"{""P47446"": 11}"
LAFNSXNKL,"{""P47446"": 1}"
LAFNSXXXX,"{""P47446"": 20}"
LAFNSKNXX,"{""P47446"": 1}"
LAFNSKNXL,"{""P47446"": 4}"
LAFNXVSFS,"{""P47311"": 114}"
LAFNXXXXX,"{""P47311"": 18}"
LAFNKVSFS,"{""P47311"": 7}"
LATITNHDL,"{""P47319"": 577}"
LATYQYIDM,"{""Q49398"": 571}"
LATYQXIDM,"{""Q49398"": 32}"
LATQIGSQL,"{""P47660"": 614}"
LATFLXNLD,"{""P47607"": 94}"
LATFLXXXX,"{""P47607"": 30}"
LATFLKNLD,"{""P47607"": 4}"
LATDFTNLN,"{""P47460"": 120}"
LATLEEVNL,"{""Q49419"": 140}"
LATVTSASA,"{""P47431"": 119}"
LATXQYIDM,"{""Q49398"": 20}"
LATXQXIDM,"{""Q49398"": 2}"
LASLFHLNF,"{""P47329"": 625}"
LASLVSXXP,"{""P47446"": 92}"
LASLVSXXX,"{""P47446"": 40}"
LASLVSXKP,"{""P47446"": 2}"
LASLVSKXP,"{""P47446"": 5}"
LASLINPEX,"{""P47270"": 93}"
LASLINPEK,"{""P47270"": 1}"
LASFFASLX,"{""Q49431"": 616}"
LASFFASLK,"{""Q49431"": 20}"
LASGHVGEA,"{""P47647"": 113}"
LASTVDXXX,"{""P47348"": 14}"
LASTVDXSE,"{""P47348"": 105}"
LASTVDKSE,"{""P47348"": 8}"
LASETEIQX,"{""P47520"": 106}"
LASASAQNY,"{""P47480"": 116}"
LASASAQNX,"{""P47480"": 7}"
LASVNELSQ,"{""P47448"": 119}"
LASSLTSXR,"{""P47502"": 16}"
LASSLTSXX,"{""P47502"": 106}"
LASSLTSKR,"{""P47502"": 1}"
LASQQATXE,"{""Q49411"": 111}"
LASQQATXX,"{""Q49411"": 21}"
LASQQATKE,"{""Q49411"": 5}"
LANLISFNX,"{""P47612"": 593}"
LANLISFNK,"{""P47612"": 20}"
LANLVPNTE,"{""P47481"": 100}"
LANWSQLTY,"{""P47606"": 92}"
LANWSQLTX,"{""P47606"": 9}"
LANWVFWFE,"{""P47320"": 150}"
LANDSXXXX,"{""P47576"": 85}"
LANDSXQEL,"{""P47576"": 25}"
LANDSKQEL,"{""P47576"": 2}"
LANYVFSDD,"{""P47506"": 127}"
LANGDIAII,"{""P47480"": 113}"
LANRLGYTF,"{""P47281"": 103}"
LANRLGXTF,"{""P47281"": 6}"
LANIIAQAQ,"{""Q49460"": 139}"
LANXRMDIS,"{""P47310"": 19}"
LANXXMDIS,"{""P47310"": 5}"
LANXXXXXX,"{""P47310"": 104}"
LANXVFSDD,"{""P47506"": 4}"
LANXLGYTF,"{""P47281"": 32}"
LANSFIEMT,"{""Q49427"": 6}"
LANKRMDIS,"{""P47310"": 1}"
LAHLSLXXX,"{""Q49427"": 133}"
LAHLSLXSD,"{""Q49427"": 444}"
LAHLSLKSD,"{""Q49427"": 23}"
LAHGELDXP,"{""P47405"": 103}"
LAHGELDXX,"{""P47405"": 20}"
LAHGELDKP,"{""P47405"": 2}"
LADXNFFCG,"{""Q49434"": 481}"
LADXNFFXG,"{""Q49434"": 22}"
LADXXXXXX,"{""Q49411"": 164, ""Q49434"": 105}"
LADXXXSYI,"{""Q49411"": 4}"
LADXCXXXX,"{""Q49411"": 341}"
LADXCXSYI,"{""Q49411"": 102}"
LADXCXSXI,"{""Q49411"": 5}"
LADXCKSYI,"{""Q49411"": 6}"
LADXLDNIA,"{""P47520"": 12}"
LADXTTXDP,"{""P47249"": 1}"
LADLSFXVL,"{""P47520"": 106}"
LADLSFXXX,"{""P47520"": 12}"
LADLSFKVL,"{""P47520"": 4}"
LADDEQSGV,"{""P47456"": 129}"
LADNILIGG,"{""P47542"": 102}"
LADRLDNIA,"{""P47520"": 18}"
LADCTTRDP,"{""P47249"": 25}"
LADCTTXDP,"{""P47249"": 6}"
LADGHMTGW,"{""P47357"": 132}"
LADKCXXXX,"{""Q49411"": 12}"
LADKCXSYI,"{""Q49411"": 4}"
LADKNFFCG,"{""Q49434"": 18}"
LADKNFFXG,"{""Q49434"": 2}"
LADKXXSYI,"{""Q49411"": 2}"
LADKXXXXX,"{""Q49411"": 1}"
LAVITLPXX,"{""P47399"": 18}"
LAVITLPXG,"{""P47399"": 106}"
LAVITLPKG,"{""P47399"": 4}"
LAVIGMPNV,"{""Q49435"": 627}"
LAVMNEXIF,"{""P47297"": 8}"
LAVMNEYIF,"{""P47297"": 104}"
LAVVFVSLI,"{""P47324"": 563}"
LAVLXXXXX,"{""P36255"": 107}"
LAVLXLYXE,"{""P36255"": 7}"
LAVLXLYRE,"{""P36255"": 24}"
LAVLXLXRE,"{""P36255"": 2}"
LAVLKLYXE,"{""P36255"": 1}"
LAVLKLYRE,"{""P36255"": 1}"
LAVQRNLIX,"{""P47703"": 20}"
LAVQTVXXX,"{""P47397"": 18}"
LAVQTVXAP,"{""P47397"": 99}"
LAVQTVKAP,"{""P47397"": 4}"
LAVQFLEXX,"{""P47688"": 120}"
LAVQFLEXK,"{""P47688"": 2}"
LAVQFLEKX,"{""P47688"": 5}"
LAVQXNLIX,"{""P47703"": 6}"
LAVXXXXXX,"{""P47657"": 81, ""P47429"": 7, ""P47700"": 3}"
LAVXXXLAF,"{""P47700"": 3}"
LAVXXRNLM,"{""P47429"": 1}"
LAVXAANLI,"{""P47657"": 32}"
LAVXSLISS,"{""P47583"": 6}"
LAVYKRNLM,"{""P47429"": 1}"
LAVYKXLAF,"{""P47700"": 3}"
LAVYXXXXX,"{""P47429"": 92, ""P47700"": 31}"
LAVYXXLAF,"{""P47700"": 66}"
LAVYXXNLM,"{""P47429"": 2}"
LAVYXRNLM,"{""P47429"": 4}"
LAVYXKLAF,"{""P47700"": 2}"
LAVFLIILV,"{""P47521"": 30}"
LAVFSDNLQ,"{""P47455"": 117}"
LAVRSLISS,"{""P47583"": 27}"
LAVTNNHIV,"{""P22747"": 31}"
LAVKAANLI,"{""P47657"": 2}"
LACENXLMQ,"{""P47281"": 435}"
LACENXXXX,"{""P47281"": 122}"
LACENKLMQ,"{""P47281"": 27}"
LAPVLRNFY,"{""P47551"": 120}"
LAPVLRNFX,"{""P47551"": 7}"
LAPVLXNFX,"{""P47551"": 2}"
LAPVLXNFY,"{""P47551"": 25}"
LAPCQTXXT,"{""P47445"": 70}"
LAPCQTXXX,"{""P47445"": 33}"
LAPCQTXKT,"{""P47445"": 3}"
LAPCQTKXT,"{""P47445"": 2}"
LAPLHNXXX,"{""P47599"": 16}"
LAPLHNXPE,"{""P47599"": 117}"
LAPLHNKPE,"{""P47599"": 4}"
LAPXQTXXT,"{""P47445"": 2}"
LAPXQTXXX,"{""P47445"": 2}"
LALNXXXXX,"{""P47567"": 103}"
LALNXFCSX,"{""P47567"": 5}"
LALNXFCSR,"{""P47567"": 4}"
LALNQLVDQ,"{""P47465"": 115}"
LALNNQVFN,"{""P47264"": 117}"
LALIEIAVM,"{""P47506"": 23}"
LALIASXTD,"{""P47246"": 100}"
LALIASXXX,"{""P47246"": 30}"
LALIASKTD,"{""P47246"": 3}"
LALLECHYA,"{""P47266"": 123}"
LALLECHXA,"{""P47266"": 3}"
LALLEXHYA,"{""P47266"": 6}"
LALLRSLQF,"{""P47618"": 126}"
LALLXSLQF,"{""P47618"": 33}"
LALLALERX,"{""P47456"": 20}"
LALLALERK,"{""P47456"": 1}"
LALLALEXX,"{""P47456"": 4}"
LALLALEXK,"{""P47456"": 1}"
LALASVLAM,"{""P47545"": 617}"
LALGQYITV,"{""P47271"": 127}"
LALGQXITV,"{""P47271"": 13}"
LALFDQXAX,"{""P47408"": 114}"
LALFDQXAK,"{""P47408"": 5}"
LALFDQXXX,"{""P47408"": 19}"
LALFDQKAK,"{""P47408"": 1}"
LALFDQKAX,"{""P47408"": 4}"
LALXXXXXX,"{""Q49407"": 13, ""P47484"": 81, ""Q49427"": 27}"
LALXTHGSA,"{""Q49427"": 94}"
LALXEXIXL,"{""P47484"": 11}"
LALXERIXL,"{""P47484"": 21}"
LALXERIXX,"{""P47484"": 5}"
LALXDGEIS,"{""Q49407"": 103}"
LALTNLIAX,"{""P47371"": 134}"
LALTNLIAK,"{""P47371"": 7}"
LALPLXXXX,"{""Q9ZB70"": 103}"
LALPLXXXF,"{""Q9ZB70"": 2}"
LALPLXXRF,"{""Q9ZB70"": 5}"
LALPLKXXX,"{""Q9ZB70"": 5}"
LALELGKFX,"{""P47473"": 8}"
LALELGXFX,"{""P47473"": 110}"
LALELGXFK,"{""P47473"": 4}"
LALELGXXX,"{""P47473"": 30}"
LALKTHGSA,"{""Q49427"": 7}"
LALKDGEIS,"{""Q49407"": 2}"
LAQXXXXXX,"{""P47372"": 80}"
LAQXXNSNN,"{""P47372"": 9}"
LAQXRNSNN,"{""P47372"": 18}"
LAQXHEYHL,"{""P57085"": 6}"
LAQEXQLDL,"{""P47438"": 108}"
LAQEXQIIN,"{""Q49460"": 26}"
LAQEXXXXX,"{""Q49460"": 105, ""P47438"": 20}"
LAQEKQLDL,"{""P47438"": 4}"
LAQQNALIN,"{""Q49404"": 121}"
LAQTNXEIX,"{""P47702"": 98}"
LAQTNXEIK,"{""P47702"": 4}"
LAQTNXXXX,"{""P47702"": 23}"
LAQTNKEIX,"{""P47702"": 1}"
LAQRHEYHL,"{""P57085"": 25}"
LAQRHEXHL,"{""P57085"": 1}"
LAGGLHGVG,"{""P47445"": 135}"
LAGEIXVPY,"{""Q49434"": 85}"
LAGEIXVPX,"{""Q49434"": 4}"
LAGEIXXXX,"{""Q49434"": 27}"
LAGEIKVPY,"{""Q49434"": 7}"
LAGXVGQEI,"{""P47474"": 121}"
LAGXXPWDD,"{""P47647"": 2}"
LAGXXXXXX,"{""P47474"": 21, ""P47647"": 1}"
LAGXHGNXG,"{""P47583"": 6}"
LAGXHGNXX,"{""P47583"": 1}"
LAGXHGNKG,"{""P47583"": 1}"
LAGXKPWDD,"{""P47647"": 1}"
LAGYXPWDD,"{""P47647"": 103}"
LAGYXXXXX,"{""P47647"": 23}"
LAGYKPWDD,"{""P47647"": 7}"
LAGRHGNXG,"{""P47583"": 16}"
LAGRHGNXX,"{""P47583"": 7}"
LAGKVGQEI,"{""P47474"": 2}"
LARXXXXXX,"{""P55750"": 92}"
LARXGIISL,"{""P55750"": 23}"
LARVQTLXE,"{""P47525"": 19}"
LARVQTLXX,"{""P47525"": 2}"
LARKGIISL,"{""P55750"": 1}"
LAWEXELSA,"{""P47394"": 106}"
LAWEXXXXX,"{""P47394"": 24}"
LAWEKELSA,"{""P47394"": 4}"
LMQXXXXXX,"{""P47282"": 577}"
LMQXELYCI,"{""P47604"": 38}"
LMQXELXCI,"{""P47604"": 1}"
LMQXRLLLR,"{""P47282"": 7}"
LMQRELYCI,"{""P47604"": 108}"
LMQRELYXI,"{""P47604"": 4}"
LMQRELXCI,"{""P47604"": 11}"
LMQAVAQNS,"{""P47340"": 614}"
LMQSIAXSF,"{""P47297"": 96}"
LMQSIAXXX,"{""P47297"": 30}"
LMQSIAKSF,"{""P47297"": 4}"
LMQEANFPL,"{""P47281"": 125}"
LMIFLXXXX,"{""P47669"": 110}"
LMIWLETXX,"{""P47376"": 94}"
LMIWLETXN,"{""P47376"": 510}"
LMIWLETKN,"{""P47376"": 19}"
LMILVDVNQ,"{""P47396"": 639}"
LMXXXXXXX,"{""P47312"": 602, ""Q49402"": 86, ""P47264"": 112, ""P47404"": 100, ""P47261"": 119, ""P47294"": 19, ""P47260"": 20, ""P47251"": 2, ""P47637"": 6}"
LMXXQAFLF,"{""P47637"": 26}"
LMXXTSPFI,"{""P47264"": 2}"
LMXXNLQQL,"{""P47251"": 6}"
LMXLIDCVF,"{""Q49402"": 21}"
LMXLIDXVF,"{""Q49402"": 1}"
LMXNXXXXX,"{""P47261"": 434}"
LMXNXTSFI,"{""P47261"": 30}"
LMXNXSLYQ,"{""P47260"": 3}"
LMXNCSLYQ,"{""P47260"": 89}"
LMXNCSLXQ,"{""P47260"": 7}"
LMXNFXDGS,"{""P47642"": 12}"
LMXNFXXXX,"{""P47642"": 1}"
LMXNKTSFI,"{""P47261"": 2}"
LMXEWNXMQ,"{""P47294"": 94}"
LMXEWNXXX,"{""P47294"": 15}"
LMXEWNKMQ,"{""P47294"": 5}"
LMXPQDTQN,"{""P47283"": 7}"
LMXMGRVHY,"{""P47684"": 1}"
LMENXXQET,"{""P47480"": 60}"
LMENXXXXX,"{""P47480"": 41}"
LMENXKQET,"{""P47480"": 2}"
LMENKXQET,"{""P47480"": 3}"
LMENKXXXX,"{""P47480"": 1}"
LMEQXXXXX,"{""P47284"": 45}"
LMEQXXLLF,"{""P47284"": 85}"
LMEQXKLLF,"{""P47284"": 5}"
LMEQKXLLF,"{""P47284"": 3}"
LMETGFNRN,"{""Q49428"": 18}"
LMETGFNXN,"{""Q49428"": 11}"
LMNFXNVDI,"{""P47325"": 108}"
LMNFXXXXX,"{""P47325"": 20}"
LMNFKNVDI,"{""P47325"": 7}"
LMNSLNIDP,"{""P47282"": 532}"
LMNLXXXXX,"{""P47529"": 20}"
LMNLXNLAD,"{""P47529"": 92}"
LMNLKNLAD,"{""P47529"": 1}"
LMDIGVXXX,"{""P47302"": 26}"
LMDIGVXLX,"{""P47302"": 93}"
LMDIGVXLK,"{""P47302"": 2}"
LMDIGVKLX,"{""P47302"": 1}"
LMSFXNNEI,"{""Q49424"": 118}"
LMSFXXXXX,"{""Q49424"": 30}"
LMSFKNNEI,"{""Q49424"": 5}"
LMWXXXXXX,"{""P47267"": 89}"
LMWXTLNIS,"{""P47267"": 36}"
LMWKTLNIS,"{""P47267"": 1}"
LMCXQAFLF,"{""P47637"": 439}"
LMCXXXXXX,"{""P47637"": 138}"
LMCKQAFLF,"{""P47637"": 19}"
LMFEXXXXX,"{""P47357"": 112}"
LMLNETFAS,"{""P47308"": 119}"
LMLLXXXXX,"{""P47487"": 95}"
LMLLXXAEL,"{""P47487"": 7}"
LMLLXRAEL,"{""P47487"": 19}"
LMLLKRAEL,"{""P47487"": 1}"
LMLQXAXLG,"{""P47269"": 89}"
LMLQXAXXX,"{""P47269"": 14}"
LMLQXAKLG,"{""P47269"": 8}"
LMLQXXXXX,"{""P47269"": 28}"
LMLQKAXLG,"{""P47269"": 3}"
LMLQSERGG,"{""P47564"": 26}"
LMLQSEXGG,"{""P47564"": 6}"
LMMGCSVXX,"{""Q49408"": 15}"
LMMGCSVXG,"{""Q49408"": 101}"
LMMGCSVKG,"{""Q49408"": 4}"
LMMGXSVXX,"{""Q49408"": 1}"
LMMGXSVXG,"{""Q49408"": 3}"
LMMILNQTD,"{""P47282"": 149}"
LMGTSNXVX,"{""P47547"": 488}"
LMGTSNXVK,"{""P47547"": 20}"
LMGTSNXXX,"{""P47547"": 95}"
LMGTSNKVX,"{""P47547"": 20}"
LMGTSNKVK,"{""P47547"": 2}"
LMGXXXXXX,"{""Q49398"": 102}"
LMGXDGRXL,"{""Q49398"": 18}"
LMGXDGRXX,"{""Q49398"": 2}"
LMGXDGXXL,"{""Q49398"": 3}"
LMYPQDTQN,"{""P47283"": 164}"
LMTVVVQXD,"{""P47317"": 27}"
LMTVVVQXX,"{""P47317"": 82}"
LMTVVVQKD,"{""P47317"": 2}"
LMVGSFSTX,"{""P47317"": 106}"
LMVGDRVQL,"{""P47356"": 35}"
LMVGDXVQL,"{""P47356"": 4}"
LMAFLITRP,"{""P47487"": 12}"
LMAFLITXP,"{""P47487"": 5}"
LMPTLESGV,"{""P47394"": 140}"
LMRXNLQQL,"{""P47251"": 22}"
LMRXXXXXX,"{""P47251"": 2}"
LMRNFXDGS,"{""P47642"": 17}"
LMRNFXXXX,"{""P47642"": 2}"
LMRNFKDGS,"{""P47642"": 2}"
LMRMGRVHY,"{""P47684"": 1}"
LMRMGRVHX,"{""P47684"": 1}"
LMKNXXXXX,"{""P47261"": 24}"
LMKNCSLYQ,"{""P47260"": 4}"
LMKXXXXXX,"{""P47264"": 3}"
LMKEWNKMQ,"{""P47294"": 2}"
LMKEWNXMQ,"{""P47294"": 1}"
LMKEWNXXX,"{""P47294"": 1}"
LMKLIDCVF,"{""Q49402"": 1}"
LTSPDFLKL,"{""P47589"": 15}"
LTSPDFLXL,"{""P47589"": 546}"
LTSPDFLXX,"{""P47589"": 88}"
LTSPEFQXA,"{""P47370"": 96}"
LTSPEFQXX,"{""P47370"": 20}"
LTSPEFQKA,"{""P47370"": 7}"
LTSANDSVL,"{""Q49401"": 645}"
LTSNLLNYX,"{""P47264"": 101}"
LTSNLLNYK,"{""P47264"": 5}"
LTSNLLNXX,"{""P47264"": 4}"
LTSLVYDIA,"{""P47655"": 568}"
LTSLVXDIA,"{""P47655"": 27}"
LTSLILXXX,"{""Q49399"": 91}"
LTSLILXXY,"{""Q49399"": 21}"
LTSLILKXX,"{""Q49399"": 1}"
LTSLILKXY,"{""Q49399"": 3}"
LTSFEFXKI,"{""P47374"": 8}"
LTSFEFXXI,"{""P47374"": 103}"
LTSFEFXXX,"{""P47374"": 25}"
LTSFEFKXI,"{""P47374"": 6}"
LTSFEFKKI,"{""P47374"": 1}"
LTSFIQPEA,"{""P47464"": 151}"
LTSYTDIXL,"{""P47530"": 95}"
LTSYTDIXX,"{""P47530"": 14}"
LTSYTDIKL,"{""P47530"": 3}"
LTSIDXXXX,"{""P47250"": 77}"
LTSIDXXRL,"{""P47250"": 2}"
LTSIDXYRL,"{""P47250"": 11}"
LTSIDXYXL,"{""P47250"": 7}"
LTSIDKYRL,"{""P47250"": 1}"
LTSSIFLHV,"{""P47690"": 115}"
LTSXTDIXL,"{""P47530"": 6}"
LTSXTDIXX,"{""P47530"": 2}"
LTSXTDIKL,"{""P47530"": 1}"
LTSXTTELN,"{""P47549"": 1}"
LTSDSAVXK,"{""P47668"": 1}"
LTSDSAVXX,"{""P47668"": 7}"
LTSDSAVRX,"{""P47668"": 14}"
LTSDSAVRK,"{""P47668"": 1}"
LTSRTTELN,"{""P47549"": 5}"
LTLDXQAVF,"{""P47668"": 459}"
LTLDXXXXX,"{""P47668"": 133}"
LTLDIGIDY,"{""P47418"": 109}"
LTLDIGIDX,"{""P47418"": 5}"
LTLDKQAVF,"{""P47668"": 21}"
LTLSYFNXY,"{""Q49421"": 98}"
LTLSYFNXX,"{""Q49421"": 27}"
LTLSYFNKY,"{""Q49421"": 8}"
LTLSXFNXX,"{""Q49421"": 2}"
LTLSXFNXY,"{""Q49421"": 6}"
LTLQAEXXX,"{""P47540"": 115}"
LTLQAEXAQ,"{""P47540"": 17}"
LTLQAEKAQ,"{""P47540"": 2}"
LTLLTLASA,"{""P47652"": 121}"
LTLHLXXDQ,"{""P47369"": 92}"
LTLHLXXXX,"{""P47369"": 30}"
LTLHLXKDQ,"{""P47369"": 3}"
LTLHLKXDQ,"{""P47369"": 1}"
LTLVVTRVD,"{""P47458"": 30}"
LTLVVTXVD,"{""P47458"": 9}"
LTLXEQSAF,"{""P47357"": 116}"
LTLXXXXXX,"{""P47357"": 18}"
LTLXDVIAC,"{""P47277"": 7}"
LTLETLDEL,"{""P47368"": 131}"
LTLEDNFVT,"{""P47249"": 3}"
LTLKEQSAF,"{""P47357"": 10}"
LTLRDVIAC,"{""P47277"": 31}"
LTLRDVIAX,"{""P47277"": 2}"
LTNFTDXTV,"{""P47441"": 90}"
LTNFTDXXX,"{""P47441"": 25}"
LTNFTDKTV,"{""P47441"": 6}"
LTNGXIEVL,"{""P47660"": 510}"
LTNGXXXXX,"{""P47660"": 105, ""P47284"": 96}"
LTNGXMHVT,"{""P47284"": 22}"
LTNGKIEVL,"{""P47660"": 23}"
LTNGKMHVT,"{""P47284"": 1}"
LTNGFEVLA,"{""P47333"": 38}"
LTNLNNRVV,"{""P47413"": 115}"
LTNLNNXVV,"{""P47413"": 34}"
LTNDMYNID,"{""P47261"": 628}"
LTNDMXNID,"{""P47261"": 36}"
LTNDVYLME,"{""P47260"": 3}"
LTNDVXLME,"{""P47260"": 1}"
LTNIVEVDG,"{""P47543"": 125}"
LTNSSNVIF,"{""P47609"": 138}"
LTNXELEIT,"{""P47394"": 109}"
LTNXAMYGN,"{""P47549"": 88}"
LTNXAMXGN,"{""P47549"": 2}"
LTNXXXXXX,"{""P47394"": 23, ""P47549"": 17}"
LTNTPLSAN,"{""P20796"": 120}"
LTNPSDGXF,"{""P47666"": 6}"
LTNPSDGYF,"{""P47666"": 163}"
LTNKAMYGN,"{""P47549"": 7}"
LTNKAMXGN,"{""P47549"": 1}"
LTNKELEIT,"{""P47394"": 5}"
LTTTXXXXX,"{""P47480"": 575}"
LTTYXITNS,"{""P47337"": 466}"
LTTYXXXXX,"{""P47337"": 101}"
LTTYKITNS,"{""P47337"": 25}"
LTTXIIISQ,"{""P47260"": 117}"
LTTXXXXXX,"{""P47260"": 17, ""P47337"": 6}"
LTTXXITNS,"{""P47337"": 36}"
LTTXDXXXX,"{""P47656"": 4}"
LTTXKITNS,"{""P47337"": 3}"
LTTNTFFNT,"{""P47548"": 116}"
LTTNPQVQQ,"{""P47442"": 114}"
LTTSNXTPX,"{""P47365"": 107}"
LTTSNXTPK,"{""P47365"": 2}"
LTTSNXXXX,"{""P47365"": 21}"
LTTSNKTPX,"{""P47365"": 5}"
LTTPIHFEV,"{""P47415"": 120}"
LTTEIEIDF,"{""Q49407"": 113}"
LTTLDXXFX,"{""P47284"": 109}"
LTTLDXXXX,"{""P47284"": 42}"
LTTLDXKFX,"{""P47284"": 1}"
LTTLDKXFX,"{""P47284"": 4}"
LTTLDKXXX,"{""P47284"": 1}"
LTTLXINSS,"{""P47655"": 105}"
LTTLXXXXX,"{""P47655"": 13}"
LTTWLXXXX,"{""P47564"": 110}"
LTTWLXXIG,"{""P47564"": 19}"
LTTWLXKIG,"{""P47564"": 2}"
LTTWLKKIG,"{""P47564"": 1}"
LTTWLKXXX,"{""P47564"": 3}"
LTTGTLTIN,"{""P47464"": 110}"
LTTGNAXXX,"{""P22747"": 1}"
LTTGNAXRX,"{""P22747"": 2}"
LTTGNAYRX,"{""P22747"": 20}"
LTTGNAYRK,"{""P22747"": 1}"
LTTGNAYXX,"{""P22747"": 2}"
LTTQAISLI,"{""P47533"": 117}"
LTTVYXXXX,"{""P47508"": 112}"
LTTVYXLRD,"{""P47508"": 1}"
LTTVXXXXX,"{""P47508"": 8}"
LTTRDXXXX,"{""P47656"": 23}"
LTTRDXXAX,"{""P47656"": 4}"
LTTRDXRAX,"{""P47656"": 9}"
LTTKIIISQ,"{""P47260"": 7}"
LTIVSVTVF,"{""P47261"": 563}"
LTIENIXXX,"{""Q49430"": 601}"
LTIENIXSF,"{""Q49430"": 6}"
LTINXLNTV,"{""P47500"": 94}"
LTINXXXXX,"{""P47500"": 24}"
LTINKLNTV,"{""P47500"": 2}"
LTITFXENE,"{""P47277"": 94}"
LTITFXXXX,"{""P47277"": 16}"
LTITFKENE,"{""P47277"": 3}"
LTITIIMSS,"{""P47649"": 37}"
LTIDMVFEL,"{""P47417"": 117}"
LTIADGVNR,"{""P47583"": 24}"
LTIADGVNX,"{""P47583"": 4}"
LTXILNLLE,"{""P47447"": 99}"
LTXIVVNMG,"{""P47409"": 25}"
LTXIEIDGV,"{""P47520"": 96}"
LTXISVFXX,"{""P47533"": 30}"
LTXFANDLR,"{""P47460"": 97}"
LTXFANDLX,"{""P47460"": 20}"
LTXFRQXYV,"{""P47311"": 4}"
LTXFRQXXX,"{""P47311"": 9}"
LTXFXQXXX,"{""P47311"": 4}"
LTXFXQXYV,"{""P47311"": 1}"
LTXXXXXXX,"{""P47509"": 137, ""P47336"": 30, ""P47250"": 459, ""P47478"": 458, ""P47460"": 463, ""Q49407"": 26, ""P47576"": 125, ""P47311"": 92, ""P47439"": 27, ""P47447"": 16, ""P47683"": 102, ""P47317"": 19, ""P47409"": 87, ""P47647"": 47, ""P47620"": 25, ""Q49416"": 16, ""P47293"": 21, ""P47288"": 27, ""P47520"": 35, ""P47532"": 30, ""P47490"": 18, ""P47326"": 17}"
LTXXXPIIS,"{""P47647"": 2}"
LTXXYPIIS,"{""P47647"": 79}"
LTXXIAEIT,"{""Q49407"": 89}"
LTXXAIXXX,"{""P47509"": 23}"
LTXXNAXXX,"{""P47250"": 8}"
LTXXNAXGV,"{""P47250"": 19}"
LTXXNAKGV,"{""P47250"": 1}"
LTXXNEIIA,"{""P47336"": 8}"
LTXALTNSQ,"{""Q49416"": 104}"
LTXAEQNXX,"{""P47288"": 83}"
LTXAEQNXK,"{""P47288"": 6}"
LTXAEQNKX,"{""P47288"": 5}"
LTXAXFEEL,"{""P47547"": 7}"
LTXAXXXXX,"{""P47547"": 3}"
LTXENNQWL,"{""P47326"": 103}"
LTXELVILG,"{""P47490"": 93}"
LTXELQTLX,"{""P47288"": 104}"
LTXEQLYXX,"{""P47532"": 76}"
LTXEQLXXX,"{""P47532"": 3}"
LTXSGQIXX,"{""P47439"": 81}"
LTXSGQIXR,"{""P47439"": 15}"
LTXPLXXXX,"{""P47520"": 19}"
LTXPLXFAF,"{""P47520"": 74}"
LTXPLKFAF,"{""P47520"": 2}"
LTXPRIALL,"{""P47478"": 105}"
LTXPXIALL,"{""P47478"": 32}"
LTXLXXXXX,"{""P47525"": 26}"
LTXLXTSLT,"{""P47525"": 9}"
LTXYAIXXX,"{""P47509"": 446}"
LTXYNEIIA,"{""P47336"": 94}"
LTXYEHLIL,"{""P47683"": 18}"
LTXQFDFLX,"{""P47293"": 103}"
LTXQFDFLK,"{""P47293"": 3}"
LTXQLNLEX,"{""P47620"": 103}"
LTXQXAIIX,"{""P47317"": 78}"
LTXQXAIIK,"{""P47317"": 1}"
LTXQXXXXX,"{""P47317"": 12}"
LTXQKAIIX,"{""P47317"": 4}"
LTXQKAIIK,"{""P47317"": 1}"
LTXRNAXGV,"{""P47250"": 76}"
LTXRNAXXX,"{""P47250"": 17}"
LTXRNAKGV,"{""P47250"": 4}"
LTXRGFXGE,"{""P47615"": 1}"
LTXNFESLS,"{""P47459"": 8}"
LTXKYPIIS,"{""P47647"": 5}"
LTXKIAEIT,"{""Q49407"": 4}"
LTXKXPIIS,"{""P47647"": 1}"
LTDTQLNEI,"{""P47433"": 108}"
LTDQEMXXX,"{""P47332"": 133}"
LTDQEMXLF,"{""P47332"": 467}"
LTDQEMKLF,"{""P47332"": 27}"
LTDLNXGTI,"{""P47514"": 81}"
LTDLNXXXX,"{""P47514"": 20}"
LTDLNKGTI,"{""P47514"": 2}"
LTDNAGNDL,"{""P47342"": 112}"
LTDDMXXXX,"{""P47278"": 592}"
LTDDMXLLF,"{""P47278"": 6}"
LTDDMKLLF,"{""P47278"": 1}"
LTDHLTFXI,"{""P47423"": 105}"
LTDHLTFXX,"{""P47423"": 12}"
LTDHLTFKI,"{""P47423"": 5}"
LTDHLLANX,"{""P47663"": 115}"
LTDHLLANK,"{""P47663"": 5}"
LTEXLTXXX,"{""P47532"": 126}"
LTEXLTXEQ,"{""P47532"": 379}"
LTEXLTKEQ,"{""P47532"": 23}"
LTEXQAQLT,"{""P47369"": 478}"
LTEXXXXXX,"{""P47369"": 129, ""P47532"": 112, ""P47592"": 25}"
LTEXELNDP,"{""P47592"": 92}"
LTEXIYQXX,"{""P47583"": 6}"
LTEXIYQXT,"{""P47583"": 21}"
LTEXIYQKT,"{""P47583"": 4}"
LTEXIXQXT,"{""P47583"": 1}"
LTEAEFNNE,"{""P47480"": 124}"
LTEFQKDKT,"{""P47486"": 1}"
LTEFQKDXT,"{""P47486"": 4}"
LTEFQKDXX,"{""P47486"": 1}"
LTEFQXDXX,"{""P47486"": 17}"
LTEFQXDXT,"{""P47486"": 86}"
LTEFQXDKT,"{""P47486"": 2}"
LTEFQXXXX,"{""P47486"": 21}"
LTERIYQXT,"{""P47583"": 100}"
LTERIYQXX,"{""P47583"": 16}"
LTERIYQKT,"{""P47583"": 10}"
LTERIXQXT,"{""P47583"": 1}"
LTERIXQXX,"{""P47583"": 1}"
LTEVIAAIQ,"{""P47364"": 122}"
LTESDIQWL,"{""P47613"": 112}"
LTETNQLIA,"{""P47576"": 112}"
LTEKLTXEQ,"{""P47532"": 22}"
LTEKLTXXX,"{""P47532"": 13}"
LTEKQAQLT,"{""P47369"": 21}"
LTEKELNDP,"{""P47592"": 2}"
LTEQXLLFV,"{""P47398"": 90}"
LTEQXXXXX,"{""P47398"": 17}"
LTEQKLLFV,"{""P47398"": 6}"
LTPSYAFPF,"{""P47549"": 120}"
LTPSSSSSN,"{""P47549"": 645}"
LTPSXAFPF,"{""P47549"": 6}"
LTPFNFSIF,"{""P47650"": 27}"
LTPFLANAS,"{""P47427"": 31}"
LTPAYQLIT,"{""P47464"": 118}"
LTPAXQLIT,"{""P47464"": 2}"
LTFXTXXXX,"{""Q49404"": 93}"
LTFXTXXGV,"{""Q49404"": 16}"
LTFXTXKGV,"{""Q49404"": 2}"
LTFXTKXXX,"{""Q49404"": 3}"
LTFXNSLIV,"{""P47451"": 118}"
LTFXNWNSL,"{""P47551"": 108}"
LTFXXXXXX,"{""Q49404"": 31, ""P47551"": 13, ""P47451"": 8}"
LTFTDQXTN,"{""P47445"": 125}"
LTFTDQXXX,"{""P47445"": 13}"
LTFTDQKTN,"{""P47445"": 3}"
LTFMVAAFG,"{""P47562"": 37}"
LTFIRVYAG,"{""P47335"": 135}"
LTFIRVXAG,"{""P47335"": 5}"
LTFIXVYAG,"{""P47335"": 34}"
LTFIXVXAG,"{""P47335"": 1}"
LTFFGSGFL,"{""P47428"": 44}"
LTFDISVVF,"{""Q9ZB72"": 28}"
LTFKTKXXX,"{""Q49404"": 1}"
LTFKTXXXX,"{""Q49404"": 3}"
LTFKNSLIV,"{""P47451"": 2}"
LTFKNWNSL,"{""P47551"": 1}"
LTGFIISXL,"{""P47294"": 14}"
LTGFIISXX,"{""P47294"": 77}"
LTGFIISKL,"{""P47294"": 2}"
LTGNIDAAI,"{""P47547"": 140}"
LTGELEQHL,"{""P47525"": 137}"
LTGVVSTPL,"{""P20796"": 136}"
LTGIVLTXM,"{""P47539"": 117}"
LTGIVLTXX,"{""P47539"": 23}"
LTGIVLTKM,"{""P47539"": 4}"
LTGSDIETA,"{""P47403"": 119}"
LTGLFSWFA,"{""P47530"": 138}"
LTVITNIVV,"{""P47564"": 113}"
LTVFNNYQQ,"{""P47455"": 111}"
LTVFNNXQQ,"{""P47455"": 6}"
LTVNFHXXX,"{""P47437"": 95}"
LTVNFHXIR,"{""P47437"": 15}"
LTVNFHXIX,"{""P47437"": 4}"
LTVNFHKIX,"{""P47437"": 1}"
LTVHEQNIS,"{""P47520"": 124}"
LTVSVYVXX,"{""P47423"": 100}"
LTVSVYVXQ,"{""P47423"": 7}"
LTVSVXVXX,"{""P47423"": 5}"
LTAXDDASI,"{""P47301"": 5}"
LTAXXXXXX,"{""P47285"": 97}"
LTAXXNILG,"{""P47285"": 2}"
LTAXYNILG,"{""P47285"": 22}"
LTALRNXXX,"{""Q9ZB70"": 21}"
LTALRNXNV,"{""Q9ZB70"": 5}"
LTALXNXNV,"{""Q9ZB70"": 1}"
LTALXNXXX,"{""Q9ZB70"": 6}"
LTAYDDASI,"{""P47301"": 123}"
LTASVGLLI,"{""P47353"": 127}"
LTAMITALQ,"{""Q2MHT0"": 126}"
LTAIXRNNX,"{""P47283"": 1}"
LTAIXRNNR,"{""P47283"": 3}"
LTAIXXXXX,"{""P47283"": 105}"
LTAIXXNNR,"{""P47283"": 3}"
LTAVLITIG,"{""P47496"": 3}"
LTQIADXXX,"{""P47376"": 550}"
LTQIADXLS,"{""P47376"": 31}"
LTQIADKLS,"{""P47376"": 4}"
LTQIFDQLF,"{""Q49426"": 33}"
LTQNNSFAS,"{""P47521"": 156}"
LTQDYXXXX,"{""P47362"": 98}"
LTQDYXXXG,"{""P47362"": 2}"
LTQDYXXRG,"{""P47362"": 3}"
LTQDYKXXX,"{""P47362"": 3}"
LTQDXXXXX,"{""P47362"": 5}"
LTKYAIXXX,"{""P47509"": 15}"
LTKYNEIIA,"{""P47336"": 4}"
LTKAEQNXX,"{""P47288"": 10}"
LTKALTNSQ,"{""Q49416"": 4}"
LTKQXXXXX,"{""P47317"": 2}"
LTKQXAIIX,"{""P47317"": 2}"
LTKQFDFLX,"{""P47293"": 8}"
LTKQLNLEX,"{""P47620"": 5}"
LTKENNQWL,"{""P47326"": 4}"
LTKELVILG,"{""P47490"": 5}"
LTKELQTLX,"{""P47288"": 3}"
LTKXYPIIS,"{""P47647"": 6}"
LTKXIAEIT,"{""Q49407"": 6}"
LTKXNAXGV,"{""P47250"": 1}"
LTKXAIXXX,"{""P47509"": 1}"
LTKRNAXXX,"{""P47250"": 2}"
LTKRNAXGV,"{""P47250"": 2}"
LTKPLXXXX,"{""P47520"": 2}"
LTKPLXFAF,"{""P47520"": 2}"
LTKPRIALL,"{""P47478"": 3}"
LTKPXIALL,"{""P47478"": 1}"
LTKIEIDGV,"{""P47520"": 14}"
LTKIVVNMG,"{""P47409"": 2}"
LTKILNLLE,"{""P47447"": 4}"
LTKFANDLR,"{""P47460"": 8}"
LTKFANDLX,"{""P47460"": 2}"
LTKFRQXXX,"{""P47311"": 1}"
LTKSGQIXX,"{""P47439"": 2}"
LTKKIAEIT,"{""Q49407"": 1}"
LTRAXFEEL,"{""P47547"": 27}"
LTRAXXXXX,"{""P47547"": 5}"
LTRAKFEEL,"{""P47547"": 2}"
LTRLXTSLT,"{""P47525"": 31}"
LTRLXXXXX,"{""P47525"": 85}"
LTRISVFXX,"{""P47533"": 118}"
LTRNFESLS,"{""P47459"": 23}"
LTCRGFXGE,"{""P47615"": 15}"
LTCRGFXXX,"{""P47615"": 7}"
LTCRGFKGE,"{""P47615"": 1}"
LTCXGFXGE,"{""P47615"": 6}"
LTWLQXLIC,"{""P47532"": 104}"
LTWLQXLIX,"{""P47532"": 3}"
LTWLQXXXX,"{""P47532"": 16}"
LTWLQKLIC,"{""P47532"": 7}"
LTHVQGTDL,"{""P47313"": 18}"
LTMIGFVGF,"{""Q49401"": 3}"
LGAYIGAGV,"{""P47644"": 102}"
LGANAILSV,"{""P47647"": 120}"
LGANFXEYC,"{""Q49412"": 17}"
LGANFXEYX,"{""Q49412"": 1}"
LGANFXEXC,"{""Q49412"": 1}"
LGANFXXXX,"{""Q49412"": 80}"
LGANFKEYC,"{""Q49412"": 1}"
LGAXXXXXX,"{""P47476"": 608}"
LGAXXADGQ,"{""P47476"": 7}"
LGAXIGAGV,"{""P47644"": 5}"
LGAXKADGQ,"{""P47476"": 1}"
LGAVFNGST,"{""Q49409"": 636}"
LGALMNLPV,"{""P47312"": 39}"
LGAKXXXXX,"{""P47476"": 30}"
LGYCMPLAF,"{""P47400"": 121}"
LGYTFIGIV,"{""P47281"": 608}"
LGYXDYIHL,"{""P47686"": 86}"
LGYXDXIHL,"{""P47686"": 4}"
LGYXMPLAF,"{""P47400"": 8}"
LGYXXXXXX,"{""P47686"": 32}"
LGYKDYIHL,"{""P47686"": 3}"
LGLLNDFQN,"{""P47587"": 647}"
LGLLAAXIY,"{""P47667"": 102}"
LGLLAAXIX,"{""P47667"": 4}"
LGLLAAXXX,"{""P47667"": 33}"
LGLLAAKIY,"{""P47667"": 5}"
LGLLAAKIX,"{""P47667"": 1}"
LGLIPEQTG,"{""P47563"": 611}"
LGLXINQTV,"{""P47609"": 508}"
LGLXXXXXX,"{""P47609"": 94}"
LGLSSXXXX,"{""P47310"": 615}"
LGLSSXXLF,"{""P47310"": 7}"
LGLSSKXXX,"{""P47310"": 21}"
LGLSYQENT,"{""P47365"": 109}"
LGLSXQENT,"{""P47365"": 3}"
LGLTXXXXX,"{""P47291"": 535}"
LGLTXSNLD,"{""P47291"": 5}"
LGLKINQTV,"{""P47609"": 27}"
LGLVFQNYA,"{""P47433"": 107}"
LGLVFQNXA,"{""P47433"": 3}"
LGLGLTIYE,"{""P47432"": 110}"
LGLGLTIXE,"{""P47432"": 8}"
LGLAVVAMF,"{""P47323"": 8}"
LGXXXXXXX,"{""P47269"": 21, ""P47365"": 108, ""P47610"": 95, ""P47339"": 94, ""P47328"": 95, ""P20796"": 23, ""P47563"": 29}"
LGXXFDVVE,"{""P47339"": 4}"
LGXXMPLAF,"{""P47400"": 1}"
LGXXAIPHI,"{""P47269"": 9}"
LGXXDYIHL,"{""P47686"": 7}"
LGXVVGSFD,"{""P47365"": 530}"
LGXVLLNXT,"{""P47610"": 422}"
LGXVLLNXX,"{""P47610"": 97}"
LGXVLLNKT,"{""P47610"": 13}"
LGXGTASSQ,"{""P20796"": 89}"
LGXYAIPHI,"{""P47269"": 92}"
LGXTIVLIS,"{""P47365"": 100}"
LGXTFIGIV,"{""P47281"": 42}"
LGXDSPLXX,"{""P47563"": 76}"
LGXDSPLXY,"{""P47563"": 20}"
LGXRFDVVE,"{""P47339"": 17}"
LGXNNIAXN,"{""P47609"": 24}"
LGXNNIAXX,"{""P47609"": 4}"
LGXNECSEI,"{""P47567"": 29}"
LGXQDATDD,"{""P47261"": 35}"
LGXLLGTRG,"{""P47328"": 18}"
LGXLLGTXG,"{""P47328"": 4}"
LGXCMPLAF,"{""P47400"": 6}"
LGXIYVPAY,"{""P47473"": 9}"
LGVXAVPIQ,"{""P47335"": 515}"
LGVXXXXXX,"{""P47335"": 88}"
LGVDFVTTI,"{""P47466"": 658}"
LGVVDSXDX,"{""Q49396"": 100}"
LGVVDSXDK,"{""Q49396"": 2}"
LGVVDSXXX,"{""Q49396"": 16}"
LGVVDSKDX,"{""Q49396"": 6}"
LGVVDSKDK,"{""Q49396"": 1}"
LGVKAVPIQ,"{""P47335"": 34}"
LGCNECSEI,"{""P47567"": 570}"
LGCNEXSEI,"{""P47567"": 27}"
LGCNNIAXN,"{""P47609"": 478}"
LGCNNIAXX,"{""P47609"": 92}"
LGCNNIAKN,"{""P47609"": 12}"
LGDEXEFXN,"{""P47341"": 78}"
LGDEXEFXX,"{""P47341"": 18}"
LGDEXEFKN,"{""P47341"": 8}"
LGDEXXXXX,"{""P47341"": 21}"
LGDEKEFXN,"{""P47341"": 3}"
LGDFVXLSN,"{""P47607"": 100}"
LGDFVXXXX,"{""P47607"": 18}"
LGDFVKLSN,"{""P47607"": 5}"
LGDYLFIXX,"{""P47329"": 21}"
LGDYLFIXE,"{""P47329"": 94}"
LGDYLFIKE,"{""P47329"": 5}"
LGDIVVLGP,"{""P47388"": 6}"
LGDXLFIXE,"{""P47329"": 6}"
LGDXLFIKE,"{""P47329"": 1}"
LGGDDWDNX,"{""P47547"": 623}"
LGGDDWDNK,"{""P47547"": 25}"
LGGDIFXSL,"{""Q49420"": 109}"
LGGDIFXXX,"{""Q49420"": 13}"
LGGDIFKSL,"{""Q49420"": 3}"
LGGIDIISF,"{""P47660"": 127}"
LGGISFSLI,"{""P47308"": 26}"
LGNXIXEIG,"{""P47624"": 390}"
LGNXIXXXX,"{""P47624"": 88}"
LGNXIKEIG,"{""P47624"": 22}"
LGNXXXXXX,"{""P47624"": 101}"
LGNXLFGRA,"{""P47331"": 5}"
LGNXLFGXA,"{""P47331"": 1}"
LGNTSEMIL,"{""P47564"": 127}"
LGNTEVRPL,"{""P47249"": 3}"
LGNETFDSA,"{""P47318"": 114}"
LGNRLFGRA,"{""P47331"": 23}"
LGNRLFGXA,"{""P47331"": 5}"
LGNASLSSN,"{""P47563"": 118}"
LGNKIXXXX,"{""P47624"": 6}"
LGNKIXEIG,"{""P47624"": 16}"
LGNKIKEIG,"{""P47624"": 2}"
LGNGLVVXP,"{""P47653"": 3}"
LGNGLVVRP,"{""P47653"": 4}"
LGSDLXLXN,"{""P47331"": 373}"
LGSDLXLXX,"{""P47331"": 109}"
LGSDLXLKN,"{""P47331"": 26}"
LGSDLXXXX,"{""P47331"": 100}"
LGSDLKLXN,"{""P47331"": 6}"
LGSDLKLXX,"{""P47331"": 7}"
LGSFXHIAL,"{""P47386"": 543}"
LGSFXXXXX,"{""P47386"": 116}"
LGSFKHIAL,"{""P47386"": 21}"
LGSQTFVEI,"{""P47248"": 117}"
LGSVXAXPL,"{""P47322"": 2}"
LGSVXAXXX,"{""P47322"": 4}"
LGSVYAXXX,"{""P47322"": 90}"
LGSVYAXPL,"{""P47322"": 26}"
LGSVYAKPL,"{""P47322"": 1}"
LGFSLLENN,"{""P47553"": 636}"
LGFEFLXVI,"{""P47477"": 104}"
LGFEFLXXX,"{""P47477"": 19}"
LGFEFLKVI,"{""P47477"": 5}"
LGFEGGQTP,"{""P47415"": 50}"
LGFDVGISV,"{""Q49408"": 30}"
LGFQHXXXX,"{""P47472"": 89}"
LGFQHXXIP,"{""P47472"": 6}"
LGFQHXRIP,"{""P47472"": 18}"
LGIAYFNEV,"{""P47286"": 596}"
LGIAXFNEV,"{""P47286"": 30}"
LGIAXXXXX,"{""P47442"": 30}"
LGIAXTXXX,"{""P47442"": 89}"
LGIAXTXRX,"{""P47442"": 15}"
LGIAXTKXX,"{""P47442"": 1}"
LGIAXTKRX,"{""P47442"": 1}"
LGIAKTXXX,"{""P47442"": 4}"
LGIEXEDYF,"{""P47348"": 102}"
LGIEXEDXF,"{""P47348"": 6}"
LGIEXXXXX,"{""P47348"": 22}"
LGIEKEDYF,"{""P47348"": 6}"
LGIMIEIPS,"{""P47668"": 113}"
LGIQAFEPR,"{""P47582"": 114}"
LGIQAFEPX,"{""P47582"": 37}"
LGIVRALIX,"{""P47656"": 128}"
LGIVRALIK,"{""P47656"": 4}"
LGIVXALIX,"{""P47656"": 19}"
LGIVXALIK,"{""P47656"": 1}"
LGWSSXXXX,"{""P47368"": 101}"
LGWSSXXVT,"{""P47368"": 12}"
LGWSSXKVT,"{""P47368"": 1}"
LGWSSKXXX,"{""P47368"": 4}"
LGWASFSNT,"{""P47621"": 137}"
LGQNFTVNL,"{""P47701"": 105}"
LGQVQYVPS,"{""P47695"": 112}"
LGQVQXVPS,"{""P47695"": 8}"
LGEINFIIV,"{""P47282"": 133}"
LGETDFATP,"{""P47290"": 34}"
LGEFSPTRN,"{""P47401"": 18}"
LGEFSPTXN,"{""P47401"": 4}"
LGMVXXXXX,"{""P47446"": 87}"
LGMVXXIDL,"{""P47446"": 2}"
LGMVXRIDL,"{""P47446"": 23}"
LGTPAMTTR,"{""P47634"": 142}"
LGTPAMTTX,"{""P47634"": 26}"
LGKYAIPHI,"{""P47269"": 3}"
LGKVLLNXT,"{""P47610"": 19}"
LGKVLLNXX,"{""P47610"": 7}"
LGKVLLNKT,"{""P47610"": 2}"
LGKVVGSFD,"{""P47365"": 20}"
LGKGTASSQ,"{""P20796"": 6}"
LGKTIVLIS,"{""P47365"": 5}"
LGKDSPLXX,"{""P47563"": 3}"
LGKDSPLXY,"{""P47563"": 1}"
LGPFSWLIF,"{""P47467"": 149}"
LGHVSHVXX,"{""P47389"": 92}"
LGHVSHVXL,"{""P47389"": 29}"
LGHVSHVKL,"{""P47389"": 2}"
LGRQDATDD,"{""P47261"": 105}"
LGRIYVPAY,"{""P47473"": 24}"
LGRIXVPAY,"{""P47473"": 1}"
LHPXXXXXX,"{""P47582"": 100}"
LHPXNMILH,"{""P47582"": 23}"
LHPTTXLVI,"{""P47427"": 96}"
LHPTTXXXX,"{""P47427"": 26}"
LHPTTKLVI,"{""P47427"": 6}"
LHPLVTTAF,"{""P47582"": 154}"
LHPNFLSFN,"{""P47502"": 2}"
LHQFQKTEL,"{""P47251"": 30}"
LHQFQXXXX,"{""P47251"": 115}"
LHQFQXTEL,"{""P47251"": 492}"
LHESHYWFN,"{""P47302"": 136}"
LHESHXWFN,"{""P47302"": 8}"
LHELINNIT,"{""P47637"": 129}"
LHNILSQTI,"{""P47637"": 42}"
LHNEVIDLA,"{""P47706"": 609}"
LHNLEQITD,"{""P47346"": 119}"
LHNLNEILL,"{""Q9ZB81"": 28}"
LHNGYDQSD,"{""Q49405"": 150}"
LHNGXDQSD,"{""Q49405"": 6}"
LHNXTPXXX,"{""P47319"": 16}"
LHNXTPXTV,"{""P47319"": 95}"
LHNXTPKTV,"{""P47319"": 4}"
LHNXXXXXX,"{""P47319"": 19}"
LHNKTPXTV,"{""P47319"": 4}"
LHNKTPXXX,"{""P47319"": 1}"
LHNKTPKTV,"{""P47319"": 1}"
LHDNTSNDE,"{""Q49419"": 130}"
LHDPFXXXX,"{""P47254"": 17}"
LHDPFXIAI,"{""P47254"": 105}"
LHDPFKIAI,"{""P47254"": 1}"
LHDEFNHDL,"{""P47326"": 23}"
LHXAEYDTE,"{""P47277"": 22}"
LHXAEXDTE,"{""P47277"": 1}"
LHTTPPQYR,"{""P47278"": 110}"
LHTTPPQYX,"{""P47278"": 25}"
LHTTPPQXR,"{""P47278"": 3}"
LHTTPPQXX,"{""P47278"": 1}"
LHRAEYDTE,"{""P47277"": 131}"
LHRAEXDTE,"{""P47277"": 4}"
LHHSFLTKX,"{""P47280"": 8}"
LHHSFLTXX,"{""P47280"": 115}"
LHHSFLTXK,"{""P47280"": 2}"
LHHXXXXXX,"{""P47528"": 102}"
LHHXXVNFD,"{""P47528"": 2}"
LHHXRVNFD,"{""P47528"": 17}"
LHHKRVNFD,"{""P47528"": 1}"
LHGVLLEIF,"{""P47331"": 111}"
LHASGHATQ,"{""P47385"": 131}"
LHFEXEXFE,"{""Q49429"": 95}"
LHFEXEXXX,"{""Q49429"": 12}"
LHFEXEKFE,"{""Q49429"": 3}"
LHFEXXXXX,"{""Q49429"": 24}"
LHFEKEXFE,"{""Q49429"": 6}"
LHFEKEXXX,"{""Q49429"": 1}"
LHFXHLDFA,"{""P47571"": 109}"
LHFXXXXXX,"{""P47571"": 21}"
LHFVXXXXX,"{""P47389"": 20}"
LHFVXDDAI,"{""P47389"": 88}"
LHFVKDDAI,"{""P47389"": 2}"
LHFKHLDFA,"{""P47571"": 4}"
LRAVLXTWQ,"{""P47374"": 22}"
LRAVLXXXX,"{""P47374"": 5}"
LRALFYYIP,"{""P47496"": 31}"
LRALFYXIP,"{""P47496"": 2}"
LRALFXYIP,"{""P47496"": 1}"
LRAGQLIGC,"{""P47409"": 15}"
LRAGQLIGX,"{""P47409"": 1}"
LRAXAWXIV,"{""P47390"": 1}"
LRARAWXXX,"{""P47390"": 1}"
LRARAWXIV,"{""P47390"": 6}"
LRADHVIVG,"{""P47367"": 1}"
LRXVXNALL,"{""P47589"": 90}"
LRXVXXXXX,"{""P47589"": 10}"
LRXVKNALL,"{""P47589"": 5}"
LRXARVNHW,"{""P47432"": 7}"
LRXAIATXY,"{""P47698"": 10}"
LRXAIATXX,"{""P47698"": 2}"
LRXAXVNHW,"{""P47432"": 1}"
LRXXXXXXX,"{""P47486"": 16, ""P47432"": 117, ""P47437"": 8, ""Q49401"": 8, ""P47587"": 5, ""P47677"": 11, ""P47589"": 17, ""Q49436"": 7, ""P47426"": 4, ""P47258"": 5, ""P47528"": 1}"
LRXXLQTLG,"{""P47437"": 14}"
LRXTXFFSQ,"{""Q49401"": 18}"
LRXTXXXXX,"{""Q49401"": 2}"
LRXTISIVF,"{""P47426"": 15}"
LRXTLMSFN,"{""P47258"": 19}"
LRXTKFFSQ,"{""Q49401"": 2}"
LRXEGLISX,"{""P47587"": 18}"
LRXESXNXF,"{""Q49436"": 12}"
LRXESXNXX,"{""Q49436"": 1}"
LRXESXNKF,"{""Q49436"": 1}"
LRXESXXXX,"{""Q49436"": 3}"
LRXESLDII,"{""P47486"": 7}"
LRXEDIYXN,"{""P47288"": 1}"
LRXIFLLPL,"{""P47677"": 25}"
LRXILEDGT,"{""P47582"": 7}"
LRXWIIXAI,"{""P47528"": 18}"
LRXWIIXXX,"{""P47528"": 2}"
LRXWFDXXX,"{""P47624"": 3}"
LRXLSEYFQ,"{""P47483"": 5}"
LRSLSVLEV,"{""P47250"": 126}"
LRSLVNEXV,"{""P47583"": 4}"
LRSLVNEYV,"{""P47583"": 30}"
LRSVILQQH,"{""P47447"": 125}"
LRSFASNLX,"{""P47460"": 95}"
LRSFASNLK,"{""P47460"": 6}"
LRSFFDSSI,"{""P47463"": 2}"
LRSFVLMTQ,"{""P47701"": 19}"
LRSAELXXX,"{""Q49460"": 20}"
LRSADSSGF,"{""Q49409"": 4}"
LRNIXXXXX,"{""P47699"": 103}"
LRNIXQLGI,"{""P47699"": 1}"
LRNSFNLXG,"{""P47534"": 14}"
LRNSFNLXX,"{""P47534"": 8}"
LRNSFNLKG,"{""P47534"": 1}"
LRNYFWTYF,"{""P47332"": 29}"
LRNYFWTXF,"{""P47332"": 1}"
LRNFLFDRS,"{""P47516"": 24}"
LRNFLFDXS,"{""P47516"": 10}"
LRNNYDFFX,"{""P47251"": 24}"
LRNNXDFFX,"{""P47251"": 1}"
LRNPNTSLT,"{""P47562"": 28}"
LRNXFWTYF,"{""P47332"": 2}"
LRIISLIGG,"{""P47664"": 26}"
LRIIXEEIG,"{""P47481"": 1}"
LRINNDAVY,"{""P47551"": 105}"
LRINNDAVX,"{""P47551"": 7}"
LRIFSSFFE,"{""P47248"": 119}"
LRIEDIVFT,"{""P47376"": 24}"
LRIEDALNS,"{""P47632"": 22}"
LRITIRNAR,"{""P47595"": 1}"
LRMITLYAY,"{""P47623"": 121}"
LRMITLYAX,"{""P47623"": 6}"
LRMITLXAY,"{""P47623"": 1}"
LRMTADQCA,"{""P22746"": 22}"
LRMTADQXA,"{""P22746"": 1}"
LRHICSLVX,"{""P47264"": 20}"
LRHICSLVK,"{""P47264"": 1}"
LRHIXSLVX,"{""P47264"": 3}"
LRHAVRNNP,"{""P47491"": 3}"
LREXEXXXX,"{""P47682"": 18}"
LREXQXIAQ,"{""P57085"": 80}"
LREXQXXXX,"{""P57085"": 13}"
LREXQKIAQ,"{""P57085"": 4}"
LREXXXXXX,"{""P47682"": 7, ""P57085"": 20}"
LREGVVLRS,"{""P47318"": 3}"
LREGVVLXS,"{""P47318"": 1}"
LREGXYAID,"{""P47257"": 1}"
LREFIXPNQ,"{""P47265"": 12}"
LREFIKPNQ,"{""P47265"": 1}"
LREFKQQNL,"{""P47326"": 1}"
LREFXQQNL,"{""P47326"": 19}"
LREFXXXXX,"{""P47326"": 4}"
LRENVGFQD,"{""P47306"": 20}"
LREIHDLLL,"{""P47448"": 21}"
LREKQXIAQ,"{""P57085"": 3}"
LREKQXXXX,"{""P57085"": 2}"
LRFGIXSQN,"{""P47329"": 93}"
LRFGIXXXX,"{""P47329"": 15}"
LRFGIKSQN,"{""P47329"": 4}"
LRTQTFDSE,"{""P47460"": 114}"
LRTYLFXXX,"{""P47653"": 5}"
LRTYLFXFH,"{""P47653"": 22}"
LRTYLFKFH,"{""P47653"": 1}"
LRTEAXXXX,"{""P47301"": 9}"
LRTEAXXSX,"{""P47301"": 13}"
LRTEAXXSK,"{""P47301"": 1}"
LRTEAXKSX,"{""P47301"": 1}"
LRTSNPXNV,"{""Q49407"": 16}"
LRTSNPXXX,"{""Q49407"": 1}"
LRTSNPKNV,"{""Q49407"": 1}"
LRTPHSQPI,"{""P47271"": 25}"
LRYAIATXY,"{""P47698"": 85}"
LRYAIATXX,"{""P47698"": 24}"
LRYAIATKY,"{""P47698"": 4}"
LRYLSEYFQ,"{""P47483"": 104}"
LRYLSEXFQ,"{""P47483"": 4}"
LRYWFDXXX,"{""P47624"": 99}"
LRYWFDXIP,"{""P47624"": 6}"
LRYSXXXXX,"{""P47249"": 17}"
LRVTVXNPE,"{""P47315"": 19}"
LRVTVXXXX,"{""P47315"": 8}"
LRVTVKNPE,"{""P47315"": 2}"
LRVTHEFDG,"{""P47278"": 1}"
LRVSTLHSL,"{""P47319"": 30}"
LRVNRLAYF,"{""P47455"": 4}"
LRVIVNNVE,"{""P47655"": 24}"
LRVQTRQWI,"{""P47433"": 1}"
LRVRNEXVL,"{""P47394"": 1}"
LRVRNERVL,"{""P47394"": 1}"
LRQDIXXXX,"{""P55750"": 90}"
LRQDIXXNL,"{""P55750"": 7}"
LRQDIXRNL,"{""P55750"": 18}"
LRQILIVNN,"{""P47346"": 20}"
LRDVNNXIV,"{""P47551"": 18}"
LRDVNNXXX,"{""P47551"": 3}"
LRDVNNKIV,"{""P47551"": 2}"
LRDVGVGDT,"{""P47384"": 26}"
LRDEYAHXL,"{""Q49434"": 23}"
LRDEYAHXX,"{""Q49434"": 3}"
LRDEYAHKL,"{""Q49434"": 1}"
LRDEXAHXL,"{""Q49434"": 1}"
LRDWIFSRQ,"{""P47508"": 1}"
LRDFMXFDE,"{""P47268"": 13}"
LRDFMXXXX,"{""P47268"": 4}"
LRDFMKFDE,"{""P47268"": 3}"
LRDXXXXXX,"{""P47276"": 10}"
LRDXNTTTS,"{""P47276"": 6}"
LRKVXXXXX,"{""P47589"": 2}"
LRKVXNALL,"{""P47589"": 5}"
LRKESXNXF,"{""Q49436"": 1}"
LRKTISIVF,"{""P47426"": 2}"
LRKWIIXAI,"{""P47528"": 1}"
LRKIFLLPL,"{""P47677"": 1}"
LRGTINVVA,"{""P47632"": 13}"
LRRILEDGT,"{""P47582"": 21}"
LRREDIYXX,"{""P47288"": 1}"
LRLXLALNQ,"{""P47465"": 22}"
LRLXXXXXX,"{""P47465"": 4}"
LRLTERIYQ,"{""P47583"": 7}"
LRLEVERWL,"{""P47299"": 2}"
LRLVRNGEG,"{""P47549"": 5}"
LRLVXNGEG,"{""P47549"": 2}"
LRLLCDVGL,"{""P47660"": 5}"
LRLKLALNQ,"{""P47465"": 1}"
LKNLXXXXX,"{""P47492"": 29}"
LKNLLGVXX,"{""P47331"": 2}"
LKNLLGVXI,"{""P47331"": 1}"
LKNLSEXXX,"{""P47311"": 5}"
LKNLILMRG,"{""P47283"": 3}"
LKNLHLLGR,"{""Q49398"": 1}"
LKNLHLLGX,"{""Q49398"": 1}"
LKNHPSYIA,"{""P47429"": 5}"
LKNAXXXXX,"{""P47303"": 20}"
LKNAXXAGI,"{""P47303"": 2}"
LKNAKXXXX,"{""P47303"": 1}"
LKNASGVXI,"{""P47458"": 2}"
LKNINVLDS,"{""P47658"": 3}"
LKNNLDLTL,"{""Q49398"": 6}"
LKNNXXXXX,"{""P47607"": 1}"
LKNNXIFDX,"{""P47607"": 1}"
LKNSPPLTF,"{""Q49402"": 24}"
LKNSLTDLL,"{""P47637"": 3}"
LKNELXXXX,"{""P47655"": 1}"
LKNELXLFL,"{""P47655"": 4}"
LKNGNXENA,"{""P47413"": 4}"
LKNGNKENA,"{""P47413"": 1}"
LKNRQDQPI,"{""Q49460"": 2}"
LKNDLNSPX,"{""P47661"": 3}"
LKFSNYAIE,"{""P47502"": 26}"
LKFSNXAIE,"{""P47502"": 2}"
LKFSDQFSN,"{""P47655"": 3}"
LKFYXLPLI,"{""P47341"": 8}"
LKFYXXXXX,"{""P47341"": 1}"
LKFYFDLTN,"{""P47299"": 4}"
LKFRNLVDD,"{""P47306"": 7}"
LKFLINAIL,"{""P47387"": 1}"
LKFLSSRHQ,"{""P47323"": 2}"
LKFXNLVDD,"{""P47306"": 4}"
LKFXXLPLI,"{""P47341"": 1}"
LKFINSNLN,"{""P47580"": 1}"
LKFDDQXEL,"{""P47618"": 2}"
LKAIVISYN,"{""P47658"": 22}"
LKAVGSVQL,"{""P47384"": 19}"
LKAQSILET,"{""P47259"": 10}"
LKALGYSNL,"{""P47310"": 24}"
LKALGXSNL,"{""P47310"": 2}"
LKALFXXXX,"{""P47326"": 3}"
LKALFXXQD,"{""P47326"": 1}"
LKALXATII,"{""P47343"": 2}"
LKALXXXXX,"{""P47343"": 2}"
LKANNDFID,"{""P47321"": 10}"
LKADIGICV,"{""P47605"": 7}"
LKADATLFL,"{""P47428"": 5}"
LKATGYFNL,"{""P47486"": 6}"
LKAFPSEFS,"{""P47325"": 1}"
LKARITXSP,"{""P47553"": 7}"
LKARITXXX,"{""P47553"": 1}"
LKAXSNAEX,"{""P47319"": 5}"
LKAXITXSP,"{""P47553"": 4}"
LKAXXXXXX,"{""P47319"": 1}"
LKAKSNAEX,"{""P47319"": 2}"
LKQYQXXXT,"{""P47288"": 12}"
LKQYQXXXX,"{""P47288"": 9}"
LKQYQXKXX,"{""P47288"": 1}"
LKQYXESVN,"{""P47514"": 1}"
LKQYRESVN,"{""P47514"": 1}"
LKQTTDXYD,"{""P47632"": 22}"
LKQTTDXXX,"{""P47632"": 6}"
LKQTTDKYD,"{""P47632"": 2}"
LKQTNNDPY,"{""P47382"": 24}"
LKQDAMVFI,"{""P47313"": 19}"
LKQDESGGX,"{""P47260"": 8}"
LKQLXXXXX,"{""P47433"": 5}"
LKQLXXFEL,"{""Q49460"": 4}"
LKQLXXLIX,"{""P47433"": 1}"
LKQLFXXSX,"{""Q9ZB74"": 2}"
LKQLFXXXX,"{""Q9ZB74"": 1}"
LKQXQXXXX,"{""P47288"": 2}"
LKQXFVITL,"{""P47479"": 3}"
LKQIFEVVT,"{""P47582"": 17}"
LKQATPTXP,"{""P20796"": 3}"
LKQATPTXX,"{""P20796"": 3}"
LKQNNSFIF,"{""P47587"": 3}"
LKQVSLLAQ,"{""P47359"": 3}"
LKEHDINGF,"{""P47277"": 10}"
LKEHGVXXX,"{""Q49402"": 4}"
LKEHGVXXS,"{""Q49402"": 14}"
LKEHGVXKS,"{""Q49402"": 1}"
LKEAAERAX,"{""P47547"": 7}"
LKEAAERAK,"{""P47547"": 1}"
LKEAAEXAX,"{""P47547"": 2}"
LKEAFXXLQ,"{""P47300"": 2}"
LKEAFXXXX,"{""P47300"": 1}"
LKEIDVEDG,"{""P47386"": 23}"
LKEIGFWTV,"{""P47494"": 4}"
LKEIXQTYQ,"{""P47325"": 5}"
LKELSFLFA,"{""P47445"": 22}"
LKELIPXHL,"{""P47384"": 3}"
LKELIQELX,"{""P47572"": 1}"
LKEQQEQFN,"{""P47530"": 30}"
LKEXLQXLL,"{""P47288"": 4}"
LKEXXXXXX,"{""P35888"": 3, ""P47288"": 1}"
LKEXDPNIQ,"{""P35888"": 1}"
LKEVEQQXQ,"{""P47288"": 4}"
LKENXXXVE,"{""P47551"": 1}"
LKENKXXXX,"{""P47551"": 1}"
LKEDXFEGY,"{""P47340"": 1}"
LKXHXFXTX,"{""P47433"": 1}"
LKXHYFXTX,"{""P47433"": 21}"
LKXHYFKTX,"{""P47433"": 1}"
LKXHQWXXX,"{""P47325"": 2}"
LKXHQWXYY,"{""P47325"": 1}"
LKXXAESGD,"{""P47270"": 1}"
LKXXANXXX,"{""P47705"": 1}"
LKXXANXXQ,"{""P47705"": 1}"
LKXXXXXXX,"{""Q9ZB80"": 27, ""P47411"": 24, ""Q49419"": 1, ""P47532"": 2, ""P47661"": 3, ""P35888"": 4, ""P47615"": 15, ""P47563"": 2, ""P47433"": 3, ""P47353"": 26, ""P47651"": 11, ""P47331"": 2, ""Q49435"": 3, ""P47429"": 5, ""P47597"": 5, ""P47606"": 3, ""P47285"": 5, ""P47645"": 1, ""P47277"": 1, ""P47490"": 1}"
LKXXYDPIT,"{""P47315"": 2}"
LKXXVLXTL,"{""Q49435"": 3}"
LKXXVLXXX,"{""Q49435"": 1}"
LKXXNDEDE,"{""P47353"": 1}"
LKXELESAQ,"{""P47597"": 20}"
LKXEAFSVF,"{""P47493"": 2}"
LKXETNPNG,"{""P47492"": 3}"
LKXEIEEFQ,"{""P47597"": 4}"
LKXENLLRI,"{""P47651"": 4}"
LKXTNXXXX,"{""P47661"": 8}"
LKXTNXXIX,"{""P47661"": 13}"
LKXTNXKIX,"{""P47661"": 2}"
LKXTNKXIX,"{""P47661"": 1}"
LKXTQYQXS,"{""P47429"": 3}"
LKXQIYXHV,"{""P47429"": 15}"
LKXQIYXXX,"{""P47429"": 2}"
LKXQIYKHV,"{""P47429"": 1}"
LKXQIXXHV,"{""P47429"": 1}"
LKXQCSYLD,"{""P47532"": 2}"
LKXQNXGXQ,"{""P47587"": 3}"
LKXQNXGXX,"{""P47587"": 1}"
LKXQLDALX,"{""P47597"": 4}"
LKXCXQXYX,"{""P47661"": 3}"
LKXCXQXXX,"{""P47661"": 1}"
LKXDRELIY,"{""Q9ZB80"": 6}"
LKXDQLEXX,"{""P20796"": 3}"
LKXDXELIY,"{""Q9ZB80"": 2}"
LKXDHXSLG,"{""P47615"": 1}"
LKXDHRSLG,"{""P47615"": 3}"
LKXADSLXN,"{""P47645"": 2}"
LKXRNDEDE,"{""P47353"": 5}"
LKXFKGSNL,"{""P47587"": 1}"
LKXFXGSNL,"{""P47587"": 3}"
LKXFXXXXX,"{""P47587"": 2}"
LKXFVFDTI,"{""P47546"": 4}"
LKXSSIXXX,"{""P47450"": 4}"
LKXSGYNSA,"{""P47331"": 5}"
LKXNYENLD,"{""P35888"": 1}"
LKXNXLNDA,"{""Q49419"": 1}"
LKXPFKLTX,"{""P47490"": 1}"
LKXPFXLTX,"{""P47490"": 2}"
LKXPFXXXX,"{""P47490"": 1}"
LKXISNVVF,"{""P47348"": 2}"
LKXLVAVAS,"{""P47277"": 1}"
LKVMLEPST,"{""Q49412"": 21}"
LKVTSQQIQ,"{""P47625"": 6}"
LKVNQVYFD,"{""P47505"": 10}"
LKVNEAFDD,"{""P47694"": 3}"
LKVAIICQD,"{""P47622"": 5}"
LKVALLEXN,"{""P47285"": 2}"
LKVXAVTVS,"{""P47277"": 3}"
LKVIQFDGS,"{""P47398"": 8}"
LKVISYSVE,"{""P20796"": 5}"
LKVIIETAL,"{""P47296"": 10}"
LKVEIENFX,"{""P47547"": 6}"
LKVVENLLX,"{""P47542"": 1}"
LKVVENLLK,"{""P47542"": 1}"
LKVDALIFD,"{""P47585"": 6}"
LKVDQTIEN,"{""P47486"": 4}"
LKVLTYSXA,"{""P47321"": 2}"
LKDCTNFLN,"{""P47637"": 2}"
LKDFSXXXX,"{""Q49411"": 11}"
LKDFSXQQI,"{""Q49411"": 17}"
LKDFSKQQI,"{""Q49411"": 2}"
LKDHPDIWL,"{""Q49422"": 20}"
LKDHLYLXX,"{""P47576"": 6}"
LKDNFDINV,"{""P47656"": 8}"
LKDNLALWL,"{""P47587"": 4}"
LKDLVIASX,"{""P47295"": 6}"
LKDACNYLA,"{""P47302"": 6}"
LKDXLTPSY,"{""P47549"": 5}"
LKDXXXXXX,"{""P47549"": 3}"
LKLNXXAYQ,"{""P47398"": 1}"
LKLNXXAXQ,"{""P47398"": 1}"
LKLNQELKL,"{""P47540"": 1}"
LKLNQELXX,"{""P47540"": 1}"
LKLNQELXL,"{""P47540"": 2}"
LKLNNNINW,"{""Q49434"": 6}"
LKLNNFTLQ,"{""P47445"": 1}"
LKLNLIGNW,"{""P47527"": 3}"
LKLALNQLV,"{""P47465"": 33}"
LKLAAXELX,"{""P47604"": 1}"
LKLTNXELE,"{""P47394"": 5}"
LKLTNXXXX,"{""P47394"": 1}"
LKLTGFIIS,"{""P47294"": 23}"
LKLTFTDQX,"{""P47445"": 4}"
LKLLXXXXX,"{""P47558"": 4}"
LKLLXALXP,"{""P47558"": 2}"
LKLLXALXX,"{""P47558"": 1}"
LKLLELQXT,"{""P47460"": 26}"
LKLLELQXX,"{""P47460"": 2}"
LKLLDFVXX,"{""P47293"": 1}"
LKLLDFVXY,"{""P47293"": 3}"
LKLLDELXE,"{""P47466"": 4}"
LKLLSDNXL,"{""P47537"": 5}"
LKLLSDNXX,"{""P47537"": 1}"
LKLLVVSDL,"{""P52271"": 2}"
LKLPVFIEN,"{""P47372"": 7}"
LKLQXLDWX,"{""P47510"": 5}"
LKLEPHXYL,"{""P47397"": 1}"
LKLEPHXXX,"{""P47397"": 4}"
LKLEDQIXF,"{""P47446"": 6}"
LKLXLPVFI,"{""P47372"": 2}"
LKLXXXXXX,"{""P47645"": 1}"
LKLXXADSL,"{""P47645"": 5}"
LKLXKADSL,"{""P47645"": 1}"
LKLYDRLIT,"{""P47580"": 4}"
LKLVIEQTP,"{""P47339"": 7}"
LKPFXXXXX,"{""Q49420"": 2}"
LKPFXLGGD,"{""Q49420"": 16}"
LKPFKLGGD,"{""Q49420"": 1}"
LKPTQPVIF,"{""P47255"": 26}"
LKPWCISRQ,"{""P47576"": 2}"
LKPXXSVAX,"{""P47539"": 4}"
LKPXXFRSY,"{""P47520"": 1}"
LKPXXXXXX,"{""P47539"": 2}"
LKPGYFIHT,"{""P47469"": 2}"
LKPIGITSS,"{""P47437"": 6}"
LKPPAVILT,"{""P47331"": 2}"
LKGXQGLFR,"{""P47582"": 1}"
LKGXQGLFX,"{""P47582"": 1}"
LKGXXXXXX,"{""P47582"": 14}"
LKGFLAVGV,"{""P47502"": 5}"
LKGQRQLGT,"{""P47346"": 3}"
LKGQLAXPN,"{""P47574"": 3}"
LKGQXQLGT,"{""P47346"": 2}"
LKGNGDFSS,"{""Q49400"": 6}"
LKGELLEYR,"{""P47405"": 1}"
LKGLNVEIQ,"{""P47520"": 7}"
LKYHDXEYQ,"{""P47635"": 3}"
LKYDQLEXX,"{""P20796"": 13}"
LKYEELLQA,"{""P47540"": 3}"
LKYFXHVLE,"{""Q9ZB73"": 23}"
LKYFXXXXX,"{""Q9ZB73"": 3}"
LKYFKHVLE,"{""Q9ZB73"": 1}"
LKYXNSADH,"{""P47492"": 7}"
LKYVNTVEX,"{""P47314"": 5}"
LKIFEENVE,"{""P47580"": 32}"
LKIGFVINI,"{""P47264"": 3}"
LKIGDXFSF,"{""P47368"": 5}"
LKIGDKFSF,"{""P47368"": 1}"
LKIGVFGIG,"{""P47466"": 5}"
LKIQQLVNL,"{""P47496"": 5}"
LKIQQARSS,"{""P47394"": 1}"
LKIAILEIL,"{""P47411"": 4}"
LKIAAYEAX,"{""P47661"": 2}"
LKIIFEDEN,"{""P47610"": 3}"
LKIIXXTPN,"{""Q49420"": 3}"
LKIIXXXXX,"{""Q49420"": 1}"
LKIINVIDX,"{""P47508"": 3}"
LKITSHFIL,"{""P47585"": 5}"
LKIXXXXXX,"{""P47437"": 4}"
LKIRFSFIE,"{""P47525"": 1}"
LKIPYXGIE,"{""P47701"": 3}"
LKIPXXGIE,"{""P47701"": 1}"
LKINNEAEY,"{""P47700"": 4}"
LKRETNPNG,"{""P47492"": 3}"
LKRHXXDEX,"{""P47368"": 1}"
LKRHXXXXX,"{""P47368"": 2}"
LKRFIXXXX,"{""P47566"": 1}"
LKRIIENSX,"{""P47254"": 1}"
LKRILSLQE,"{""Q49407"": 7}"
LKRISXTTX,"{""P47414"": 1}"
LKRAXXXXX,"{""P47704"": 2}"
LKRXAESGD,"{""P47270"": 1}"
LKTCDGMRY,"{""P47322"": 6}"
LKTCDGMXY,"{""P47322"": 1}"
LKTNVXXFN,"{""P55750"": 4}"
LKTNVXXXX,"{""P55750"": 2}"
LKTNVKXXX,"{""P55750"": 1}"
LKTXDEIAF,"{""P47610"": 17}"
LKTXDGMRY,"{""P47322"": 1}"
LKTXXXXXX,"{""P47610"": 2, ""P47662"": 1}"
LKTXMEELI,"{""P47662"": 4}"
LKTAPXXPG,"{""P47448"": 4}"
LKTAPXXXX,"{""P47448"": 5}"
LKTAPXKPG,"{""P47448"": 1}"
LKTDFEXLX,"{""Q49419"": 2}"
LKTDFEXXX,"{""Q49419"": 1}"
LKTTXADVD,"{""P47549"": 4}"
LKTTXXXXX,"{""P47549"": 1}"
LKTTDVVLT,"{""Q49416"": 9}"
LKTGTPPXI,"{""P47619"": 1}"
LKTGTPPRI,"{""P47619"": 4}"
LKTSLTFAN,"{""P47525"": 9}"
LKTLTIGXD,"{""P47652"": 4}"
LKTLTIGXX,"{""P47652"": 2}"
LKTLVIEXX,"{""P47513"": 1}"
LKTMLNDXE,"{""P47394"": 6}"
LKTMLNDKE,"{""P47394"": 1}"
LKTFGVINF,"{""P47326"": 2}"
LKTKMEELI,"{""P47662"": 1}"
LKSLSLNDG,"{""P47523"": 3}"
LKSLGFSLI,"{""P47635"": 6}"
LKSLQXQQA,"{""P47576"": 16}"
LKSLQXXXX,"{""P47576"": 3}"
LKSXNAVIL,"{""P55750"": 23}"
LKSXXXXXX,"{""P55750"": 6}"
LKSISXGYA,"{""P47384"": 4}"
LKSISXXXX,"{""P47384"": 1}"
LKSTFIXXX,"{""P47374"": 6}"
LKSESVVEV,"{""P47315"": 2}"
LKMTLXPSG,"{""P47378"": 5}"
LKMQGSANN,"{""P47329"": 24}"
LKMGNXXXX,"{""P47286"": 1}"
LKMGNXXII,"{""P47286"": 3}"
LKKTQYQXS,"{""P47429"": 1}"
LKKTNXXIX,"{""P47661"": 1}"
LKKHYFXTX,"{""P47433"": 1}"
LKKHQWXXX,"{""P47325"": 1}"
LKKISNVVF,"{""P47348"": 1}"
LKKQIYXHV,"{""P47429"": 2}"
LKKQLDALX,"{""P47597"": 1}"
LKKFXGSNL,"{""P47587"": 1}"
LKKSSIXXX,"{""P47450"": 1}"
LKHNDGFAI,"{""Q49416"": 6}"
LKHVYPYXX,"{""P20796"": 1}"
LKWFTXXXX,"{""P47257"": 2}"
LCHQFALSQ,"{""P47587"": 111}"
LCHXXXXXX,"{""P47545"": 35}"
LCHXXDVNY,"{""P47545"": 90}"
LCHXXDVNX,"{""P47545"": 5}"
LCHXKDVNY,"{""P47545"": 1}"
LCHKKDVNY,"{""P47545"": 1}"
LCXXXXXXX,"{""P47450"": 23}"
LCXANNELP,"{""P47450"": 101}"
LCIARAIAL,"{""P47650"": 121}"
LCIAXAIAL,"{""P47650"": 32}"
LCIPAFVGL,"{""P47525"": 123}"
LCLVGVLIA,"{""P47393"": 37}"
LCLLTRXHF,"{""Q2MHT0"": 79}"
LCLLTRXXX,"{""Q2MHT0"": 25}"
LCLLTRKHF,"{""Q2MHT0"": 7}"
LCLLTXXHF,"{""Q2MHT0"": 19}"
LCLLTXXXX,"{""Q2MHT0"": 3}"
LCLLTXKHF,"{""Q2MHT0"": 1}"
LCLXXXXXX,"{""Q49409"": 87}"
LCLXXSFFA,"{""Q49409"": 3}"
LCLXRSFFA,"{""Q49409"": 22}"
LCLKRSFFA,"{""Q49409"": 1}"
LCFXELAYA,"{""P47410"": 35}"
LCFRELAYA,"{""P47410"": 109}"
LCFRELAXA,"{""P47410"": 5}"
LCFLLLVLV,"{""P47561"": 23}"
LCDLRFLTL,"{""P47326"": 33}"
LCDLXFLTL,"{""P47326"": 5}"
LCESASRQN,"{""P47640"": 23}"
LCESASXQN,"{""P47640"": 6}"
LCGDINPEG,"{""P47259"": 132}"
LCKANNELP,"{""P47450"": 4}"
LCPERRXXX,"{""P47706"": 3}"
LCPEXRXXX,"{""P47706"": 1}"
PFLXXXXXX,"{""Q9ZB73"": 105, ""P47658"": 19}"
PFLXXFFNS,"{""Q9ZB73"": 5}"
PFLXNSEFY,"{""P47525"": 46}"
PFLXNSEFX,"{""P47525"": 4}"
PFLXEXXXX,"{""P47658"": 61}"
PFLXEXXXS,"{""P47658"": 5}"
PFLXEXXRS,"{""P47658"": 10}"
PFLXEXKRS,"{""P47658"": 2}"
PFLXEKXXX,"{""P47658"": 1}"
PFLXRFFNS,"{""Q9ZB73"": 11}"
PFLRNSEFX,"{""P47525"": 6}"
PFLRNSEFY,"{""P47525"": 108}"
PFLFYXXXX,"{""Q49401"": 113}"
PFLFYXLTM,"{""Q49401"": 6}"
PFLFYKLTM,"{""Q49401"": 1}"
PFLFFNLTX,"{""P47326"": 115}"
PFLFFNLTK,"{""P47326"": 1}"
PFLDNYLTS,"{""P47253"": 120}"
PFLDNXLTS,"{""P47253"": 4}"
PFLLFLPAL,"{""P47434"": 102}"
PFLKEXXXX,"{""P47658"": 9}"
PFLKRFFNS,"{""Q9ZB73"": 1}"
PFNFVLATV,"{""Q49408"": 126}"
PFNHPEXIA,"{""P47606"": 88}"
PFNHPEXXX,"{""P47606"": 20}"
PFNHPEKIA,"{""P47606"": 3}"
PFWEXLFNE,"{""P47326"": 106}"
PFWEXXXXX,"{""P47326"": 24}"
PFWEKLFNE,"{""P47326"": 6}"
PFDPXXXXX,"{""P47673"": 100}"
PFDPXSNTN,"{""P47673"": 16}"
PFDPKSNTN,"{""P47673"": 1}"
PFDXXPSLQ,"{""P47460"": 64}"
PFDXXXXXX,"{""P47460"": 33}"
PFDXKPSLQ,"{""P47460"": 1}"
PFDKXPSLQ,"{""P47460"": 6}"
PFDKXXXXX,"{""P47460"": 2}"
PFDKKPSLQ,"{""P47460"": 1}"
PFSSWNFLX,"{""P47365"": 593}"
PFSSWNFLK,"{""P47365"": 23}"
PFSDDSNTV,"{""P47631"": 139}"
PFSQLVNTX,"{""P47393"": 119}"
PFSQLVNTK,"{""P47393"": 4}"
PFSNSPSPS,"{""P20796"": 115}"
PFPEAXXIS,"{""P47610"": 89}"
PFPEAXXXX,"{""P47610"": 51}"
PFPEAXKIS,"{""P47610"": 3}"
PFPEAKXIS,"{""P47610"": 1}"
PFPEAKXXX,"{""P47610"": 1}"
PFXXXXXXX,"{""Q49420"": 24, ""P47250"": 523, ""P47455"": 20, ""P47382"": 26, ""P47490"": 19}"
PFXXSARIV,"{""P47250"": 62}"
PFXXSAXIV,"{""P47250"": 18}"
PFXTHYNAL,"{""P47382"": 85}"
PFXTHXNAL,"{""P47382"": 4}"
PFXTPIDPN,"{""Q49410"": 4}"
PFXLAVFSD,"{""P47455"": 92}"
PFXLTXELV,"{""P47490"": 75}"
PFXLTXXXX,"{""P47490"": 21}"
PFXLTKELV,"{""P47490"": 1}"
PFXLGGDIF,"{""Q49420"": 91}"
PFXKSAXIV,"{""P47250"": 3}"
PFXKSARIV,"{""P47250"": 3}"
PFIYEVSAX,"{""P47456"": 615}"
PFIYEVSAK,"{""P47456"": 25}"
PFIDVYLNX,"{""P47687"": 100}"
PFIDVYLNK,"{""P47687"": 6}"
PFIDVXLNX,"{""P47687"": 5}"
PFIEQVXXX,"{""P47584"": 124}"
PFIEQVKXX,"{""P47584"": 2}"
PFIIHGLIN,"{""P47582"": 125}"
PFIIYSQSF,"{""P47662"": 150}"
PFIIXSQSF,"{""P47662"": 4}"
PFIXEVSAX,"{""P47456"": 26}"
PFIXEVSAK,"{""P47456"": 1}"
PFANELLIF,"{""Q49423"": 129}"
PFATVFQDY,"{""P47288"": 594}"
PFATVFQDX,"{""P47288"": 31}"
PFAPTDQIL,"{""P47645"": 126}"
PFASLNDFX,"{""P47277"": 118}"
PFASLNDFK,"{""P47277"": 5}"
PFAAYAFII,"{""Q49411"": 120}"
PFAAXAFII,"{""Q49411"": 11}"
PFGIXSCSV,"{""Q49426"": 100}"
PFGIXSXSV,"{""Q49426"": 6}"
PFGIXXXXX,"{""Q49426"": 23}"
PFGIKSCSV,"{""Q49426"": 4}"
PFGVAILEI,"{""P47581"": 27}"
PFEIXXXXX,"{""P47369"": 16}"
PFEIXSLAE,"{""P47369"": 103}"
PFEIKSLAE,"{""P47369"": 4}"
PFEGKIYMD,"{""P47261"": 9}"
PFEGKIXMD,"{""P47261"": 1}"
PFEGXIYMD,"{""P47261"": 90}"
PFEGXIXMD,"{""P47261"": 1}"
PFEGXXXXX,"{""P47261"": 20}"
PFTHIDLTQ,"{""P47523"": 144}"
PFKXSARIV,"{""P47250"": 4}"
PFKXXXXXX,"{""P47250"": 20}"
PFKLGGDIF,"{""Q49420"": 5}"
PFKLTXELV,"{""P47490"": 7}"
PFKLTXXXX,"{""P47490"": 2}"
PFKLAVFSD,"{""P47455"": 6}"
PFKTHYNAL,"{""P47382"": 6}"
PFVVVLGGA,"{""P47542"": 113}"
PFYTPIDPN,"{""Q49410"": 37}"
PINFXXXXX,"{""P47658"": 502}"
PINFXQTLG,"{""P47658"": 114}"
PINFKQTLG,"{""P47658"": 6}"
PINELEXXX,"{""P47277"": 30}"
PINELEXAI,"{""P47277"": 115}"
PINELEKAI,"{""P47277"": 3}"
PINVEXXTL,"{""P47325"": 88}"
PINVEXXXX,"{""P47325"": 35}"
PINVEXKTL,"{""P47325"": 6}"
PINVEKXTL,"{""P47325"": 4}"
PINVEKXXX,"{""P47325"": 1}"
PILSDLRES,"{""P47340"": 21}"
PILSDLXES,"{""P47340"": 5}"
PILSFEXXX,"{""P47532"": 24}"
PILSFEXVS,"{""P47532"": 122}"
PILSFEKVS,"{""P47532"": 5}"
PILIGTANI,"{""P47318"": 577}"
PILIVANVS,"{""P47270"": 131}"
PILXTTVIE,"{""P47533"": 499}"
PILXXXXXX,"{""P47533"": 127}"
PILLEYETI,"{""P47446"": 112}"
PILLEXETI,"{""P47446"": 9}"
PILPSQXXX,"{""P47464"": 108}"
PILPSQXEL,"{""P47464"": 12}"
PILKTTVIE,"{""P47533"": 24}"
PIIQLDGAX,"{""P47582"": 592}"
PIIIQYNSS,"{""P47373"": 535}"
PIIIQXNSS,"{""P47373"": 24}"
PIILFDXGV,"{""P47568"": 98}"
PIILFDXXX,"{""P47568"": 21}"
PIILFDKGV,"{""P47568"": 7}"
PIIXDYLHL,"{""P47456"": 96}"
PIIXDXLHL,"{""P47456"": 4}"
PIIXXXXXX,"{""P47456"": 9}"
PIIGLNLTV,"{""Q49405"": 144}"
PIIDTRQTN,"{""P47280"": 26}"
PIIDTXQTN,"{""P47280"": 11}"
PIIKDYLHL,"{""P47456"": 1}"
PIPXTITEI,"{""P47277"": 114}"
PIPXXXXXX,"{""P47277"": 10}"
PIPEQYVDQ,"{""P47335"": 127}"
PIPEQXVDQ,"{""P47335"": 7}"
PIPLXNISS,"{""P47387"": 112}"
PIPLXXXXX,"{""P47387"": 19}"
PIPLKNISS,"{""P47387"": 2}"
PIPPGIVVR,"{""P47350"": 20}"
PIPPGIVVX,"{""P47350"": 5}"
PIPKTITEI,"{""P47277"": 4}"
PIDNXXXXX,"{""P47507"": 28}"
PIDNXVIPA,"{""P47507"": 103}"
PIDNKVIPA,"{""P47507"": 2}"
PIDTXVIIF,"{""P47343"": 104}"
PIDTXXXXX,"{""P47343"": 24}"
PIDTKVIIF,"{""P47343"": 7}"
PIDXXXXXX,"{""P47686"": 109}"
PIDXRXXXX,"{""P47494"": 2}"
PIDYRXVDF,"{""P47494"": 22}"
PIDYRXXXX,"{""P47494"": 2}"
PIDYXXVDF,"{""P47494"": 6}"
PIDYXKVDF,"{""P47494"": 2}"
PISLGIMXM,"{""P47583"": 25}"
PISLGIMYM,"{""P47583"": 613}"
PISLLATDN,"{""P47437"": 126}"
PISEQDEVI,"{""P47571"": 121}"
PISVNLFTX,"{""P47587"": 113}"
PISVNLFTK,"{""P47587"": 5}"
PISDXRFXD,"{""P47373"": 17}"
PISDXRFXX,"{""P47373"": 7}"
PISDXXXXX,"{""P47373"": 90}"
PISDXXFXD,"{""P47373"": 4}"
PISDKRFXD,"{""P47373"": 2}"
PISPLQRSN,"{""P47291"": 19}"
PISPLQXSN,"{""P47291"": 7}"
PIXAIILFN,"{""P47702"": 513}"
PIXXXXXXX,"{""P47597"": 463, ""P47702"": 106, ""P47401"": 109, ""P47276"": 18, ""P47364"": 21, ""P13927"": 2}"
PIXXDCXXX,"{""P47420"": 1}"
PIXXDCXII,"{""P47420"": 2}"
PIXXFIDHS,"{""P47597"": 29}"
PIXXAVVTG,"{""P13927"": 4}"
PIXLFFASS,"{""P47364"": 82}"
PIXISVIAI,"{""P47276"": 86}"
PIXIYAIDT,"{""P47432"": 6}"
PIXRFIDHS,"{""P47597"": 103}"
PIXTWSRRS,"{""P47401"": 6}"
PIXTWSRXS,"{""P47401"": 3}"
PIXYWDQFE,"{""P47528"": 9}"
PIXEFLXTS,"{""P47259"": 3}"
PIFEIEDCL,"{""P47606"": 115}"
PIFEIEDXL,"{""P47606"": 4}"
PIFNFQKQF,"{""Q49404"": 22}"
PIFNFQXQF,"{""Q49404"": 520}"
PIFNFQXXX,"{""Q49404"": 96}"
PIVTPTQDM,"{""P47582"": 141}"
PIVTENXKV,"{""P47648"": 4}"
PIVTENXXV,"{""P47648"": 77}"
PIVTENXXX,"{""P47648"": 28}"
PIVTENKXV,"{""P47648"": 5}"
PIVDYFCCY,"{""P47371"": 115}"
PIVDYFCCX,"{""P47371"": 6}"
PIVDYFCXY,"{""P47371"": 7}"
PIVDYFCXX,"{""P47371"": 1}"
PIVDYFXCY,"{""P47371"": 8}"
PIVDXFCCY,"{""P47371"": 8}"
PIVXXXXXX,"{""P47438"": 90}"
PIVXLLDFG,"{""P47438"": 21}"
PIVEIGQRV,"{""P47583"": 18}"
PIVEIGQXV,"{""P47583"": 7}"
PIVKLLDFG,"{""P47438"": 1}"
PIQIVIXDF,"{""P47583"": 93}"
PIQIVIXXX,"{""P47583"": 32}"
PIQIVIKDF,"{""P47583"": 3}"
PIQYDXXXX,"{""P47617"": 126}"
PIQYDXVIE,"{""P47617"": 1}"
PIQXQALIQ,"{""Q49406"": 110}"
PIQXXXXXX,"{""Q49406"": 25}"
PIQXDXXXX,"{""P47617"": 5}"
PIQKQALIQ,"{""Q49406"": 8}"
PIAASIXQA,"{""P47582"": 20}"
PIAASIRQA,"{""P47582"": 121}"
PIAIGLXXA,"{""P47464"": 84}"
PIAIGLXXX,"{""P47464"": 30}"
PIAIGLXKA,"{""P47464"": 4}"
PIAIGLKXA,"{""P47464"": 3}"
PIAIGLKKA,"{""P47464"": 1}"
PIAFRHAHV,"{""Q49422"": 23}"
PIAFXHAHV,"{""Q49422"": 9}"
PIALNRFRD,"{""P47318"": 8}"
PIALNXFRD,"{""P47318"": 1}"
PIEQLDXSQ,"{""P47660"": 99}"
PIEQLDXXX,"{""P47660"": 26}"
PIEQLDKSQ,"{""P47660"": 3}"
PIEXQSQTT,"{""Q49411"": 91}"
PIEXXXXXX,"{""Q49411"": 27}"
PIEIDAIXX,"{""P47335"": 96}"
PIEIDAIXN,"{""P47335"": 21}"
PIEVQQFFT,"{""P47363"": 109}"
PIEKQSQTT,"{""Q49411"": 2}"
PICXDCXII,"{""P47420"": 58}"
PICXDCXXX,"{""P47420"": 26}"
PICXDCKII,"{""P47420"": 4}"
PICXDXXII,"{""P47420"": 3}"
PICXDXXXX,"{""P47420"": 3}"
PICXXXXXX,"{""P47420"": 23}"
PICKDCXII,"{""P47420"": 8}"
PICKDCXXX,"{""P47420"": 2}"
PIGSFIFLG,"{""P47597"": 104}"
PIGSPFIVY,"{""P47472"": 33}"
PIGSVAILG,"{""P47331"": 116}"
PIGITSSFN,"{""P47437"": 119}"
PIWNALRDD,"{""P47278"": 24}"
PIWNALXDD,"{""P47278"": 8}"
PIYEFLXXX,"{""P47259"": 15}"
PIYEFLXTS,"{""P47259"": 97}"
PIYEFLKTS,"{""P47259"": 4}"
PIYIDRFHL,"{""P47346"": 22}"
PIYIDXFHL,"{""P47346"": 4}"
PIYCLEINL,"{""P47437"": 8}"
PITSDESXX,"{""Q49415"": 95}"
PIRIYAIDT,"{""P47432"": 20}"
PIRIXAIDT,"{""P47432"": 3}"
PIRYWDQFE,"{""P47528"": 21}"
PIRXAVVTG,"{""P13927"": 13}"
PIRXWDQFE,"{""P47528"": 2}"
PIRXXXXXX,"{""P13927"": 1}"
PIKAIILFN,"{""P47702"": 28}"
PIKXFIDHS,"{""P47597"": 3}"
PIKLFFASS,"{""P47364"": 5}"
PIKISVIAI,"{""P47276"": 6}"
PIKRFIDHS,"{""P47597"": 4}"
PIKTWSXRS,"{""P47401"": 1}"
PGMXIGSTG,"{""P47249"": 34}"
PGMXIGSTD,"{""P47445"": 27}"
PGMYIGSTG,"{""P47249"": 542}"
PGMYIGSTD,"{""P47445"": 555}"
PGTXSGEQI,"{""P47265"": 510}"
PGTXXXXXX,"{""P47265"": 88}"
PGTKSGEQI,"{""P47265"": 26}"
PGXIPPNLA,"{""P47480"": 504}"
PGXGXTALL,"{""P47340"": 32}"
PGXGXXXXX,"{""P47340"": 8}"
PGXGKTALL,"{""P47340"": 1}"
PGXPFIYEV,"{""P47456"": 6}"
PGXXXXXXX,"{""P47480"": 96}"
PGXYLWXDS,"{""P47448"": 4}"
PGXFIHTLG,"{""P47469"": 2}"
PGXFDRHIQ,"{""P47695"": 4}"
PGWHVECAF,"{""P47495"": 608}"
PGWHVEXAF,"{""P47495"": 46}"
PGNSTTTSW,"{""P47271"": 633}"
PGNDTEXXX,"{""P47416"": 586}"
PGNDTEXHI,"{""P47416"": 1}"
PGNQIDFNR,"{""P20796"": 8}"
PGNQIDFNX,"{""P20796"": 1}"
PGPALASVG,"{""P47327"": 137}"
PGCYLWKDS,"{""P47448"": 7}"
PGCYLWXDS,"{""P47448"": 95}"
PGCYLWXXX,"{""P47448"": 20}"
PGCXLWXDS,"{""P47448"": 4}"
PGCXLWXXX,"{""P47448"": 1}"
PGFGGQIIT,"{""P47366"": 621}"
PGFTLSDRI,"{""P47286"": 115}"
PGFTLSDXI,"{""P47286"": 30}"
PGFNPNMQQ,"{""Q49417"": 131}"
PGFNQPHPN,"{""Q49417"": 35}"
PGFNQPNQQ,"{""Q49417"": 4}"
PGGWLSFEG,"{""P47605"": 124}"
PGSSGTLML,"{""P47314"": 603}"
PGSIXPHXX,"{""P13927"": 111}"
PGSIXPHXK,"{""P13927"": 1}"
PGSIXPHKX,"{""P13927"": 3}"
PGSIXXXXX,"{""P13927"": 14}"
PGSIKPHXX,"{""P13927"": 3}"
PGLGDFVSD,"{""P47321"": 612}"
PGLRIYRSF,"{""P47411"": 3}"
PGLRIYXSF,"{""P47411"": 1}"
PGLXIYRSF,"{""P47411"": 1}"
PGALKVAYN,"{""Q49402"": 8}"
PGALKVAXN,"{""Q49402"": 1}"
PGALXVAYN,"{""Q49402"": 98}"
PGALXVAXN,"{""Q49402"": 6}"
PGALXXXXX,"{""Q49402"": 20}"
PGAQDNINL,"{""Q49405"": 43}"
PGRGXXXXX,"{""P47340"": 26}"
PGRGXTALL,"{""P47340"": 97}"
PGRGKTALL,"{""P47340"": 4}"
PGRPFIYEV,"{""P47456"": 17}"
PGRFDRHIQ,"{""P47695"": 13}"
PGRFDXHIQ,"{""P47695"": 8}"
PGKIPPNLA,"{""P47480"": 30}"
PGDTILGLD,"{""P47634"": 114}"
PGDILVHXX,"{""P47324"": 111}"
PGDILVHXI,"{""P47324"": 5}"
PGEQLEVFD,"{""P47315"": 128}"
PGEFTQRSF,"{""P47254"": 27}"
PGEFTQXSF,"{""P47254"": 6}"
PGEINGVYI,"{""P47568"": 121}"
PGEINGVXI,"{""P47568"": 8}"
PGELIVIAA,"{""P47340"": 13}"
PGVGXTSLL,"{""P47506"": 113}"
PGVGXXXXX,"{""P47506"": 11}"
PGVGKTSLL,"{""P47506"": 4}"
PGVMFGNNE,"{""P47581"": 102}"
PGIVDEVTG,"{""P47277"": 118}"
PGYFIHTLG,"{""P47469"": 119}"
PHVNVGTIG,"{""P13927"": 153}"
PHATPAVXD,"{""P47514"": 97}"
PHATPAVXX,"{""P47514"": 20}"
PHATPAVKD,"{""P47514"": 8}"
PHXXFXAEI,"{""P13927"": 65}"
PHXXFXXXX,"{""P13927"": 16}"
PHXXFKAEI,"{""P13927"": 3}"
PHXXXXXXX,"{""P13927"": 40}"
PHXIVXXXX,"{""P47428"": 10}"
PHXIVXTLV,"{""P47428"": 1}"
PHXFFXPST,"{""P47292"": 3}"
PHXFFXXXX,"{""P47292"": 2}"
PHXNPFLNT,"{""Q49400"": 3}"
PHXKFXAEI,"{""P13927"": 5}"
PHNVSYEGH,"{""P47404"": 118}"
PHNVSXEGH,"{""P47404"": 4}"
PHYFFXPST,"{""P47292"": 88}"
PHYFFXXXX,"{""P47292"": 11}"
PHYFFKPST,"{""P47292"": 5}"
PHYNPFLNT,"{""Q49400"": 127}"
PHCIVXTLV,"{""P47428"": 35}"
PHCIVXXXX,"{""P47428"": 89}"
PHCIVKTLV,"{""P47428"": 1}"
PHIGHAFTT,"{""P47267"": 125}"
PHLIAXXXX,"{""P47405"": 116}"
PHLIAXVXX,"{""P47405"": 6}"
PHLIAXVRX,"{""P47405"": 16}"
PHLIAKVXX,"{""P47405"": 1}"
PHLLLEMGL,"{""P47609"": 115}"
PHFQPNXXX,"{""P47510"": 14}"
PHFQPNXIA,"{""P47510"": 107}"
PHFQPNKIA,"{""P47510"": 5}"
PHHSYFLIE,"{""P47247"": 120}"
PHHSXFLIE,"{""P47247"": 8}"
PHKXFXAEI,"{""P13927"": 3}"
PHKXXXXXX,"{""P13927"": 2}"
PHQLSSQTQ,"{""P47429"": 28}"
PDIPVGAWL,"{""P20796"": 624}"
PDGDXLGAQ,"{""P22746"": 33}"
PDGDCLGAQ,"{""P22746"": 600}"
PDGSGNSPL,"{""P47508"": 25}"
PDLAHGXNG,"{""P47624"": 102}"
PDLAHGXXX,"{""P47624"": 19}"
PDLAHGKNG,"{""P47624"": 7}"
PDLVXSXNI,"{""Q49399"": 65}"
PDLVXSXXX,"{""Q49399"": 14}"
PDLVXSKNI,"{""Q49399"": 4}"
PDLVXXXXX,"{""Q49399"": 20}"
PDLVKSXNI,"{""Q49399"": 2}"
PDLVKSXXX,"{""Q49399"": 1}"
PDLYXXYLE,"{""P47683"": 379}"
PDLYXXXXX,"{""P47683"": 191}"
PDLYXXXLE,"{""P47683"": 25}"
PDLYXKYLE,"{""P47683"": 16}"
PDLYKXYLE,"{""P47683"": 15}"
PDLYKXXXX,"{""P47683"": 3}"
PDLYKXXLE,"{""P47683"": 1}"
PDLSVQTEN,"{""P47692"": 132}"
PDLXXXYLE,"{""P47683"": 14}"
PDLXXXXXX,"{""P47683"": 14}"
PDLXYGFEI,"{""P47282"": 8}"
PDLXKKYLE,"{""P47683"": 1}"
PDLRYGFEI,"{""P47282"": 12}"
PDDIXIAYN,"{""P47631"": 442}"
PDDIXIAXN,"{""P47631"": 21}"
PDDIXXXXX,"{""P47631"": 141}"
PDDIKIAYN,"{""P47631"": 22}"
PDDANSLFE,"{""P47493"": 130}"
PDVDLIEGL,"{""P47660"": 97}"
PDALAAGIG,"{""P47269"": 121}"
PDEVYELIX,"{""P47308"": 105}"
PDEVYELIK,"{""P47308"": 7}"
PDEVXELIX,"{""P47308"": 7}"
PDEXESSDS,"{""Q49429"": 113}"
PDEXXXXXX,"{""Q49429"": 20}"
PDEQIQIEI,"{""P47316"": 109}"
PDEKESSDS,"{""Q49429"": 3}"
PDXXXXXXX,"{""P47433"": 555, ""P47642"": 99, ""P47587"": 18}"
PDXTXXWVX,"{""P47587"": 63}"
PDXTXXWVK,"{""P47587"": 3}"
PDXTXXXXX,"{""P47587"": 30}"
PDXTXKWVX,"{""P47587"": 2}"
PDXTKXWVX,"{""P47587"": 2}"
PDXTKXXXX,"{""P47587"": 3}"
PDXIRLVDX,"{""P47642"": 16}"
PDXIXLVDX,"{""P47642"": 3}"
PDXARQMSH,"{""P47669"": 3}"
PDXAXQMSH,"{""P47669"": 1}"
PDHFLFGSF,"{""Q49415"": 123}"
PDSGXIFIG,"{""P47365"": 94}"
PDSGXXXXX,"{""P47365"": 22}"
PDSGKIFIG,"{""P47365"": 4}"
PDFELEXXX,"{""P47249"": 96}"
PDFELEXLR,"{""P47249"": 18}"
PDFELEXLX,"{""P47249"": 7}"
PDFELEKLR,"{""P47249"": 1}"
PDFELEKLX,"{""P47249"": 1}"
PDFXXXXXX,"{""P47429"": 29}"
PDFXTLIXI,"{""P47429"": 84}"
PDFXTLIXX,"{""P47429"": 19}"
PDFXTLIKI,"{""P47429"": 7}"
PDFDISQLV,"{""Q49424"": 116}"
PDFKTLIXI,"{""P47429"": 4}"
PDNPYFWDL,"{""P47653"": 137}"
PDNPXFWDL,"{""P47653"": 6}"
PDNQXTLWI,"{""P47640"": 83}"
PDNQXXXXX,"{""P47640"": 12}"
PDNQKTLWI,"{""P47640"": 4}"
PDQXVIPFA,"{""P47321"": 6}"
PDQRVIPFA,"{""P47321"": 20}"
PDKTXXWVX,"{""P47587"": 3}"
PDKTXXXXX,"{""P47587"": 3}"
PDKIRLVDX,"{""P47642"": 1}"
PDRARQMSH,"{""P47669"": 27}"
PDRAXQMSH,"{""P47669"": 6}"
PNXXXXXXX,"{""P47410"": 601, ""Q49435"": 32}"
PNXXXXQXQ,"{""P52271"": 1}"
PNXXXYQXX,"{""P52271"": 1}"
PNXXXYQXQ,"{""P52271"": 8}"
PNXXILFGS,"{""Q49435"": 87}"
PNXKXYQXQ,"{""P52271"": 2}"
PNXKILFGS,"{""Q49435"": 3}"
PNXNYXLXL,"{""P47398"": 4}"
PNXNYXLKL,"{""P47398"": 1}"
PNXSINPDE,"{""P47547"": 1}"
PNPQSITVX,"{""P47293"": 118}"
PNPQSITVK,"{""P47293"": 1}"
PNPSQLMPX,"{""Q49417"": 618}"
PNPSQLMPK,"{""Q49417"": 23}"
PNPXXXXXX,"{""P47673"": 124}"
PNPXIFDNL,"{""P47673"": 488}"
PNPLHSXXX,"{""P47604"": 98}"
PNPLHSXXD,"{""P47604"": 19}"
PNPLHSXKD,"{""P47604"": 1}"
PNPKIFDNL,"{""P47673"": 19}"
PNFATQFLE,"{""Q49416"": 108}"
PNFSLGALF,"{""P47432"": 99}"
PNFSNIILV,"{""P47549"": 138}"
PNFTNVYLF,"{""P47539"": 96}"
PNFTNVXLF,"{""P47539"": 8}"
PNFXXXXXX,"{""P47338"": 90}"
PNFXXAXXX,"{""P47338"": 5}"
PNFXRAXXX,"{""P47338"": 19}"
PNFXRAXXY,"{""P47338"": 1}"
PNFKRAKXX,"{""P47338"": 2}"
PNFKRAXXX,"{""P47338"": 2}"
PNHHHDDLX,"{""P47321"": 34}"
PNHHHDDLR,"{""P47321"": 109}"
PNIDEFQTM,"{""Q49396"": 137}"
PNITAFFNR,"{""Q9ZB77"": 20}"
PNITAFFNX,"{""Q9ZB77"": 6}"
PNIRXDRSD,"{""P47318"": 20}"
PNIRXDXSD,"{""P47318"": 4}"
PNIRXXXXX,"{""P47318"": 86}"
PNIXXDRSD,"{""P47318"": 10}"
PNIXXDXSD,"{""P47318"": 3}"
PNIXXXXXX,"{""P47318"": 24}"
PNIFAFFQX,"{""P47260"": 1}"
PNIFAFFQY,"{""P47260"": 9}"
PNDLEIEVL,"{""P47306"": 605}"
PNQNNYFAX,"{""P47653"": 590}"
PNQNNYFAK,"{""P47653"": 23}"
PNQNNXFAX,"{""P47653"": 30}"
PNQYSFCWV,"{""P47282"": 116}"
PNQYSFXWV,"{""P47282"": 6}"
PNQEVXQYL,"{""P47265"": 93}"
PNQEVXQXL,"{""P47265"": 4}"
PNQEVXXXX,"{""P47265"": 21}"
PNQEVKQYL,"{""P47265"": 3}"
PNQGDIWVX,"{""P47426"": 111}"
PNQGDIWVK,"{""P47426"": 4}"
PNQXFTSNE,"{""P47311"": 99}"
PNQXSFXWV,"{""P47282"": 1}"
PNQXSFCWV,"{""P47282"": 6}"
PNQXXXXXX,"{""P47311"": 25}"
PNQFLNHLD,"{""P47479"": 124}"
PNQIFSITV,"{""P47387"": 116}"
PNQKFTSNE,"{""P47311"": 4}"
PNAIAITIR,"{""P47485"": 21}"
PNAIAITIX,"{""P47485"": 9}"
PNLSFEQIX,"{""P47500"": 112}"
PNLSFEQIK,"{""P47500"": 4}"
PNLIFFFVY,"{""P47558"": 22}"
PNLIFFFVX,"{""P47558"": 2}"
PNVFGLDDT,"{""P47483"": 140}"
PNVGXSSLI,"{""P47571"": 79}"
PNVGXXXXX,"{""P47571"": 25}"
PNVGKSSLI,"{""P47571"": 2}"
PNGYVPFNG,"{""Q49460"": 120}"
PNGQLSTGP,"{""P47549"": 136}"
PNGXVPFNG,"{""Q49460"": 7}"
PNSVXINFQ,"{""P47574"": 87}"
PNSVXXXXX,"{""P47574"": 23}"
PNSVKINFQ,"{""P47574"": 3}"
PNSYFYQDN,"{""P47618"": 127}"
PNSYFXQDN,"{""P47618"": 4}"
PNSXXXXXX,"{""P47616"": 110}"
PNSXFXQDN,"{""P47618"": 2}"
PNSXFYQDN,"{""P47618"": 2}"
PNSTXPELS,"{""P47491"": 105}"
PNSTXXXXX,"{""P47491"": 13}"
PNSTKPELS,"{""P47491"": 2}"
PNSALRXXX,"{""P47333"": 8}"
PNSALRXYA,"{""P47333"": 11}"
PNSALXXYA,"{""P47333"": 3}"
PNWFXYMDL,"{""P47592"": 95}"
PNWFXXMDL,"{""P47592"": 7}"
PNWFXXXXX,"{""P47592"": 23}"
PNWFKYMDL,"{""P47592"": 7}"
PNTXDELYI,"{""P47368"": 111}"
PNTXDELXI,"{""P47368"": 3}"
PNTXXXXXX,"{""P47368"": 19}"
PNTKDELXI,"{""P47368"": 1}"
PNTKDELYI,"{""P47368"": 5}"
PNYXXYQXQ,"{""P52271"": 71}"
PNYXXYQXX,"{""P52271"": 15}"
PNYXXYQKQ,"{""P52271"": 3}"
PNYXXXXXX,"{""P52271"": 27}"
PNYXXXQXQ,"{""P52271"": 2}"
PNYXKYQXQ,"{""P52271"": 3}"
PNYKXYQXQ,"{""P52271"": 3}"
PNRNYXLXX,"{""P47398"": 3}"
PNRNYXLXL,"{""P47398"": 16}"
PNRNYXXXX,"{""P47398"": 6}"
PNRNXXLXL,"{""P47398"": 1}"
PNRSINPDE,"{""P47547"": 1}"
PNKXILFGS,"{""Q49435"": 4}"
PNKXXXXXX,"{""Q49435"": 1}"
PNNIYRFIW,"{""P47637"": 4}"
PNNIYXFIW,"{""P47637"": 1}"
PETAQGSFI,"{""P47493"": 617}"
PETIFADVC,"{""P47576"": 584}"
PETIFADVX,"{""P47576"": 40}"
PETXYIPQV,"{""Q57081"": 98}"
PETXXXXXX,"{""Q57081"": 22}"
PETXXIPQV,"{""Q57081"": 6}"
PETVLEEPQ,"{""Q49429"": 111}"
PETEDSRXE,"{""P47653"": 3}"
PETEDSRRE,"{""P47653"": 20}"
PETEDSXXE,"{""P47653"": 1}"
PETEDSXRE,"{""P47653"": 5}"
PETKYIPQV,"{""Q57081"": 4}"
PEWXXXXXX,"{""P47660"": 100, ""P47352"": 39}"
PEWXNNDFI,"{""P47660"": 23}"
PEWXVINPT,"{""P47352"": 83}"
PEWKVINPT,"{""P47352"": 7}"
PEWKNNDFI,"{""P47660"": 2}"
PESGXXXXX,"{""P47633"": 81}"
PESGXQRXX,"{""P47633"": 17}"
PESGXQXXX,"{""P47633"": 4}"
PESGKQRXX,"{""P47633"": 3}"
PESGKQXXX,"{""P47633"": 1}"
PESXTEQXX,"{""P47514"": 80}"
PESXTEQXT,"{""P47514"": 22}"
PESXTEQKT,"{""P47514"": 3}"
PESXQETXX,"{""P47405"": 197}"
PESXQETXK,"{""P47405"": 7}"
PESXQETKX,"{""P47405"": 10}"
PESXQETKK,"{""P47405"": 1}"
PESXSSSQX,"{""P47694"": 111}"
PESXSSSQK,"{""P47694"": 2}"
PESXXXXXX,"{""P47405"": 47, ""P47514"": 20, ""P47694"": 16}"
PESKQETXX,"{""P47405"": 7}"
PESKTEQXX,"{""P47514"": 6}"
PESKSSSQX,"{""P47694"": 7}"
PEITXEPVL,"{""Q49413"": 196}"
PEITXXXXX,"{""Q49413"": 36}"
PEITKEPVL,"{""Q49413"": 12}"
PEIFAFALI,"{""P47492"": 117}"
PEIAXLXLL,"{""P47537"": 81}"
PEIAXLXXX,"{""P47537"": 15}"
PEIAXLKLL,"{""P47537"": 4}"
PEIAXXXXX,"{""P47537"": 20}"
PEIAKLXLL,"{""P47537"": 5}"
PEIAKLXXX,"{""P47537"": 3}"
PEINDIAIX,"{""P47599"": 107}"
PEINDIAIK,"{""P47599"": 3}"
PEIXXXXXX,"{""P47315"": 15}"
PEIXPTPVL,"{""P47315"": 107}"
PEIIRLLQE,"{""P47524"": 21}"
PEIIXLLQE,"{""P47524"": 7}"
PEIKPTPVL,"{""P47315"": 8}"
PEQNESNPL,"{""Q49460"": 145}"
PEQLLLYWN,"{""P47516"": 126}"
PEQLLLXWN,"{""P47516"": 5}"
PEVIXHIPQ,"{""Q57081"": 113}"
PEVIXXXXX,"{""Q57081"": 31}"
PEVIKHIPQ,"{""Q57081"": 2}"
PEVQIFSTD,"{""Q49419"": 111}"
PEVVANXLX,"{""P47429"": 120}"
PEVVANXLK,"{""P47429"": 9}"
PEVVANXXX,"{""P47429"": 19}"
PEVVANKLX,"{""P47429"": 4}"
PEVXHVSHV,"{""Q57081"": 103}"
PEVXTEYQP,"{""Q57081"": 84}"
PEVXTEXQP,"{""Q57081"": 5}"
PEVXPVVDS,"{""Q57081"": 111}"
PEVXXXXXX,"{""Q57081"": 68}"
PEVKHVSHV,"{""Q57081"": 4}"
PEVKTEYQP,"{""Q57081"": 3}"
PEVKPVVDS,"{""Q57081"": 2}"
PEGEQXAVE,"{""P22747"": 106}"
PEGEQXXXX,"{""P22747"": 26}"
PEGEQKAVE,"{""P22747"": 5}"
PEDFDLVPE,"{""P47288"": 578}"
PEDYVLPEQ,"{""P47613"": 4}"
PEFMGSYDX,"{""Q49408"": 570}"
PEFMGSYDK,"{""Q49408"": 1}"
PEFMGSXDX,"{""Q49408"": 31}"
PEFLLAYYG,"{""P47609"": 123}"
PEFLLAYXG,"{""P47609"": 6}"
PEFLLAXYG,"{""P47609"": 5}"
PEFINXIDE,"{""P47597"": 40}"
PEFINRIDE,"{""P47597"": 122}"
PEPYXGXXX,"{""P47412"": 77}"
PEPYXGXGV,"{""P47412"": 20}"
PEPYXXXXX,"{""P47412"": 29}"
PEPYKGXGV,"{""P47412"": 1}"
PEPYKGXXX,"{""P47412"": 6}"
PEPGGLFDE,"{""P47582"": 132}"
PEPXKGXXX,"{""P47412"": 1}"
PEPXXGXXX,"{""P47412"": 3}"
PEPXXGXGV,"{""P47412"": 2}"
PEPXXXXXX,"{""P47412"": 1}"
PEATTPIVR,"{""P47281"": 122}"
PEATTPIVX,"{""P47281"": 43}"
PEATXQVSF,"{""Q49419"": 106}"
PEATXXXXX,"{""Q49419"": 24}"
PEATKQVSF,"{""Q49419"": 5}"
PEADVIEIF,"{""P47599"": 115}"
PELSEELIA,"{""P47491"": 140}"
PELFSLQXY,"{""Q9ZB77"": 90}"
PELFSLQXX,"{""Q9ZB77"": 28}"
PELFSLQKY,"{""Q9ZB77"": 5}"
PELFSLQKX,"{""Q9ZB77"": 1}"
PELVSLNXX,"{""P47316"": 88}"
PELVSLNXL,"{""P47316"": 29}"
PELVSLNKL,"{""P47316"": 2}"
PELIFRVFS,"{""P47343"": 19}"
PELIFXVFS,"{""P47343"": 9}"
PEXSLLVTL,"{""P47400"": 116}"
PEXNVEVAV,"{""P47631"": 109}"
PEXXXXXXX,"{""P47400"": 13, ""P47631"": 21}"
PENILFTSD,"{""P47355"": 121}"
PENRGASVT,"{""P22747"": 131}"
PENAINELE,"{""P47251"": 26}"
PENXGASVT,"{""P22747"": 25}"
PEERRXXXX,"{""P47540"": 5}"
PEERRXIFE,"{""P47540"": 1}"
PEEAEELKX,"{""P36255"": 7}"
PEEAEELXX,"{""P36255"": 115}"
PEEAVANGG,"{""P47434"": 35}"
PEEINEILL,"{""P47547"": 22}"
PEEMNYQVQ,"{""P47313"": 27}"
PEEMNXQVQ,"{""P47313"": 3}"
PEEXXXXXX,"{""P47540"": 1}"
PEKNVEVAV,"{""P47631"": 5}"
PEKSLLVTL,"{""P47400"": 2}"
PASXXXXXX,"{""P47540"": 105}"
PASXLAEIE,"{""P47540"": 8}"
PASILASEA,"{""P47287"": 643}"
PASICNVVG,"{""P47345"": 556}"
PASIXNVVG,"{""P47345"": 33}"
PASKLAEIE,"{""P47540"": 1}"
PALQLLATG,"{""P47541"": 599}"
PALQFRFYT,"{""P47278"": 16}"
PALQFXFYT,"{""P47278"": 5}"
PALFEQIXE,"{""P47581"": 90}"
PALFEQIXX,"{""P47581"": 19}"
PALFEQIKE,"{""P47581"": 5}"
PAAGGDESC,"{""P47500"": 622}"
PAAGGDESX,"{""P47500"": 28}"
PAAQRYTEA,"{""P47250"": 37}"
PAAQRXTEA,"{""P47250"": 1}"
PAAQXYTEA,"{""P47250"": 2}"
PAAIEQLET,"{""P47294"": 617}"
PAAFLXPPV,"{""P22747"": 100}"
PAAFLXXXX,"{""P22747"": 29}"
PAAFLKPPV,"{""P22747"": 7}"
PANLNPNTA,"{""P47366"": 610}"
PANVSDIHI,"{""P47563"": 119}"
PANGTSSGT,"{""P47563"": 114}"
PANEFVARF,"{""P47433"": 30}"
PANEFVAXF,"{""P47433"": 1}"
PANERVLEG,"{""P47355"": 3}"
PANEXVLEG,"{""P47355"": 1}"
PANFFQSRA,"{""P47386"": 18}"
PANFFQSXA,"{""P47386"": 7}"
PAVQAYXXX,"{""P47313"": 88}"
PAVQAYXEL,"{""P47313"": 484}"
PAVQAYKEL,"{""P47313"": 24}"
PAVQAXXEL,"{""P47313"": 33}"
PAVQAXXXX,"{""P47313"": 3}"
PAVQAXKEL,"{""P47313"": 3}"
PAVFSYYNQ,"{""P47510"": 144}"
PAVFSYXNQ,"{""P47510"": 4}"
PAVFSXYNQ,"{""P47510"": 8}"
PAIETYXQL,"{""P47314"": 97}"
PAIETYXXX,"{""P47314"": 20}"
PAIETYKQL,"{""P47314"": 3}"
PAIETXKQL,"{""P47314"": 2}"
PAIETXXQL,"{""P47314"": 6}"
PAIETXXXX,"{""P47314"": 1}"
PAIEXEQLV,"{""P47252"": 21}"
PAIEXXXXX,"{""P47252"": 93}"
PAIEKEQLV,"{""P47252"": 3}"
PAIQIGLSV,"{""P47641"": 141}"
PAINTYXXX,"{""P47635"": 32}"
PAINTYXSL,"{""P47635"": 90}"
PAINTYKSL,"{""P47635"": 3}"
PAINTXXSL,"{""P47635"": 3}"
PAINTXXXX,"{""P47635"": 1}"
PAIRLGALM,"{""P47312"": 2}"
PAIVATVPT,"{""P47609"": 10}"
PAIXLGALM,"{""P47312"": 1}"
PATFMNNSG,"{""P47329"": 119}"
PATDIGLGA,"{""P47324"": 8}"
PADFESYFQ,"{""P47463"": 108}"
PADFESXFQ,"{""P47463"": 12}"
PADFYLIGS,"{""P47441"": 129}"
PADFXLIGS,"{""P47441"": 5}"
PADIDFWRP,"{""Q49429"": 132}"
PADIDFWXP,"{""Q49429"": 31}"
PAGNNFDHE,"{""Q49408"": 115}"
PAYTWLPXP,"{""P47271"": 85}"
PAYTWLPXX,"{""P47271"": 26}"
PAYTWLPKP,"{""P47271"": 3}"
PAXPNQIFS,"{""P47387"": 103}"
PAXLVQPEV,"{""Q57081"": 110}"
PAXXXXXXX,"{""P47387"": 18, ""Q57081"": 16}"
PAXTWLPXP,"{""P47271"": 3}"
PAXTWLPXX,"{""P47271"": 1}"
PAEXNXCPA,"{""P47513"": 82}"
PAEXNXXPA,"{""P47513"": 5}"
PAEXNXXXX,"{""P47513"": 17}"
PAEXNKCPA,"{""P47513"": 6}"
PAEXXXXXX,"{""P47513"": 17}"
PAEKNXCPA,"{""P47513"": 2}"
PAEKNXXXX,"{""P47513"": 1}"
PAPLGTGII,"{""P47414"": 27}"
PAKPNQIFS,"{""P47387"": 5}"
PAKLVQPEV,"{""Q57081"": 6}"
PVXLSSMQA,"{""P47540"": 97}"
PVXLIFLIG,"{""P47308"": 104}"
PVXAXMIXT,"{""P47405"": 67}"
PVXAXMIXX,"{""P47405"": 11}"
PVXAXMIKT,"{""P47405"": 5}"
PVXAXXXXX,"{""P47405"": 12}"
PVXAKMIXX,"{""P47405"": 1}"
PVXAKMIXT,"{""P47405"": 2}"
PVXFQAESV,"{""P47486"": 9}"
PVXXXXXXX,"{""P47540"": 20, ""P47405"": 14, ""P47308"": 14}"
PVVLENPEG,"{""P47547"": 611}"
PVVDXHAXQ,"{""P47344"": 74}"
PVVDXHAXX,"{""P47344"": 18}"
PVVDXHAKQ,"{""P47344"": 5}"
PVVDXXXXX,"{""P47344"": 21}"
PVVDSVPEV,"{""Q57081"": 127}"
PVVDLXXXX,"{""Q57081"": 120}"
PVVDLXPQR,"{""Q57081"": 4}"
PVVDKHAXQ,"{""P47344"": 3}"
PVVISAAHG,"{""P47571"": 642}"
PVVSVXVEL,"{""P47692"": 105}"
PVVSVXXXX,"{""P47692"": 17}"
PVVSVKVEL,"{""P47692"": 6}"
PVVYCGLID,"{""Q49398"": 114}"
PVVYXGLID,"{""Q49398"": 9}"
PVVXCGLID,"{""Q49398"": 4}"
PVVXXGLID,"{""Q49398"": 2}"
PVTFEVVLX,"{""P47480"": 125}"
PVTFEVVLK,"{""P47480"": 2}"
PVTIRNGTX,"{""P47399"": 32}"
PVTIRNGTK,"{""P47399"": 1}"
PVTIXNGTX,"{""P47399"": 5}"
PVTIXNGTK,"{""P47399"": 1}"
PVEQQXXII,"{""P47331"": 96}"
PVEQQXXXX,"{""P47331"": 50}"
PVEQQXKII,"{""P47331"": 2}"
PVEQQKXII,"{""P47331"": 5}"
PVETLALDN,"{""Q49413"": 135}"
PVEGTMLTV,"{""P47609"": 40}"
PVEVFTSEQ,"{""P47425"": 124}"
PVEIXXXXX,"{""Q49419"": 103}"
PVEIXXPRI,"{""Q49419"": 16}"
PVEIXXPXI,"{""Q49419"": 2}"
PVEIKXXXX,"{""Q49419"": 3}"
PVEIKXPRI,"{""Q49419"": 2}"
PVEXXXXXX,"{""P47591"": 95}"
PVFXXXXXX,"{""Q9ZB78"": 116}"
PVFXSNLPP,"{""Q9ZB78"": 488}"
PVFDFXXXX,"{""P47251"": 94}"
PVFDFXPLP,"{""P47251"": 30}"
PVFDFKPLP,"{""P47251"": 3}"
PVFKSNLPP,"{""Q9ZB78"": 23}"
PVQTGLENA,"{""P47335"": 122}"
PVQIVNVDV,"{""P47527"": 105}"
PVQISGFDI,"{""P47388"": 138}"
PVQRRILYG,"{""P47446"": 6}"
PVQRXILYG,"{""P47446"": 1}"
PVQXRILYG,"{""P47446"": 1}"
PVQXXILYG,"{""P47446"": 1}"
PVLTEXSYL,"{""P47399"": 100}"
PVLTEXSXL,"{""P47399"": 2}"
PVLTEXXXX,"{""P47399"": 21}"
PVLTEKSYL,"{""P47399"": 9}"
PVLDLXLNL,"{""P47348"": 98}"
PVLDLXXXX,"{""P47348"": 24}"
PVLDLKLNL,"{""P47348"": 6}"
PVLYIHGGP,"{""P47266"": 106}"
PVLVVANHX,"{""Q49402"": 132}"
PVLVVANHK,"{""Q49402"": 6}"
PVLLNRAPT,"{""P47582"": 9}"
PVLLNXAPT,"{""P47582"": 1}"
PVLNFQRLY,"{""P47498"": 4}"
PVLXIHGGP,"{""P47266"": 3}"
PVIIFPEGW,"{""P47541"": 148}"
PVIIHVGII,"{""P47615"": 38}"
PVILVVNXX,"{""P47571"": 25}"
PVILVVNXA,"{""P47571"": 102}"
PVILVVNKA,"{""P47571"": 5}"
PVIEPTINE,"{""P47621"": 133}"
PVIXXXXXX,"{""P47321"": 21}"
PVIXSPVEL,"{""P47321"": 85}"
PVIKSPVEL,"{""P47321"": 5}"
PVAINPLSD,"{""Q49419"": 114}"
PVAIXSSDF,"{""P47461"": 107}"
PVAIXXXXX,"{""P47461"": 19}"
PVAIKSSDF,"{""P47461"": 8}"
PVAEEQNNY,"{""Q49413"": 241}"
PVAEEQNNX,"{""Q49413"": 15}"
PVAELLQQL,"{""P47542"": 108}"
PVATXAXNA,"{""P47409"": 70}"
PVATXAXXX,"{""P47409"": 15}"
PVATXAKNA,"{""P47409"": 3}"
PVATXXXXX,"{""P47409"": 12}"
PVATKAXNA,"{""P47409"": 2}"
PVATKAXXX,"{""P47409"": 1}"
PVAFQLEQF,"{""P47346"": 120}"
PVPXTEISG,"{""P47523"": 509}"
PVPXXXXXX,"{""P47523"": 122}"
PVPKTEISG,"{""P47523"": 20}"
PVHIXXXXX,"{""P47507"": 24}"
PVHIXPIDN,"{""P47507"": 117}"
PVHIKPIDN,"{""P47507"": 6}"
PVHRRVLYG,"{""P47250"": 1}"
PVHRXVLYG,"{""P47250"": 1}"
PVNQHLHYV,"{""P47576"": 121}"
PVNQHLHXV,"{""P47576"": 4}"
PVNYYVDXX,"{""P47437"": 84}"
PVNYYVDXA,"{""P47437"": 24}"
PVNYXVDXX,"{""P47437"": 5}"
PVNVLIDQG,"{""Q49460"": 125}"
PVNXYVDXX,"{""P47437"": 6}"
PVNXYVDXA,"{""P47437"": 1}"
PVSELQENN,"{""Q49415"": 115}"
PVYFQAESV,"{""P47486"": 119}"
PVYADFAVI,"{""P47635"": 37}"
PVYVRGDDA,"{""P47580"": 24}"
PVYVXGDDA,"{""P47580"": 9}"
PVKAXMIXT,"{""P47405"": 1}"
PVKAXXXXX,"{""P47405"": 1}"
PVKLIFLIG,"{""P47308"": 5}"
PVKLSSMQA,"{""P47540"": 3}"
PCDEXXXXX,"{""P47312"": 426}"
PCDEXETCA,"{""P47312"": 110}"
PCDEXETXA,"{""P47312"": 9}"
PCDEKETCA,"{""P47312"": 4}"
PCDEKETXA,"{""P47312"": 1}"
PCDIGYSNS,"{""P47526"": 117}"
PCDIGXSNS,"{""P47526"": 5}"
PCEYTNLEL,"{""P47265"": 576}"
PCEXTNLEL,"{""P47265"": 28}"
PCIVEAIIT,"{""P47259"": 114}"
PRIXXXXXX,"{""P47336"": 105, ""Q49419"": 16}"
PRIXXXDFV,"{""Q49419"": 2}"
PRIXXRDFV,"{""Q49419"": 8}"
PRIXRFLQN,"{""P47336"": 2}"
PRINEIRGV,"{""P47456"": 23}"
PRINEIXGV,"{""P47456"": 5}"
PRILVFDDS,"{""P47260"": 33}"
PRIALLXXX,"{""P47478"": 3}"
PRIALLXXL,"{""P47478"": 1}"
PRIALLXCL,"{""P47478"": 16}"
PRIALLKCL,"{""P47478"": 1}"
PRIYLNTWL,"{""P47326"": 19}"
PRIKXXXXX,"{""Q49419"": 2}"
PRIKXFLQN,"{""P47336"": 1}"
PRVANVDQI,"{""P47356"": 110}"
PRTGYLGIT,"{""P20796"": 125}"
PRTGXLGIT,"{""P20796"": 4}"
PRYLTLPGF,"{""P47513"": 109}"
PRHQIFVEP,"{""P47619"": 27}"
PRSRXIIXA,"{""P47481"": 23}"
PRSRXIIXX,"{""P47481"": 6}"
PRSRXXXXX,"{""P47481"": 5}"
PRSRKIIXA,"{""P47481"": 1}"
PRSWXXXXX,"{""P52271"": 21}"
PRSXXIIXA,"{""P47481"": 1}"
PRSXXIIXX,"{""P47481"": 1}"
PRQQSCLFG,"{""P47494"": 24}"
PRQXXXXXX,"{""P47333"": 14}"
PRQXXXVXS,"{""P47333"": 11}"
PRQXXXVKS,"{""P47333"": 1}"
PRQXXKVXS,"{""P47333"": 2}"
PRQXXKVXX,"{""P47333"": 1}"
PRGVXDWFG,"{""P47281"": 24}"
PRGVXXXXX,"{""P47281"": 4}"
PRGVKDWFG,"{""P47281"": 3}"
PRXXXXXXX,"{""P47520"": 18}"
PRXFRSYIN,"{""P47520"": 4}"
PRXLTLPGF,"{""P47513"": 6}"
PRLSRVEXQ,"{""P47336"": 1}"
PRLSXVEKQ,"{""P47336"": 1}"
PRRNEVIFR,"{""Q49429"": 3}"
PLKALLFDS,"{""P47384"": 32}"
PLKATLCIS,"{""P47446"": 3}"
PLKIMMVGL,"{""P47294"": 23}"
PLKINTLIX,"{""P47399"": 1}"
PLKINTLIR,"{""P47399"": 1}"
PLKQEVXXV,"{""P47405"": 6}"
PLKQEVXXX,"{""P47405"": 2}"
PLKQETXXX,"{""P47405"": 12}"
PLKQETXXV,"{""P47405"": 4}"
PLKQETKXV,"{""P47405"": 1}"
PLKDLWIIS,"{""P47365"": 3}"
PLKFAFSXV,"{""P47520"": 4}"
PLKFAFSXX,"{""P47520"": 2}"
PLKYVLVYL,"{""P47681"": 5}"
PLKYVLVXL,"{""P47681"": 1}"
PLKHXXXXX,"{""P20796"": 2}"
PLKHXNSSG,"{""P20796"": 2}"
PLKXVLVYL,"{""P47681"": 1}"
PLKSFQXIL,"{""P47579"": 1}"
PLAGYXXIL,"{""P47384"": 68}"
PLAGYXXXX,"{""P47384"": 36}"
PLAGYXKIL,"{""P47384"": 7}"
PLAGYKXXX,"{""P47384"": 1}"
PLAGYKXIL,"{""P47384"": 2}"
PLAGXXXIL,"{""P47384"": 1}"
PLAFIFGGL,"{""P47271"": 135}"
PLAWYFXXX,"{""P47355"": 122}"
PLAWXFXXX,"{""P47355"": 5}"
PLAXXXXXX,"{""P47376"": 14}"
PLAXLVNDF,"{""P47376"": 117}"
PLAQXIXTY,"{""P47448"": 85}"
PLAQXIXTX,"{""P47448"": 5}"
PLAQXIXXX,"{""P47448"": 19}"
PLAQXIKTY,"{""P47448"": 4}"
PLAQXXXXX,"{""P47448"": 20}"
PLAQKIXXX,"{""P47448"": 1}"
PLAQKIXTY,"{""P47448"": 2}"
PLAKLVNDF,"{""P47376"": 7}"
PLXIMMVGL,"{""P47294"": 497}"
PLXINTLIR,"{""P47399"": 19}"
PLXINTLIX,"{""P47399"": 10}"
PLXDLWIIS,"{""P47365"": 102}"
PLXHXNSSG,"{""P20796"": 86}"
PLXHXXXXX,"{""P20796"": 23}"
PLXHKNSSG,"{""P20796"": 2}"
PLXXXXXXX,"{""P47405"": 52, ""P47294"": 112, ""P47384"": 122, ""P47399"": 99, ""P47579"": 20, ""P20796"": 14, ""P47365"": 21, ""P47446"": 98, ""P47681"": 25, ""P47520"": 15}"
PLXXVLVYL,"{""P47681"": 1}"
PLXYVLVYL,"{""P47681"": 92}"
PLXYVLVXL,"{""P47681"": 4}"
PLXQETXXX,"{""P47405"": 102}"
PLXQETXXV,"{""P47405"": 75}"
PLXQETXKV,"{""P47405"": 4}"
PLXQETKXV,"{""P47405"": 3}"
PLXQETKXX,"{""P47405"": 2}"
PLXQEVXXX,"{""P47405"": 27}"
PLXQEVXXV,"{""P47405"": 68}"
PLXQEVXKV,"{""P47405"": 6}"
PLXQEVKXV,"{""P47405"": 1}"
PLXFAFSXV,"{""P47520"": 110}"
PLXFAFSXX,"{""P47520"": 8}"
PLXFAFSKV,"{""P47520"": 6}"
PLXALLFDS,"{""P47384"": 458}"
PLXATLCIS,"{""P47446"": 23}"
PLXATLXIS,"{""P47446"": 1}"
PLXSFQXIL,"{""P47579"": 84}"
PLXSFQXXX,"{""P47579"": 17}"
PLXSFQKIL,"{""P47579"": 1}"
PLSFAELQQ,"{""P47319"": 652}"
PLSALXXXX,"{""P47406"": 571}"
PLSALXXWR,"{""P47406"": 5}"
PLSALXXWX,"{""P47406"": 2}"
PLSALXRWX,"{""P47406"": 3}"
PLSALXRWR,"{""P47406"": 11}"
PLSTLQIXX,"{""P52271"": 107}"
PLSTLQIXK,"{""P52271"": 4}"
PLSTLQIKX,"{""P52271"": 3}"
PLSDSVXTQ,"{""P47307"": 516}"
PLSDSVXXX,"{""P47307"": 106}"
PLSDSVKTQ,"{""P47307"": 30}"
PLSXSEINX,"{""P47595"": 6}"
PLSRSEINX,"{""P47595"": 18}"
PLSRSEINK,"{""P47595"": 1}"
PLEFNYTDX,"{""Q49408"": 129}"
PLEFNYTDK,"{""Q49408"": 4}"
PLEFNXTDX,"{""Q49408"": 12}"
PLEVRMGSG,"{""P47404"": 28}"
PLEVXMGSG,"{""P47404"": 6}"
PLEXLFNXH,"{""P47345"": 77}"
PLEXLFNXX,"{""P47345"": 25}"
PLEXLFNKH,"{""P47345"": 3}"
PLEXXXXXX,"{""P47345"": 15}"
PLETIEISN,"{""P47662"": 126}"
PLEKLFNXH,"{""P47345"": 5}"
PLEKLFNXX,"{""P47345"": 3}"
PLTIDIWNA,"{""P47277"": 640}"
PLTISSPSN,"{""P47658"": 111}"
PLTASSXXX,"{""P47438"": 25}"
PLTASSXTM,"{""P47438"": 75}"
PLTASSKTM,"{""P47438"": 4}"
PLTAIXXXX,"{""P47362"": 103}"
PLTAIXTVX,"{""P47362"": 486}"
PLTAIXTVK,"{""P47362"": 17}"
PLTAIKTVX,"{""P47362"": 25}"
PLTAIKTVK,"{""P47362"": 2}"
PLTSIPGVI,"{""P47325"": 128}"
PLTNPLIDT,"{""P47277"": 134}"
PLTNQTIEL,"{""P47437"": 131}"
PLTLNNFVV,"{""Q49430"": 98}"
PLTLQFENA,"{""P47649"": 132}"
PLTQVPDDT,"{""P47315"": 128}"
PLTFVQPIX,"{""P47319"": 116}"
PLTFVQPIK,"{""P47319"": 2}"
PLFAFFSAT,"{""P52271"": 136}"
PLFAFLAGI,"{""Q49414"": 119}"
PLFTXLEIY,"{""Q9ZB79"": 94}"
PLFTXLEIX,"{""Q9ZB79"": 7}"
PLFTXXXXX,"{""Q9ZB79"": 26}"
PLFTKLEIY,"{""Q9ZB79"": 2}"
PLFGTAGVR,"{""P47299"": 33}"
PLFGTAGVX,"{""P47299"": 8}"
PLFXXXXXX,"{""P47312"": 42}"
PLFXXFTNW,"{""P47312"": 92}"
PLFXKFTNW,"{""P47312"": 5}"
PLFKXFTNW,"{""P47312"": 8}"
PLMXYWXXX,"{""P47330"": 343}"
PLMXYWXDE,"{""P47330"": 98}"
PLMXYWKDE,"{""P47330"": 4}"
PLMXXWXDE,"{""P47330"": 7}"
PLMXXWXXX,"{""P47330"": 20}"
PLMXXXXXX,"{""P47330"": 131}"
PLMKYWXXX,"{""P47330"": 23}"
PLMKYWXDE,"{""P47330"": 6}"
PLMKXWXXX,"{""P47330"": 1}"
PLNLMQDFN,"{""P47488"": 625}"
PLNLXPGIV,"{""P47277"": 105}"
PLNLXXXXX,"{""P47277"": 21}"
PLNLIVCHL,"{""P47599"": 125}"
PLNLIVXHL,"{""P47599"": 6}"
PLNLKPGIV,"{""P47277"": 3}"
PLNSIVSLS,"{""P47652"": 631}"
PLNFQRYCL,"{""P47349"": 134}"
PLNFQRYXL,"{""P47349"": 5}"
PLNFQRXCL,"{""P47349"": 7}"
PLNFQXYCL,"{""P47349"": 22}"
PLNFQXYXL,"{""P47349"": 7}"
PLNFITXPV,"{""Q9ZB78"": 8}"
PLNFITRPV,"{""Q9ZB78"": 23}"
PLVYGFYNT,"{""P47354"": 574}"
PLVYGFXNT,"{""P47354"": 31}"
PLVLASSLA,"{""P47277"": 632}"
PLVGNPNYG,"{""Q49429"": 582}"
PLVGNPNXG,"{""Q49429"": 36}"
PLVGFFQSL,"{""P47479"": 120}"
PLVNVXALS,"{""P47326"": 87}"
PLVNVXXXX,"{""P47326"": 27}"
PLVNVKALS,"{""P47326"": 6}"
PLVNEQIAF,"{""P47438"": 140}"
PLVNSVVSE,"{""P47249"": 48}"
PLVXGFYNT,"{""P47354"": 36}"
PLVXGFXNT,"{""P47354"": 3}"
PLVXYSPSX,"{""P47595"": 5}"
PLVSFNQYQ,"{""P47322"": 32}"
PLVSFNQXQ,"{""P47322"": 1}"
PLVSSSLIL,"{""P47558"": 39}"
PLVAGGXLS,"{""P47688"": 16}"
PLVAGGRLS,"{""P47688"": 21}"
PLVENSCDQ,"{""P47417"": 105}"
PLVENSXDQ,"{""P47417"": 4}"
PLVMXXXXX,"{""Q49396"": 22}"
PLVMXPNID,"{""Q49396"": 107}"
PLVMKPNID,"{""Q49396"": 4}"
PLVRYSPSX,"{""P47595"": 28}"
PLVRXSPSX,"{""P47595"": 1}"
PLINXLVDX,"{""P47530"": 98}"
PLINXLVDK,"{""P47530"": 1}"
PLINXXXXX,"{""P47530"": 16}"
PLINKLVDX,"{""P47530"": 3}"
PLIGFSXDX,"{""P47612"": 485}"
PLIGFSXDK,"{""P47612"": 22}"
PLIGFSXXX,"{""P47612"": 84}"
PLIGFSKDX,"{""P47612"": 26}"
PLIVFDVLN,"{""P47495"": 167}"
PLLMTNPWF,"{""P47317"": 124}"
PLLLSTNNL,"{""P47398"": 125}"
PLLEXLVSF,"{""P47386"": 90}"
PLLEXXXXX,"{""P47386"": 20}"
PLLEXTRNP,"{""P47547"": 2}"
PLLEFLVDN,"{""P47465"": 125}"
PLLEHXYFS,"{""Q49428"": 103}"
PLLEHXXXX,"{""Q49428"": 16}"
PLLEHXXFS,"{""Q49428"": 4}"
PLLEHKYFS,"{""Q49428"": 6}"
PLLEKLVSF,"{""P47386"": 8}"
PLLERTRNP,"{""P47547"": 6}"
PLLIAWIXS,"{""P47506"": 89}"
PLLIAWIXX,"{""P47506"": 21}"
PLLIAWIKS,"{""P47506"": 3}"
PLLISEALL,"{""P47273"": 131}"
PLLXEHHTA,"{""P47326"": 108}"
PLLXNQLFX,"{""P47699"": 121}"
PLLXNQLFK,"{""P47699"": 2}"
PLLXXXXXX,"{""P47622"": 95, ""P47326"": 26, ""P47699"": 28}"
PLLXXXTIN,"{""P47622"": 5}"
PLLXRXXXX,"{""P47622"": 2}"
PLLXRXTIN,"{""P47622"": 7}"
PLLXRKTIN,"{""P47622"": 2}"
PLLQKIXTA,"{""P47436"": 5}"
PLLQKIKTA,"{""P47436"": 1}"
PLLQXXXXX,"{""P47436"": 17}"
PLLQXIXTA,"{""P47436"": 79}"
PLLQXIXXX,"{""P47436"": 10}"
PLLQXIKTA,"{""P47436"": 4}"
PLLVFLGVQ,"{""P47343"": 141}"
PLLPINHLX,"{""P47292"": 9}"
PLLPINHLY,"{""P47292"": 120}"
PLLTTDQIA,"{""P20796"": 34}"
PLLDFSTIQ,"{""P47587"": 124}"
PLLKNQLFX,"{""P47699"": 7}"
PLLKEHHTA,"{""P47326"": 4}"
PLDYSRFAX,"{""P47677"": 21}"
PLDYSRFAK,"{""P47677"": 2}"
PLDYSXFAX,"{""P47677"": 7}"
PLDSNEINC,"{""Q49436"": 24}"
PLDSNEINX,"{""Q49436"": 1}"
PLDQVQVNL,"{""P55825"": 35}"
PLDXSRFAX,"{""P47677"": 2}"
PLDXSXFAX,"{""P47677"": 1}"
PLQLTXXXX,"{""P47631"": 113}"
PLPHRELCE,"{""P47251"": 19}"
PLPHRELXE,"{""P47251"": 2}"
PLPHXELCE,"{""P47251"": 10}"
PTIKNLALY,"{""P47487"": 19}"
PTIKNLALX,"{""P47487"": 2}"
PTIKFXDXF,"{""P47653"": 5}"
PTIQYIVEE,"{""P47691"": 130}"
PTIQXIVEE,"{""P47691"": 2}"
PTIXNLALY,"{""P47487"": 483}"
PTIXNLALX,"{""P47487"": 16}"
PTIXXXXXX,"{""P47487"": 89, ""P47653"": 26}"
PTIXFXDXF,"{""P47653"": 71}"
PTIXFXDXX,"{""P47653"": 11}"
PTIXFXDKF,"{""P47653"": 7}"
PTIXFXXXX,"{""P47653"": 12}"
PTIXFKDXX,"{""P47653"": 1}"
PTIXFKDXF,"{""P47653"": 1}"
PTIAXHDLE,"{""P47438"": 26}"
PTIAXXXXX,"{""P47438"": 88}"
PTIAKHDLE,"{""P47438"": 1}"
PTVFXVANS,"{""P47587"": 103}"
PTVFXXXXX,"{""P47587"": 25}"
PTVFKVANS,"{""P47587"": 2}"
PTVAXXXXX,"{""P47440"": 125}"
PTVDFVIAG,"{""P47496"": 135}"
PTVSQPEVE,"{""Q9ZB78"": 119}"
PTVXGSAMN,"{""P47400"": 1}"
PTVXGNTYS,"{""P47261"": 1}"
PTVRGSAMN,"{""P47400"": 1}"
PTVRGNTYS,"{""P47261"": 1}"
PTLIFLTTL,"{""P47434"": 590}"
PTLVILGAN,"{""Q49418"": 120}"
PTLVIAPTX,"{""P47664"": 11}"
PTLVIAPTR,"{""P47664"": 24}"
PTLTGINFS,"{""P47261"": 120}"
PTLSXHNLL,"{""P47284"": 100}"
PTLSXXXXX,"{""P47284"": 21}"
PTLSKHNLL,"{""P47284"": 9}"
PTLDQPSSD,"{""Q49413"": 129}"
PTLELARXY,"{""P47448"": 12}"
PTLELARXX,"{""P47448"": 6}"
PTLELARKY,"{""P47448"": 2}"
PTLELAXKY,"{""P47448"": 1}"
PTLELAXXX,"{""P47448"": 2}"
PTLELAXXY,"{""P47448"": 7}"
PTLETXLIE,"{""P47619"": 104}"
PTLETXXXX,"{""P47619"": 14}"
PTLETKLIE,"{""P47619"": 3}"
PTLRXINHA,"{""P47496"": 19}"
PTLRXXXXX,"{""P47496"": 4}"
PTLRKINHA,"{""P47496"": 2}"
PTLXXINHA,"{""P47496"": 4}"
PTLXXXXXX,"{""P47496"": 1}"
PTGIVCQPD,"{""P47610"": 131}"
PTGIVXQPD,"{""P47610"": 6}"
PTGILTQST,"{""P47307"": 26}"
PTGNWFLVI,"{""P47497"": 36}"
PTSGDSFVC,"{""Q9ZB70"": 546}"
PTSGDSFVX,"{""Q9ZB70"": 27}"
PTSGQVLFN,"{""P47433"": 147}"
PTSEIAFCN,"{""P47525"": 632}"
PTSEIAFXN,"{""P47525"": 29}"
PTSETNIEA,"{""P47652"": 116}"
PTSXSTXQT,"{""P47461"": 94}"
PTSXSTXXX,"{""P47461"": 14}"
PTSXSTKQT,"{""P47461"": 4}"
PTSXXXXXX,"{""P47461"": 15}"
PTSLXTNNQ,"{""P47485"": 96}"
PTSLXXXXX,"{""P47485"": 28}"
PTSLKTNNQ,"{""P47485"": 4}"
PTSKSTXXX,"{""P47461"": 2}"
PTSKSTXQT,"{""P47461"": 1}"
PTDIIQASI,"{""Q9ZB74"": 30}"
PTDQFLHDQ,"{""P47548"": 115}"
PTDLXXXXX,"{""Q9ZB78"": 38}"
PTDLXXQQX,"{""Q9ZB78"": 91}"
PTDLXXQQK,"{""Q9ZB78"": 2}"
PTDLXKQQX,"{""Q9ZB78"": 4}"
PTDLXKQQK,"{""Q9ZB78"": 1}"
PTDLKXQQX,"{""Q9ZB78"": 3}"
PTDLKXQQK,"{""Q9ZB78"": 1}"
PTDLKXXXX,"{""Q9ZB78"": 1}"
PTDLKKQQX,"{""Q9ZB78"": 1}"
PTTYPALPN,"{""P20796"": 115}"
PTTPYXXXX,"{""P47446"": 105}"
PTTPYXXSA,"{""P47446"": 19}"
PTTPYKXXX,"{""P47446"": 2}"
PTTPYKXSA,"{""P47446"": 2}"
PTTPXKXXX,"{""P47446"": 1}"
PTTPXXXXX,"{""P47446"": 7}"
PTTPXXXSA,"{""P47446"": 3}"
PTTLVQXXX,"{""P47495"": 129}"
PTTLVQXTI,"{""P47495"": 4}"
PTTNSIEII,"{""P47324"": 126}"
PTTXPALPN,"{""P20796"": 5}"
PTNQTQLAE,"{""P47308"": 125}"
PTNGIENIT,"{""Q49409"": 113}"
PTNXPTVAX,"{""P47440"": 96}"
PTNXXXXXX,"{""P47440"": 29}"
PTNKPTVAX,"{""P47440"": 2}"
PTYLVDPII,"{""P47319"": 582}"
PTYLIIRGL,"{""P47523"": 25}"
PTYLIIXGL,"{""P47523"": 6}"
PTYGLISRN,"{""P47345"": 30}"
PTYGLISXN,"{""P47345"": 8}"
PTYWSPISR,"{""P47587"": 24}"
PTYWSPISX,"{""P47587"": 8}"
PTXTXXXXX,"{""P47604"": 85}"
PTXTXSTPE,"{""P47604"": 5}"
PTXTIVXXX,"{""P47566"": 64}"
PTXTIVXEG,"{""P47566"": 18}"
PTXTIVKEG,"{""P47566"": 3}"
PTXXXXXXX,"{""P47664"": 26, ""P47566"": 26, ""P47604"": 25, ""P47385"": 11}"
PTXIYAFGG,"{""P47385"": 108}"
PTXIQQISI,"{""P47664"": 108}"
PTXIXAFGG,"{""P47385"": 6}"
PTXLVDPII,"{""P47319"": 38}"
PTXLVNPGG,"{""P47293"": 1}"
PTXLIIRGL,"{""P47523"": 1}"
PTXWSPISX,"{""P47587"": 1}"
PTXGLISRN,"{""P47345"": 2}"
PTPXXXXXX,"{""P20796"": 25}"
PTPXTPPXX,"{""P20796"": 20}"
PTPXTPPXP,"{""P20796"": 58}"
PTPXTPPKP,"{""P20796"": 3}"
PTPVLXXXX,"{""P47315"": 27}"
PTPVLXVQD,"{""P47315"": 83}"
PTPVLKVQD,"{""P47315"": 6}"
PTPEDVIXN,"{""P47653"": 5}"
PTPEDVIRN,"{""P47653"": 18}"
PTPKTPPXP,"{""P20796"": 4}"
PTPKTPPXX,"{""P20796"": 1}"
PTFNQTNGI,"{""Q49433"": 104}"
PTFIEVRTT,"{""P47312"": 21}"
PTFIEVXTT,"{""P47312"": 6}"
PTCLVNPGG,"{""P47293"": 28}"
PTANPDLVI,"{""P47388"": 135}"
PTEAVNFPI,"{""P47352"": 106}"
PTQPVIFHC,"{""P47255"": 118}"
PTQPVIFHX,"{""P47255"": 3}"
PTQIQTXXS,"{""P47461"": 92}"
PTQIQTXXX,"{""P47461"": 27}"
PTQIQTXKS,"{""P47461"": 6}"
PTQIQTKXS,"{""P47461"": 7}"
PTQIQTKXX,"{""P47461"": 2}"
PTQIQTKKS,"{""P47461"": 1}"
PTQRFLNNR,"{""P47643"": 8}"
PTQRFLNNX,"{""P47643"": 1}"
PTQXFLNNR,"{""P47643"": 1}"
PTKTXXXXX,"{""P47604"": 3}"
PTKTIVXXX,"{""P47566"": 1}"
PTKIQQISI,"{""P47664"": 4}"
PTKIYAFGG,"{""P47385"": 6}"
PTWFANTNL,"{""P22747"": 125}"
PYXXMIYVD,"{""P47491"": 358}"
PYXXMIXVD,"{""P47491"": 15}"
PYXXXXXXX,"{""P47491"": 201, ""P47398"": 22}"
PYXQXXXXX,"{""P47398"": 23}"
PYXQXHTGX,"{""P47398"": 60}"
PYXQKHTGX,"{""P47398"": 3}"
PYXKMIYVD,"{""P47491"": 13}"
PYXKMIXVD,"{""P47491"": 1}"
PYDLXGDXV,"{""P47683"": 346}"
PYDLXGDXX,"{""P47683"": 90}"
PYDLXGDKV,"{""P47683"": 18}"
PYDLXXXXX,"{""P47683"": 101}"
PYDLKGDXV,"{""P47683"": 19}"
PYDLKGDXX,"{""P47683"": 2}"
PYDLNIVSF,"{""Q49396"": 112}"
PYDRNXXXX,"{""P47664"": 16}"
PYDRNXXVP,"{""P47664"": 2}"
PYDRNXRVP,"{""P47664"": 4}"
PYDXNXXXX,"{""P47664"": 2}"
PYGSIITXQ,"{""P47339"": 93}"
PYGSIITXX,"{""P47339"": 23}"
PYGSIITKQ,"{""P47339"": 4}"
PYGFFLNDX,"{""P47588"": 99}"
PYLTXXXXX,"{""P47548"": 441}"
PYLTXEQIY,"{""P47548"": 106}"
PYLTXEQIX,"{""P47548"": 9}"
PYLTKEQIY,"{""P47548"": 7}"
PYLEXAXVV,"{""P47474"": 76}"
PYLEXAXXX,"{""P47474"": 13}"
PYLEXAKVV,"{""P47474"": 4}"
PYLEXXXXX,"{""P47474"": 15}"
PYLEKAXVV,"{""P47474"": 10}"
PYLEKAXXX,"{""P47474"": 1}"
PYLGIEXXX,"{""P47535"": 21}"
PYLGIEXXL,"{""P47535"": 82}"
PYLGIEXKL,"{""P47535"": 9}"
PYLGIEKXL,"{""P47535"": 3}"
PYPFNXXIA,"{""P47482"": 72}"
PYPFNXXXX,"{""P47482"": 30}"
PYPFNXKIA,"{""P47482"": 2}"
PYPFNKXXX,"{""P47482"": 1}"
PYPFNKXIA,"{""P47482"": 3}"
PYAPAVGTG,"{""P47583"": 132}"
PYTNIIDDF,"{""P47345"": 134}"
PYTXLSDYQ,"{""Q49404"": 75}"
PYTXLSDXQ,"{""Q49404"": 2}"
PYTXXXXXX,"{""Q49404"": 20}"
PYTKLSDXQ,"{""Q49404"": 1}"
PYTKLSDYQ,"{""Q49404"": 1}"
PYFQALLEX,"{""P47343"": 125}"
PYFQALLEK,"{""P47343"": 5}"
PYFGXTGVI,"{""P47271"": 107}"
PYFGXXXXX,"{""P47271"": 19}"
PYFGKTGVI,"{""P47271"": 2}"
PYSQVHEAL,"{""P47641"": 125}"
PYSVLLFDE,"{""P47597"": 139}"
PYSVXMWGL,"{""Q49398"": 17}"
PYSVXXXXX,"{""Q49398"": 93}"
PYVANDSTV,"{""P47563"": 117}"
PYKXMIYVD,"{""P47491"": 9}"
PYKXMIXVD,"{""P47491"": 1}"
PYKXXXXXX,"{""P47491"": 4}"
PYKQXHTGX,"{""P47398"": 1}"
PQIEITFSL,"{""P47547"": 128}"
PQIYLLDEA,"{""P47546"": 131}"
PQIVEPXIE,"{""Q57081"": 86}"
PQIVEPXXX,"{""Q57081"": 22}"
PQIVEPKIE,"{""Q57081"": 8}"
PQIXLLDEA,"{""P47546"": 7}"
PQKTIEINL,"{""P47627"": 5}"
PQKQGGETR,"{""P47698"": 5}"
PQKQGGETX,"{""P47698"": 2}"
PQKPVXAXX,"{""P47405"": 4}"
PQKPVXAXM,"{""P47405"": 2}"
PQXQGGETR,"{""P47698"": 99}"
PQXQGGETX,"{""P47698"": 30}"
PQXTIEINL,"{""P47627"": 99}"
PQXPVXAXM,"{""P47405"": 58}"
PQXPVXAXX,"{""P47405"": 11}"
PQXPVXAKM,"{""P47405"": 5}"
PQXPVXXXX,"{""P47405"": 20}"
PQXPVKAXM,"{""P47405"": 2}"
PQXXXXXXX,"{""P47698"": 446, ""P47405"": 24, ""P47627"": 20}"
PQXIEPRIE,"{""Q57081"": 1}"
PQXIEPXIE,"{""Q57081"": 1}"
PQTIFGVSF,"{""P47508"": 121}"
PQTIVSFET,"{""Q49398"": 28}"
PQLIAFXXX,"{""P47538"": 105}"
PQLIAFXXF,"{""P47538"": 18}"
PQLIAFKXF,"{""P47538"": 1}"
PQLIAFKXX,"{""P47538"": 3}"
PQLFYTAXX,"{""P47576"": 77}"
PQLFYTAXS,"{""P47576"": 19}"
PQLFYTAKS,"{""P47576"": 2}"
PQLFXTAXS,"{""P47576"": 3}"
PQLFXTAXX,"{""P47576"": 4}"
PQLFXTAKS,"{""P47576"": 1}"
PQLETQTEX,"{""Q49429"": 131}"
PQLETQTEK,"{""Q49429"": 3}"
PQLTVILTL,"{""P47651"": 10}"
PQAGEIXIF,"{""P47425"": 106}"
PQAGEIXXX,"{""P47425"": 34}"
PQAGEIKIF,"{""P47425"": 6}"
PQNNRFXEH,"{""P47281"": 8}"
PQNNRFREH,"{""P47281"": 23}"
PQNNXFREH,"{""P47281"": 8}"
PQNNXFXEH,"{""P47281"": 3}"
PQFXFRTTD,"{""P13927"": 3}"
PQFXFXTTD,"{""P13927"": 1}"
PQFXIGDXX,"{""P47549"": 5}"
PQFXRGFRT,"{""P47314"": 3}"
PQFNLDTVT,"{""P47350"": 107}"
PQFRIGDXX,"{""P47549"": 20}"
PQFRRGFRT,"{""P47314"": 7}"
PQFRXGFRT,"{""P47314"": 3}"
PQFYFRTTD,"{""P13927"": 117}"
PQFYFXTTD,"{""P13927"": 34}"
PQFGDXFDA,"{""P47350"": 84}"
PQFGDXXXX,"{""P47350"": 28}"
PQFGDKFDA,"{""P47350"": 4}"
PQPTEEVAX,"{""P47514"": 127}"
PQPTEEVAK,"{""P47514"": 6}"
PQVXXXXXX,"{""P47390"": 100}"
PQVXSTXLV,"{""P47390"": 4}"
PQVXSTRLV,"{""P47390"": 23}"
PQVNTRLXX,"{""P47610"": 2}"
PQVNTRLXT,"{""P47610"": 20}"
PQVNTRLKT,"{""P47610"": 1}"
PQVNTXLXT,"{""P47610"": 6}"
PQVNTXLXX,"{""P47610"": 1}"
PQVNTXLKT,"{""P47610"": 1}"
PQVKSTXLV,"{""P47390"": 1}"
PQERYXXXX,"{""P47371"": 6}"
PQERYXFCL,"{""P47371"": 23}"
PQERXXFCL,"{""P47371"": 1}"
PQERXXXXX,"{""P47371"": 1}"
PQEGLEYXV,"{""Q49429"": 101}"
PQEGLEYXX,"{""Q49429"": 16}"
PQEGLEYKV,"{""Q49429"": 4}"
PQEGLEXXV,"{""Q49429"": 5}"
PQEGLEXXX,"{""Q49429"": 1}"
PQEXYXFCL,"{""P47371"": 2}"
PQRIEPXIE,"{""Q57081"": 2}"
PQRIEPRIE,"{""Q57081"": 3}"
PWDDIAIAI,"{""P47647"": 128}"
PWELFXNQE,"{""P47267"": 93}"
PWELFXXXX,"{""P47267"": 26}"
PWELFKNQE,"{""P47267"": 8}"
PWCISRQLI,"{""P47576"": 26}"
PWCISXQLI,"{""P47576"": 7}"
PWXYLVXLN,"{""P47366"": 6}"
PWXYLVKLN,"{""P47366"": 1}"
PWXISXQLI,"{""P47576"": 1}"
PWRYLVXLN,"{""P47366"": 14}"
PWRYLVXXX,"{""P47366"": 3}"
PWRYLVKLN,"{""P47366"": 1}"
PWRXLVXLN,"{""P47366"": 4}"
PXXXXXXXX,"{""P47647"": 108, ""P47624"": 97, ""P47639"": 98, ""P47634"": 107, ""P47364"": 470, ""P47277"": 178, ""P47301"": 15, ""P47433"": 153, ""P47357"": 108, ""P47666"": 104, ""P47497"": 95, ""P47319"": 117, ""P47333"": 141, ""P47566"": 51, ""Q49405"": 91, ""P47609"": 79, ""P47465"": 80, ""P47604"": 99, ""P47633"": 19, ""P47691"": 53, ""Q49460"": 108, ""Q49429"": 35, ""P47405"": 44, ""P47461"": 70, ""P47338"": 28, ""P47281"": 23, ""P47662"": 90, ""P47669"": 24, ""Q49418"": 111, ""P47701"": 39, ""P47650"": 23, ""P47651"": 98, ""P47305"": 55, ""P47308"": 87, ""Q49435"": 24, ""P47326"": 105, ""P47393"": 16, ""P47414"": 18, ""P47539"": 31, ""P47551"": 79, ""P47576"": 18, ""P47448"": 24, ""P47696"": 15, ""P47442"": 19, ""P47368"": 22, ""P47491"": 18, ""P47607"": 119, ""P47397"": 18, ""P47473"": 21, ""P47297"": 16, ""Q49433"": 17, ""P47300"": 17, ""P47282"": 29, ""P47520"": 3, ""P47398"": 1}"
PXXXXNVFI,"{""Q49418"": 3}"
PXXXASIXA,"{""P47297"": 6}"
PXXXFDXXX,"{""P47305"": 41}"
PXXXFDXXE,"{""P47305"": 1}"
PXXXFDXRE,"{""P47305"": 10}"
PXXXMIYVD,"{""P47491"": 19}"
PXXXMIXVD,"{""P47491"": 1}"
PXXSVAXQL,"{""P47539"": 53}"
PXXSVAXXX,"{""P47539"": 16}"
PXXSVAKQL,"{""P47539"": 2}"
PXXSWDPAI,"{""P47364"": 29}"
PXXIIPTGG,"{""P47662"": 2}"
PXXHFMILS,"{""P47465"": 89}"
PXXEQDXVE,"{""Q49429"": 71}"
PXXEQDXXX,"{""Q49429"": 9}"
PXXEQDKVE,"{""Q49429"": 4}"
PXXFRSYIN,"{""P47520"": 2}"
PXXRXXXXX,"{""Q49418"": 9}"
PXXRXNVFI,"{""Q49418"": 6}"
PXXAFGVGD,"{""P47633"": 3}"
PXXKASIXX,"{""P47297"": 1}"
PXXKFDXXX,"{""P47305"": 1}"
PXXKFDXXE,"{""P47305"": 1}"
PXXQXXXXX,"{""P47398"": 2}"
PXXLTLPGF,"{""P47513"": 1}"
PXEXSXGIN,"{""P47666"": 355}"
PXEXSXXXX,"{""P47666"": 49}"
PXEXSKGIN,"{""P47666"": 15}"
PXEXXXXXX,"{""P47666"": 77}"
PXEXTNLEL,"{""P47265"": 1}"
PXEMTAXSL,"{""P47669"": 84}"
PXEMTAXXX,"{""P47669"": 17}"
PXEMTAKSL,"{""P47669"": 4}"
PXEDEDSEI,"{""P47300"": 116}"
PXEYTNLEL,"{""P47265"": 26}"
PXEKSXGIN,"{""P47666"": 25}"
PXEKSXXXX,"{""P47666"": 4}"
PXEKSKGIN,"{""P47666"": 2}"
PXEIXNQXX,"{""P47604"": 5}"
PXEIRNQXX,"{""P47604"": 20}"
PXEAELLTS,"{""P47277"": 21}"
PXLXTFGVI,"{""P47326"": 383}"
PXLXXXXXX,"{""P47326"": 112}"
PXLLLMDEP,"{""P47433"": 465}"
PXLIIADEL,"{""P47326"": 117}"
PXLIICGFS,"{""P47634"": 19}"
PXLIIXGFS,"{""P47634"": 1}"
PXLILALXT,"{""Q49435"": 75}"
PXLILALXX,"{""Q49435"": 14}"
PXLILALKT,"{""Q49435"": 5}"
PXLSIHRNP,"{""P47639"": 20}"
PXLSIHXNP,"{""P47639"": 3}"
PXLSLSLTL,"{""Q49433"": 87}"
PXLPFXXXX,"{""P47301"": 90}"
PXLPFXXXI,"{""P47301"": 2}"
PXLPFXXRI,"{""P47301"": 11}"
PXLPFKXXX,"{""P47301"": 2}"
PXLPFKXRI,"{""P47301"": 1}"
PXLKTFGVI,"{""P47326"": 17}"
PXLTXEQIY,"{""P47548"": 5}"
PXLTXEQIX,"{""P47548"": 2}"
PXLTXXXXX,"{""P47548"": 19}"
PXLTLETLD,"{""P47368"": 100}"
PXLTKEQIY,"{""P47548"": 1}"
PXLGIEXXL,"{""P47535"": 4}"
PXLEXAXVV,"{""P47474"": 2}"
PXLEXAXXX,"{""P47474"": 2}"
PXQIQYQIN,"{""P47433"": 107}"
PXQIQXQIN,"{""P47433"": 4}"
PXQMLVICL,"{""P47281"": 89}"
PXQMLVIXL,"{""P47281"": 6}"
PXQEQPEIN,"{""P47442"": 102}"
PXQEWIDNF,"{""P47282"": 107}"
PXQRTGLXI,"{""P47357"": 22}"
PXQRTGLXX,"{""P47357"": 2}"
PXQXXXVXS,"{""P47333"": 1}"
PXQXXXVKS,"{""P47333"": 2}"
PXQXXXXXX,"{""P47650"": 16, ""P47333"": 2}"
PXQXATNSY,"{""P47650"": 63}"
PXQXATNSX,"{""P47650"": 5}"
PXQXTGLXI,"{""P47357"": 3}"
PXQSXPXSX,"{""P47461"": 65}"
PXQSXPXSK,"{""P47461"": 6}"
PXQSXPXXX,"{""P47461"": 11}"
PXQSXPKSX,"{""P47461"": 6}"
PXQSXXXXX,"{""P47461"": 11}"
PXQSKPXSX,"{""P47461"": 1}"
PXQSKPXXX,"{""P47461"": 2}"
PXQGFFSXL,"{""P47397"": 75}"
PXQGFFSXX,"{""P47397"": 25}"
PXQGFFSKL,"{""P47397"": 8}"
PXQKATNSY,"{""P47650"": 4}"
PXQKATNSX,"{""P47650"": 1}"
PXQKXXVXS,"{""P47333"": 1}"
PXQQSCLFG,"{""P47494"": 10}"
PXTLEXLFE,"{""P47609"": 419}"
PXTLEXXXX,"{""P47609"": 64}"
PXTLEKLFE,"{""P47609"": 18}"
PXTGYLGIT,"{""P20796"": 28}"
PXTXVFHST,"{""P47473"": 78}"
PXTXXXXXX,"{""P47473"": 21, ""Q49404"": 1}"
PXTXLSDYQ,"{""Q49404"": 6}"
PXTINQLAI,"{""Q49405"": 2}"
PXTNIIDDF,"{""P47345"": 7}"
PXTKVFHST,"{""P47473"": 7}"
PXAFDINID,"{""P47696"": 102}"
PXATXXXTP,"{""P47461"": 48}"
PXATXXXXX,"{""P47461"": 38}"
PXATXXKTP,"{""P47461"": 1}"
PXATXKXTP,"{""P47461"": 2}"
PXATXKKTP,"{""P47461"": 1}"
PXATKXXTP,"{""P47461"": 2}"
PXATKXXXX,"{""P47461"": 1}"
PXAIVNCDL,"{""P47393"": 104}"
PXAIVNXDL,"{""P47393"": 6}"
PXAPAVGTG,"{""P47583"": 3}"
PXHAPLXEX,"{""P47491"": 76}"
PXHAPLXXX,"{""P47491"": 11}"
PXHAPLKEX,"{""P47491"": 6}"
PXHNLXXXX,"{""P47414"": 14}"
PXHNLXPSS,"{""P47414"": 76}"
PXHNLKPSS,"{""P47414"": 3}"
PXHQIFVEP,"{""P47619"": 7}"
PXPXVDSTL,"{""P47701"": 81}"
PXPXDAXXX,"{""P47691"": 68}"
PXPXDAXSN,"{""P47691"": 14}"
PXPXDAKSN,"{""P47691"": 2}"
PXPXXXXXX,"{""P47691"": 20, ""P47333"": 88, ""P47701"": 18, ""P47465"": 35}"
PXPXXHFMI,"{""P47465"": 76}"
PXPXKHFMI,"{""P47465"": 1}"
PXPNFXRAX,"{""P47338"": 17}"
PXPNFXXXX,"{""P47338"": 67}"
PXPNFXXAX,"{""P47338"": 5}"
PXPNFXXAK,"{""P47338"": 1}"
PXPNFKRAX,"{""P47338"": 2}"
PXPFNXXIA,"{""P47482"": 3}"
PXPFNXXXX,"{""P47482"": 1}"
PXPKXXXXX,"{""P47465"": 1}"
PXPKXHFMI,"{""P47465"": 2}"
PXPKVDSTL,"{""P47701"": 2}"
PXPKKHFMI,"{""P47465"": 1}"
PXPKDAXXX,"{""P47691"": 2}"
PXPKDAXSN,"{""P47691"": 1}"
PXNGNEXLI,"{""P47448"": 88}"
PXNGNEXXX,"{""P47448"": 18}"
PXNGNEKLI,"{""P47448"": 4}"
PXNINSVLT,"{""P47465"": 110}"
PXNTATXYS,"{""Q49460"": 5}"
PXNTATRYS,"{""Q49460"": 15}"
PXNTATRXS,"{""Q49460"": 1}"
PXDAXXXXX,"{""P47691"": 102}"
PXDAXSNLA,"{""P47691"": 14}"
PXDEKETCA,"{""P47312"": 2}"
PXDEXXXXX,"{""P47312"": 17}"
PXDEXETCA,"{""P47312"": 5}"
PXDXXXXXX,"{""P47576"": 84}"
PXDXNNSFT,"{""P47576"": 13}"
PXDIGYSNS,"{""P47526"": 3}"
PXDIGXSNS,"{""P47526"": 1}"
PXDNQVEDL,"{""P47319"": 6}"
PXDLXGDXV,"{""P47683"": 20}"
PXDLXGDXX,"{""P47683"": 8}"
PXDLXGDKV,"{""P47683"": 2}"
PXDLXXXXX,"{""P47683"": 8}"
PXDLNIVSF,"{""Q49396"": 5}"
PXDLKGDXV,"{""P47683"": 1}"
PXDRNXXXX,"{""P47664"": 2}"
PXDFADLIR,"{""P47277"": 23}"
PXDFADLIX,"{""P47277"": 5}"
PXDKNNSFT,"{""P47576"": 1}"
PXVESXPES,"{""P47405"": 89}"
PXVESXXXX,"{""P47405"": 23}"
PXVESKPES,"{""P47405"": 3}"
PXVEPXPLX,"{""P47405"": 67}"
PXVEPXPLK,"{""P47405"": 5}"
PXVEPXXXX,"{""P47405"": 14}"
PXVEPKPLX,"{""P47405"": 3}"
PXVDSTLIL,"{""P47701"": 91}"
PXVANVDQI,"{""P47356"": 37}"
PXVANDSTV,"{""P47563"": 5}"
PXVMLTANL,"{""P47308"": 31}"
PXMTELFIS,"{""P47566"": 114}"
PXSAXLLSA,"{""P47566"": 72}"
PXSAXXXXX,"{""P47566"": 20}"
PXSQVHEAL,"{""P47641"": 9}"
PXSXQVQQT,"{""P47461"": 90}"
PXSXXXXXX,"{""P47461"": 15}"
PXSVLLFDE,"{""P47597"": 4}"
PXSVXXXXX,"{""Q49398"": 3}"
PXSVXMWGL,"{""Q49398"": 2}"
PXSWXXXXX,"{""P52271"": 9}"
PXSRXIIXX,"{""P47481"": 3}"
PXSRXIIXA,"{""P47481"": 2}"
PXSRXIIKA,"{""P47481"": 1}"
PXKEQDXXX,"{""Q49429"": 1}"
PXKEQDXVE,"{""Q49429"": 1}"
PXKHFMILS,"{""P47465"": 4}"
PXKSVAXXX,"{""P47539"": 3}"
PXKSVAXQL,"{""P47539"": 2}"
PXKKFDXXX,"{""P47305"": 1}"
PXKXFDXXX,"{""P47305"": 2}"
PXKXFDKRE,"{""P47305"": 1}"
PXIRXXXXX,"{""P47651"": 15}"
PXIRXXLSL,"{""P47651"": 3}"
PXIXXXXXX,"{""P47336"": 31, ""P47651"": 9, ""Q49419"": 6}"
PXIXXXLSL,"{""P47651"": 1}"
PXIXRFLQN,"{""P47336"": 1}"
PXINGVLDS,"{""P47551"": 23}"
PXINEIXGV,"{""P47456"": 2}"
PXINEIRGV,"{""P47456"": 6}"
PXIVEAIIT,"{""P47259"": 3}"
PXILVFDDS,"{""P47260"": 10}"
PXIALLXCL,"{""P47478"": 3}"
PXIALLXXX,"{""P47478"": 4}"
PXIANYRFT,"{""P47624"": 17}"
PXIANYXFT,"{""P47624"": 1}"
PXIANXRFT,"{""P47624"": 5}"
PXIYLNTWL,"{""P47326"": 4}"
PXYIIPTGG,"{""P47662"": 18}"
PXYXASIXA,"{""P47297"": 49}"
PXYXASIXX,"{""P47297"": 5}"
PXYXASIKA,"{""P47297"": 2}"
PXYXXXXXX,"{""P47297"": 14}"
PXYAFGVGD,"{""P47633"": 95}"
PXYKASIXX,"{""P47297"": 2}"
PXYKASIXA,"{""P47297"": 3}"
PXYLTLPGF,"{""P47513"": 33}"
PXGVXXXXX,"{""P47281"": 1}"
PXGVXDWFG,"{""P47281"": 8}"
PXGFFLNDX,"{""P47588"": 3}"
PXGSIITXQ,"{""P47339"": 8}"
PXGSIITXX,"{""P47339"": 2}"
PXFQALLEK,"{""P47343"": 1}"
PXFQALLEX,"{""P47343"": 7}"
PXFGXTGVI,"{""P47271"": 3}"
PXFGKTGVI,"{""P47271"": 1}"
PXFVENTND,"{""P47497"": 23}"
PXRSWDPAI,"{""P47364"": 96}"
PSLFFNWSQ,"{""P47308"": 639}"
PSLFLLNED,"{""P47264"": 104}"
PSLXVMILT,"{""P47371"": 24}"
PSLXXXXXX,"{""P47371"": 103}"
PSLSXDXXX,"{""P47582"": 80}"
PSLSXDXXS,"{""P47582"": 4}"
PSLSXDXRS,"{""P47582"": 12}"
PSLSXXXXX,"{""P47582"": 27}"
PSLSKDXXX,"{""P47582"": 6}"
PSLQPIYDI,"{""P47460"": 114}"
PSLQPIXDI,"{""P47460"": 7}"
PSLDVMLPA,"{""P47436"": 131}"
PSLMDLXII,"{""P47490"": 84}"
PSLMDLXXX,"{""P47490"": 30}"
PSLMDLKII,"{""P47490"": 1}"
PSLLNXXXX,"{""Q49460"": 97}"
PSLLNXALV,"{""Q49460"": 23}"
PSLLNKALV,"{""Q49460"": 1}"
PSLLRXPII,"{""P47373"": 6}"
PSLLRRPII,"{""P47373"": 21}"
PSLLXRPII,"{""P47373"": 3}"
PSTXXXXXX,"{""Q49408"": 91, ""P47292"": 18}"
PSTXFVPXX,"{""Q49408"": 84}"
PSTXFVPXD,"{""Q49408"": 416}"
PSTXFVPKD,"{""Q49408"": 12}"
PSTXTIYGS,"{""P47690"": 26}"
PSTXTIXGS,"{""P47690"": 1}"
PSTXWTXFS,"{""P47292"": 91}"
PSTXWTXXX,"{""P47292"": 20}"
PSTXWTKFS,"{""P47292"": 2}"
PSTVXGTYI,"{""P47328"": 475}"
PSTVXGTXI,"{""P47328"": 27}"
PSTVXXXXX,"{""P47328"": 101}"
PSTVKGTYI,"{""P47328"": 32}"
PSTVKGTXI,"{""P47328"": 1}"
PSTKFVPXD,"{""Q49408"": 20}"
PSTKFVPXX,"{""Q49408"": 7}"
PSTKFVPKD,"{""Q49408"": 1}"
PSTKWTXXX,"{""P47292"": 1}"
PSTKWTXFS,"{""P47292"": 5}"
PSTSSGGMT,"{""Q49460"": 137}"
PSTTFXLEF,"{""P47366"": 95}"
PSTTFXXXX,"{""P47366"": 16}"
PSTTFKLEF,"{""P47366"": 6}"
PSTYTIYGS,"{""P47690"": 574}"
PSTYTIXGS,"{""P47690"": 25}"
PSTYNTMAS,"{""P47368"": 27}"
PSWSTAFNI,"{""P47332"": 627}"
PSXXXLQSL,"{""P47350"": 316}"
PSXXXXXXX,"{""P47350"": 261, ""P47576"": 102, ""Q49407"": 115, ""P47456"": 21}"
PSXXSNSSS,"{""Q49407"": 15}"
PSXXKLQSL,"{""P47350"": 14}"
PSXEANLVA,"{""P47456"": 93}"
PSXNLQNYT,"{""P47576"": 9}"
PSXKXLQSL,"{""P47350"": 16}"
PSXKXXXXX,"{""P47350"": 2}"
PSXKSNSSS,"{""Q49407"": 1}"
PSXKKLQSL,"{""P47350"": 1}"
PSXVVEFTN,"{""P22747"": 8}"
PSSAFTDXN,"{""P47551"": 486}"
PSSAFTDXX,"{""P47551"": 127}"
PSSAFTDKN,"{""P47551"": 22}"
PSSEAIXXA,"{""P47414"": 89}"
PSSEAIXXX,"{""P47414"": 44}"
PSSEAIXKA,"{""P47414"": 4}"
PSSEAIKXA,"{""P47414"": 1}"
PSSEAIKXX,"{""P47414"": 1}"
PSSFLNYIN,"{""P47486"": 137}"
PSSFLNXIN,"{""P47486"": 7}"
PSQXTALFX,"{""P47483"": 94}"
PSQXTALFK,"{""P47483"": 1}"
PSQXXXXXX,"{""P47483"": 29}"
PSQKTALFX,"{""P47483"": 4}"
PSHNVAESI,"{""P47304"": 605}"
PSHLRQRII,"{""P47326"": 5}"
PSHLRQXII,"{""P47326"": 2}"
PSHXXAYFI,"{""P47653"": 74}"
PSHXXAXFI,"{""P47653"": 5}"
PSHXXXXXX,"{""P47653"": 45}"
PSHXKAYFI,"{""P47653"": 5}"
PSHXKAXFI,"{""P47653"": 2}"
PSHDGXQTP,"{""P22747"": 29}"
PSHDGXXXX,"{""P22747"": 86}"
PSHDGKQTP,"{""P22747"": 1}"
PSHKXAXFI,"{""P47653"": 1}"
PSHKXAYFI,"{""P47653"": 3}"
PSIFXXXXX,"{""P47691"": 110}"
PSIFXALRS,"{""P47691"": 24}"
PSIFXALXS,"{""P47691"": 5}"
PSNXSQLLL,"{""P47386"": 83}"
PSNXXXXXX,"{""P47386"": 21}"
PSNSYEQLQ,"{""Q49413"": 120}"
PSNSXEQLQ,"{""Q49413"": 5}"
PSNNSTPFD,"{""P20796"": 113}"
PSNNFVLYG,"{""Q49414"": 115}"
PSNNFVLXG,"{""Q49414"": 9}"
PSNLAIASQ,"{""P47619"": 118}"
PSNLXLXXX,"{""Q49460"": 80}"
PSNLXLXNR,"{""Q49460"": 12}"
PSNLXLXNX,"{""Q49460"": 1}"
PSNLXLKNX,"{""Q49460"": 1}"
PSNLXXXXX,"{""Q49460"": 34}"
PSNLKLXXX,"{""Q49460"": 4}"
PSNQTVNQF,"{""Q49405"": 121}"
PSNKSQLLL,"{""P47386"": 6}"
PSVXNGIFY,"{""P47655"": 94}"
PSVXNGIFX,"{""P47655"": 4}"
PSVXXXXXX,"{""P47655"": 25}"
PSVITAEDD,"{""Q49419"": 117}"
PSVKNGIFY,"{""P47655"": 4}"
PSGLLTHPT,"{""P47451"": 111}"
PSGLNYVSN,"{""P47378"": 102}"
PSGLNXVSN,"{""P47378"": 5}"
PSYVVEFTN,"{""P22747"": 119}"
PSDFLNAIS,"{""Q49425"": 121}"
PSAINDVLT,"{""P47345"": 112}"
PSKXXLQSL,"{""P47350"": 16}"
PSKXXXXXX,"{""Q49407"": 2, ""P47350"": 4}"
PSKXSNSSS,"{""Q49407"": 1}"
PSKEANLVA,"{""P47456"": 6}"
PSKKXXXXX,"{""P47350"": 1}"
PSKNLQNYT,"{""P47576"": 1}"
PSELYLFSX,"{""P47492"": 121}"
PSELYLFSK,"{""P47492"": 8}"
PSELXLFSX,"{""P47492"": 7}"
PSELXLFSK,"{""P47492"": 1}"
PSEPQFEPQ,"{""Q49429"": 125}"
PSEAIEAVL,"{""Q49427"": 123}"
PSFGYINCA,"{""P47545"": 123}"
PSFGYINXA,"{""P47545"": 11}"
PSFGXINCA,"{""P47545"": 8}"
PKMTELFIS,"{""P47566"": 6}"
PKATXKXXX,"{""P47461"": 1}"
PKATXXXTP,"{""P47461"": 4}"
PKATXXXXX,"{""P47461"": 2}"
PKAIVNCDL,"{""P47393"": 3}"
PKAFDINID,"{""P47696"": 3}"
PKXXFDXXX,"{""P47305"": 4}"
PKXXXXXXX,"{""Q49418"": 7, ""Q49429"": 1, ""P47465"": 1, ""P47539"": 2, ""P47305"": 1, ""P47607"": 2}"
PKXSVAXXX,"{""P47539"": 1}"
PKXSVAXQL,"{""P47539"": 1}"
PKXSWDPAI,"{""P47364"": 1}"
PKXHFMILS,"{""P47465"": 4}"
PKXKFDXRE,"{""P47305"": 1}"
PKXEQDXVE,"{""Q49429"": 4}"
PKXAFGVGD,"{""P47633"": 1}"
PKLXTFGVI,"{""P47326"": 22}"
PKLXXXXXX,"{""P47326"": 4}"
PKLKTFGVI,"{""P47326"": 1}"
PKLLLMDEP,"{""P47433"": 24}"
PKLTLETLD,"{""P47368"": 3}"
PKLPFXXRI,"{""P47301"": 1}"
PKLPFXXXX,"{""P47301"": 1}"
PKLSLSLTL,"{""Q49433"": 6}"
PKLSIHRNP,"{""P47639"": 2}"
PKLIIADEL,"{""P47326"": 8}"
PKLILALXT,"{""Q49435"": 4}"
PKEDEDSEI,"{""P47300"": 8}"
PKEMTAXSL,"{""P47669"": 2}"
PKEXSXGIN,"{""P47666"": 16}"
PKEXSXXXX,"{""P47666"": 1}"
PKEXXXXXX,"{""P47666"": 5}"
PKEKSXGIN,"{""P47666"": 3}"
PKEIRNQXX,"{""P47604"": 2}"
PKEAELLTS,"{""P47277"": 1}"
PKHNLXPSS,"{""P47414"": 3}"
PKHAPLXEX,"{""P47491"": 2}"
PKSAXLLSA,"{""P47566"": 2}"
PKSAXXXXX,"{""P47566"": 1}"
PKSXQVQQT,"{""P47461"": 5}"
PKTXVFHST,"{""P47473"": 5}"
PKTLEXLFE,"{""P47609"": 27}"
PKTLEXXXX,"{""P47609"": 4}"
PKTLEKLFE,"{""P47609"": 3}"
PKQGFFSXL,"{""P47397"": 3}"
PKQSXXXXX,"{""P47461"": 1}"
PKQSXPXSX,"{""P47461"": 4}"
PKQSXPXXX,"{""P47461"": 1}"
PKQSXPKSX,"{""P47461"": 1}"
PKQEQPEIN,"{""P47442"": 2}"
PKQEWIDNF,"{""P47282"": 8}"
PKQXATNSY,"{""P47650"": 5}"
PKQXXXXXX,"{""P47650"": 1}"
PKQMLVICL,"{""P47281"": 3}"
PKQIQYQIN,"{""P47433"": 5}"
PKQRTGLXI,"{""P47357"": 1}"
PKVDSTLIL,"{""P47701"": 5}"
PKVEPXPLX,"{""P47405"": 6}"
PKVEPKPLX,"{""P47405"": 1}"
PKVESXPES,"{""P47405"": 3}"
PKVMLTANL,"{""P47308"": 1}"
PKPXXXXXX,"{""P47333"": 4, ""P47691"": 1, ""P47465"": 1, ""P47701"": 1}"
PKPXXHFMI,"{""P47465"": 1}"
PKPXVDSTL,"{""P47701"": 8}"
PKPXDAXXX,"{""P47691"": 4}"
PKPXKHFMI,"{""P47465"": 1}"
PKPNFXXXX,"{""P47338"": 4}"
PKYAFGVGD,"{""P47633"": 3}"
PKYXASIXA,"{""P47297"": 3}"
PKYXXXXXX,"{""P47297"": 1}"
PKDAXXXXX,"{""P47691"": 5}"
PKDXXXXXX,"{""P47576"": 4}"
PKDFADLIR,"{""P47277"": 1}"
PKNGNEXLI,"{""P47448"": 2}"
PKNGNEXXX,"{""P47448"": 2}"
PKNGNEKLI,"{""P47448"": 1}"
PKNINSVLT,"{""P47465"": 6}"
PKFVENTND,"{""P47497"": 2}"
PKIANYRFT,"{""P47624"": 2}"
PKINGVLDS,"{""P47551"": 1}"
PKRSWDPAI,"{""P47364"": 3}"
PPSMQELLX,"{""P47353"": 96}"
PPSMQELLK,"{""P47353"": 1}"
PPSXXXXXX,"{""P47256"": 99}"
PPSXSEAFV,"{""P47256"": 22}"
PPSKSEAFV,"{""P47256"": 1}"
PPVQPPSXP,"{""P22747"": 93}"
PPVQPPSXX,"{""P22747"": 16}"
PPVQPPSKP,"{""P22747"": 3}"
PPVVDLASY,"{""P47342"": 114}"
PPVVDLASX,"{""P47342"": 5}"
PPVXXXXXX,"{""P20796"": 112}"
PPIVTIMGH,"{""P47388"": 594}"
PPIIIGLVX,"{""P47448"": 127}"
PPIIIGLVK,"{""P47448"": 6}"
PPLVNXPAX,"{""Q57081"": 90}"
PPLVNXPAK,"{""Q57081"": 3}"
PPLVNXXXX,"{""Q57081"": 24}"
PPLVNKPAX,"{""Q57081"": 3}"
PPNTFDEFV,"{""Q49425"": 114}"
PPNAQYDIY,"{""P47355"": 24}"
PPNAQXDIY,"{""P47355"": 1}"
PPAVILTXS,"{""P47331"": 91}"
PPAVILTXX,"{""P47331"": 16}"
PPAVILTKS,"{""P47331"": 6}"
PPQERXLGL,"{""P47433"": 21}"
PPQERXXXX,"{""P47433"": 3}"
PPQERKLGL,"{""P47433"": 1}"
PPQEXXLGL,"{""P47433"": 3}"
PPQEXXXXX,"{""P47433"": 3}"
PPXXXXXXX,"{""P47422"": 137, ""P47705"": 31}"
PPXXNXXXX,"{""P47705"": 18}"
PPXXNXXVL,"{""P47705"": 56}"
PPXXNXKVL,"{""P47705"": 2}"
PPXXNKXVL,"{""P47705"": 1}"
PPXKNXKVL,"{""P47705"": 1}"
PPXKNXXXX,"{""P47705"": 2}"
PPXKNXXVL,"{""P47705"": 4}"
PPXNLQSFL,"{""P47379"": 2}"
PPRNLQSFL,"{""P47379"": 22}"
PPFILQRNE,"{""P47619"": 20}"
PPFILQXNE,"{""P47619"": 3}"
PPGXEAFPG,"{""P47641"": 2}"
PPGREAFPG,"{""P47641"": 8}"
PPKXNXXVL,"{""P47705"": 1}"
PMTCPHHCL,"{""P47615"": 565}"
PMTCPHHXL,"{""P47615"": 26}"
PMTXPHHCL,"{""P47615"": 29}"
PMTXPHHXL,"{""P47615"": 1}"
PMFFILMLX,"{""P47394"": 617}"
PMFFILMLK,"{""P47394"": 19}"
PMLTXTXVL,"{""P47382"": 90}"
PMLTXTXXX,"{""P47382"": 19}"
PMLTXTKVL,"{""P47382"": 7}"
PMLTXXXXX,"{""P47382"": 17}"
PMLTKTXXX,"{""P47382"": 1}"
PMLTKTXVL,"{""P47382"": 5}"
PMLSDGFFI,"{""P47538"": 125}"
PMLARGEIX,"{""P47597"": 33}"
PMLARGEIK,"{""P47597"": 1}"
PMLAXGEIX,"{""P47597"": 8}"
PMEIALYSN,"{""P47365"": 139}"
PMEIALXSN,"{""P47365"": 7}"
PMSXDNXXX,"{""P47547"": 29}"
PMSXDNXSL,"{""P47547"": 6}"
PMSXDNKSL,"{""P47547"": 1}"
PMSRDNXXX,"{""P47547"": 92}"
PMSRDNXSL,"{""P47547"": 19}"
PMSRDNKSL,"{""P47547"": 1}"
PMDFHAPLE,"{""P47451"": 133}"
PMAIVSDTP,"{""P47571"": 9}"
FFNSLLXQD,"{""Q9ZB73"": 540}"
FFNSLLXXX,"{""Q9ZB73"": 86}"
FFNSLLKQD,"{""Q9ZB73"": 20}"
FFNVAGAIL,"{""P47364"": 659}"
FFNTAILFI,"{""P47393"": 154}"
FFNTFDISI,"{""P47612"": 125}"
FFNNNSDQS,"{""P47580"": 117}"
FFNNLFXXX,"{""P47681"": 32}"
FFNNLFXXE,"{""P47681"": 87}"
FFNNLFXKE,"{""P47681"": 1}"
FFNNLFKXX,"{""P47681"": 2}"
FFNNLFKXE,"{""P47681"": 1}"
FFNXXXXXX,"{""P47458"": 467}"
FFNXXSITA,"{""P47458"": 24}"
FFNXRSITA,"{""P47458"": 84}"
FFNAXXNEI,"{""Q49420"": 86}"
FFNAXXXXX,"{""Q49420"": 35}"
FFNAXKNEI,"{""Q49420"": 6}"
FFNAKXNEI,"{""Q49420"": 6}"
FFNKRSITA,"{""P47458"": 2}"
FFYITELGE,"{""P47368"": 616}"
FFYQXINPL,"{""P47352"": 42}"
FFYQRINPL,"{""P47352"": 112}"
FFGEFIXQG,"{""P47315"": 105}"
FFGEFIXXX,"{""P47315"": 20}"
FFGEFIKQG,"{""P47315"": 5}"
FFGHDMIIG,"{""P47271"": 582}"
FFGTFINAY,"{""P47703"": 542}"
FFGTFINAX,"{""P47703"": 25}"
FFGXXXXXX,"{""P47628"": 91}"
FFGXNYQAG,"{""P47628"": 467}"
FFGXNXQAG,"{""P47628"": 17}"
FFGKNYQAG,"{""P47628"": 31}"
FFGKNXQAG,"{""P47628"": 1}"
FFGGVXNLX,"{""P47316"": 90}"
FFGGVXNLK,"{""P47316"": 2}"
FFGGVXXXX,"{""P47316"": 34}"
FFGGVKNLX,"{""P47316"": 6}"
FFSQLXHQV,"{""Q49401"": 91}"
FFSQLXXXX,"{""Q49401"": 21}"
FFSQLKHQV,"{""Q49401"": 4}"
FFSLLVISF,"{""P47393"": 123}"
FFSXXXXXX,"{""P47561"": 495}"
FFSXEALDN,"{""P47561"": 114}"
FFSIGXXXX,"{""P47314"": 446}"
FFSIGXXTY,"{""P47314"": 5}"
FFSIGXXTX,"{""P47314"": 1}"
FFSIGXYTY,"{""P47314"": 108}"
FFSIGXYTX,"{""P47314"": 6}"
FFSIGKYTY,"{""P47314"": 8}"
FFSKEALDN,"{""P47561"": 2}"
FFTSDLXTL,"{""P47651"": 457}"
FFTSDLXXX,"{""P47651"": 143}"
FFTSDLKTL,"{""P47651"": 25}"
FFTSFDINT,"{""P47258"": 136}"
FFTVFSXXL,"{""Q49410"": 75}"
FFTVFSXXX,"{""Q49410"": 39}"
FFTVFSXKL,"{""Q49410"": 2}"
FFTVFSKXL,"{""Q49410"": 8}"
FFTVFSKXX,"{""Q49410"": 1}"
FFITXYNHY,"{""P47311"": 446}"
FFITXYNHX,"{""P47311"": 20}"
FFITXXNHX,"{""P47311"": 2}"
FFITXXNHY,"{""P47311"": 18}"
FFITXXXXX,"{""P47311"": 96}"
FFITKYNHY,"{""P47311"": 25}"
FFITKYNHX,"{""P47311"": 1}"
FFIDXTVAD,"{""P47620"": 108}"
FFIDXXXXX,"{""P47620"": 17}"
FFIDKTVAD,"{""P47620"": 4}"
FFISLGDSL,"{""P47318"": 121}"
FFVFLSGWN,"{""P47468"": 645}"
FFVYTLDDF,"{""P47637"": 128}"
FFVNLLXLN,"{""P47299"": 91}"
FFVNLLXXX,"{""P47299"": 32}"
FFVNLLKLN,"{""P47299"": 6}"
FFVXTLDDF,"{""P47637"": 6}"
FFLNXXXXX,"{""P47258"": 111}"
FFLNXEQEN,"{""P47258"": 489}"
FFLNKEQEN,"{""P47258"": 26}"
FFLTPNXXX,"{""P47694"": 109}"
FFLTPNXLN,"{""P47694"": 4}"
FFLGSLDFS,"{""P47491"": 587}"
FFLVLITLM,"{""Q9ZB71"": 595}"
FFLDAXXXX,"{""P47572"": 115}"
FFLDAXVEI,"{""P47572"": 3}"
FFLAXSALN,"{""P47321"": 98}"
FFLAXXXXX,"{""P47321"": 24}"
FFLAKSALN,"{""P47321"": 1}"
FFLSHRFNE,"{""P47687"": 28}"
FFLSHXFNE,"{""P47687"": 9}"
FFLXXXXXX,"{""P47465"": 97}"
FFLXXNVNL,"{""P47465"": 7}"
FFLXRNVNL,"{""P47465"": 23}"
FFLKRNVNL,"{""P47465"": 2}"
FFXXXXXXX,"{""P47585"": 102, ""Q49409"": 19, ""P47544"": 103, ""P47306"": 21}"
FFXFLXLFH,"{""P47544"": 419}"
FFXFLXXXX,"{""P47544"": 77}"
FFXFLKLFH,"{""P47544"": 13}"
FFXITELGE,"{""P47368"": 29}"
FFXNEVFYQ,"{""P47306"": 95}"
FFXNEVFXQ,"{""P47306"": 5}"
FFXNXXXXX,"{""P47583"": 19}"
FFXNXRYNL,"{""P47583"": 1}"
FFXQNANGT,"{""Q49409"": 79}"
FFXQRINPL,"{""P47352"": 6}"
FFXLVXXLE,"{""P47585"": 3}"
FFXLVXXXX,"{""P47585"": 1}"
FFXLVRXLE,"{""P47585"": 8}"
FFALSSSNL,"{""Q49415"": 596}"
FFALGGQDE,"{""P47662"": 34}"
FFDENXXHF,"{""P47347"": 65}"
FFDENXXXX,"{""P47347"": 45}"
FFDENXKHF,"{""P47347"": 5}"
FFDENKXXX,"{""P47347"": 1}"
FFDENKXHF,"{""P47347"": 2}"
FFDSXQNNX,"{""P20796"": 89}"
FFDSXQNNK,"{""P20796"": 1}"
FFDSXXXXX,"{""P20796"": 15}"
FFDSKQNNX,"{""P20796"": 2}"
FFWSILSFL,"{""Q9ZB80"": 639}"
FFQIENLIS,"{""P47637"": 115}"
FFQTIAELH,"{""P47473"": 3}"
FFPVLCGSA,"{""P47335"": 124}"
FFPVLXGSA,"{""P47335"": 4}"
FFPACWIXX,"{""P47307"": 79}"
FFPACWIXD,"{""P47307"": 24}"
FFPAXWIXX,"{""P47307"": 6}"
FFPFXADGS,"{""P47321"": 20}"
FFPFXXXXX,"{""P47321"": 113}"
FFRNXXXXX,"{""P47583"": 120}"
FFRNXRXNL,"{""P47583"": 1}"
FFEMQFEIA,"{""P47255"": 111}"
FFFLLFGII,"{""Q49460"": 122}"
FFFRRYXHA,"{""P47344"": 3}"
FFFRRYXXX,"{""P47344"": 1}"
FFFRRXXHA,"{""P47344"": 1}"
FFFXRYXHA,"{""P47344"": 2}"
FFKFLXXXX,"{""P47544"": 5}"
FFKFLXLFH,"{""P47544"": 16}"
FFKFLKLFH,"{""P47544"": 3}"
FFKQNANGT,"{""Q49409"": 5}"
FFKNEVFYQ,"{""P47306"": 4}"
FFKLVRXLE,"{""P47585"": 1}"
FMEAFDQXL,"{""P47304"": 85}"
FMEAFDQXX,"{""P47304"": 22}"
FMEAFDQKL,"{""P47304"": 3}"
FMELEIPIX,"{""P47589"": 603}"
FMELEIPIK,"{""P47589"": 21}"
FMDSIPKAY,"{""P47266"": 28}"
FMDSIPKAX,"{""P47266"": 3}"
FMDSIPXAY,"{""P47266"": 450}"
FMDSIPXAX,"{""P47266"": 29}"
FMDSIPXXX,"{""P47266"": 104}"
FMDEFDQIT,"{""P47363"": 624}"
FMDLLXXXX,"{""P47530"": 103}"
FMDLLXQQN,"{""P47530"": 17}"
FMDLLKQQN,"{""P47530"": 1}"
FMFXXXXXX,"{""P47339"": 455}"
FMFXDNVRL,"{""P47339"": 84}"
FMFXDNVXL,"{""P47339"": 26}"
FMFKDNVRL,"{""P47339"": 4}"
FMVXPISLL,"{""P47437"": 124}"
FMVXXXXXX,"{""P47437"": 17}"
FMVKPISLL,"{""P47437"": 4}"
FMQXEFNFS,"{""Q49420"": 95}"
FMQXXXXXX,"{""Q49420"": 18}"
FMQKEFNFS,"{""Q49420"": 7}"
FMYPLVEQG,"{""P47249"": 610}"
FMLENPQEA,"{""P47249"": 128}"
FMGALGXLG,"{""P47328"": 93}"
FMGALGXXX,"{""P47328"": 23}"
FMGALGKLG,"{""P47328"": 1}"
FMXPLVEQG,"{""P47249"": 30}"
FWWTVDVLL,"{""P47368"": 642}"
FWWDLELVX,"{""P47653"": 586}"
FWWDLELVK,"{""P47653"": 4}"
FWWFLLCGL,"{""P47549"": 127}"
FWWFLLXGL,"{""P47549"": 10}"
FWHNVVLPL,"{""P47458"": 609}"
FWHXFLFDX,"{""P47508"": 527}"
FWHXFLFDK,"{""P47508"": 23}"
FWHXXXXXX,"{""P47508"": 74}"
FWHKFLFDX,"{""P47508"": 20}"
FWLEINXXX,"{""P47386"": 122}"
FWLEINXEE,"{""P47386"": 466}"
FWLEINKEE,"{""P47386"": 20}"
FWLTNFPSS,"{""P47566"": 647}"
FWLGGVDFE,"{""Q49436"": 124}"
FWGPTTTPQ,"{""Q49428"": 561}"
FWXXXXXXX,"{""P47313"": 579}"
FWXXQMFVW,"{""Q9ZB73"": 1}"
FWXTGLAIF,"{""P47313"": 30}"
FWXRQMFVW,"{""Q9ZB73"": 4}"
FWRXQMFVW,"{""Q9ZB73"": 8}"
FWRRQMFVW,"{""Q9ZB73"": 23}"
FWEXLIGNE,"{""Q49429"": 105}"
FWEXXXXXX,"{""Q49429"": 18}"
FWEKLIGNE,"{""Q49429"": 5}"
FWASLGEIF,"{""P47542"": 35}"
FWKTGLAIF,"{""P47313"": 1}"
FANQLTGEY,"{""P47368"": 609}"
FANQLTGEX,"{""P47368"": 26}"
FANQFYXQD,"{""P47621"": 91}"
FANQFYXXX,"{""P47621"": 21}"
FANQFYKQD,"{""P47621"": 4}"
FANQFXKQD,"{""P47621"": 1}"
FANQFXXQD,"{""P47621"": 6}"
FANIIXTAS,"{""P47540"": 469}"
FANIIXXXX,"{""P47540"": 131}"
FANIIKTAS,"{""P47540"": 28}"
FANPXXXXX,"{""P47313"": 139}"
FANPXINSX,"{""P47313"": 449}"
FANPXINSK,"{""P47313"": 5}"
FANPLITND,"{""P47632"": 125}"
FANPKINSX,"{""P47313"": 26}"
FANDLRFEX,"{""P47460"": 16}"
FANDLXFEX,"{""P47460"": 7}"
FANYGFNLS,"{""Q49405"": 583}"
FANELXHSL,"{""P47584"": 102}"
FANELXXXX,"{""P47584"": 14}"
FANELKHSL,"{""P47584"": 1}"
FANXGFNLS,"{""Q49405"": 28}"
FASASFXYC,"{""P47543"": 490}"
FASASFXYX,"{""P47543"": 25}"
FASASFXXX,"{""P47543"": 90}"
FASASFXXC,"{""P47543"": 26}"
FASASFKYC,"{""P47543"": 21}"
FASASFKYX,"{""P47543"": 2}"
FASASFKXC,"{""P47543"": 2}"
FASVFVSXG,"{""P47443"": 492}"
FASVFVSXX,"{""P47443"": 118}"
FASVFVSKG,"{""P47443"": 21}"
FASDDLLGI,"{""P47385"": 142}"
FAVENXFLX,"{""P47249"": 492}"
FAVENXFLK,"{""P47249"": 19}"
FAVENXXXX,"{""P47249"": 80}"
FAVENKFLX,"{""P47249"": 24}"
FAVDCLGFE,"{""Q49427"": 614}"
FAVDXLGFE,"{""Q49427"": 33}"
FAVVRGREI,"{""Q49410"": 2}"
FAVVXGREI,"{""Q49410"": 1}"
FAXKTQPGV,"{""P47372"": 21}"
FAXKEXXXX,"{""Q49413"": 13}"
FAXKEXDPL,"{""Q49413"": 1}"
FAXXEXXXX,"{""Q49413"": 311}"
FAXXEXDPL,"{""Q49413"": 67}"
FAXXEKDPL,"{""Q49413"": 4}"
FAXXXXXXX,"{""Q49413"": 212, ""Q49435"": 80, ""P47326"": 29, ""P47677"": 114, ""P47372"": 175, ""P47589"": 16}"
FAXXTQPGV,"{""P47372"": 408}"
FAXAFGVNX,"{""P47677"": 477}"
FAXAFGVNK,"{""P47677"": 16}"
FAXFLNXXX,"{""P47326"": 76}"
FAXFLNXLC,"{""P47326"": 18}"
FAXFLNKLC,"{""P47326"": 1}"
FAXFTXXQL,"{""P47589"": 71}"
FAXFTXXXX,"{""P47589"": 23}"
FAXFTXKQL,"{""P47589"": 3}"
FAXFTKXQL,"{""P47589"": 1}"
FAXLVNXEX,"{""P47486"": 25}"
FAXLVNXXX,"{""P47486"": 12}"
FAXVRGLIX,"{""Q49435"": 22}"
FAXVXGLIX,"{""Q49435"": 6}"
FAXQNNTHL,"{""P47314"": 7}"
FAXQGTLIT,"{""P47582"": 12}"
FAXYALXXX,"{""Q49434"": 3}"
FACQGTLIT,"{""P47582"": 116}"
FAIAELNNN,"{""P47299"": 619}"
FALSNXEID,"{""P47325"": 93}"
FALSNXXXX,"{""P47325"": 18}"
FALSNKEID,"{""P47325"": 6}"
FAYLVNXEX,"{""P47486"": 464}"
FAYLVNXEK,"{""P47486"": 6}"
FAYLVNXXX,"{""P47486"": 122}"
FAYLVNKEX,"{""P47486"": 22}"
FAYYALXXX,"{""Q49434"": 106}"
FAYYALXSQ,"{""Q49434"": 6}"
FAYXALXXX,"{""Q49434"": 6}"
FAYXALXSQ,"{""Q49434"": 1}"
FADMEWIDS,"{""Q49428"": 113}"
FADGSYFDX,"{""P47473"": 104}"
FADGSYFDK,"{""P47473"": 6}"
FADGSXFDX,"{""P47473"": 7}"
FAHDXXXXX,"{""P47318"": 453}"
FAHDXIEXA,"{""P47318"": 27}"
FAHDXIERA,"{""P47318"": 105}"
FAHDKIERA,"{""P47318"": 5}"
FAHDKIEXA,"{""P47318"": 1}"
FAPXXXXXX,"{""P47292"": 99}"
FAPXMLLVG,"{""P47292"": 24}"
FAPXFLMLL,"{""P47645"": 1}"
FAPHVXIVT,"{""P47264"": 108}"
FAPHVXXXX,"{""P47264"": 26}"
FAPHVKIVT,"{""P47264"": 2}"
FAPEAIYEQ,"{""P47546"": 146}"
FAPEAIXEQ,"{""P47546"": 4}"
FAPYFLMLL,"{""P47645"": 4}"
FAPVALATN,"{""P47549"": 32}"
FAPKMLLVG,"{""P47292"": 1}"
FAELQDIIA,"{""P47639"": 561}"
FAEPADFLS,"{""P47431"": 116}"
FAFYEXXXX,"{""P47332"": 26}"
FAFYEXSLP,"{""P47332"": 79}"
FAFYEKSLP,"{""P47332"": 6}"
FAFSXVVFH,"{""P47520"": 93}"
FAFSXXXXX,"{""P47520"": 16}"
FAFSKVVFH,"{""P47520"": 9}"
FAFXEXSLP,"{""P47332"": 5}"
FAFXEKSLP,"{""P47332"": 1}"
FAFLLEAYQ,"{""P47282"": 9}"
FAFLLEAXQ,"{""P47282"": 1}"
FAKXTQPGV,"{""P47372"": 20}"
FAKXEXXXX,"{""Q49413"": 18}"
FAKXEXDPL,"{""Q49413"": 2}"
FAKXXXXXX,"{""Q49413"": 1, ""P47372"": 7}"
FAKFTXXQL,"{""P47589"": 2}"
FAKFLNXXX,"{""P47326"": 3}"
FAKAFGVNX,"{""P47677"": 27}"
FAKKTQPGV,"{""P47372"": 2}"
FAKVRGLIX,"{""Q49435"": 1}"
FAAYXXXXX,"{""P47360"": 106}"
FAAYXXXIA,"{""P47360"": 4}"
FAAYXXKIA,"{""P47360"": 1}"
FAAYXKXXX,"{""P47360"": 2}"
FAAYKXXXX,"{""P47360"": 5}"
FAAXXKKIA,"{""P47360"": 1}"
FAAXXXXXX,"{""P47360"": 5}"
FAGAXNTWT,"{""P47525"": 102}"
FAGAXXXXX,"{""P47525"": 17}"
FAGAKNTWT,"{""P47525"": 3}"
FARQNNTHL,"{""P47314"": 22}"
FINQXNXFY,"{""P47368"": 336}"
FINQXNXFX,"{""P47368"": 17}"
FINQXNXXX,"{""P47368"": 102}"
FINQXNKFY,"{""P47368"": 20}"
FINQXNKFX,"{""P47368"": 1}"
FINQXXXXX,"{""P47368"": 110}"
FINQKNXFY,"{""P47368"": 20}"
FINQKNXFX,"{""P47368"": 2}"
FINQKNXXX,"{""P47368"": 3}"
FINQKNKFY,"{""P47368"": 2}"
FINAIXEVS,"{""P47653"": 26}"
FINAIXXXX,"{""P47653"": 104}"
FINAIKEVS,"{""P47653"": 2}"
FINSIYFEQ,"{""P47661"": 107}"
FINSIXFEQ,"{""P47661"": 5}"
FINSNLNDV,"{""P47580"": 123}"
FINEIINLP,"{""P47447"": 122}"
FINIHLVEN,"{""P47653"": 123}"
FINVVSNAN,"{""P47437"": 123}"
FINDMIRXV,"{""P47483"": 20}"
FINDMIRXX,"{""P47483"": 3}"
FINDMIXXV,"{""P47483"": 2}"
FINDMIXXX,"{""P47483"": 1}"
FINFDDAFF,"{""P47323"": 7}"
FIXXXXXXX,"{""P47368"": 207, ""P47609"": 101, ""P47384"": 93, ""P47580"": 20, ""P47566"": 91, ""P47537"": 96, ""P47379"": 79, ""P56723"": 37, ""P47693"": 26, ""P47640"": 20, ""P47467"": 2}"
FIXXXEPLY,"{""P47467"": 7}"
FIXXXGPEC,"{""P56723"": 8}"
FIXXDNAAE,"{""P47368"": 372}"
FIXXYGPEC,"{""P56723"": 88}"
FIXXYGPEX,"{""P56723"": 2}"
FIXPXMTEL,"{""P47566"": 428}"
FIXPXXXXX,"{""P47566"": 68}"
FIXPPRNLQ,"{""P47379"": 18}"
FIXPPXNLQ,"{""P47379"": 7}"
FIXPKMTEL,"{""P47566"": 19}"
FIXSNSVYQ,"{""P47384"": 473}"
FIXSNSVXQ,"{""P47384"": 28}"
FIXSXSEAR,"{""P47693"": 4}"
FIXSXXXXX,"{""P47693"": 84}"
FIXSSSATT,"{""P47580"": 107}"
FIXSKSEAR,"{""P47693"": 1}"
FIXEFASAT,"{""P47609"": 506}"
FIXKYGPEC,"{""P56723"": 5}"
FIXKDNAAE,"{""P47368"": 24}"
FIXKXXXXX,"{""P47467"": 1}"
FIXFGLLHD,"{""P47537"": 514}"
FIXFXXQFQ,"{""P47640"": 62}"
FIXFXXXXX,"{""P47640"": 31}"
FIXFXKQFQ,"{""P47640"": 1}"
FIXFKXQFQ,"{""P47640"": 1}"
FIXAIDSDX,"{""P47310"": 25}"
FIXTISXFS,"{""P47391"": 5}"
FIXTISXXX,"{""P47391"": 1}"
FIXYEVGEG,"{""P47246"": 3}"
FIVIVXGAP,"{""P47317"": 528}"
FIVIVXXXX,"{""P47317"": 114}"
FIVIVKGAP,"{""P47317"": 18}"
FIVFDDEXD,"{""P47388"": 107}"
FIVFDDEXX,"{""P47388"": 15}"
FIVFDDEKD,"{""P47388"": 4}"
FIVTXPNWF,"{""P47592"": 489}"
FIVTXXXXX,"{""P47592"": 103}"
FIVTKPNWF,"{""P47592"": 30}"
FIVGMSVFA,"{""Q49460"": 116}"
FIVPGTFNS,"{""P47321"": 119}"
FIVXXXXXX,"{""P47582"": 84}"
FIVXQGEDV,"{""P47582"": 22}"
FIVNNCSFL,"{""Q49416"": 108}"
FIVNNXSFL,"{""Q49416"": 6}"
FIVDGDLDY,"{""P47530"": 109}"
FIVDGDLDX,"{""P47530"": 9}"
FIAXXXXXX,"{""P47293"": 104}"
FIAXHIVSL,"{""P47293"": 509}"
FIAALLEXT,"{""P47615"": 515}"
FIAALLEXX,"{""P47615"": 88}"
FIAALLEKT,"{""P47615"": 24}"
FIAKHIVSL,"{""P47293"": 22}"
FIKSNSVYQ,"{""P47384"": 23}"
FIKSSSATT,"{""P47580"": 7}"
FIKSXXXXX,"{""P47693"": 1}"
FIKXDNAAE,"{""P47368"": 20}"
FIKXYGPEC,"{""P56723"": 3}"
FIKXXXXXX,"{""P56723"": 1, ""P47368"": 5}"
FIKEFASAT,"{""P47609"": 23}"
FIKPXMTEL,"{""P47566"": 20}"
FIKPXXXXX,"{""P47566"": 4}"
FIKPKMTEL,"{""P47566"": 2}"
FIKFGLLHD,"{""P47537"": 16}"
FIKFXXQFQ,"{""P47640"": 5}"
FILGNINGF,"{""P47587"": 606}"
FILTXXEVH,"{""P47661"": 383}"
FILTXXXXX,"{""P47661"": 196}"
FILTXKEVH,"{""P47661"": 13}"
FILTKXEVH,"{""P47661"": 23}"
FILTKXXXX,"{""P47661"": 5}"
FILTKKEVH,"{""P47661"": 1}"
FILPEXITQ,"{""P47534"": 23}"
FILPEXXXX,"{""P47534"": 86}"
FIIDDDISY,"{""P47486"": 591}"
FIIDDDISX,"{""P47486"": 33}"
FIIQAXYEV,"{""P47446"": 107}"
FIIQAXXXX,"{""P47446"": 14}"
FIIQAXXEV,"{""P47446"": 7}"
FIIQAKYEV,"{""P47446"": 3}"
FIIVHFXDH,"{""Q49430"": 114}"
FIIVHFXXX,"{""Q49430"": 15}"
FIIVHFKDH,"{""Q49430"": 3}"
FIILGPPGA,"{""P47417"": 111}"
FIIRFLQIL,"{""Q49402"": 112}"
FIIXFLQIL,"{""Q49402"": 30}"
FISTLTDXD,"{""P47641"": 33}"
FISTLTDYD,"{""P47641"": 573}"
FISTHXQDL,"{""Q49405"": 26}"
FISTHRQDL,"{""Q49405"": 114}"
FISFFTSSX,"{""P47390"": 128}"
FISFFTSSK,"{""P47390"": 4}"
FISFIESCV,"{""Q9ZB77"": 131}"
FISFIESXV,"{""Q9ZB77"": 5}"
FISHPQIXX,"{""P47477"": 115}"
FISHPQIXD,"{""P47477"": 6}"
FISETXXXX,"{""P47549"": 96}"
FISETXDQL,"{""P47549"": 3}"
FIDHSVATL,"{""P47597"": 625}"
FIDXYFFLD,"{""P47497"": 112}"
FIDXXFFLD,"{""P47497"": 5}"
FIDXXXXXX,"{""P47497"": 27}"
FIDQNNNEI,"{""P47487"": 100}"
FIDSTENWD,"{""P47505"": 119}"
FIDNPGLWR,"{""P47615"": 16}"
FIDNPGLWX,"{""P47615"": 5}"
FIDKYFFLD,"{""P47497"": 1}"
FIEGINNIV,"{""P47505"": 582}"
FIEXXXXXX,"{""P47548"": 156, ""P47326"": 99, ""P47472"": 129, ""P47685"": 137}"
FIEXLGFQH,"{""P47472"": 466}"
FIEXAEFNX,"{""P47548"": 459}"
FIEXAEFNK,"{""P47548"": 3}"
FIEXIRSEF,"{""P47326"": 21}"
FIEXIXSEF,"{""P47326"": 7}"
FIEXIVQIX,"{""P47540"": 6}"
FIEHYLHLD,"{""P47649"": 110}"
FIEHXLHLD,"{""P47649"": 5}"
FIESXXXXX,"{""P47684"": 15}"
FIESXNXXE,"{""P47684"": 59}"
FIESXNXXX,"{""P47684"": 29}"
FIESXNXKE,"{""P47684"": 3}"
FIESXNKXE,"{""P47684"": 4}"
FIESKNXXE,"{""P47684"": 3}"
FIESKNXXX,"{""P47684"": 1}"
FIERIVQIX,"{""P47540"": 29}"
FIEKLGFQH,"{""P47472"": 23}"
FIEKAEFNX,"{""P47548"": 19}"
FIFTLQWLI,"{""P47549"": 640}"
FIFLPLSXG,"{""P47568"": 504}"
FIFLPLSXX,"{""P47568"": 88}"
FIFLPLSKG,"{""P47568"": 23}"
FIYAIDSDX,"{""P47310"": 577}"
FIYAIDSDK,"{""P47310"": 22}"
FIYXXEPLY,"{""P47467"": 61}"
FIYXXEPLX,"{""P47467"": 4}"
FIYXXXXXX,"{""P47467"": 26}"
FIYXKEPLY,"{""P47467"": 5}"
FIYKXXXXX,"{""P47467"": 1}"
FIYKXEPLY,"{""P47467"": 1}"
FIQLGQNQL,"{""Q49415"": 124}"
FIQHPVYND,"{""P47451"": 114}"
FIQHPVXND,"{""P47451"": 6}"
FITDAFFXY,"{""P47264"": 85}"
FITDAFFXX,"{""P47264"": 22}"
FITDAFFKY,"{""P47264"": 4}"
FITLSSVEY,"{""P47390"": 108}"
FITLSSVEX,"{""P47390"": 5}"
FITEYDNNH,"{""P47507"": 111}"
FITEXDNNH,"{""P47507"": 6}"
FITTLLXVX,"{""P47568"": 6}"
FITTLLXVK,"{""P47568"": 1}"
FITTLLRVX,"{""P47568"": 23}"
FIWFNRNIX,"{""P47637"": 124}"
FIWFNRNIK,"{""P47637"": 2}"
FIWFNXNIX,"{""P47637"": 33}"
FIRTISXFS,"{""P47391"": 19}"
FIRTISXXX,"{""P47391"": 1}"
FIRYEVGEG,"{""P47246"": 30}"
FIRXEVGEG,"{""P47246"": 1}"
FIPVDEIAX,"{""P47641"": 124}"
FIPVDEIAK,"{""P47641"": 2}"
FIPGIRPGN,"{""P47416"": 124}"
FIPGIXPGN,"{""P47416"": 21}"
FIPFEEMEX,"{""P47686"": 112}"
FIPFEEMEK,"{""P47686"": 3}"
FIMXXXXXX,"{""P47661"": 79}"
FIMXXYCIL,"{""P47661"": 3}"
FIMXRYCIL,"{""P47661"": 9}"
FIMXRXCIL,"{""P47661"": 2}"
FIMKRYCIL,"{""P47661"": 1}"
FEGYLQAIQ,"{""P47340"": 582}"
FEGYXLNIS,"{""P47247"": 108}"
FEGYXXXXX,"{""P47247"": 23}"
FEGYIGTNX,"{""P47551"": 571}"
FEGYIGTNK,"{""P47551"": 30}"
FEGYVGLSX,"{""P47580"": 117}"
FEGYVGLSK,"{""P47580"": 6}"
FEGYKLNIS,"{""P47247"": 6}"
FEGXXXXXX,"{""P47247"": 2}"
FEGXXLNIS,"{""P47247"": 5}"
FEGXIGTNX,"{""P47551"": 27}"
FEGXLQAIQ,"{""P47340"": 36}"
FEGXVGLSX,"{""P47580"": 7}"
FEGIRTALI,"{""P47617"": 4}"
FEGIXTALI,"{""P47617"": 2}"
FELINPTIX,"{""P47282"": 606}"
FELINPTIK,"{""P47282"": 23}"
FELFINGXX,"{""P47382"": 477}"
FELFINGXE,"{""P47382"": 121}"
FELFINGKE,"{""P47382"": 8}"
FELXINXDW,"{""Q49460"": 83}"
FELXINXXX,"{""Q49460"": 12}"
FELXINKDW,"{""Q49460"": 1}"
FELXXXXXX,"{""Q49460"": 21, ""P47321"": 17}"
FELXNSFIX,"{""P47321"": 99}"
FELXNSFIK,"{""P47321"": 3}"
FELPDLLFR,"{""Q49410"": 125}"
FELPDLLFX,"{""Q49410"": 40}"
FELPEDEII,"{""P47491"": 18}"
FELKINXDW,"{""Q49460"": 3}"
FELKINXXX,"{""Q49460"": 1}"
FELKNSFIX,"{""P47321"": 3}"
FEELTXXXX,"{""P47547"": 121}"
FEELTXPLL,"{""P47547"": 7}"
FEELTKPLL,"{""P47547"": 1}"
FEEXGSEVX,"{""P47470"": 503}"
FEEXGSEVK,"{""P47470"": 24}"
FEEXXXXXX,"{""P47470"": 89}"
FEEKGSEVX,"{""P47470"": 22}"
FEEKGSEVK,"{""P47470"": 2}"
FEXXXXXXX,"{""P47572"": 132, ""P47460"": 218, ""Q49424"": 21, ""P47685"": 112, ""P47507"": 22, ""P47530"": 18, ""P47442"": 10}"
FEXXQLLXA,"{""P47460"": 77}"
FEXXQLLXX,"{""P47460"": 342}"
FEXXQLLKA,"{""P47460"": 1}"
FEXNLEXNX,"{""Q49424"": 93}"
FEXNLEXNK,"{""Q49424"": 2}"
FEXNLEXXX,"{""Q49424"": 11}"
FEXNLEKNX,"{""Q49424"": 1}"
FEXQLLIXN,"{""P47685"": 357}"
FEXQLLIXX,"{""P47685"": 96}"
FEXQLLIKN,"{""P47685"": 16}"
FEXQNFDIE,"{""P47460"": 90}"
FEXQFQGYF,"{""P47523"": 23}"
FEXQFQGXF,"{""P47523"": 1}"
FEXDAVYYN,"{""P47572"": 420}"
FEXDAVYXN,"{""P47572"": 25}"
FEXDAVXYN,"{""P47572"": 19}"
FEXDAVXXN,"{""P47572"": 2}"
FEXEIIEPF,"{""P47530"": 104}"
FEXFWLEIN,"{""P47386"": 31}"
FEXALDFDF,"{""P47507"": 103}"
FEXLGIAXT,"{""P47442"": 68}"
FEXLGIAXX,"{""P47442"": 20}"
FEXLGIAKT,"{""P47442"": 1}"
FEXSNQNTX,"{""P47583"": 1}"
FEXSNQNTC,"{""P47583"": 1}"
FEXKQLLXX,"{""P47460"": 13}"
FEXKQLLXA,"{""P47460"": 5}"
FENFPNQGT,"{""P47518"": 609}"
FENFXNXYS,"{""P47278"": 391}"
FENFXNXXX,"{""P47278"": 68}"
FENFXNXXS,"{""P47278"": 22}"
FENFXNKYS,"{""P47278"": 23}"
FENFXXXXX,"{""P47278"": 90}"
FENFKNXYS,"{""P47278"": 16}"
FENFKNXXX,"{""P47278"": 6}"
FENTIQNIT,"{""P47540"": 599}"
FENVGWNYI,"{""P47312"": 574}"
FENVGWNXI,"{""P47312"": 28}"
FENVAFGYN,"{""P47261"": 614}"
FENVAFGXN,"{""P47261"": 29}"
FENIPIXDX,"{""P47264"": 487}"
FENIPIXDK,"{""P47264"": 20}"
FENIPIXXX,"{""P47264"": 105}"
FENIPIKDX,"{""P47264"": 20}"
FENIPIKDK,"{""P47264"": 1}"
FENSISAXQ,"{""P47254"": 105}"
FENSISAXX,"{""P47254"": 17}"
FENSISAKQ,"{""P47254"": 5}"
FEHYEGIAN,"{""P47660"": 580}"
FEHXEGIAN,"{""P47660"": 31}"
FEDGXXXXX,"{""P47448"": 205}"
FEDGXXIXX,"{""P47448"": 337}"
FEDGXXIXH,"{""P47448"": 26}"
FEDGXXIKH,"{""P47448"": 1}"
FEDGXKIXX,"{""P47448"": 18}"
FEDGXKIXH,"{""P47448"": 1}"
FEDGXKIKH,"{""P47448"": 1}"
FEDGKXIXX,"{""P47448"": 17}"
FEDGKXXXX,"{""P47448"": 3}"
FEDYVTDSS,"{""P47341"": 116}"
FEDXVTDSS,"{""P47341"": 9}"
FEFLNPVXE,"{""Q49429"": 106}"
FEFLNPVXX,"{""Q49429"": 13}"
FEFLNPVKE,"{""Q49429"": 4}"
FEPNXDXGF,"{""P47335"": 388}"
FEPNXDXXX,"{""P47335"": 112}"
FEPNXDKGF,"{""P47335"": 21}"
FEPNXXXXX,"{""P47335"": 82}"
FEPNKDXGF,"{""P47335"": 17}"
FEPNKDXXX,"{""P47335"": 4}"
FEPNKDKGF,"{""P47335"": 1}"
FEPMVLLID,"{""P47391"": 125}"
FEQXTDYNF,"{""P47564"": 423}"
FEQXTDXNF,"{""P47564"": 28}"
FEQXXXXXX,"{""P47564"": 144}"
FEQQLEEXX,"{""P47382"": 604}"
FEQKTDYNF,"{""P47564"": 17}"
FEQKTDXNF,"{""P47564"": 1}"
FESDSNXXX,"{""P47508"": 595}"
FESDSNXXK,"{""P47508"": 1}"
FESDSNXKX,"{""P47508"": 14}"
FESDSNKXX,"{""P47508"": 21}"
FESDSNKKX,"{""P47508"": 1}"
FESNQLLXS,"{""P47446"": 109}"
FESNQLLXX,"{""P47446"": 19}"
FESNQLLKS,"{""P47446"": 6}"
FESXXXXXX,"{""P47609"": 101}"
FESXVNRIA,"{""P47609"": 25}"
FESXVNXIA,"{""P47609"": 8}"
FESTDPFPI,"{""P47431"": 166}"
FESEIVXXT,"{""P47618"": 83}"
FESEIVXXX,"{""P47618"": 40}"
FESEIVXKT,"{""P47618"": 6}"
FESEIVKXT,"{""P47618"": 1}"
FESEIVKXX,"{""P47618"": 1}"
FESKVNXIA,"{""P47609"": 1}"
FESKVNRIA,"{""P47609"": 2}"
FESGVHRVQ,"{""P47500"": 2}"
FESGVHXVQ,"{""P47500"": 1}"
FERQFQGYF,"{""P47523"": 100}"
FERQFQGXF,"{""P47523"": 10}"
FERFWLEIN,"{""P47386"": 136}"
FERSNQNTC,"{""P47583"": 25}"
FERSNQNTX,"{""P47583"": 1}"
FERMQREAQ,"{""P47443"": 4}"
FERMQXEAQ,"{""P47443"": 1}"
FEIIXSIKA,"{""P47368"": 6}"
FEIIXSIXA,"{""P47368"": 68}"
FEIIXSIXX,"{""P47368"": 19}"
FEIIXXXXX,"{""P47368"": 23}"
FEIIKSIXX,"{""P47368"": 2}"
FEIIKSIXA,"{""P47368"": 1}"
FEIDIXYQG,"{""P47530"": 94}"
FEIDIXXXX,"{""P47530"": 23}"
FEIDIXXQG,"{""P47530"": 6}"
FEIDIKYQG,"{""P47530"": 6}"
FEIXXXXXX,"{""P47535"": 118}"
FEALEXVLN,"{""Q49396"": 105}"
FEALEXXXX,"{""Q49396"": 14}"
FEALEKVLN,"{""Q49396"": 4}"
FEAVALMGL,"{""P47492"": 105}"
FEAYXTYGI,"{""P47260"": 107}"
FEAYXTXGI,"{""P47260"": 6}"
FEAYXXXXX,"{""P47260"": 14}"
FEAYKTYGI,"{""P47260"": 6}"
FEAGTLNIM,"{""Q49420"": 136}"
FEAXXTYGI,"{""P47260"": 5}"
FEAXXTXGI,"{""P47260"": 1}"
FEAXXXXXX,"{""P47260"": 1}"
FEASGGLIG,"{""P47615"": 4}"
FETYXCLXH,"{""P47478"": 3}"
FETYXCLRH,"{""P47478"": 5}"
FETYYCLRH,"{""P47478"": 107}"
FETYYCLXH,"{""P47478"": 21}"
FETYYXLRH,"{""P47478"": 5}"
FETYYXLXH,"{""P47478"": 1}"
FETVDITGV,"{""P47523"": 122}"
FETIXLNFI,"{""P47386"": 87}"
FETIXXXXX,"{""P47386"": 25}"
FETIKLNFI,"{""P47386"": 1}"
FETFNLGSG,"{""P47364"": 120}"
FETXYCLRH,"{""P47478"": 4}"
FETXYCLXH,"{""P47478"": 2}"
FEKQLLIXN,"{""P47685"": 22}"
FEKQLLIXX,"{""P47685"": 5}"
FEKQLLIKN,"{""P47685"": 1}"
FEKQNFDIE,"{""P47460"": 4}"
FEKEIIEPF,"{""P47530"": 3}"
FEKKQLLXX,"{""P47460"": 1}"
FEKLGIAXT,"{""P47442"": 3}"
FEKLGIAXX,"{""P47442"": 1}"
FEKDAVYYN,"{""P47572"": 15}"
FEKDAVXYN,"{""P47572"": 1}"
FEKXQLLXX,"{""P47460"": 10}"
FEKXQLLXA,"{""P47460"": 5}"
FEKXXXXXX,"{""P47460"": 5}"
FEKALDFDF,"{""P47507"": 7}"
FEKNLEXNX,"{""Q49424"": 1}"
FSFDLQLDF,"{""P47696"": 127}"
FSFNVPGGR,"{""P47660"": 124}"
FSFNVPGGX,"{""P47660"": 38}"
FSFSIIIIL,"{""Q49433"": 653}"
FSFIEINNQ,"{""P47525"": 614}"
FSFFXALNQ,"{""P47479"": 512}"
FSFFXXXXX,"{""P47479"": 89}"
FSFFKALNQ,"{""P47479"": 24}"
FSFLKQAAN,"{""P47308"": 6}"
FSFLXXXXX,"{""P47308"": 22}"
FSFLXQAAN,"{""P47308"": 100}"
FSFEXISVN,"{""P47368"": 98}"
FSFEXXXXX,"{""P47368"": 31}"
FSFEKISVN,"{""P47368"": 9}"
FSFQXNYDF,"{""P47576"": 115}"
FSFQXNXDF,"{""P47576"": 4}"
FSFQXXXXX,"{""P47576"": 19}"
FSFQKNYDF,"{""P47576"": 2}"
FSFWNISLF,"{""P47427"": 34}"
FSFRSELYR,"{""P47393"": 2}"
FSTLSPAGL,"{""P47357"": 615}"
FSTLLNLIS,"{""P47371"": 583}"
FSTXLXXXX,"{""P47451"": 89}"
FSTXXXXXX,"{""P47451"": 31}"
FSTXATWWI,"{""P47491"": 5}"
FSTYATWWI,"{""P47491"": 113}"
FSTKLXXXX,"{""P47451"": 8}"
FSTSQTSEE,"{""P47688"": 30}"
FSSQAALQX,"{""P47391"": 120}"
FSSQAALQK,"{""P47391"": 6}"
FSSDSGGXL,"{""P47551"": 102}"
FSSDSGGXX,"{""P47551"": 16}"
FSSDSGGKL,"{""P47551"": 5}"
FSSRXLLFL,"{""Q49411"": 105}"
FSSRXXXXX,"{""Q49411"": 13}"
FSSRKLLFL,"{""Q49411"": 3}"
FSSXXLLFL,"{""Q49411"": 29}"
FSSXXXXXX,"{""Q49411"": 9}"
FSSXKLLFL,"{""Q49411"": 4}"
FSGLLALLX,"{""P52271"": 615}"
FSGLLALLK,"{""P52271"": 25}"
FSGLAEYIA,"{""P47512"": 115}"
FSGLAEXIA,"{""P47512"": 8}"
FSGTEPXLX,"{""P47299"": 502}"
FSGTEPXLK,"{""P47299"": 4}"
FSGTEPXXX,"{""P47299"": 123}"
FSGTEPKLX,"{""P47299"": 18}"
FSGPDVYEI,"{""P47254"": 595}"
FSGPDVXEI,"{""P47254"": 31}"
FSGGGAVFH,"{""P47512"": 124}"
FSGIAGXYV,"{""P47639"": 103}"
FSGIAGXXX,"{""P47639"": 15}"
FSGIAGXXV,"{""P47639"": 2}"
FSGIAGKYV,"{""P47639"": 4}"
FSGIAGKXV,"{""P47639"": 2}"
FSGSNNFIE,"{""P47706"": 29}"
FSXXXXXXX,"{""P47522"": 569, ""Q49406"": 119, ""P47390"": 107, ""P47265"": 22}"
FSXFISFFT,"{""P47390"": 499}"
FSXTILLFF,"{""P47522"": 36}"
FSXDQVNXW,"{""P47350"": 27}"
FSXDQVNXX,"{""P47350"": 4}"
FSXDQVNKW,"{""P47350"": 1}"
FSXSFXXXX,"{""P47265"": 85}"
FSXSFXRXX,"{""P47265"": 13}"
FSXSFKRXX,"{""P47265"": 1}"
FSXSFKXXX,"{""P47265"": 1}"
FSXSGLXSQ,"{""P47292"": 6}"
FSXSGLXXX,"{""P47292"": 3}"
FSXSGLKSQ,"{""P47292"": 1}"
FSXSVVSTC,"{""Q49426"": 2}"
FSXLFTYVG,"{""Q49460"": 36}"
FSXLFTXVG,"{""Q49460"": 3}"
FSVLVVVGN,"{""P47414"": 610}"
FSVLLHLLX,"{""Q49460"": 131}"
FSVLLHLLK,"{""Q49460"": 8}"
FSVYNAGXX,"{""P47471"": 86}"
FSVYNAGXF,"{""P47471"": 27}"
FSVXNAGXX,"{""P47471"": 6}"
FSISFXXXX,"{""P47533"": 539}"
FSISFXILL,"{""P47533"": 31}"
FSISFKILL,"{""P47533"": 1}"
FSIANGDEL,"{""P47583"": 634}"
FSILXIENV,"{""P47661"": 511}"
FSILXXXXX,"{""P47661"": 95}"
FSILKIENV,"{""P47661"": 21}"
FSIIDQXQL,"{""P47330"": 512}"
FSIIDQXXX,"{""P47330"": 97}"
FSIIDQKQL,"{""P47330"": 30}"
FSINGLTFA,"{""Q49460"": 35}"
FSYDQVNXW,"{""P47350"": 469}"
FSYDQVNXX,"{""P47350"": 114}"
FSYDQVNKW,"{""P47350"": 20}"
FSYSGLXSQ,"{""P47292"": 89}"
FSYSGLXXX,"{""P47292"": 18}"
FSYSGLKSQ,"{""P47292"": 6}"
FSNEANAXX,"{""P47460"": 579}"
FSNEANAXK,"{""P47460"": 21}"
FSNEANAKX,"{""P47460"": 16}"
FSNEANAKK,"{""P47460"": 1}"
FSNLTDENS,"{""Q49421"": 120}"
FSNYAIEXP,"{""P47502"": 5}"
FSNYAIEYP,"{""P47502"": 100}"
FSNATSTSN,"{""P47551"": 125}"
FSNXAIEYP,"{""P47502"": 6}"
FSNVVARVL,"{""P47527"": 4}"
FSNVVAXVL,"{""P47527"": 1}"
FSAFNXXLI,"{""P47390"": 416}"
FSAFNXXXX,"{""P47390"": 171}"
FSAFNXKLI,"{""P47390"": 18}"
FSAFNKXLI,"{""P47390"": 17}"
FSAFNKXXX,"{""P47390"": 7}"
FSAFNKKLI,"{""P47390"": 2}"
FSAIFIXVI,"{""P47702"": 93}"
FSAIFIXXX,"{""P47702"": 19}"
FSAIFIKVI,"{""P47702"": 4}"
FSAIAXXXX,"{""P47634"": 24}"
FSAIAXQVN,"{""P47634"": 102}"
FSAIAKQVN,"{""P47634"": 5}"
FSALETYVX,"{""P47614"": 131}"
FSALETYVK,"{""P47614"": 4}"
FSALETXVX,"{""P47614"": 2}"
FSAAQTSTS,"{""Q49460"": 20}"
FSDLNQIDI,"{""Q49421"": 620}"
FSDQFSNAI,"{""P47655"": 126}"
FSDSYDHNV,"{""P47260"": 102}"
FSDSIITVX,"{""P47551"": 131}"
FSDSIITVK,"{""P47551"": 3}"
FSDSXDHNV,"{""P47260"": 6}"
FSDADINEV,"{""P47481"": 124}"
FSDNYVEED,"{""P47481"": 112}"
FSDNXVEED,"{""P47481"": 4}"
FSLFFNVEN,"{""Q9ZB74"": 635}"
FSLFVHVNP,"{""Q49428"": 136}"
FSLDFDYTP,"{""Q57081"": 549}"
FSLDFDXTP,"{""Q57081"": 41}"
FSLDWILXI,"{""Q49409"": 497}"
FSLDWILXX,"{""Q49409"": 121}"
FSLDWILKI,"{""Q49409"": 18}"
FSLQDEXIL,"{""P47678"": 476}"
FSLQDEXXX,"{""P47678"": 120}"
FSLQDEKIL,"{""P47678"": 25}"
FSLQLSYSL,"{""Q49433"": 32}"
FSLQLSXSL,"{""Q49433"": 1}"
FSLXASVFA,"{""P47679"": 103}"
FSLXXXXXX,"{""P47679"": 20}"
FSLXLVNSI,"{""P47320"": 19}"
FSLPMELEX,"{""P47624"": 102}"
FSLPMELEK,"{""P47624"": 6}"
FSLNLXDIX,"{""P47342"": 96}"
FSLNLXDIK,"{""P47342"": 2}"
FSLNLXXXX,"{""P47342"": 18}"
FSLNLKDIX,"{""P47342"": 2}"
FSLEDXIVI,"{""P47587"": 114}"
FSLEDXXXX,"{""P47587"": 15}"
FSLEDKIVI,"{""P47587"": 6}"
FSLRLVNSI,"{""P47320"": 108}"
FSLKASVFA,"{""P47679"": 2}"
FSEINNQLE,"{""P47447"": 569}"
FSETNDALF,"{""P47549"": 637}"
FSEFNFGGD,"{""P47549"": 113}"
FSEXXXXXX,"{""P47467"": 123}"
FSEXQFLLF,"{""P47467"": 7}"
FSELFEXFG,"{""P47282"": 9}"
FSELFERFG,"{""P47282"": 22}"
FSEDSILHR,"{""P47615"": 1}"
FSQXXXXXX,"{""P47619"": 96}"
FSQXPXHQI,"{""P47619"": 6}"
FSQXPRHQI,"{""P47619"": 17}"
FSQQTSVLX,"{""P47313"": 119}"
FSQQTSVLK,"{""P47313"": 3}"
FSRLFTYVG,"{""Q49460"": 94}"
FSRLFTXVG,"{""Q49460"": 10}"
FSRSVVSTX,"{""Q49426"": 2}"
FSRSVVSTC,"{""Q49426"": 3}"
FSRQREEFE,"{""P47460"": 1}"
FSKFISFFT,"{""P47390"": 31}"
FSKTILLFF,"{""P47522"": 1}"
FSKSFXXXX,"{""P47265"": 4}"
FSPXXXXXX,"{""P47496"": 22}"
FSPXFVQTX,"{""P47496"": 97}"
FSPKFVQTX,"{""P47496"": 7}"
FTTGPNLDS,"{""P20796"": 618}"
FTTLIPVLG,"{""P47624"": 610}"
FTTNLQLXQ,"{""P47358"": 6}"
FTTNLQLYQ,"{""P47358"": 117}"
FTSWINQHX,"{""P47435"": 639}"
FTSWINQHK,"{""P47435"": 15}"
FTSNEAEFL,"{""P47311"": 135}"
FTSNXDXTQ,"{""P47448"": 2}"
FTSNXDXXX,"{""P47448"": 2}"
FTSNYDXTQ,"{""P47448"": 81}"
FTSNYDXXX,"{""P47448"": 21}"
FTSNYDKTQ,"{""P47448"": 5}"
FTSEXXXXX,"{""Q49415"": 96}"
FTSEXLVGX,"{""Q49415"": 484}"
FTSEXLVGK,"{""Q49415"": 19}"
FTSEKLVGX,"{""Q49415"": 26}"
FTSEKLVGK,"{""Q49415"": 1}"
FTSXSNSIN,"{""P47278"": 101}"
FTSXXXXXX,"{""P47278"": 21}"
FTSKSNSIN,"{""P47278"": 3}"
FTVXXXXXX,"{""P47306"": 89}"
FTVXXDFCF,"{""P47306"": 2}"
FTVXRDFCF,"{""P47306"": 3}"
FTVPTFFFA,"{""P47685"": 598}"
FTWVIPSLF,"{""Q49410"": 123}"
FTEEALGHT,"{""Q49429"": 612}"
FTELENRYT,"{""P47429"": 22}"
FTELENRXT,"{""P47429"": 2}"
FTELENXYT,"{""P47429"": 6}"
FTDEPFNNS,"{""P47580"": 641}"
FTDEAISYI,"{""P47481"": 125}"
FTDEAISXI,"{""P47481"": 2}"
FTDVGEGLH,"{""P47514"": 135}"
FTDQTNVML,"{""P47690"": 133}"
FTDFXFPYN,"{""P47264"": 100}"
FTDFXFPXN,"{""P47264"": 7}"
FTDFXXXXX,"{""P47264"": 12}"
FTDFKFPYN,"{""P47264"": 4}"
FTLWSLINX,"{""P47580"": 103}"
FTLSYHNVE,"{""P47313"": 583}"
FTLSXHNVE,"{""P47313"": 40}"
FTLSEQANX,"{""P47576"": 135}"
FTLSEQANK,"{""P47576"": 9}"
FTLLTLYFV,"{""Q49432"": 121}"
FTLLTLXFV,"{""Q49432"": 10}"
FTLLXXXXX,"{""P47391"": 89}"
FTLLXFIXT,"{""P47391"": 5}"
FTLLXFIRT,"{""P47391"": 22}"
FTPAFEDQX,"{""P22747"": 613}"
FTPAFEDQK,"{""P22747"": 21}"
FTGIVNIEP,"{""P47379"": 654}"
FTGEQNPEF,"{""P47481"": 119}"
FTGTXFDVG,"{""P47691"": 5}"
FTGTRFDVG,"{""P47691"": 29}"
FTIEXXLXX,"{""P47585"": 63}"
FTIEXXLXI,"{""P47585"": 334}"
FTIEXXLKI,"{""P47585"": 12}"
FTIEXXXXX,"{""P47585"": 181}"
FTIEXKLXI,"{""P47585"": 12}"
FTIEXKLXX,"{""P47585"": 5}"
FTIEXKLKI,"{""P47585"": 1}"
FTIEKXLXI,"{""P47585"": 11}"
FTIEKXLXX,"{""P47585"": 5}"
FTIEKXLKI,"{""P47585"": 1}"
FTIEKXXXX,"{""P47585"": 1}"
FTIVIVTHS,"{""P47650"": 10}"
FTAGNGGNG,"{""P47624"": 597}"
FTNAEIELI,"{""P47520"": 127}"
FTNXNTAQS,"{""P47619"": 112}"
FTNXXXXXX,"{""P47619"": 27}"
FTNWIDSDF,"{""P47312"": 144}"
FTNIAGLQE,"{""P47695"": 133}"
FTNKNTAQS,"{""P47619"": 2}"
FTFDGNXXX,"{""Q49400"": 18}"
FTFDGNXVT,"{""Q49400"": 94}"
FTFDGNKVT,"{""Q49400"": 4}"
FTFIXAVLS,"{""P47658"": 104}"
FTFIXXXXX,"{""P47658"": 22}"
FTFIKAVLS,"{""P47658"": 4}"
FTFNQAEAI,"{""P47446"": 32}"
FTQAGSEVS,"{""P47639"": 139}"
FTXXQLVLE,"{""P47589"": 78}"
FTXXXXXXX,"{""P47589"": 28}"
FTXLSFEPE,"{""P47387"": 6}"
FTXKQLVLE,"{""P47589"": 3}"
FTRLSFEPE,"{""P47387"": 17}"
FTKXXXXXX,"{""P47589"": 1}"
FTKXQLVLE,"{""P47589"": 1}"
FGSDXXXXX,"{""P47282"": 474}"
FGSDXPDLR,"{""P47282"": 91}"
FGSDXPDLX,"{""P47282"": 21}"
FGSDLSQSN,"{""Q49413"": 128}"
FGSDKPDLR,"{""P47282"": 5}"
FGSDKPDLX,"{""P47282"": 1}"
FGSXXXXXX,"{""P47476"": 23}"
FGSXQSXXX,"{""P47476"": 83}"
FGSXQSXTX,"{""P47476"": 6}"
FGSXQSXTR,"{""P47476"": 17}"
FGSXQSKTR,"{""P47476"": 1}"
FGSKQSXXX,"{""P47476"": 3}"
FGXNTTTXX,"{""P47356"": 79}"
FGXNTTTXT,"{""P47356"": 17}"
FGXNTTTKT,"{""P47356"": 2}"
FGXNPLIXI,"{""Q49433"": 412}"
FGXNPLIXX,"{""Q49433"": 82}"
FGXNPLIKI,"{""Q49433"": 20}"
FGXXXXXXX,"{""P47613"": 95, ""P47510"": 485, ""Q49433"": 85, ""P47514"": 137, ""P47356"": 33, ""P47347"": 14}"
FGXXXDLGS,"{""P47580"": 1}"
FGXXQNNCN,"{""P47510"": 6}"
FGXEIAXXX,"{""P47514"": 458, ""P47347"": 91}"
FGXEIAXXN,"{""P47347"": 11}"
FGXEIAXKN,"{""P47347"": 1}"
FGXEIAKXX,"{""P47347"": 1}"
FGXYQNNCN,"{""P47510"": 87}"
FGXYQNNXN,"{""P47510"": 3}"
FGXYXDLGS,"{""P47580"": 27}"
FGXYXXXXX,"{""P47580"": 4}"
FGXVLGLSE,"{""P47613"": 528}"
FGXLXPLEX,"{""P47345"": 20}"
FGXLXPLEK,"{""P47345"": 2}"
FGXLXXXXX,"{""P47345"": 5}"
FGXLKPLEX,"{""P47345"": 1}"
FGXAIEYDA,"{""P47619"": 9}"
FGLQGYLTE,"{""P47489"": 614}"
FGLQGXLTE,"{""P47489"": 28}"
FGLQRYXGL,"{""P47249"": 16}"
FGLQRYXXX,"{""P47249"": 6}"
FGLQRXXGL,"{""P47249"": 2}"
FGLQXXXGL,"{""P47249"": 1}"
FGLQXYXXX,"{""P47249"": 1}"
FGLEINSYQ,"{""Q49430"": 135}"
FGLEINSXQ,"{""Q49430"": 12}"
FGLNNVQVP,"{""P47321"": 638}"
FGLLDTFVY,"{""Q9ZB74"": 605}"
FGLLDTFVX,"{""Q9ZB74"": 26}"
FGLLHDFCX,"{""P47537"": 119}"
FGLLHDFCK,"{""P47537"": 3}"
FGLLHDFXX,"{""P47537"": 4}"
FGLFLXXXX,"{""P47701"": 114}"
FGLFLXQCF,"{""P47701"": 13}"
FGLASHWIY,"{""P47520"": 106}"
FGLASHWIX,"{""P47520"": 7}"
FGLVSCFGV,"{""Q9ZB72"": 35}"
FGLYGAXRA,"{""P47656"": 2}"
FGLYGARXA,"{""P47656"": 1}"
FGLYGARRA,"{""P47656"": 2}"
FGLXGARRA,"{""P47656"": 1}"
FGIXSQNTS,"{""P47329"": 521}"
FGIXXXXXX,"{""P47329"": 96}"
FGINXXXXX,"{""P47403"": 484}"
FGINXNWIS,"{""P47403"": 98}"
FGINKNWIS,"{""P47403"": 6}"
FGIKSQNTS,"{""P47329"": 23}"
FGIMTRFRV,"{""P47310"": 23}"
FGIMTRFXV,"{""P47310"": 5}"
FGIMTXFRV,"{""P47310"": 5}"
FGIMTXFXV,"{""P47310"": 1}"
FGIGHGQTN,"{""Q49410"": 9}"
FGHLSVIVD,"{""P47700"": 639}"
FGVILNINY,"{""Q49425"": 594}"
FGVILNINX,"{""Q49425"": 44}"
FGVAIYENS,"{""P47385"": 119}"
FGVAIXENS,"{""P47385"": 5}"
FGYLXPLEX,"{""P47345"": 484}"
FGYLXPLEK,"{""P47345"": 13}"
FGYLXXXXX,"{""P47345"": 89}"
FGYLKPLEK,"{""P47345"": 3}"
FGYLKPLEX,"{""P47345"": 14}"
FGYYXDLGS,"{""P47580"": 455}"
FGYYXXXXX,"{""P47580"": 86}"
FGYYKDLGS,"{""P47580"": 21}"
FGYAIEYDA,"{""P47619"": 110}"
FGYAIEXDA,"{""P47619"": 7}"
FGYXXXXXX,"{""P47580"": 9}"
FGYXXDLGS,"{""P47580"": 19}"
FGYXYAVLI,"{""P47307"": 1}"
FGYXKDLGS,"{""P47580"": 1}"
FGYRYAVLI,"{""P47307"": 6}"
FGPEAXSEX,"{""Q49407"": 9}"
FGPEARSEX,"{""Q49407"": 24}"
FGPHYFLNN,"{""P20796"": 111}"
FGPHXFLNN,"{""P20796"": 8}"
FGGVXQFDD,"{""P47324"": 110}"
FGGVXXXXX,"{""P47324"": 457}"
FGGVKQFDD,"{""P47324"": 5}"
FGEMEVWAL,"{""P47583"": 573}"
FGMQVAQSL,"{""P47565"": 624}"
FGDNYXIXX,"{""P47568"": 66}"
FGDNYXIXR,"{""P47568"": 19}"
FGDNYXIKX,"{""P47568"": 1}"
FGDNYXIKR,"{""P47568"": 1}"
FGDNYXXXX,"{""P47568"": 28}"
FGDNYKIXX,"{""P47568"": 4}"
FGDNYKIXR,"{""P47568"": 1}"
FGDNXXIXX,"{""P47568"": 4}"
FGDNXXIXR,"{""P47568"": 1}"
FGDNXXXXX,"{""P47568"": 1}"
FGDYSVELC,"{""P47534"": 41}"
FGDYSVELX,"{""P47534"": 3}"
FGDXSVELC,"{""P47534"": 1}"
FGFLPLINX,"{""P47365"": 29}"
FGFLPLINR,"{""P47365"": 112}"
FGFHGIVTN,"{""P47551"": 27}"
FGFIFDRID,"{""P47615"": 27}"
FGFIFDXID,"{""P47615"": 3}"
FGKVLGLSE,"{""P47613"": 24}"
FGKEIAXXX,"{""P47347"": 3, ""P47514"": 18}"
FGKEIAXXN,"{""P47347"": 1}"
FGKNPLIXI,"{""Q49433"": 12}"
FGKNPLIXX,"{""Q49433"": 1}"
FGKNPLIKI,"{""Q49433"": 1}"
FGKNTTTXX,"{""P47356"": 1}"
FGKYQNNCN,"{""P47510"": 2}"
FGTGILXXX,"{""P47576"": 20}"
FGTGILXXT,"{""P47576"": 2}"
FGTGILXCT,"{""P47576"": 112}"
FGTGILKXT,"{""P47576"": 1}"
FGTTGDYRY,"{""P47702"": 1}"
FGNSFSLVT,"{""P47456"": 118}"
FGWLASLII,"{""P47366"": 112}"
FGQXXYDEI,"{""P47685"": 68}"
FGQXXXXXX,"{""P47685"": 40}"
FGQXXXDEI,"{""P47685"": 5}"
FGQXKXDEI,"{""P47685"": 2}"
FGQXKYDEI,"{""P47685"": 3}"
FGQKXYDEI,"{""P47685"": 2}"
FGQKXXDEI,"{""P47685"": 1}"
FLDEMVTTT,"{""P47355"": 24}"
FLDELILNA,"{""P47364"": 127}"
FLDLTYNLA,"{""P47382"": 144}"
FLDLTXNLA,"{""P47382"": 6}"
FLDAAINVL,"{""P47323"": 116}"
FLDHDLEXL,"{""P47583"": 94}"
FLDHDLEXX,"{""P47583"": 22}"
FLDHDLEKL,"{""P47583"": 4}"
FLDTSXLNL,"{""P47658"": 98}"
FLDTSXXXX,"{""P47658"": 20}"
FLDTSKLNL,"{""P47658"": 7}"
FLINNFASK,"{""P47437"": 27}"
FLINNFASX,"{""P47437"": 584}"
FLINAILPA,"{""P47387"": 35}"
FLIQTLXXX,"{""P47486"": 99}"
FLIQTLXXR,"{""P47486"": 16}"
FLIQTLXKR,"{""P47486"": 1}"
FLIQTLKXR,"{""P47486"": 1}"
FLIQTLKXX,"{""P47486"": 1}"
FLILDEPTV,"{""P47545"": 123}"
FLIWNDIAP,"{""P47590"": 108}"
FLITGSFNI,"{""P47496"": 151}"
FLITVVDSY,"{""P47563"": 111}"
FLITVVDSX,"{""P47563"": 5}"
FLIXXXXXX,"{""P47359"": 40}"
FLIXXVMEN,"{""P47359"": 91}"
FLIXKVMEN,"{""P47359"": 1}"
FLIDVIVEI,"{""P47593"": 133}"
FLIKXVMEN,"{""P47359"": 6}"
FLIKXXXXX,"{""P47359"": 1}"
FLQTYXXQN,"{""P47575"": 398}"
FLQTYXXXX,"{""P47575"": 160}"
FLQTYXKQN,"{""P47575"": 17}"
FLQTYKXXX,"{""P47575"": 3}"
FLQTYKXQN,"{""P47575"": 26}"
FLQTYKKQN,"{""P47575"": 2}"
FLQTXXXQN,"{""P47575"": 23}"
FLQTXXXXX,"{""P47575"": 8}"
FLQTEFQAV,"{""P47538"": 21}"
FLQALMWLV,"{""P47580"": 649}"
FLQILSLPV,"{""Q49402"": 599}"
FLQNLGYDS,"{""P47471"": 24}"
FLQNLGXDS,"{""P47471"": 1}"
FLQNPNYTQ,"{""P47580"": 578}"
FLQNPNXTQ,"{""P47580"": 34}"
FLQNNQQTS,"{""P47336"": 160}"
FLQGQTNNF,"{""P47580"": 581}"
FLQRIFPEX,"{""P47481"": 113}"
FLQRIFPEK,"{""P47481"": 6}"
FLQXXSTGX,"{""P47660"": 68}"
FLQXXSTGK,"{""P47660"": 1}"
FLQXXSISV,"{""P47624"": 91}"
FLQXXXXXX,"{""P47624"": 30, ""P47660"": 32}"
FLQXIFPEX,"{""P47481"": 33}"
FLQXIFPEK,"{""P47481"": 1}"
FLQXKSISV,"{""P47624"": 7}"
FLQXKSTGK,"{""P47660"": 1}"
FLQXKSTGX,"{""P47660"": 2}"
FLQKXSISV,"{""P47624"": 3}"
FLQKXSTGX,"{""P47660"": 2}"
FLQKXXXXX,"{""P47660"": 1}"
FLXRXXIII,"{""P47264"": 11}"
FLXRXXXXX,"{""P47264"": 2}"
FLXRXKIII,"{""P47264"": 1}"
FLXRKXIII,"{""P47264"": 1}"
FLXRNGGYS,"{""P47424"": 20}"
FLXRNGGXS,"{""P47424"": 2}"
FLXXXXXXX,"{""P47271"": 101, ""P47424"": 588, ""P47549"": 23, ""P47264"": 91, ""P47400"": 88, ""P47257"": 127, ""P47583"": 123, ""P47299"": 98, ""P47249"": 27, ""P47423"": 31, ""P47544"": 18, ""P47585"": 12, ""Q49460"": 22, ""P47648"": 10}"
FLXXLGYSN,"{""P47299"": 25}"
FLXXLGXSN,"{""P47299"": 3}"
FLXXNGGYS,"{""P47424"": 6}"
FLXXNGGXS,"{""P47424"": 1}"
FLXXEIXXX,"{""P47423"": 1}"
FLXPYFGXT,"{""P47271"": 386}"
FLXPYFGXX,"{""P47271"": 67}"
FLXPYFGKT,"{""P47271"": 15}"
FLXPXFGXT,"{""P47271"": 19}"
FLXPXFGXX,"{""P47271"": 7}"
FLXEXXXXX,"{""P47583"": 391}"
FLXEXXATV,"{""P47400"": 2}"
FLXEXLTIA,"{""P47583"": 101}"
FLXEQYFQN,"{""P47359"": 42}"
FLXEQXFQN,"{""P47359"": 3}"
FLXECRATV,"{""P47400"": 15}"
FLXECXATV,"{""P47400"": 8}"
FLXEKLTIA,"{""P47583"": 2}"
FLXLFHIXX,"{""P47544"": 17}"
FLXLFHIXV,"{""P47544"": 79}"
FLXLFHIKV,"{""P47544"": 4}"
FLXLQXNYS,"{""P47648"": 84}"
FLXLQXNXS,"{""P47648"": 3}"
FLXLQXXXX,"{""P47648"": 10}"
FLXLQKNYS,"{""P47648"": 2}"
FLXAPLNNS,"{""Q49460"": 103}"
FLXYLGYSN,"{""P47299"": 460}"
FLXYLGXSN,"{""P47299"": 19}"
FLXYEIXXX,"{""P47423"": 80}"
FLXYEIXVN,"{""P47423"": 5}"
FLXYEIKVN,"{""P47423"": 1}"
FLXDTXXNV,"{""P47549"": 69}"
FLXDTXXXX,"{""P47549"": 39}"
FLXDTXKNV,"{""P47549"": 2}"
FLXDTKXNV,"{""P47549"": 4}"
FLXDSDEXX,"{""P47249"": 77}"
FLXDSDEXI,"{""P47249"": 23}"
FLXDSDEKI,"{""P47249"": 1}"
FLXILXTFX,"{""P47585"": 89}"
FLXILXTFK,"{""P47585"": 6}"
FLXILXXXX,"{""P47585"": 19}"
FLXILKTFX,"{""P47585"": 2}"
FLXIMIHEL,"{""P47485"": 33}"
FLXSNTSYR,"{""P22746"": 10}"
FLXSNTSYX,"{""P22746"": 4}"
FLXSQFELI,"{""P47310"": 7}"
FLXKXXXXX,"{""P47257"": 3}"
FLXNSESEE,"{""P47563"": 1}"
FLSFIESQG,"{""P47297"": 639}"
FLSFSGLNV,"{""P47584"": 119}"
FLSSGSSLA,"{""P47429"": 120}"
FLSSRHQWL,"{""P47323"": 31}"
FLSSXHQWL,"{""P47323"": 10}"
FLSXQXXXN,"{""P47366"": 271}"
FLSXQXXXX,"{""P47366"": 192}"
FLSXQXXKN,"{""P47366"": 9}"
FLSXQXKXN,"{""P47366"": 13}"
FLSXQXKXX,"{""P47366"": 2}"
FLSXQKXXN,"{""P47366"": 12}"
FLSXQKXXX,"{""P47366"": 3}"
FLSXQKXKN,"{""P47366"": 2}"
FLSXQKKXN,"{""P47366"": 1}"
FLSXXXXXX,"{""P47366"": 86}"
FLSLVNHYX,"{""P47660"": 544}"
FLSLVNHYK,"{""P47660"": 32}"
FLSLVNHXX,"{""P47660"": 34}"
FLSLVNHXK,"{""P47660"": 1}"
FLSPYAXXX,"{""P47338"": 557}"
FLSPYAXIN,"{""P47338"": 6}"
FLSPYAKIN,"{""P47338"": 1}"
FLSPXAXXX,"{""P47338"": 27}"
FLSKQXXXN,"{""P47366"": 16}"
FLSKQXXXX,"{""P47366"": 7}"
FLSKQXXKN,"{""P47366"": 1}"
FLSKQXKXN,"{""P47366"": 1}"
FLSKQKXXX,"{""P47366"": 1}"
FLVXXNCXI,"{""P47542"": 10}"
FLVXXNCXX,"{""P47542"": 50}"
FLVXXNXXI,"{""P47542"": 1}"
FLVXXNXXX,"{""P47542"": 2}"
FLVXXXXXX,"{""P47542"": 45}"
FLVXCNNIH,"{""P47365"": 3}"
FLVXKNCXI,"{""P47542"": 3}"
FLVXKNCXX,"{""P47542"": 1}"
FLVELXQSH,"{""P47492"": 502}"
FLVELXXXX,"{""P47492"": 113}"
FLVELKQSH,"{""P47492"": 30}"
FLVIVFHSI,"{""P47464"": 603}"
FLVPNESFY,"{""P47625"": 600}"
FLVPNESFX,"{""P47625"": 39}"
FLVPXESEN,"{""P47610"": 25}"
FLVPXXXXX,"{""P47610"": 97}"
FLVDNXVLX,"{""P47563"": 107}"
FLVDNXVLK,"{""P47563"": 5}"
FLVDNXXXX,"{""P47563"": 20}"
FLVDNKVLX,"{""P47563"": 2}"
FLVLSPSGI,"{""P47638"": 623}"
FLVSSLXXX,"{""P47662"": 30}"
FLVSSLXPX,"{""P47662"": 103}"
FLVSSLXPK,"{""P47662"": 2}"
FLVSSLKPX,"{""P47662"": 3}"
FLVRCNNIH,"{""P47365"": 20}"
FLVRXNNIH,"{""P47365"": 3}"
FLVAXDTXX,"{""P47299"": 3}"
FLVAXDTRX,"{""P47299"": 7}"
FLVARDTXX,"{""P47299"": 4}"
FLVARDTRX,"{""P47299"": 18}"
FLVARDTRK,"{""P47299"": 1}"
FLVKXXXXX,"{""P47542"": 3}"
FLVKXNCXX,"{""P47542"": 2}"
FLVKXNXXX,"{""P47542"": 1}"
FLPIXPIAF,"{""Q49422"": 110}"
FLPIXXXXX,"{""Q49422"": 461}"
FLPIKPIAF,"{""Q49422"": 4}"
FLPLXXXXX,"{""Q9ZB73"": 72}"
FLPLXGIFQ,"{""Q9ZB73"": 30}"
FLPLKGIFQ,"{""Q9ZB73"": 2}"
FLTLXXSFX,"{""P47326"": 395}"
FLTLXXSFK,"{""P47326"": 21}"
FLTLXXXXX,"{""P47326"": 177}"
FLTLXKSFX,"{""P47326"": 18}"
FLTLXKSFK,"{""P47326"": 1}"
FLTLVETSD,"{""Q9ZB79"": 581}"
FLTLKXSFX,"{""P47326"": 14}"
FLTLKXXXX,"{""P47326"": 1}"
FLTVNSSLL,"{""P47257"": 630}"
FLTVALTWG,"{""P47279"": 126}"
FLTENNQXT,"{""P52271"": 98}"
FLTENNQXX,"{""P52271"": 24}"
FLTENNQKT,"{""P52271"": 7}"
FLFITAVLQ,"{""P47486"": 616}"
FLFVTPFLG,"{""P47274"": 636}"
FLFVWLILL,"{""Q49409"": 36}"
FLFXLCFLL,"{""P47561"": 108}"
FLFXLXFLL,"{""P47561"": 2}"
FLFXXXXXX,"{""P47561"": 483}"
FLFDXXXXX,"{""P47508"": 31}"
FLFDXXLVS,"{""P47508"": 83}"
FLFDXKLVS,"{""P47508"": 5}"
FLFDKXLVS,"{""P47508"": 3}"
FLFKLCFLL,"{""P47561"": 5}"
FLGTPEMNI,"{""P47433"": 618}"
FLAQTAFFV,"{""P47533"": 577}"
FLHSSEXXX,"{""P47366"": 547}"
FLHSSEXQM,"{""P47366"": 7}"
FLHRVXWPL,"{""P47551"": 8}"
FLHRVXXXX,"{""P47551"": 99}"
FLHXVXXXX,"{""P47551"": 29}"
FLHXVXWPL,"{""P47551"": 2}"
FLNCLNXXX,"{""P47606"": 88}"
FLNCLNXNE,"{""P47606"": 483}"
FLNCLNKNE,"{""P47606"": 25}"
FLNSLNVPA,"{""P47512"": 28}"
FLNXXXXXX,"{""P47326"": 96}"
FLNXLCDLR,"{""P47326"": 16}"
FLNXLCDLX,"{""P47326"": 5}"
FLNXLNXNE,"{""P47606"": 26}"
FLNXLNXXX,"{""P47606"": 8}"
FLNXLNKNE,"{""P47606"": 1}"
FLNXLXDLR,"{""P47326"": 1}"
FLNXQLTYT,"{""P47252"": 2}"
FLNNRXNLL,"{""P47643"": 116}"
FLNNRXXXX,"{""P47643"": 13}"
FLNNRKNLL,"{""P47643"": 5}"
FLNNXXNLL,"{""P47643"": 26}"
FLNNXXXXX,"{""P47643"": 4}"
FLNNXKNLL,"{""P47643"": 2}"
FLNQXVNAD,"{""P47321"": 97}"
FLNQXXXXX,"{""P47321"": 17}"
FLNQKVNAD,"{""P47321"": 8}"
FLNYQLTYT,"{""P47252"": 30}"
FLLFLVLSC,"{""P47485"": 579}"
FLLFLVLSX,"{""P47485"": 24}"
FLLFNXENT,"{""P47621"": 81}"
FLLFNXXXX,"{""P47621"": 29}"
FLLFNKENT,"{""P47621"": 2}"
FLLDGICDI,"{""Q49427"": 594}"
FLLDGIXDI,"{""Q49427"": 27}"
FLLIDTAGI,"{""P47571"": 115}"
FLLLPVDEN,"{""P47500"": 110}"
FLLXTGVIN,"{""P47321"": 5}"
FLLRTGVIN,"{""P47321"": 25}"
FLLNVVDXL,"{""P47580"": 10}"
FLLNVVDRL,"{""P47580"": 23}"
FLLANDLSE,"{""P47318"": 126}"
FLLASIIPI,"{""P47323"": 35}"
FLWXXXXXX,"{""P47558"": 478, ""P47306"": 117}"
FLWXXWXLN,"{""P47558"": 1}"
FLWXXWYLN,"{""P47558"": 19}"
FLWXRWYLN,"{""P47558"": 82}"
FLWXRWXLN,"{""P47558"": 2}"
FLWXIPTYA,"{""P47306"": 5}"
FLWXIPTXA,"{""P47306"": 1}"
FLWKRWYLN,"{""P47558"": 7}"
FLWKXWYLN,"{""P47558"": 1}"
FLCEQYFQN,"{""P47359"": 573}"
FLCEQXFQN,"{""P47359"": 38}"
FLELTEDDI,"{""P47667"": 668}"
FLELENISX,"{""P47481"": 136}"
FLELENISK,"{""P47481"": 8}"
FLENXXXXX,"{""P47571"": 466}"
FLENXIXEN,"{""P47571"": 18}"
FLENXIREN,"{""P47571"": 98}"
FLENKIREN,"{""P47571"": 7}"
FLENKIXEN,"{""P47571"": 1}"
FLEDYQLDF,"{""P47653"": 120}"
FLEDXQLDF,"{""P47653"": 4}"
FLEEXEXEI,"{""P47368"": 26}"
FLEEXEXXX,"{""P47368"": 7}"
FLEEXEKEI,"{""P47368"": 4}"
FLEEREXEI,"{""P47368"": 94}"
FLEEREXXX,"{""P47368"": 31}"
FLEEREKEI,"{""P47368"": 3}"
FLEEMINFF,"{""P47512"": 131}"
FLESALNEL,"{""P47409"": 139}"
FLESXXXXX,"{""P47701"": 97}"
FLESXLRSF,"{""P47701"": 21}"
FLESXLXSF,"{""P47701"": 4}"
FLESKLRSF,"{""P47701"": 1}"
FLEXYNFLG,"{""P47587"": 103}"
FLEXXXXXX,"{""P47587"": 14}"
FLEXXNFLG,"{""P47587"": 7}"
FLEKYNFLG,"{""P47587"": 7}"
FLRIMIHEL,"{""P47485"": 118}"
FLYSQFELI,"{""P47310"": 126}"
FLYSNTSYX,"{""P22746"": 32}"
FLYSNTSYR,"{""P22746"": 93}"
FLYSNTSXR,"{""P22746"": 2}"
FLYSNTSXX,"{""P22746"": 4}"
FLYNSESEE,"{""P47563"": 32}"
FLKPYFGXT,"{""P47271"": 21}"
FLKPYFGXX,"{""P47271"": 2}"
FLKPXFGXT,"{""P47271"": 1}"
FLKLFHIXV,"{""P47544"": 4}"
FLKLFHIXX,"{""P47544"": 1}"
FLKLQXNYS,"{""P47648"": 3}"
FLKYLGYSN,"{""P47299"": 25}"
FLKYLGXSN,"{""P47299"": 1}"
FLKYEIXXX,"{""P47423"": 5}"
FLKKXXXXX,"{""P47257"": 1}"
FLKRNGGYS,"{""P47424"": 2}"
FLKRNGGXS,"{""P47424"": 1}"
FLKXXXXXX,"{""P47257"": 5}"
FLKDTXXNV,"{""P47549"": 3}"
FLKDTXXXX,"{""P47549"": 1}"
FLKDSDEXX,"{""P47249"": 4}"
FLKDSDEXI,"{""P47249"": 1}"
FLKEXXXXX,"{""P47583"": 15}"
FLKEXLTIA,"{""P47583"": 6}"
FLKECRATV,"{""P47400"": 1}"
FLKAPLNNS,"{""Q49460"": 7}"
FLKILXTFX,"{""P47585"": 4}"
FLKILXXXX,"{""P47585"": 1}"
FXXXXXXXX,"{""P47372"": 56, ""P47457"": 437, ""Q49402"": 487, ""P35888"": 112, ""Q49403"": 591, ""P47580"": 542, ""Q49405"": 488, ""P47484"": 565, ""P47679"": 454, ""P47253"": 95, ""P47315"": 120, ""P47576"": 165, ""P47641"": 115, ""P47439"": 91, ""P47406"": 125, ""P47393"": 469, ""Q49409"": 520, ""P47278"": 605, ""Q9ZB78"": 184, ""P47616"": 92, ""P47523"": 81, ""P47704"": 581, ""P47640"": 75, ""P47609"": 80, ""P47431"": 113, ""P47448"": 96, ""Q49408"": 99, ""P47267"": 94, ""P47526"": 103, ""P47623"": 118, ""P47251"": 31, ""P47460"": 141, ""P13927"": 19, ""Q49396"": 89, ""P47284"": 75, ""P47653"": 115, ""P47357"": 116, ""P47624"": 175, ""P47612"": 99, ""P57085"": 106, ""P47340"": 17, ""P47250"": 23, ""P47668"": 18, ""P47341"": 14, ""P47369"": 17, ""P47386"": 11, ""P47405"": 102, ""P47500"": 22, ""P47456"": 102, ""P47535"": 20, ""P47637"": 103, ""P47277"": 101, ""P47508"": 23, ""P47582"": 82, ""P47583"": 111, ""P47443"": 21, ""P47483"": 113, ""P47287"": 20, ""P47265"": 22, ""P47373"": 133, ""P47642"": 89, ""P47606"": 20, ""Q9ZB73"": 30, ""P47587"": 23, ""P22746"": 32, ""P47283"": 18, ""P47260"": 23, ""P47304"": 17, ""P47686"": 17, ""Q9ZB81"": 37, ""P47347"": 12, ""P47257"": 43, ""P47451"": 30, ""P47490"": 20, ""P47634"": 18, ""P47530"": 16, ""P47615"": 29, ""Q49420"": 29, ""P47342"": 17, ""P47388"": 20, ""P47306"": 5, ""P47465"": 23, ""P47473"": 17, ""P47261"": 1, ""P47564"": 8, ""P47489"": 8}"
FXXXFSLDW,"{""Q49409"": 19}"
FXXXVYNHF,"{""P22746"": 3}"
FXXXLFWTI,"{""P47523"": 1}"
FXXMQGFSI,"{""P47576"": 434}"
FXXIXXXXX,"{""P47582"": 64}"
FXXILHWSC,"{""Q9ZB81"": 66}"
FXXILHWSX,"{""Q9ZB81"": 2}"
FXXLSQXID,"{""Q9ZB78"": 324}"
FXXLSQXXX,"{""Q9ZB78"": 61}"
FXXLSQKID,"{""Q9ZB78"": 17}"
FXXLEXFLQ,"{""P47624"": 332}"
FXXLEXXXX,"{""P47624"": 62}"
FXXLEKFLQ,"{""P47624"": 16}"
FXXLPLITT,"{""P47341"": 2}"
FXXRFSLDW,"{""Q49409"": 73}"
FXXRXXXXX,"{""P47653"": 1}"
FXXNELTXL,"{""P47460"": 3}"
FXXNELTRL,"{""P47460"": 4}"
FXXYVXNHF,"{""P22746"": 4}"
FXXYVYNHF,"{""P22746"": 63}"
FXXVYRLVS,"{""Q49402"": 83}"
FXXVYXLVS,"{""Q49402"": 19}"
FXXVXXLVS,"{""Q49402"": 1}"
FXXVXRLVS,"{""Q49402"": 2}"
FXXQFQEIS,"{""P47640"": 93}"
FXXQVNXXX,"{""P47386"": 26}"
FXXQVNXHF,"{""P47386"": 1}"
FXXQVNKHF,"{""P47386"": 1}"
FXXQSFDNN,"{""P47573"": 1}"
FXXAQITDE,"{""P47372"": 73}"
FXXANFMGA,"{""P47473"": 1}"
FXXFLXXXX,"{""P47257"": 84}"
FXXFLXKXX,"{""P47257"": 3}"
FXXFLKXXX,"{""P47257"": 1}"
FXXPFEGXI,"{""P47261"": 4}"
FXXPFEGXX,"{""P47261"": 1}"
FXXPENAIN,"{""P47251"": 1}"
FXXEHNNLA,"{""Q9ZB73"": 85}"
FXXEIXGEL,"{""P47306"": 20}"
FXXEIXXXX,"{""P47306"": 6}"
FXXWSLIAL,"{""P47580"": 2}"
FXXCDNXXX,"{""P47264"": 5}"
FXXSFLLTE,"{""P47277"": 5}"
FXXSQLILX,"{""P47526"": 5}"
FXLGIMIEI,"{""P47668"": 85}"
FXLVYDXXX,"{""Q49408"": 396}"
FXLVYDXXT,"{""Q49408"": 84}"
FXLVYDXKT,"{""Q49408"": 4}"
FXLVYDKXX,"{""Q49408"": 16}"
FXLVYDKXT,"{""Q49408"": 5}"
FXLVYDKKT,"{""Q49408"": 1}"
FXLVXXLXA,"{""P47326"": 1}"
FXLVXXXXX,"{""P47326"": 3}"
FXLVXDKXX,"{""Q49408"": 1}"
FXLVXDXXX,"{""Q49408"": 22}"
FXLVXDXXT,"{""Q49408"": 3}"
FXLTXXXXX,"{""P47439"": 93}"
FXLTXSGQI,"{""P47439"": 390}"
FXLTKSGQI,"{""P47439"": 26}"
FXLTMIVNP,"{""P47350"": 36}"
FXLAHGELD,"{""P47405"": 533}"
FXLNSFNVL,"{""P47341"": 103}"
FXLINIEIX,"{""P47535"": 97}"
FXLINIEIK,"{""P47535"": 10}"
FXLIDGRSG,"{""P47583"": 3}"
FXLIDGXSG,"{""P47583"": 2}"
FXLDLDLEL,"{""P47369"": 106}"
FXLDANDQS,"{""P47340"": 96}"
FXLDEIQAX,"{""P47250"": 102}"
FXLFFLSSS,"{""P47431"": 29}"
FXLKLXLPV,"{""P47372"": 4}"
FXLKLXXXX,"{""P47372"": 1}"
FXLXLXLPV,"{""P47372"": 67}"
FXLXLXXXX,"{""P47372"": 12}"
FXLXLKLPV,"{""P47372"": 2}"
FXLXXXXXX,"{""P47372"": 16}"
FXLXEIHDL,"{""P47448"": 3}"
FXLREIHDL,"{""P47448"": 24}"
FXLSISFEL,"{""P47278"": 95}"
FXLSHFPFT,"{""P47436"": 7}"
FXLLNLTIV,"{""P47558"": 4}"
FXLENSVVE,"{""P47371"": 9}"
FXEVLDLTG,"{""P47582"": 81}"
FXEVAXXXX,"{""P47277"": 2}"
FXEVAXXXD,"{""P47277"": 1}"
FXEVAXXYD,"{""P47277"": 2}"
FXEVNEAYE,"{""P47265"": 94}"
FXEVNEAXE,"{""P47265"": 6}"
FXEQQXQXA,"{""P47388"": 75}"
FXEQQXQXX,"{""P47388"": 14}"
FXEQQXQKA,"{""P47388"": 3}"
FXEQQXXXX,"{""P47388"": 13}"
FXEQQKQXA,"{""P47388"": 1}"
FXEQQKQXX,"{""P47388"": 2}"
FXEQNNQLT,"{""P47465"": 29}"
FXEQHANED,"{""P47609"": 25}"
FXELQXXXX,"{""P47500"": 20}"
FXELQXLVE,"{""P47500"": 84}"
FXELQKLVE,"{""P47500"": 5}"
FXEXEIEAT,"{""P47460"": 77}"
FXEXXXXXX,"{""P47460"": 16}"
FXEXIYLSL,"{""P47483"": 4}"
FXERIYLSL,"{""P47483"": 18}"
FXERIXLSL,"{""P47483"": 2}"
FXEHWQFSC,"{""P47281"": 32}"
FXESCEXRD,"{""P47699"": 1}"
FXESCEXXX,"{""P47699"": 2}"
FXESCEXXD,"{""P47699"": 1}"
FXEKEIEAT,"{""P47460"": 6}"
FXEANEXQW,"{""P47573"": 2}"
FXEANEKQW,"{""P47573"": 1}"
FXEELFQID,"{""P47264"": 2}"
FXFEALEXV,"{""Q49396"": 405}"
FXFEALEXX,"{""Q49396"": 103}"
FXFEALEKV,"{""Q49396"": 18}"
FXFEIDIXY,"{""P47530"": 66}"
FXFEIDIXX,"{""P47530"": 18}"
FXFEIDIKY,"{""P47530"": 7}"
FXFETDFDW,"{""P56723"": 28}"
FXFFQIENL,"{""P47637"": 535}"
FXFYASWWE,"{""P47548"": 13}"
FXFHSQAIS,"{""P47653"": 4}"
FXFQGDVLE,"{""P47319"": 3}"
FXFDLTNGT,"{""P47299"": 1}"
FXFSGTEPX,"{""P47299"": 7}"
FXHPLYHXX,"{""P47406"": 349}"
FXHPLYHXS,"{""P47406"": 83}"
FXHPLYHKS,"{""P47406"": 5}"
FXHPLXHXS,"{""P47406"": 9}"
FXHPLXHXX,"{""P47406"": 20}"
FXHEQRINX,"{""P47484"": 88}"
FXHEQRINK,"{""P47484"": 1}"
FXHEQXINX,"{""P47484"": 21}"
FXHEQXINK,"{""P47484"": 1}"
FXHELIINX,"{""P47446"": 3}"
FXHFLFNQT,"{""P47679"": 117}"
FXGQXEVXA,"{""P47564"": 71}"
FXGQXEVXX,"{""P47564"": 21}"
FXGQXEVKA,"{""P47564"": 6}"
FXGQXXXXX,"{""P47564"": 15}"
FXGQKEVXA,"{""P47564"": 1}"
FXGXGGLPV,"{""P47612"": 403}"
FXGXXXXXX,"{""P47278"": 366, ""P47612"": 102}"
FXGXAYRFX,"{""P47278"": 59}"
FXGXAYRFK,"{""P47278"": 2}"
FXGXAYXFX,"{""P47278"": 14}"
FXGXAXXFX,"{""P47278"": 1}"
FXGXAXRFX,"{""P47278"": 2}"
FXGSNLXXX,"{""P47587"": 18}"
FXGSNLXNS,"{""P47587"": 76}"
FXGSNLKNS,"{""P47587"": 3}"
FXGIEAXXX,"{""P47347"": 15}"
FXGIEAXFF,"{""P47347"": 89}"
FXGIEAKFF,"{""P47347"": 4}"
FXGKGGLPV,"{""P47612"": 23}"
FXGKAYXFX,"{""P47278"": 2}"
FXGKAYRFX,"{""P47278"": 2}"
FXGGXAIAT,"{""P47489"": 80}"
FXGGXXXXX,"{""P47489"": 17}"
FXGGKAIAT,"{""P47489"": 6}"
FXGDFLSVV,"{""P47512"": 5}"
FXGPTGLGI,"{""Q49420"": 8}"
FXQFEXEYT,"{""P47460"": 411}"
FXQFEXEXT,"{""P47460"": 19}"
FXQFEXXXX,"{""P47460"": 78}"
FXQFEKEYT,"{""P47460"": 16}"
FXQFQDPSL,"{""P47457"": 118}"
FXQXLIGIX,"{""P47277"": 390}"
FXQXLIGIK,"{""P47277"": 4}"
FXQXXXXXX,"{""P47277"": 108, ""P47311"": 6}"
FXQXMQQVK,"{""P47634"": 1}"
FXQXMQQVX,"{""P47634"": 4}"
FXQXITEEF,"{""P47641"": 3}"
FXQKLIGIX,"{""P47277"": 17}"
FXQQLNNFN,"{""P47443"": 101}"
FXQDFFARS,"{""P47393"": 83}"
FXQDFFAXS,"{""P47393"": 27}"
FXQDFLEDP,"{""P47268"": 9}"
FXQYMQQVX,"{""P47634"": 90}"
FXQYMQQVK,"{""P47634"": 5}"
FXQRITEEF,"{""P47641"": 19}"
FXQRNRGSF,"{""P47315"": 1}"
FXQLDLSLX,"{""P47435"": 3}"
FXQGCEVVD,"{""P47634"": 28}"
FXQGXEVVD,"{""P47634"": 2}"
FXWXHIXXX,"{""P47484"": 377}"
FXWXXXXXX,"{""P47484"": 107, ""Q9ZB72"": 7}"
FXWIFVFLF,"{""Q9ZB72"": 31}"
FXWLTXGKD,"{""P47342"": 1}"
FXWLTXGXX,"{""P47342"": 1}"
FXWLTXGXD,"{""P47342"": 1}"
FXWLTXXXX,"{""P47342"": 1}"
FXWLTKGXD,"{""P47342"": 1}"
FXWKHIXXX,"{""P47484"": 23}"
FXDILSLSE,"{""P47373"": 507}"
FXDIIITSM,"{""P47318"": 31}"
FXDDVFXXX,"{""P47251"": 81}"
FXDDVFXLE,"{""P47251"": 19}"
FXDXXXXXX,"{""P47283"": 78, ""P47653"": 22}"
FXDXXLSLV,"{""P47283"": 15}"
FXDXFINAI,"{""P47653"": 80}"
FXDXKLSLV,"{""P47283"": 2}"
FXDEXITNN,"{""P47342"": 88}"
FXDEXXXXX,"{""P47342"": 12}"
FXDEKITNN,"{""P47342"": 7}"
FXDFENTXF,"{""P47473"": 86}"
FXDFENTXX,"{""P47473"": 10}"
FXDFENTKF,"{""P47473"": 3}"
FXDLFGIDS,"{""P47456"": 7}"
FXDLTFALN,"{""P47313"": 4}"
FXDKXXXXX,"{""P47283"": 3}"
FXDKFINAI,"{""P47653"": 2}"
FXSGLLLXI,"{""P35888"": 396}"
FXSGLLLXX,"{""P35888"": 69}"
FXSGLLLKI,"{""P35888"": 16}"
FXSGXGWPA,"{""P47686"": 5}"
FXSGCGWPA,"{""P47686"": 103}"
FXSTMDPNI,"{""P47284"": 23}"
FXSELXLVA,"{""P47287"": 75}"
FXSELXXXX,"{""P47287"": 19}"
FXSELKLVA,"{""P47287"": 2}"
FXSEYNEHH,"{""P47655"": 12}"
FXSEXNEHH,"{""P47655"": 1}"
FXSLKVTDI,"{""P47357"": 4}"
FXSLXVTDI,"{""P47357"": 81}"
FXSLXXXXX,"{""P47357"": 17}"
FXSSAIXXX,"{""P47427"": 23}"
FXSSAIXSI,"{""P47427"": 1}"
FXSSTLSGY,"{""P47553"": 24}"
FXSSTLSGX,"{""P47553"": 2}"
FXSSLRMEA,"{""P47581"": 4}"
FXSSLXMEA,"{""P47581"": 2}"
FXSRCRXVV,"{""P47567"": 1}"
FXSNXLFYE,"{""P47271"": 9}"
FXSNXLFXE,"{""P47271"": 1}"
FXSYINING,"{""P47520"": 6}"
FXSXCRXVV,"{""P47567"": 1}"
FXCCDNXXX,"{""P47264"": 25}"
FXCCDNXDV,"{""P47264"": 3}"
FXCCDNKDV,"{""P47264"": 1}"
FXCXDNXXX,"{""P47264"": 1}"
FXCXDNXDV,"{""P47264"": 1}"
FXTXVVYXX,"{""P47642"": 352}"
FXTXVVYXT,"{""P47642"": 22}"
FXTXVVYKT,"{""P47642"": 1}"
FXTXVVXXT,"{""P47642"": 2}"
FXTXVVXXX,"{""P47642"": 17}"
FXTXXXXXX,"{""P47642"": 107, ""P47278"": 5, ""P47384"": 1}"
FXTXSAVXE,"{""Q49405"": 18}"
FXTXSAVXX,"{""Q49405"": 1}"
FXTXSAVKE,"{""Q49405"": 4}"
FXTXINVHX,"{""P47278"": 28}"
FXTXLXELI,"{""P47384"": 6}"
FXTXLXXXX,"{""P47384"": 2}"
FXTLPXLLY,"{""P47465"": 23}"
FXTLPXXXX,"{""P47465"": 69}"
FXTLPKLLY,"{""P47465"": 2}"
FXTRSAVXE,"{""Q49405"": 87}"
FXTRSAVXX,"{""Q49405"": 17}"
FXTSSXSLL,"{""P47368"": 2}"
FXTSSXXXX,"{""P47368"": 2}"
FXTISIEGI,"{""P47616"": 22}"
FXTKVVXXX,"{""P47642"": 1}"
FXTKVVYXX,"{""P47642"": 17}"
FXTKLXELI,"{""P47384"": 1}"
FXTKINVHX,"{""P47278"": 1}"
FXNTWNKLX,"{""P47606"": 8}"
FXNTWNXLX,"{""P47606"": 85}"
FXNTWNXLK,"{""P47606"": 2}"
FXNTWNXXX,"{""P47606"": 21}"
FXNQFAEFE,"{""P47386"": 29}"
FXNNNNIHF,"{""P47490"": 103}"
FXNSLIQQS,"{""P47640"": 122}"
FXNFFXXXX,"{""P47652"": 2}"
FXNFFXLTL,"{""P47652"": 2}"
FXNFANELS,"{""P47523"": 9}"
FXNFPNARV,"{""P35888"": 1}"
FXNXSAVFL,"{""P47483"": 94}"
FXNXESFLR,"{""Q49420"": 18}"
FXNXESFLX,"{""Q49420"": 5}"
FXNXXXXXX,"{""Q49420"": 69, ""P47483"": 12}"
FXNKSAVFL,"{""P47483"": 4}"
FXNAYALXT,"{""P47473"": 6}"
FXNCLNNXN,"{""P47484"": 4}"
FXNCLNNXX,"{""P47484"": 1}"
FXNCLNNKN,"{""P47484"": 1}"
FXNLVDDXX,"{""P47306"": 5}"
FXNLVDDKX,"{""P47306"": 1}"
FXIILDACL,"{""P47253"": 483}"
FXIILDAXL,"{""P47253"": 20}"
FXIQNGYEA,"{""P47267"": 504}"
FXIQNGXEA,"{""P47267"": 22}"
FXIANEGWX,"{""P47260"": 94}"
FXIANEGWK,"{""P47260"": 5}"
FXIEVCIAY,"{""P47357"": 20}"
FXIEVCIAX,"{""P47357"": 1}"
FXIEVXIAY,"{""P47357"": 1}"
FXITFFENX,"{""P47615"": 102}"
FXITFFENK,"{""P47615"": 4}"
FXITVYEDD,"{""P47534"": 20}"
FXINTSGHA,"{""P47492"": 21}"
FXAVXQFEV,"{""P47304"": 33}"
FXAVXXXXX,"{""P47304"": 80}"
FXAVKQFEV,"{""P47304"": 6}"
FXAEIYALX,"{""P13927"": 98}"
FXAEIYALK,"{""P13927"": 4}"
FXAEIXALX,"{""P13927"": 1}"
FXAYGFXXX,"{""P47540"": 4}"
FXAYGFXSY,"{""P47540"": 21}"
FXAYGFXSX,"{""P47540"": 1}"
FXAYGFKSY,"{""P47540"": 1}"
FXAAXEFTX,"{""P47508"": 94}"
FXAAXEFTK,"{""P47508"": 3}"
FXAAXXXXX,"{""P47508"": 16}"
FXAAKEFTX,"{""P47508"": 6}"
FXAIGQLRI,"{""P47338"": 4}"
FXAIGQLXI,"{""P47338"": 5}"
FXANXNVIE,"{""P47308"": 28}"
FXANXXXXX,"{""P47308"": 6}"
FXANKNVIE,"{""P47308"": 1}"
FXAQFAXXX,"{""P47313"": 1}"
FXAQFAXEX,"{""P47313"": 3}"
FXAXGFXSY,"{""P47540"": 1}"
FXKLEKFLQ,"{""P47624"": 4}"
FXKLEXXXX,"{""P47624"": 2}"
FXKLEXFLQ,"{""P47624"": 16}"
FXKLSQXID,"{""Q9ZB78"": 22}"
FXKLSQXXX,"{""Q9ZB78"": 3}"
FXKMQGFSI,"{""P47576"": 15}"
FXKAQITDE,"{""P47372"": 3}"
FXKIXXXXX,"{""P47582"": 7}"
FXKILHWSC,"{""Q9ZB81"": 3}"
FXKFLXXXX,"{""P47257"": 4}"
FXKEHNNLA,"{""Q9ZB73"": 2}"
FXKEIXGEL,"{""P47306"": 1}"
FXKRFSLDW,"{""Q49409"": 5}"
FXKXFSLDW,"{""Q49409"": 1}"
FXKXVYNHF,"{""P22746"": 1}"
FXKVXXLVS,"{""Q49402"": 1}"
FXKVYRLVS,"{""Q49402"": 3}"
FXKVYXLVS,"{""Q49402"": 1}"
FXKYVYNHF,"{""P22746"": 2}"
FXKQFQEIS,"{""P47640"": 2}"
FXKQVNXXX,"{""P47386"": 2}"
FXVALAFNA,"{""P47310"": 29}"
FXVINQNEX,"{""P47451"": 99}"
FXVIGXPNV,"{""P47571"": 17}"
FXVIGXXXX,"{""P47571"": 11}"
FXVIGKPNV,"{""P47571"": 1}"
FXVDQINAE,"{""P47493"": 34}"
FXRWSLIAL,"{""P47580"": 23}"
FXRSQLILX,"{""P47526"": 25}"
FXRSQLILK,"{""P47526"": 2}"
FXRXLFWTI,"{""P47523"": 3}"
FXRXXXXXX,"{""P47523"": 18}"
FXRQSFDNN,"{""P47573"": 10}"
FXRKLFWTI,"{""P47523"": 2}"
FXYANFMGA,"{""P47473"": 27}"
FXYXXXXXX,"{""P47653"": 5}"
FXYRXXXXX,"{""P47653"": 13}"
FXYRXDFNE,"{""P47653"": 3}"
FXPENEYVA,"{""Q57081"": 23}"
FPIQIGLLS,"{""P47446"": 643}"
FPIYPXLAN,"{""Q49460"": 98}"
FPIYPXXXX,"{""Q49460"": 22}"
FPIYPKLAN,"{""Q49460"": 8}"
FPIIEYSXA,"{""P47359"": 95}"
FPIIEYSXX,"{""P47359"": 17}"
FPIIEYSKA,"{""P47359"": 3}"
FPIIEXSXA,"{""P47359"": 6}"
FPIIEXSXX,"{""P47359"": 1}"
FPILTNYSL,"{""P47610"": 119}"
FPILTNXSL,"{""P47610"": 8}"
FPIXPKLAN,"{""Q49460"": 3}"
FPIXPXLAN,"{""Q49460"": 4}"
FPIXPXXXX,"{""Q49460"": 1}"
FPVNMLALV,"{""P47250"": 618}"
FPVSVXXXX,"{""P47703"": 572}"
FPVSVXXSH,"{""P47703"": 26}"
FPVSVXKSH,"{""P47703"": 4}"
FPVSVKXXX,"{""P47703"": 24}"
FPVSDTIRV,"{""P47496"": 32}"
FPVSDTIXV,"{""P47496"": 3}"
FPVFNASYD,"{""P47514"": 118}"
FPVFNASXD,"{""P47514"": 7}"
FPVVDXXNE,"{""P47590"": 26}"
FPVVDXXXX,"{""P47590"": 5}"
FPVVDXKNE,"{""P47590"": 1}"
FPVVDRXXX,"{""P47590"": 20}"
FPVVDRXNE,"{""P47590"": 94}"
FPVVDRKNE,"{""P47590"": 4}"
FPLYXXXXX,"{""P47634"": 538}"
FPLNLXXXX,"{""P47437"": 20}"
FPLNLXNXX,"{""P47437"": 24}"
FPLNLXNXL,"{""P47437"": 71}"
FPLNLXNKL,"{""P47437"": 4}"
FPLNLKNXL,"{""P47437"": 1}"
FPLNLKNXX,"{""P47437"": 1}"
FPLXXXXXX,"{""P47634"": 29}"
FPEAAYXLN,"{""P47505"": 461}"
FPEAAYXXX,"{""P47505"": 96}"
FPEAAYKLN,"{""P47505"": 26}"
FPEAAXXLN,"{""P47505"": 32}"
FPEAAXXXX,"{""P47505"": 7}"
FPEVNYFFE,"{""P47247"": 114}"
FPEVNXFFE,"{""P47247"": 8}"
FPERSELPA,"{""P47553"": 129}"
FPEXSELPA,"{""P47553"": 34}"
FPTEXSAFY,"{""P47561"": 510}"
FPTEXSAFX,"{""P47561"": 26}"
FPTEXXXXX,"{""P47561"": 87}"
FPTEKSAFY,"{""P47561"": 25}"
FPYSFASDS,"{""P47431"": 571}"
FPYEMSGGQ,"{""P47705"": 109}"
FPYNINIYX,"{""P47264"": 111}"
FPYNINIYK,"{""P47264"": 4}"
FPYNINIXX,"{""P47264"": 7}"
FPYYGAGID,"{""Q49434"": 109}"
FPYXGAGID,"{""Q49434"": 7}"
FPFASXAQL,"{""Q49407"": 95}"
FPFASXXXX,"{""Q49407"": 21}"
FPFASKAQL,"{""Q49407"": 5}"
FPFMLIGIP,"{""P47315"": 121}"
FPGDXGXST,"{""Q49460"": 439}"
FPGDXGXXX,"{""Q49460"": 72}"
FPGDXGKST,"{""Q49460"": 19}"
FPGDXXXXX,"{""Q49460"": 94}"
FPGDKGXST,"{""Q49460"": 18}"
FPGDKGXXX,"{""Q49460"": 1}"
FPGDKGKST,"{""Q49460"": 1}"
FPHHENENA,"{""P47495"": 119}"
FPXSFASDS,"{""P47431"": 35}"
FPXNINIYX,"{""P47264"": 6}"
FPXYGAGID,"{""Q49434"": 5}"
FPXEMSGGQ,"{""P47705"": 4}"
FPNPNQNDD,"{""P47521"": 129}"
FVVAFEANE,"{""P47446"": 117}"
FVVENDTIX,"{""P47412"": 108}"
FVVENDTIK,"{""P47412"": 7}"
FVVVGGGVI,"{""P47513"": 27}"
FVTDSENIX,"{""P47636"": 590}"
FVTDSENIK,"{""P47636"": 31}"
FVLSAGHGS,"{""P47312"": 612}"
FVLNXXXXX,"{""P47250"": 87}"
FVLNXQQER,"{""P47250"": 21}"
FVLNXQQEX,"{""P47250"": 5}"
FVLNWFXXX,"{""P47366"": 110}"
FVLNWFXNE,"{""P47366"": 1}"
FVLNWFKNE,"{""P47366"": 2}"
FVLNEVVEF,"{""P47470"": 33}"
FVLXQXXXX,"{""P47553"": 446}"
FVLXQXGNL,"{""P47553"": 1}"
FVLXXXXXX,"{""P47553"": 129}"
FVLGNFVNE,"{""Q49397"": 624}"
FVLKQXXXX,"{""P47553"": 24}"
FVLWLSSWY,"{""P47587"": 113}"
FVLWLSSWX,"{""P47587"": 6}"
FVAYTDXAA,"{""P47251"": 431}"
FVAYTDXXX,"{""P47251"": 135}"
FVAYTDKAA,"{""P47251"": 21}"
FVAXTDXAA,"{""P47251"": 25}"
FVAXTDXXX,"{""P47251"": 3}"
FVAXTDKAA,"{""P47251"": 2}"
FVFSSFAYQ,"{""P47252"": 615}"
FVFSSFAXQ,"{""P47252"": 33}"
FVFXNNVLL,"{""P35888"": 101}"
FVFXXXXXX,"{""P35888"": 447}"
FVFDTIXXQ,"{""P47546"": 87}"
FVFDTIXXX,"{""P47546"": 32}"
FVFDTIXKQ,"{""P47546"": 1}"
FVFDTIKXQ,"{""P47546"": 7}"
FVFDTIKXX,"{""P47546"": 2}"
FVFKNNVLL,"{""P35888"": 7}"
FVXXXXXXX,"{""P47311"": 111, ""P47678"": 102, ""P47625"": 582, ""P47652"": 44, ""P47481"": 133, ""P47318"": 115, ""P47277"": 1}"
FVXXDTXNM,"{""P47652"": 78}"
FVXXDTXXX,"{""P47652"": 15}"
FVXXDTKNM,"{""P47652"": 2}"
FVXXILEQT,"{""P47277"": 8}"
FVXAFGSGX,"{""P47678"": 478}"
FVXAFGSGK,"{""P47678"": 26}"
FVXSLTEQE,"{""P47318"": 517}"
FVXWXXXXX,"{""P47311"": 354}"
FVXWXENFT,"{""P47311"": 102}"
FVXWKENFT,"{""P47311"": 8}"
FVXDPSSLA,"{""P47541"": 5}"
FVXKDTXNM,"{""P47652"": 7}"
FVXKDTXXX,"{""P47652"": 2}"
FVXISLGGV,"{""P47481"": 1}"
FVDIAGLVX,"{""P47270"": 587}"
FVDIAGLVK,"{""P47270"": 1}"
FVDLPGYGF,"{""P47577"": 565}"
FVDLPGXGF,"{""P47577"": 36}"
FVDXNXXXX,"{""P47551"": 94}"
FVDXNXXLR,"{""P47551"": 1}"
FVDXNXRLR,"{""P47551"": 5}"
FVDXXXXXX,"{""P47551"": 28}"
FVDKNXXXX,"{""P47551"": 5}"
FVIGAFATD,"{""P47345"": 625}"
FVIQLENDQ,"{""P47576"": 132}"
FVIQPQSNL,"{""P47490"": 26}"
FVILEXLFE,"{""P47587"": 98}"
FVILEXXXX,"{""P47587"": 18}"
FVILEKLFE,"{""P47587"": 6}"
FVIVAXXGT,"{""P47437"": 75}"
FVIVAXXXX,"{""P47437"": 34}"
FVIVAXKGT,"{""P47437"": 4}"
FVIVAKXGT,"{""P47437"": 3}"
FVIVAKXXX,"{""P47437"": 1}"
FVITLGEFA,"{""P47479"": 117}"
FVINNSFXE,"{""P47302"": 90}"
FVINNSFXX,"{""P47302"": 23}"
FVINNSFKE,"{""P47302"": 9}"
FVISQITRS,"{""P47583"": 31}"
FVISQITXS,"{""P47583"": 9}"
FVSEEGASL,"{""P47543"": 605}"
FVSESVGLG,"{""P47293"": 639}"
FVSPNSYTG,"{""P47254"": 119}"
FVSPNSXTG,"{""P47254"": 10}"
FVSSVDIAV,"{""P47328"": 132}"
FVSDIAIVS,"{""P47345"": 116}"
FVSLDEALS,"{""P47615"": 128}"
FVQTXXXXX,"{""P47496"": 114}"
FVQTXLTAV,"{""P47496"": 2}"
FVQQFCDQY,"{""P47318"": 23}"
FVQQFCDQX,"{""P47318"": 2}"
FVKWXXXXX,"{""P47311"": 15}"
FVKWXENFT,"{""P47311"": 7}"
FVKSLTEQE,"{""P47318"": 16}"
FVKAFGSGX,"{""P47678"": 23}"
FVKXDTXNM,"{""P47652"": 3}"
FVKXXXXXX,"{""P47652"": 1}"
FVGFIGQNH,"{""P47341"": 648}"
FVGCSDFPX,"{""P47368"": 103}"
FVGCSDFPK,"{""P47368"": 5}"
FVGXSDFPX,"{""P47368"": 6}"
FVPXDQNFE,"{""Q49408"": 107}"
FVPXSELNP,"{""P47685"": 8}"
FVPXXXXXX,"{""Q49408"": 20}"
FVPXFWWTV,"{""P47368"": 3}"
FVPRSELNP,"{""P47685"": 17}"
FVPRFWWTV,"{""P47368"": 21}"
FVPSLLLES,"{""P47427"": 7}"
FVPKDQNFE,"{""Q49408"": 8}"
FVPIICMTI,"{""P47315"": 3}"
FVNWYLNTX,"{""P47431"": 109}"
FVNWYLNTK,"{""P47431"": 2}"
FVNWFLNQS,"{""P47502"": 130}"
FVNWXLNTX,"{""P47431"": 10}"
FVNWXLNTK,"{""P47431"": 1}"
FVNQXGILS,"{""P47497"": 105}"
FVNQXXXXX,"{""P47497"": 18}"
FVNQKGILS,"{""P47497"": 5}"
FVNSIRISF,"{""P47484"": 6}"
FVNSIXISF,"{""P47484"": 3}"
FVHTLDNEX,"{""P47299"": 113}"
FVHTLDNEK,"{""P47299"": 8}"
FVHMWGSTL,"{""P47653"": 31}"
FVWDDFCNT,"{""P47576"": 120}"
FVWDDFXNT,"{""P47576"": 9}"
FVRXILEQT,"{""P47277"": 20}"
FVRXXXXXX,"{""P47277"": 2}"
FVRDPSSLA,"{""P47541"": 27}"
FVRKILEQT,"{""P47277"": 3}"
FVENTNDSS,"{""P47497"": 32}"
FVCGHFDNR,"{""P36263"": 14}"
FVCGHFDNX,"{""P36263"": 6}"
FNXXXXXXX,"{""P47446"": 555, ""P47599"": 31, ""P47576"": 95, ""P47694"": 35, ""P47484"": 94, ""P55750"": 99, ""P47609"": 41, ""P47502"": 18}"
FNXXPLNLI,"{""P47599"": 79}"
FNXXLXXXX,"{""P47322"": 1}"
FNXQVSNWL,"{""P47576"": 495}"
FNXSSDLEL,"{""P47502"": 96}"
FNXFFLTPN,"{""P47694"": 78}"
FNXFXEQHA,"{""P47609"": 24}"
FNXFXXXXX,"{""P47609"": 72}"
FNXFKEQHA,"{""P47609"": 1}"
FNXLNLSHC,"{""P47484"": 21}"
FNXLNLSHX,"{""P47484"": 5}"
FNXLTTARN,"{""Q49460"": 1}"
FNXWXQSXX,"{""P47362"": 6}"
FNXWXQSXA,"{""P47362"": 21}"
FNXWXXXXX,"{""P47362"": 5}"
FNXWKQSXX,"{""P47362"": 1}"
FNXKPLNLI,"{""P47599"": 2}"
FNXEINLDN,"{""P55750"": 5}"
FNXYLXLGS,"{""P47322"": 4}"
FNXYLXXXX,"{""P47322"": 2}"
FNLGGIQPA,"{""P47547"": 628}"
FNLPIILVD,"{""Q9ZB76"": 628}"
FNLXNXFIN,"{""P47653"": 394}"
FNLXNXXXX,"{""P47653"": 98}"
FNLXNKFIN,"{""P47653"": 15}"
FNLXXXXXX,"{""P47653"": 99}"
FNLXEEIDL,"{""P47661"": 2}"
FNLVLXXXX,"{""P47448"": 105}"
FNLVLXQNN,"{""P47448"": 512}"
FNLVLKQNN,"{""P47448"": 23}"
FNLCEEIDL,"{""P47661"": 31}"
FNLLFRQLR,"{""P47497"": 5}"
FNLLFRQLX,"{""P47497"": 1}"
FNLLFXQLR,"{""P47497"": 1}"
FNLATPGXG,"{""P47315"": 30}"
FNLATPGRG,"{""P47315"": 110}"
FNLNIXXXX,"{""P47342"": 20}"
FNLNIXIXY,"{""P47342"": 98}"
FNLNIXIXX,"{""P47342"": 16}"
FNLNIXIKY,"{""P47342"": 5}"
FNLNIXIKX,"{""P47342"": 1}"
FNLNIKIXY,"{""P47342"": 4}"
FNLNIKIXX,"{""P47342"": 3}"
FNLKNXXXX,"{""P47653"": 6}"
FNLKNXFIN,"{""P47653"": 16}"
FNLEIPIDG,"{""P47321"": 6}"
FNVPMDSVL,"{""P35888"": 142}"
FNVYNDTVH,"{""P47694"": 128}"
FNVYLTSPF,"{""P47563"": 123}"
FNVXNDTVH,"{""P47694"": 4}"
FNVXLTSPF,"{""P47563"": 8}"
FNVVVXAGN,"{""P47581"": 6}"
FNVVVRAGN,"{""P47581"": 23}"
FNINPSLFK,"{""P47481"": 20}"
FNINPSLFX,"{""P47481"": 607}"
FNIALVLSI,"{""P47278"": 136}"
FNIXVNLLV,"{""P47619"": 106}"
FNIXXXXXX,"{""P47619"": 35}"
FNQXXYQTX,"{""Q49398"": 16}"
FNQXXYQTY,"{""Q49398"": 326}"
FNQXXXXXX,"{""Q49398"": 211, ""P55825"": 100}"
FNQXXXQTY,"{""Q49398"": 21}"
FNQXXXQTX,"{""Q49398"": 1}"
FNQXHVLVE,"{""P55825"": 18}"
FNQXKYQTY,"{""Q49398"": 19}"
FNQXKYQTX,"{""Q49398"": 1}"
FNQLLSLNP,"{""P20796"": 40}"
FNQLAFYTS,"{""P47431"": 27}"
FNQLAFXTS,"{""P47431"": 3}"
FNQKXYQTY,"{""Q49398"": 20}"
FNQKXYQTX,"{""Q49398"": 4}"
FNQKXXXXX,"{""Q49398"": 4}"
FNQKKYQTY,"{""Q49398"": 3}"
FNQKHVLVE,"{""P55825"": 2}"
FNEPYXPIN,"{""Q49398"": 31}"
FNEPYYPIN,"{""Q49398"": 576}"
FNEPXYPIN,"{""Q49398"": 31}"
FNEXXXXXX,"{""P47247"": 96}"
FNEXNDLSE,"{""P47247"": 501}"
FNEGLNYPS,"{""P47687"": 616}"
FNEGLNXPS,"{""P47687"": 31}"
FNEDXLIQT,"{""P47284"": 92}"
FNEDXXXXX,"{""P47284"": 25}"
FNEDKLIQT,"{""P47284"": 8}"
FNEKNDLSE,"{""P47247"": 24}"
FNEWDAIGT,"{""P47563"": 29}"
FNFLMLNFR,"{""Q49430"": 128}"
FNFLMLNFX,"{""Q49430"": 27}"
FNFAXDDXG,"{""P47453"": 420}"
FNFAXDDXX,"{""P47453"": 85}"
FNFAXDDKG,"{""P47453"": 22}"
FNFAXXXXX,"{""P47453"": 86}"
FNFAKDDXX,"{""P47453"": 3}"
FNFAKDDXG,"{""P47453"": 18}"
FNFAKDDKG,"{""P47453"": 1}"
FNFQINSSE,"{""P47540"": 105}"
FNFNSEQLA,"{""P47432"": 31}"
FNSETAPDA,"{""Q49413"": 155}"
FNSIWAEQD,"{""P47563"": 629}"
FNSRGEPLI,"{""P47580"": 125}"
FNSAKEPCV,"{""P47264"": 4}"
FNSAXEPCV,"{""P47264"": 66}"
FNSAXEPXV,"{""P47264"": 3}"
FNSAXXXXX,"{""P47264"": 27}"
FNSVERQTL,"{""P47264"": 18}"
FNSVEXQTL,"{""P47264"": 10}"
FNSPVXIQS,"{""P47484"": 4}"
FNSPVYIQS,"{""P47484"": 32}"
FNSHEQLTX,"{""P47385"": 121}"
FNSHEQLTK,"{""P47385"": 5}"
FNSSRSQIR,"{""P47347"": 17}"
FNSSRSQIX,"{""P47347"": 8}"
FNSSXSQIR,"{""P47347"": 6}"
FNSSXSQIX,"{""P47347"": 3}"
FNSXGEPLI,"{""P47580"": 28}"
FNGTGDLRW,"{""P47563"": 120}"
FNGTGDLXW,"{""P47563"": 35}"
FNGVNFNGS,"{""P47247"": 106}"
FNPEFGLSF,"{""P47667"": 568}"
FNPDLXXLL,"{""P47656"": 83}"
FNPDLXXXX,"{""P47656"": 41}"
FNPDLXKLL,"{""P47656"": 2}"
FNPDLKXLL,"{""P47656"": 3}"
FNPSSFRXN,"{""Q49420"": 22}"
FNPSSFRXX,"{""Q49420"": 4}"
FNPSSFRKN,"{""Q49420"": 1}"
FNPSSFXXN,"{""Q49420"": 5}"
FNPQRLLKX,"{""P47521"": 3}"
FNPQRLLXX,"{""P47521"": 111}"
FNPQXLLXX,"{""P47521"": 22}"
FNPQXLLKX,"{""P47521"": 2}"
FNTFXXXXX,"{""Q49434"": 84}"
FNTFXNTIS,"{""Q49434"": 32}"
FNTFKNTIS,"{""Q49434"": 1}"
FNTVNNQIN,"{""P47365"": 136}"
FNTPFNISE,"{""P47395"": 123}"
FNTSFIPEE,"{""P47635"": 37}"
FNWFDTSLF,"{""P47366"": 122}"
FNWSLGNXF,"{""P47491"": 94}"
FNWSLGNXX,"{""P47491"": 40}"
FNWSLGNKF,"{""P47491"": 5}"
FNYWXQSXA,"{""P47362"": 382}"
FNYWXQSXX,"{""P47362"": 73}"
FNYWXQSKA,"{""P47362"": 22}"
FNYWXXXXX,"{""P47362"": 85}"
FNYWKQSXA,"{""P47362"": 18}"
FNYWKQSXX,"{""P47362"": 6}"
FNYLTTARN,"{""Q49460"": 22}"
FNYLTTAXN,"{""Q49460"": 10}"
FNNXXXXXX,"{""P47696"": 35, ""P47359"": 32}"
FNNXXVIVL,"{""P47696"": 79}"
FNNXQIXLS,"{""P47359"": 91}"
FNNXQIXXX,"{""P47359"": 17}"
FNNXQIKLS,"{""P47359"": 5}"
FNNXVGIXT,"{""P47581"": 5}"
FNNXVGIXX,"{""P47581"": 3}"
FNNXKVIVL,"{""P47696"": 3}"
FNNVDLXRC,"{""Q49430"": 23}"
FNNVDLXRX,"{""Q49430"": 1}"
FNNVDLXXX,"{""Q49430"": 93}"
FNNVDLXXC,"{""Q49430"": 4}"
FNNVDLKRC,"{""Q49430"": 1}"
FNNQFKGFY,"{""P47699"": 5}"
FNNQFXGFY,"{""P47699"": 106}"
FNNQFXGFX,"{""P47699"": 6}"
FNNQFXXXX,"{""P47699"": 19}"
FNNYVGIXT,"{""P47581"": 108}"
FNNYVGIXX,"{""P47581"": 15}"
FNNYVGIKT,"{""P47581"": 6}"
FNNNLEELL,"{""Q9ZB70"": 170}"
FNNKXVIVL,"{""P47696"": 3}"
FNNKQIXLS,"{""P47359"": 4}"
FNAGXAFLE,"{""P47499"": 87}"
FNAGXXXXX,"{""P47499"": 21}"
FNAGKAFLE,"{""P47499"": 3}"
FNAXXTFIG,"{""P47368"": 18}"
FNAXXXXXX,"{""P47368"": 105}"
FNAWCEILQ,"{""P47271"": 120}"
FNAWXEILQ,"{""P47271"": 4}"
FNASPLNFS,"{""P47344"": 148}"
FNAKXTFIG,"{""P47368"": 2}"
FNAKXXXXX,"{""P47368"": 8}"
FNKEINLDN,"{""P55750"": 1}"
FNKQVSNWL,"{""P47576"": 31}"
FNKXPLNLI,"{""P47599"": 4}"
FNKSSDLEL,"{""P47502"": 7}"
FNKFFLTPN,"{""P47694"": 4}"
FNKFXXXXX,"{""P47609"": 1}"
FNKKPLNLI,"{""P47599"": 1}"
FNDSFLSFM,"{""Q49460"": 139}"
FNDXDXQNN,"{""P47658"": 77}"
FNDXDXXXX,"{""P47658"": 29}"
FNDXDKQNN,"{""P47658"": 2}"
FNDXXXXXX,"{""P47658"": 24}"
FNDXEXXXX,"{""P47653"": 8}"
FNDXEXXQM,"{""P47653"": 1}"
FNDXEXRQM,"{""P47653"": 1}"
FNDYEXXXX,"{""P47653"": 89}"
FNDYEXXQM,"{""P47653"": 8}"
FNDYEXRQM,"{""P47653"": 18}"
FNDNRLVFI,"{""P47291"": 29}"
FNDNXLVFI,"{""P47291"": 5}"
FNDKDXQNN,"{""P47658"": 5}"
FNDPIGYIE,"{""P47669"": 1}"
FNHHGXXXX,"{""P47297"": 27}"
FNHHGXISV,"{""P47297"": 99}"
FNHHGKISV,"{""P47297"": 7}"
FNRYLXLGS,"{""P47322"": 13}"
FNRYLXXXX,"{""P47322"": 4}"
FNRXLXLGS,"{""P47322"": 3}"
FYITVYEDD,"{""P47534"": 523}"
FYITVXEDD,"{""P47534"": 39}"
FYINTSGHA,"{""P47492"": 597}"
FYCCDNXXX,"{""P47264"": 382}"
FYCCDNXDV,"{""P47264"": 105}"
FYCCDNKDV,"{""P47264"": 5}"
FYCXDNXXX,"{""P47264"": 25}"
FYCXDNXDV,"{""P47264"": 5}"
FYANXNVIE,"{""P47308"": 492}"
FYANXXXXX,"{""P47308"": 90}"
FYANKNVIE,"{""P47308"": 26}"
FYAQFAXEX,"{""P47313"": 89}"
FYAQFAXEK,"{""P47313"": 5}"
FYAQFAXXX,"{""P47313"": 20}"
FYAQFAKEX,"{""P47313"": 5}"
FYXQVNXXX,"{""P47386"": 428}"
FYXQVNXHF,"{""P47386"": 20}"
FYXQVNKHF,"{""P47386"": 1}"
FYXQSFDNN,"{""P47573"": 37}"
FYXXXXXXX,"{""P47460"": 440, ""P47386"": 126, ""P47341"": 13, ""P47261"": 24}"
FYXPFEGXI,"{""P47261"": 88}"
FYXPFEGXX,"{""P47261"": 15}"
FYXPFEGKI,"{""P47261"": 6}"
FYXLPLITT,"{""P47341"": 98}"
FYXCDNXXX,"{""P47264"": 28}"
FYXCDNXDV,"{""P47264"": 4}"
FYXNELTRL,"{""P47460"": 87}"
FYXNELTXL,"{""P47460"": 26}"
FYNQFAEFE,"{""P47386"": 613}"
FYNCLNNXN,"{""P47484"": 102}"
FYNCLNNXX,"{""P47484"": 27}"
FYNCLNNKN,"{""P47484"": 6}"
FYNXLNNXX,"{""P47484"": 1}"
FYNXLNNXN,"{""P47484"": 6}"
FYNAYALXT,"{""P47473"": 84}"
FYNAYALXX,"{""P47473"": 24}"
FYNAYALKT,"{""P47473"": 5}"
FYNAXALXT,"{""P47473"": 2}"
FYNAXALXX,"{""P47473"": 1}"
FYSSAIXXX,"{""P47427"": 458}"
FYSSAIXSI,"{""P47427"": 111}"
FYSSAIKSI,"{""P47427"": 9}"
FYSSLRMEA,"{""P47581"": 136}"
FYSSLXMEA,"{""P47581"": 24}"
FYSNXLFYE,"{""P47271"": 89}"
FYSNXLFXE,"{""P47271"": 4}"
FYSNXXXXX,"{""P47271"": 23}"
FYSNKLFYE,"{""P47271"": 5}"
FYFETDFDW,"{""P56723"": 582}"
FYFHSQAIS,"{""P47653"": 131}"
FYFDLTNGT,"{""P47299"": 36}"
FYTXINVHX,"{""P47278"": 482}"
FYTXINVHK,"{""P47278"": 20}"
FYTXXXXXX,"{""P47278"": 89}"
FYTSSXXXX,"{""P47368"": 94}"
FYTSSXSLL,"{""P47368"": 23}"
FYTKINVHX,"{""P47278"": 20}"
FYWLTXGXD,"{""P47342"": 88}"
FYWLTXGXX,"{""P47342"": 12}"
FYWLTXGKD,"{""P47342"": 3}"
FYWLTXXXX,"{""P47342"": 20}"
FYWLTKGXX,"{""P47342"": 3}"
FYWLTKGXD,"{""P47342"": 3}"
FYWXXXXXX,"{""Q9ZB72"": 109}"
FYQGCEVVD,"{""P47634"": 600}"
FYQGXEVVD,"{""P47634"": 29}"
FYQLDLSLX,"{""P47435"": 99}"
FYQDFLEDP,"{""P47268"": 134}"
FYPENEYVA,"{""Q57081"": 515}"
FYPENEXVA,"{""Q57081"": 33}"
FYESCEXXX,"{""P47699"": 91}"
FYESCEXXD,"{""P47699"": 3}"
FYESCEXRD,"{""P47699"": 17}"
FYESXEXXX,"{""P47699"": 8}"
FYESXEXRD,"{""P47699"": 1}"
FYEVAXXYD,"{""P47277"": 78}"
FYEVAXXXX,"{""P47277"": 32}"
FYEVAXXXD,"{""P47277"": 4}"
FYEVAXKYD,"{""P47277"": 3}"
FYEVAKXYD,"{""P47277"": 2}"
FYEVAKXXX,"{""P47277"": 1}"
FYEANEXQW,"{""P47573"": 90}"
FYEANEXXX,"{""P47573"": 13}"
FYEANEKQW,"{""P47573"": 9}"
FYEELFQID,"{""P47264"": 34}"
FYRQSFDNN,"{""P47573"": 94}"
FYLTMIVNP,"{""P47350"": 616}"
FYLIQVLAI,"{""P47381"": 9}"
FYDLTFALN,"{""P47313"": 114}"
FYDLFGIDS,"{""P47456"": 105}"
FYGDFLSVV,"{""P47512"": 131}"
FYGPTGLGI,"{""Q49420"": 114}"
FYKQVNXXX,"{""P47386"": 16}"
FYKQVNXHF,"{""P47386"": 2}"
FYKNELTRL,"{""P47460"": 4}"
FYKNELTXL,"{""P47460"": 1}"
FYKLPLITT,"{""P47341"": 5}"
FYKPFEGXX,"{""P47261"": 2}"
FYKPFEGXI,"{""P47261"": 1}"
FYKPFEGKI,"{""P47261"": 1}"
FHSADMQSN,"{""P47540"": 629}"
FHCIYWPIF,"{""P47267"": 549}"
FHCIXWPIF,"{""P47267"": 27}"
FHLEEDTAX,"{""P47346"": 574}"
FHLEEDTAK,"{""P47346"": 11}"
FHLLISFLG,"{""P47688"": 124}"
FHQXSLSEV,"{""P47627"": 94}"
FHQXXXXXX,"{""P47627"": 26, ""P47609"": 35}"
FHQXXFESX,"{""P47609"": 80}"
FHQXKFESX,"{""P47609"": 3}"
FHQLAFSVS,"{""P47502"": 143}"
FHQKXFESX,"{""P47609"": 3}"
FHQKXXXXX,"{""P47609"": 1}"
FHQKSLSEV,"{""P47627"": 3}"
FHYYSDIQX,"{""Q9ZB76"": 105}"
FHYYSDIQK,"{""Q9ZB76"": 1}"
FHYVVIDEA,"{""P47264"": 122}"
FHYSNFYNE,"{""P47614"": 121}"
FHYSNFXNE,"{""P47614"": 6}"
FHYCXLLLL,"{""Q49396"": 82}"
FHYCXXXXX,"{""Q49396"": 11}"
FHYCKLLLL,"{""Q49396"": 4}"
FHYXKLLLL,"{""Q49396"": 1}"
FHYXSDSAD,"{""P47386"": 2}"
FHYXSDIQX,"{""Q9ZB76"": 7}"
FHYXXLLLL,"{""Q49396"": 5}"
FHYXXXXXX,"{""Q49396"": 1}"
FHYRSDSAD,"{""P47386"": 2}"
FHNNFFXTV,"{""P47326"": 95}"
FHNNFFXXX,"{""P47326"": 20}"
FHNNFFKTV,"{""P47326"": 7}"
FHXXXXXXX,"{""P35888"": 134}"
FHXXSDSAD,"{""P47386"": 1}"
FHXYSDIQX,"{""Q9ZB76"": 10}"
FHXIYWPIF,"{""P47267"": 25}"
FHXSNFXNE,"{""P47614"": 2}"
FHXSNFYNE,"{""P47614"": 2}"
FHXVVIDEA,"{""P47264"": 7}"
FHXCXLLLL,"{""Q49396"": 2}"
FHXCXXXXX,"{""Q49396"": 2}"
FHXCKLLLL,"{""Q49396"": 2}"
FHDNACVLI,"{""P47407"": 115}"
FHDNAXVLI,"{""P47407"": 4}"
FHTNXLFVD,"{""P47653"": 81}"
FHTNXXXXX,"{""P47653"": 20}"
FHTNKLFVD,"{""P47653"": 3}"
FHFQXXXXX,"{""P47274"": 126}"
FHFQXXWAI,"{""P47274"": 6}"
FHFQXKWAI,"{""P47274"": 1}"
FHFQKXXXX,"{""P47274"": 2}"
FHVLDSRIV,"{""P47688"": 27}"
FHVLDSXIV,"{""P47688"": 2}"
FHENQLXVL,"{""P47250"": 3}"
FHENQLRVL,"{""P47250"": 4}"
FHKXXXXXX,"{""P35888"": 7}"
FQLFNDXXQ,"{""P47599"": 80}"
FQLFNDXXX,"{""P47599"": 43}"
FQLFNDXKQ,"{""P47599"": 6}"
FQLFNDKXQ,"{""P47599"": 5}"
FQLINXLEA,"{""P47496"": 10}"
FQLINYLEA,"{""P47496"": 112}"
FQLENCFQT,"{""P47354"": 118}"
FQLENXFQT,"{""P47354"": 8}"
FQLTLEEII,"{""P47393"": 145}"
FQLALANQI,"{""P47576"": 126}"
FQNQFXXXX,"{""P47336"": 217}"
FQNQFXXGA,"{""P47336"": 363}"
FQNQFXKGA,"{""P47336"": 26}"
FQNQFKXGA,"{""P47336"": 17}"
FQNQFKXXX,"{""P47336"": 3}"
FQNQFKKGA,"{""P47336"": 2}"
FQNVSLTSN,"{""P52271"": 128}"
FQXFGSXQS,"{""P47476"": 382}"
FQXFGSXXX,"{""P47476"": 91}"
FQXFGSKQS,"{""P47476"": 22}"
FQXXXXXXX,"{""P47597"": 467, ""P47476"": 100, ""P47414"": 120}"
FQXHNFNNX,"{""P47414"": 452}"
FQXHNFNNK,"{""P47414"": 2}"
FQXILINEP,"{""P47597"": 112}"
FQXILXQXQ,"{""P47300"": 6}"
FQXILXQXX,"{""P47300"": 2}"
FQXILXXXX,"{""P47300"": 1}"
FQHYDLIFG,"{""P47635"": 126}"
FQHCLRVGX,"{""P47482"": 103}"
FQHCLRVGK,"{""P47482"": 2}"
FQHCLXVGX,"{""P47482"": 26}"
FQHCLXVGK,"{""P47482"": 1}"
FQHXDLIFG,"{""P47635"": 4}"
FQHXLRVGX,"{""P47482"": 6}"
FQHXLXVGX,"{""P47482"": 1}"
FQSDXESLA,"{""P47286"": 504}"
FQSDXXXXX,"{""P47286"": 104}"
FQSDKESLA,"{""P47286"": 23}"
FQSVELIDX,"{""P47394"": 622}"
FQSVELIDK,"{""P47394"": 27}"
FQSPTXXXX,"{""P47386"": 97}"
FQSPTXFET,"{""P47386"": 519}"
FQSPTKFET,"{""P47386"": 26}"
FQSIYNLXX,"{""Q49432"": 118}"
FQSIYNLXK,"{""Q49432"": 1}"
FQSIYNLKX,"{""Q49432"": 6}"
FQSIXNLXX,"{""Q49432"": 2}"
FQSFXLWXX,"{""P47651"": 81}"
FQSFXXXXX,"{""P47651"": 22}"
FQSFKLWXX,"{""P47651"": 5}"
FQQFFNXXX,"{""P47661"": 82}"
FQQFFNXYE,"{""P47661"": 20}"
FQQFFNKYE,"{""P47661"": 2}"
FQQFLADNH,"{""P47535"": 120}"
FQIPYEHGI,"{""P47450"": 598}"
FQIPXEHGI,"{""P47450"": 36}"
FQIRLSXXX,"{""Q49423"": 3}"
FQIRLSXXD,"{""Q49423"": 1}"
FQIRLSRXX,"{""Q49423"": 4}"
FQADVGIAC,"{""P47361"": 109}"
FQADVGIAX,"{""P47361"": 11}"
FQAVIXXXX,"{""P47287"": 95}"
FQAVIXDPV,"{""P47287"": 24}"
FQALQNQXX,"{""P47460"": 459}"
FQALQNQXQ,"{""P47460"": 120}"
FQALQNQKQ,"{""P47460"": 4}"
FQVXXXXXX,"{""P47428"": 92, ""P47699"": 26}"
FQVXTXVYE,"{""P47428"": 394}"
FQVXTXVXE,"{""P47428"": 16}"
FQVXTXXXX,"{""P47428"": 79}"
FQVXTKVYE,"{""P47428"": 18}"
FQVXTKVXE,"{""P47428"": 2}"
FQVXFYESC,"{""P47699"": 91}"
FQVXFYESX,"{""P47699"": 1}"
FQVXFXESC,"{""P47699"": 5}"
FQVGNFLSS,"{""Q49409"": 130}"
FQVKTXVYE,"{""P47428"": 15}"
FQVKTXXXX,"{""P47428"": 3}"
FQVKTKVYE,"{""P47428"": 1}"
FQVKFYESX,"{""P47699"": 1}"
FQVKFYESC,"{""P47699"": 2}"
FQGEFEXXX,"{""P47597"": 88}"
FQGEFEXXI,"{""P47597"": 3}"
FQGEFEXRI,"{""P47597"": 23}"
FQGDVLEVF,"{""P47319"": 159}"
FQGLSVLQA,"{""P47576"": 32}"
FQGSVQAGR,"{""P47397"": 36}"
FQGSVQAGX,"{""P47397"": 6}"
FQPTTSFCY,"{""P47525"": 124}"
FQPTTSFCX,"{""P47525"": 9}"
FQPTTSFXY,"{""P47525"": 8}"
FQPATPTFL,"{""P47473"": 166}"
FQFXXEPNF,"{""P47655"": 93}"
FQFXXXXXX,"{""P47655"": 32}"
FQFXKEPNF,"{""P47655"": 5}"
FQFKXEPNF,"{""P47655"": 4}"
FQFKKEPNF,"{""P47655"": 1}"
FQYILXXXX,"{""P47300"": 19}"
FQYILXQXQ,"{""P47300"": 70}"
FQYILXQXX,"{""P47300"": 20}"
FQYILXQKQ,"{""P47300"": 5}"
FQYILKQXQ,"{""P47300"": 4}"
FQKHNFNNX,"{""P47414"": 27}"
FQKHNFNNK,"{""P47414"": 1}"
FQKFGSXXX,"{""P47476"": 3}"
FQKFGSXQS,"{""P47476"": 12}"
FQKFGSKQS,"{""P47476"": 1}"
FQKILINEP,"{""P47597"": 10}"
FDYXNNAGA,"{""Q49427"": 99}"
FDYXXXXXX,"{""Q49427"": 21}"
FDYKNNAGA,"{""Q49427"": 3}"
FDIEVQICX,"{""P47306"": 572}"
FDIEVQICK,"{""P47306"": 3}"
FDIEVQIXX,"{""P47306"": 27}"
FDIYLXXXX,"{""Q9ZB70"": 16}"
FDIYLXSSD,"{""Q9ZB70"": 98}"
FDIYLKSSD,"{""Q9ZB70"": 4}"
FDIQSDNXI,"{""Q49413"": 102}"
FDIQSDNXX,"{""Q49413"": 16}"
FDIQSDNKI,"{""Q49413"": 7}"
FDIXLXSSD,"{""Q9ZB70"": 9}"
FDMSEYMEX,"{""P47597"": 568}"
FDMSEYMEK,"{""P47597"": 17}"
FDMSEXMEX,"{""P47597"": 29}"
FDVGTXSGF,"{""P47691"": 543}"
FDVGTXXXX,"{""P47691"": 90}"
FDVGTKSGF,"{""P47691"": 21}"
FDVVEVXDG,"{""P47339"": 538}"
FDVVEVXXX,"{""P47339"": 86}"
FDVVEVKDG,"{""P47339"": 20}"
FDVXGSAEG,"{""P47365"": 1}"
FDSPVETVE,"{""Q49429"": 125}"
FDSPVETIQ,"{""Q49429"": 28}"
FDSPVESVQ,"{""Q49429"": 231}"
FDSPVEIPQ,"{""Q49429"": 106}"
FDWYDAIYV,"{""Q49400"": 127}"
FDWYDAIXV,"{""Q49400"": 7}"
FDWXDAIYV,"{""Q49400"": 6}"
FDWXDAIXV,"{""Q49400"": 1}"
FDXXXXXXX,"{""P47305"": 95, ""P47540"": 24, ""P47577"": 82, ""P47358"": 481, ""P47278"": 162, ""Q49419"": 19, ""P47627"": 26}"
FDXXETIXX,"{""P47305"": 5}"
FDXXNNAGA,"{""Q49427"": 4}"
FDXQFASEV,"{""P47496"": 8}"
FDXQYEXAI,"{""P47540"": 77}"
FDXQYEXXX,"{""P47540"": 20}"
FDXQYEKAI,"{""P47540"": 7}"
FDXQXEXAI,"{""P47540"": 2}"
FDXEFVQPL,"{""P47278"": 475}"
FDXHIQINL,"{""P47695"": 27}"
FDXSLLESY,"{""P47358"": 102}"
FDXSLLESX,"{""P47358"": 5}"
FDXSXPHVN,"{""P13927"": 9}"
FDXSKPHVN,"{""P13927"": 1}"
FDXLNQSER,"{""P47577"": 24}"
FDXLNQSEX,"{""P47577"": 1}"
FDXLQVXQQ,"{""Q49419"": 100}"
FDXLQVXXX,"{""Q49419"": 12}"
FDXLQVKQQ,"{""Q49419"": 4}"
FDXNLFWSI,"{""P47627"": 100}"
FDXRETIXX,"{""P47305"": 21}"
FDXRETIKX,"{""P47305"": 2}"
FDXDALFSI,"{""Q49432"": 7}"
FDFAAGSEM,"{""P47385"": 633}"
FDFLSCIDS,"{""P47576"": 122}"
FDFLSXIDS,"{""P47576"": 8}"
FDFEPXXXX,"{""P47655"": 102}"
FDFEPXDER,"{""P47655"": 25}"
FDFEPXDEX,"{""P47655"": 10}"
FDFXTXASX,"{""P47349"": 87}"
FDFXTXASK,"{""P47349"": 7}"
FDFXTXXXX,"{""P47349"": 15}"
FDFXTKASX,"{""P47349"": 2}"
FDFXXXXXX,"{""P47349"": 12}"
FDFKTXASX,"{""P47349"": 2}"
FDFKTXASK,"{""P47349"": 1}"
FDFKTKASX,"{""P47349"": 1}"
FDEKFQYIL,"{""P47300"": 5}"
FDEKFQXIL,"{""P47300"": 2}"
FDEXFQYIL,"{""P47300"": 92}"
FDEXFQXIL,"{""P47300"": 5}"
FDEXXXXXX,"{""P47300"": 14}"
FDEWVRVFS,"{""P47386"": 126}"
FDEWVXVFS,"{""P47386"": 21}"
FDEWNXISQ,"{""P47268"": 80}"
FDEWNXXXX,"{""P47268"": 21}"
FDEWNKISQ,"{""P47268"": 3}"
FDESVRNXD,"{""P47304"": 92}"
FDESVRNXX,"{""P47304"": 24}"
FDESVRNKD,"{""P47304"": 3}"
FDESVXNXX,"{""P47304"": 5}"
FDESVXNXD,"{""P47304"": 26}"
FDENGNEIX,"{""P47582"": 1}"
FDENGNEIR,"{""P47582"": 3}"
FDLVPEAWG,"{""P47388"": 127}"
FDLLGLINL,"{""Q49405"": 101}"
FDLICPLYQ,"{""P47266"": 577}"
FDLICPLXQ,"{""P47266"": 25}"
FDLIXPLYQ,"{""P47266"": 25}"
FDLIXPLXQ,"{""P47266"": 3}"
FDLTDALDL,"{""Q49415"": 130}"
FDLTYIDXX,"{""P47615"": 120}"
FDLTYIDXK,"{""P47615"": 1}"
FDLTYIDKX,"{""P47615"": 4}"
FDLTNSFPL,"{""P47469"": 122}"
FDLTXIDXX,"{""P47615"": 7}"
FDLTXIDKX,"{""P47615"": 1}"
FDNDSYXVS,"{""P47249"": 89}"
FDNDSYXXX,"{""P47249"": 22}"
FDNDSYKVS,"{""P47249"": 6}"
FDNDSXXVS,"{""P47249"": 7}"
FDNDSXXXX,"{""P47249"": 1}"
FDNEINSAF,"{""P47637"": 109}"
FDNNXFYIN,"{""P47492"": 5}"
FDNNXFXIN,"{""P47492"": 1}"
FDNNRFYIN,"{""P47492"": 22}"
FDNNRFXIN,"{""P47492"": 2}"
FDRHIQINL,"{""P47695"": 120}"
FDRSXPHVN,"{""P13927"": 17}"
FDRSXXXXX,"{""P13927"": 5}"
FDRSKPHVN,"{""P13927"": 1}"
FDRDALFSI,"{""Q49432"": 23}"
FDQFXXXXX,"{""P47330"": 161}"
FDQFXXTAX,"{""P47330"": 395}"
FDQFXXTAK,"{""P47330"": 17}"
FDQFXKTAX,"{""P47330"": 15}"
FDQFKXTAX,"{""P47330"": 21}"
FDQFKXTAK,"{""P47330"": 1}"
FDQFKKTAX,"{""P47330"": 1}"
FDQVDDGXX,"{""P47431"": 91}"
FDQVDDGXI,"{""P47431"": 546}"
FDQVDDGKI,"{""P47431"": 17}"
FDQNDQXXX,"{""P47317"": 96}"
FDQNDQXQI,"{""P47317"": 23}"
FDQNDQKQI,"{""P47317"": 1}"
FDDINAEYE,"{""P47540"": 611}"
FDDINAEXE,"{""P47540"": 33}"
FDDQXELVX,"{""P47618"": 73}"
FDDQXELVK,"{""P47618"": 1}"
FDDQXXXXX,"{""P47618"": 28}"
FDDQSYXLA,"{""P47445"": 94}"
FDDQSYXXX,"{""P47445"": 18}"
FDDQSYKLA,"{""P47445"": 8}"
FDDQSXXLA,"{""P47445"": 7}"
FDDQSXXXX,"{""P47445"": 1}"
FDDQKELVX,"{""P47618"": 4}"
FDDQKELVK,"{""P47618"": 1}"
FDDVENQQX,"{""Q49429"": 130}"
FDDVENQQK,"{""Q49429"": 3}"
FDDYXFFVY,"{""P47637"": 3}"
FDDYRFFVY,"{""P47637"": 7}"
FDDYRFFVX,"{""P47637"": 2}"
FDCQFASEV,"{""P47496"": 120}"
FDAAVITIL,"{""P47350"": 121}"
FDTVXXXXX,"{""P47341"": 87}"
FDTVXLQAN,"{""P47341"": 30}"
FDKSLLESY,"{""P47358"": 4}"
FDKEFVQPL,"{""P47278"": 14}"
FDKLNQSEX,"{""P47577"": 1}"
FDKLQVXQQ,"{""Q49419"": 4}"
FDKLQVXXX,"{""Q49419"": 1}"
FDKNLFWSI,"{""P47627"": 3}"
FDKRETIXX,"{""P47305"": 2}"
FDKRETIXK,"{""P47305"": 1}"
FDKXETIXX,"{""P47305"": 1}"
FDKQYEXAI,"{""P47540"": 1}"
FDPXXIGEX,"{""P47534"": 82}"
FDPXXIGEK,"{""P47534"": 1}"
FDPXXXXXX,"{""P47534"": 40}"
FDPXKIGEX,"{""P47534"": 4}"
FDPKXIGEX,"{""P47534"": 2}"
FDGRIXTSA,"{""P47388"": 20}"
FDGRIXXXX,"{""P47388"": 3}"
FDGILMDLG,"{""P47464"": 30}"
FDGXIXXXX,"{""P47388"": 2}"
FDGXIXTSA,"{""P47388"": 4}"
FCVIGXXXX,"{""P47571"": 87}"
FCVIGXPNV,"{""P47571"": 512}"
FCVIGKPNV,"{""P47571"": 14}"
FCWIFVFLF,"{""Q9ZB72"": 617}"
FCXXXXXXX,"{""P47251"": 108}"
FCXPENAIN,"{""P47251"": 23}"
FCLVXXLXA,"{""P47326"": 63}"
FCLVXXLXX,"{""P47326"": 12}"
FCLVXXLKA,"{""P47326"": 3}"
FCLVXXXXX,"{""P47326"": 32}"
FCLVXKLXA,"{""P47326"": 1}"
FCLVXKLXX,"{""P47326"": 2}"
FCLVKXLKA,"{""P47326"": 1}"
FCLVKXXXX,"{""P47326"": 1}"
FCLENSVVE,"{""P47371"": 115}"
FCLLNLTIV,"{""P47558"": 141}"
FCEQNNQLT,"{""P47465"": 597}"
FCTXLXELI,"{""P47384"": 83}"
FCTXLXXXX,"{""P47384"": 18}"
FCTXLKELI,"{""P47384"": 4}"
FCTXXXXXX,"{""P47384"": 20}"
FCTKLXELI,"{""P47384"": 1}"
FCHELIINX,"{""P47446"": 108}"
FCHELIINK,"{""P47446"": 5}"
FCFXASWWE,"{""P47548"": 11}"
FCFYASWWE,"{""P47548"": 134}"
FCAIGQLRI,"{""P47338"": 113}"
FCAIGQLXI,"{""P47338"": 22}"
FCKPENAIN,"{""P47251"": 2}"
FCSRCXXVV,"{""P47567"": 1}"
FRVALAFNA,"{""P47310"": 111}"
FRVDQINAE,"{""P47493"": 105}"
FRVSLIVSR,"{""Q49460"": 2}"
FRDIIITSM,"{""P47318"": 112}"
FRYANFMGA,"{""P47473"": 125}"
FRXEIKGEL,"{""P47306"": 2}"
FRXEIXXXX,"{""P47306"": 16}"
FRXEIXGEL,"{""P47306"": 84}"
FRXXXXXXX,"{""P47277"": 7, ""P47306"": 20}"
FRXSFLLTE,"{""P47277"": 22}"
FRXANFMGA,"{""P47473"": 2}"
FRQXXXXXX,"{""P47311"": 24}"
FRQXYVGYI,"{""P47311"": 4}"
FRAYGFXSY,"{""P47540"": 87}"
FRAYGFXSX,"{""P47540"": 3}"
FRAYGFXXX,"{""P47540"": 15}"
FRAYGFKSY,"{""P47540"": 5}"
FRAXGFXSY,"{""P47540"": 10}"
FRAXGFKSY,"{""P47540"": 1}"
FRSSTLSGY,"{""P47553"": 86}"
FRSSTLSGX,"{""P47553"": 5}"
FRSEYNEHH,"{""P47655"": 26}"
FRSEXNEHH,"{""P47655"": 2}"
FRSYINING,"{""P47520"": 20}"
FRSXINING,"{""P47520"": 3}"
FRLSHFPFT,"{""P47436"": 29}"
FREHWQFSC,"{""P47281"": 110}"
FREHWQFSX,"{""P47281"": 8}"
FRNFANELS,"{""P47523"": 25}"
FRNFFXLTL,"{""P47652"": 17}"
FRNFFXXXX,"{""P47652"": 4}"
FRNFFKLTL,"{""P47652"": 4}"
FRNFPNARV,"{""P35888"": 3}"
FRNLVDDXX,"{""P47306"": 24}"
FRNLVDDXK,"{""P47306"": 1}"
FRKEIXGEL,"{""P47306"": 5}"
FRKEIXXXX,"{""P47306"": 1}"
FRKSFLLTE,"{""P47277"": 1}"
FRFSGTEPX,"{""P47299"": 17}"
FRFSGTEPK,"{""P47299"": 1}"
FRFQGDVLE,"{""P47319"": 5}"
FRFYRQSFD,"{""P47573"": 4}"
FRFYXQSFD,"{""P47573"": 2}"
FRFXRQSFD,"{""P47573"": 1}"
FKLTXSGQI,"{""P47439"": 18}"
FKLTXXXXX,"{""P47439"": 1}"
FKLTKSGQI,"{""P47439"": 2}"
FKLDANDQS,"{""P47340"": 6}"
FKLDLDLEL,"{""P47369"": 8}"
FKLDEIQAX,"{""P47250"": 3}"
FKLVYDXXX,"{""Q49408"": 17}"
FKLVYDXXT,"{""Q49408"": 2}"
FKLVYDXKT,"{""Q49408"": 1}"
FKLVXDXXX,"{""Q49408"": 1}"
FKLAHGELD,"{""P47405"": 16}"
FKLGIMIEI,"{""P47668"": 6}"
FKLINIEIX,"{""P47535"": 3}"
FKLNSFNVL,"{""P47341"": 3}"
FKLSISFEL,"{""P47278"": 4}"
FKLXLXLPV,"{""P47372"": 6}"
FKLXLKLPV,"{""P47372"": 1}"
FKFEALEXX,"{""Q49396"": 3}"
FKFEALEXV,"{""Q49396"": 9}"
FKFEALEKV,"{""Q49396"": 1}"
FKFEIDIXY,"{""P47530"": 4}"
FKFFQIENL,"{""P47637"": 21}"
FKXLEXFLQ,"{""P47624"": 18}"
FKXLEXXXX,"{""P47624"": 4}"
FKXLSQXID,"{""Q9ZB78"": 18}"
FKXLSQXXX,"{""Q9ZB78"": 2}"
FKXXXXXXX,"{""P47576"": 5, ""Q9ZB73"": 2, ""P47624"": 4, ""Q9ZB78"": 5, ""Q49402"": 20, ""Q49409"": 10, ""P47372"": 2, ""Q9ZB81"": 1, ""P22746"": 1}"
FKXMQGFSI,"{""P47576"": 19}"
FKXYVYNHF,"{""P22746"": 4}"
FKXIXXXXX,"{""P47582"": 5}"
FKXILHWSC,"{""Q9ZB81"": 3}"
FKXRFSLDW,"{""Q49409"": 3}"
FKXAQITDE,"{""P47372"": 5}"
FKXQFQEIS,"{""P47640"": 3}"
FKXEHNNLA,"{""Q9ZB73"": 4}"
FKXVYRLVS,"{""Q49402"": 2}"
FKXFLXXXX,"{""P47257"": 3}"
FKXWSLIAL,"{""P47580"": 1}"
FKVINQNEX,"{""P47451"": 3}"
FKSGLLLXI,"{""P35888"": 16}"
FKSGLLLXX,"{""P35888"": 2}"
FKSGLLLKI,"{""P35888"": 2}"
FKSGCGWPA,"{""P47686"": 10}"
FKSLXVTDI,"{""P47357"": 7}"
FKSELXXXX,"{""P47287"": 1}"
FKSELXLVA,"{""P47287"": 3}"
FKSELKLVA,"{""P47287"": 1}"
FKSTMDPNI,"{""P47284"": 1}"
FKHPLYHXX,"{""P47406"": 23}"
FKHPLYHXS,"{""P47406"": 4}"
FKHEQRINX,"{""P47484"": 3}"
FKHEQXINX,"{""P47484"": 1}"
FKHFLFNQT,"{""P47679"": 4}"
FKQQLNNFN,"{""P47443"": 6}"
FKQFEXEYT,"{""P47460"": 22}"
FKQFEXEXT,"{""P47460"": 3}"
FKQFEXXXX,"{""P47460"": 5}"
FKQFEKEXT,"{""P47460"": 1}"
FKQFQDPSL,"{""P47457"": 6}"
FKQXLIGIX,"{""P47277"": 20}"
FKQXXXXXX,"{""P47277"": 5}"
FKQDFFAXS,"{""P47393"": 2}"
FKQDFFARS,"{""P47393"": 4}"
FKQYMQQVX,"{""P47634"": 5}"
FKQRITEEF,"{""P47641"": 1}"
FKQKLIGIX,"{""P47277"": 1}"
FKGXXXXXX,"{""P47278"": 19, ""P47612"": 4}"
FKGXAYRFX,"{""P47278"": 1}"
FKGXAYXFX,"{""P47278"": 1}"
FKGXGGLPV,"{""P47612"": 9}"
FKGIEAXFF,"{""P47347"": 3}"
FKGIEAXXX,"{""P47347"": 1}"
FKGQXEVXX,"{""P47564"": 2}"
FKGQXXXXX,"{""P47564"": 1}"
FKGGXAIAT,"{""P47489"": 2}"
FKGGXXXXX,"{""P47489"": 1}"
FKGSNLXNS,"{""P47587"": 2}"
FKGKGGLPV,"{""P47612"": 1}"
FKGKAYRFX,"{""P47278"": 1}"
FKDDVFXXX,"{""P47251"": 5}"
FKDDVFXLE,"{""P47251"": 1}"
FKDFENTXF,"{""P47473"": 4}"
FKDEXITNN,"{""P47342"": 4}"
FKDEXXXXX,"{""P47342"": 2}"
FKDXXXXXX,"{""P47653"": 1, ""P47283"": 6}"
FKDXXLSLV,"{""P47283"": 2}"
FKDXFINAI,"{""P47653"": 5}"
FKDILSLSE,"{""P47373"": 17}"
FKNTWNXLX,"{""P47606"": 5}"
FKNTWNXLK,"{""P47606"": 2}"
FKNTWNXXX,"{""P47606"": 1}"
FKNXSAVFL,"{""P47483"": 5}"
FKNXXXXXX,"{""P47483"": 1, ""Q49420"": 1}"
FKNNNNIHF,"{""P47490"": 3}"
FKNKSAVFL,"{""P47483"": 1}"
FKNSLIQQS,"{""P47640"": 5}"
FKEVLDLTG,"{""P47582"": 4}"
FKEVNEAYE,"{""P47265"": 4}"
FKEQQXQXA,"{""P47388"": 4}"
FKEQQXQXX,"{""P47388"": 2}"
FKEQQXQKA,"{""P47388"": 1}"
FKEQHANED,"{""P47609"": 1}"
FKEXEIEAT,"{""P47460"": 3}"
FKELQXLVE,"{""P47500"": 1}"
FKERIYLSL,"{""P47483"": 2}"
FKIQNGYEA,"{""P47267"": 21}"
FKIQNGXEA,"{""P47267"": 2}"
FKIANEGWX,"{""P47260"": 4}"
FKIEVCIAY,"{""P47357"": 2}"
FKIILDAXL,"{""P47253"": 2}"
FKIILDACL,"{""P47253"": 20}"
FKITFFENK,"{""P47615"": 1}"
FKITFFENX,"{""P47615"": 3}"
FKTLPXXXX,"{""P47465"": 6}"
FKTXVVYXX,"{""P47642"": 17}"
FKTXVVYXT,"{""P47642"": 1}"
FKTXSAVKE,"{""Q49405"": 1}"
FKTXSAVXE,"{""Q49405"": 1}"
FKTXXXXXX,"{""P47642"": 4}"
FKTRSAVXE,"{""Q49405"": 2}"
FKTRSAVXX,"{""Q49405"": 1}"
FKTKVVYXX,"{""P47642"": 2}"
FKTISIEGI,"{""P47616"": 1}"
FKWXHIXXX,"{""P47484"": 12}"
FKWXXXXXX,"{""P47484"": 5}"
FKWKHIXXX,"{""P47484"": 2}"
FKAAXEFTX,"{""P47508"": 2}"
FKAAXXXXX,"{""P47508"": 1}"
FKAVXXXXX,"{""P47304"": 5}"
FKAVXQFEV,"{""P47304"": 1}"
FKAEIYALX,"{""P13927"": 3}"
FKRSQLILX,"{""P47526"": 1}"
FKKEHNNLA,"{""Q9ZB73"": 1}"
FKKMQGFSI,"{""P47576"": 3}"
FKKRFSLDW,"{""Q49409"": 1}"
FKKILHWSC,"{""Q9ZB81"": 2}"
FKKLEXFLQ,"{""P47624"": 1}"
NVIXEIVES,"{""Q9ZB73"": 108}"
NVIXXXXXX,"{""Q9ZB73"": 17}"
NVIXSLXSA,"{""P47310"": 5}"
NVIXSLXXX,"{""P47310"": 2}"
NVITQLYYA,"{""P22747"": 523}"
NVITQLYXA,"{""P22747"": 28}"
NVITQLXYA,"{""P22747"": 26}"
NVITQLXXA,"{""P22747"": 1}"
NVIVDFWAA,"{""P47370"": 126}"
NVIVEIRPA,"{""P47500"": 31}"
NVIVEIXPA,"{""P47500"": 4}"
NVIEVSTTX,"{""P47308"": 104}"
NVIEVSTTK,"{""P47308"": 4}"
NVIRSLXXX,"{""P47310"": 4}"
NVIRSLXSA,"{""P47310"": 16}"
NVIRSLKSA,"{""P47310"": 1}"
NVIKEIVES,"{""Q9ZB73"": 5}"
NVNEQLLNQ,"{""P47251"": 591}"
NVNEGAYFF,"{""P47386"": 132}"
NVNEGAXFF,"{""P47386"": 6}"
NVNLXXXXX,"{""P47465"": 98}"
NVNLXVXXI,"{""P47465"": 327}"
NVNLXVXXX,"{""P47465"": 132}"
NVNLXVXKI,"{""P47465"": 22}"
NVNLXVKXI,"{""P47465"": 13}"
NVNLXVKXX,"{""P47465"": 2}"
NVNLXVKKI,"{""P47465"": 1}"
NVNLGLGQI,"{""P47313"": 137}"
NVNLKVXXI,"{""P47465"": 16}"
NVNLKVXXX,"{""P47465"": 4}"
NVNTNXXXX,"{""P47523"": 113}"
NVNTNXDSD,"{""P47523"": 21}"
NVNTNKDSD,"{""P47523"": 2}"
NVNXGLFAI,"{""P47613"": 480}"
NVNXXXXXX,"{""P47613"": 137}"
NVNGXXXXX,"{""Q49400"": 552}"
NVNGXXXYV,"{""Q49400"": 1}"
NVNGXXRYV,"{""Q49400"": 1}"
NVNGXRRYV,"{""Q49400"": 2}"
NVNFNQTGI,"{""P47669"": 118}"
NVNKGLFAI,"{""P47613"": 23}"
NVXVTNYNH,"{""P47639"": 455}"
NVXVTNXNH,"{""P47639"": 22}"
NVXXXXXXX,"{""Q49431"": 41, ""P47639"": 126, ""P47388"": 115, ""P47567"": 38}"
NVXXQXXXX,"{""Q49431"": 61}"
NVXXQXAVS,"{""Q49431"": 22}"
NVXXQKAVS,"{""Q49431"": 1}"
NVXXNPEXL,"{""P47567"": 66}"
NVXXNPEXX,"{""P47567"": 12}"
NVXXNPEKL,"{""P47567"": 3}"
NVXXNXXXX,"{""P47335"": 4}"
NVXXYITNG,"{""P47311"": 2}"
NVXTGVXXX,"{""P47388"": 67}"
NVXTGVXDG,"{""P47388"": 414}"
NVXTGVKDG,"{""P47388"": 21}"
NVXKQXXXX,"{""Q49431"": 3}"
NVXKNPEXL,"{""P47567"": 4}"
NVXKNPEXX,"{""P47567"": 1}"
NVXKNKXXX,"{""P47335"": 1}"
NVXKNXXXX,"{""P47335"": 1}"
NVXLIGISF,"{""Q49426"": 5}"
NVXDELXXX,"{""P47642"": 4}"
NVXFNLXNX,"{""P47653"": 5}"
NVXFNLXXX,"{""P47653"": 1}"
NVXEFGSXX,"{""P47489"": 6}"
NVXEFGSXN,"{""P47489"": 2}"
NVXNALNPF,"{""P47321"": 6}"
NVYXYITNG,"{""P47311"": 92}"
NVYXXXXXX,"{""P47311"": 21}"
NVYXXITNG,"{""P47311"": 5}"
NVYNALNPF,"{""P47321"": 107}"
NVYKYITNG,"{""P47311"": 3}"
NVHVFMSES,"{""P47385"": 608}"
NVHNDDSXQ,"{""P47705"": 96}"
NVHNDDSXX,"{""P47705"": 17}"
NVHNDDSKQ,"{""P47705"": 3}"
NVRLIGISF,"{""Q49426"": 15}"
NVRXXXXXX,"{""P47335"": 7}"
NVRXNXXXX,"{""P47335"": 25}"
NVREFGSXX,"{""P47489"": 12}"
NVREFGSXN,"{""P47489"": 2}"
NVREFGSKN,"{""P47489"": 1}"
NVRFNLXXX,"{""P47653"": 6}"
NVRFNLXNX,"{""P47653"": 18}"
NVRFNLXNK,"{""P47653"": 2}"
NVRFNLKNX,"{""P47653"": 1}"
NVRDELXXX,"{""P47642"": 24}"
NVRKNXXXX,"{""P47335"": 1}"
NVDDQYXXX,"{""P47549"": 111}"
NVDDQYXNT,"{""P47549"": 8}"
NVDDQXXXX,"{""P47549"": 1}"
NVDDQXXNT,"{""P47549"": 1}"
NVDTTXQDE,"{""P47341"": 33}"
NVDTTXXXX,"{""P47341"": 84}"
NVDWNQMLV,"{""Q49407"": 142}"
NVDITXLXX,"{""P47325"": 92}"
NVDITXLXK,"{""P47325"": 1}"
NVDITXLKX,"{""P47325"": 3}"
NVDITXXXX,"{""P47325"": 15}"
NVDITKLXX,"{""P47325"": 3}"
NVDITKLXK,"{""P47325"": 1}"
NVDITKLKX,"{""P47325"": 1}"
NVEANLIGD,"{""P47278"": 125}"
NVESVIXXX,"{""P47699"": 11}"
NVESVIXPL,"{""P47699"": 103}"
NVESVIKPL,"{""P47699"": 9}"
NVEVAVQCA,"{""P47631"": 108}"
NVEVAVQXA,"{""P47631"": 4}"
NVATFLNLS,"{""P47381"": 110}"
NVAQFEALT,"{""P47694"": 119}"
NVAKTXNLS,"{""P47387"": 4}"
NVAKTXXXX,"{""P47387"": 1}"
NVAXTXNLS,"{""P47387"": 87}"
NVAXTXXXX,"{""P47387"": 21}"
NVAXTKNLS,"{""P47387"": 3}"
NVAXXXXXX,"{""P47387"": 29}"
NVAVFDTTF,"{""P47599"": 29}"
NVTAYTPFA,"{""P22747"": 132}"
NVTAXTPFA,"{""P22747"": 3}"
NVTXXXXXX,"{""P47441"": 112, ""P47431"": 30}"
NVTXFAEPA,"{""P47431"": 95}"
NVTWGIXXX,"{""P47267"": 94}"
NVTWGIXVP,"{""P47267"": 24}"
NVTWGIKVP,"{""P47267"": 2}"
NVTKFAEPA,"{""P47431"": 8}"
NVSVYQXXX,"{""P47606"": 21}"
NVSVYQXAE,"{""P47606"": 100}"
NVSVYQKAE,"{""P47606"": 5}"
NVSVXQXAE,"{""P47606"": 4}"
NVSVXQXXX,"{""P47606"": 1}"
NVSXPVEGT,"{""P47609"": 26}"
NVSXXXXXX,"{""P47609"": 103}"
NVSYLYQPL,"{""P47668"": 19}"
NVSYLXQPL,"{""P47668"": 1}"
NVSKPVEGT,"{""P47609"": 1}"
NVLNHYANQ,"{""Q49419"": 100}"
NVLNHXANQ,"{""Q49419"": 6}"
NVLTVISEP,"{""P47326"": 118}"
NVLDTATVX,"{""P47563"": 111}"
NVLDTATVK,"{""P47563"": 6}"
NVLGRMFNV,"{""P47639"": 20}"
NVLGXMFNV,"{""P47639"": 11}"
NVVXXXXXX,"{""P47512"": 453}"
NVVXFLNSL,"{""P47512"": 119}"
NVVTXESLH,"{""Q49409"": 107}"
NVVTXXXXX,"{""Q49409"": 27}"
NVVTKESLH,"{""Q49409"": 10}"
NVVLTSSSS,"{""P47413"": 119}"
NVVEGLXXX,"{""P47617"": 91}"
NVVEGLXXD,"{""P47617"": 3}"
NVVEGLXRD,"{""P47617"": 19}"
NVVEGLKRD,"{""P47617"": 2}"
NVVKFLNSL,"{""P47512"": 8}"
NVVPNLHLY,"{""Q49411"": 6}"
NVVPNLHLX,"{""Q49411"": 1}"
NVVYELVQQ,"{""P47445"": 21}"
NVKTGVXDG,"{""P47388"": 22}"
NVKTGVXXX,"{""P47388"": 5}"
NVKTGVKDG,"{""P47388"": 1}"
NVKVTNYNH,"{""P47639"": 21}"
NVKKQXXXX,"{""Q49431"": 1}"
NVKXQXXXX,"{""Q49431"": 4}"
NVKXQXAVS,"{""Q49431"": 2}"
NVKXNPEXL,"{""P47567"": 1}"
NVKXNPEXX,"{""P47567"": 1}"
NVKXXXXXX,"{""Q49431"": 1}"
NVQNFNVAE,"{""P47653"": 112}"
NVFESXQLF,"{""P47685"": 25}"
NVFESXXXX,"{""P47685"": 104}"
NVFESKQLF,"{""P47685"": 1}"
NVFEIRNFN,"{""P47650"": 27}"
NVFEIXNFN,"{""P47650"": 5}"
NVFXXXXXX,"{""P47302"": 81}"
NVFXNNDVF,"{""P47302"": 17}"
NVFIFLHGF,"{""Q49418"": 29}"
NVFNFVIDS,"{""P47651"": 2}"
NVFKNNDVF,"{""P47302"": 1}"
NVWADNAQX,"{""P47277"": 113}"
NVWADNAQK,"{""P47277"": 3}"
NVPLAXXLM,"{""P47284"": 78}"
NVPLAXXXX,"{""P47284"": 39}"
NVPLAXKLM,"{""P47284"": 1}"
NVPLAKXXX,"{""P47284"": 1}"
NVPLAKXLM,"{""P47284"": 4}"
NVPLAKKLM,"{""P47284"": 1}"
NVGYQIVNV,"{""P47321"": 32}"
NVGYIFQQY,"{""Q9ZB70"": 28}"
NVGYIFQQX,"{""Q9ZB70"": 3}"
NVGXIFQQX,"{""Q9ZB70"": 1}"
NVGXQIVNV,"{""P47321"": 1}"
NVGLDYLNL,"{""P47660"": 1}"
NFDWSXCXL,"{""P47259"": 81}"
NFDWSXCXX,"{""P47259"": 21}"
NFDWSXCKL,"{""P47259"": 2}"
NFDWSXXXX,"{""P47259"": 16}"
NFDWSXXXL,"{""P47259"": 2}"
NFDWSKCXL,"{""P47259"": 5}"
NFDLAFLRX,"{""P47342"": 24}"
NFDLAFLXX,"{""P47342"": 3}"
NFDLPLMQA,"{""P47355"": 34}"
NFDRSXELI,"{""P47606"": 19}"
NFDRSXXXX,"{""P47606"": 5}"
NFDRSKELI,"{""P47606"": 1}"
NFDXSXELI,"{""P47606"": 4}"
NFWDLGLGP,"{""P47534"": 169}"
NFSIIAHID,"{""P47384"": 586}"
NFSIXNIDF,"{""P47661"": 89}"
NFSIXXXXX,"{""P47661"": 28}"
NFSIKNIDF,"{""P47661"": 5}"
NFSVNDIEX,"{""P47655"": 114}"
NFSVNDIEK,"{""P47655"": 5}"
NFSXXVXQF,"{""Q49428"": 75}"
NFSXXVXXX,"{""Q49428"": 12}"
NFSXXVKQF,"{""Q49428"": 2}"
NFSXXXXXX,"{""Q49428"": 36}"
NFSXKVXQF,"{""Q49428"": 1}"
NFSESXXIL,"{""Q9ZB73"": 89}"
NFSESXXXX,"{""Q9ZB73"": 32}"
NFSESXKIL,"{""Q9ZB73"": 6}"
NFSESKXIL,"{""Q9ZB73"": 6}"
NFSESKXXX,"{""Q9ZB73"": 1}"
NFSDIELEP,"{""P47363"": 120}"
NFSKXVXXX,"{""Q49428"": 3}"
NFSKXVXQF,"{""Q49428"": 3}"
NFSKXVKQF,"{""Q49428"": 1}"
NFSKXXXXX,"{""Q49428"": 1}"
NFNGVDQLX,"{""P47469"": 626}"
NFNGVDQLK,"{""P47469"": 19}"
NFNLTGFXT,"{""P47620"": 105}"
NFNLTGFXX,"{""P47620"": 25}"
NFNLTGFKT,"{""P47620"": 6}"
NFNLNLDEX,"{""P47529"": 115}"
NFNLNLDEK,"{""P47529"": 2}"
NFNXXLNLQ,"{""Q49460"": 31}"
NFNXXXXXX,"{""Q49460"": 5}"
NFNXKLNLQ,"{""Q49460"": 1}"
NFNFWYNXN,"{""P47650"": 493}"
NFNFWYNXX,"{""P47650"": 104}"
NFNFWYNKN,"{""P47650"": 33}"
NFNFWXNXN,"{""P47650"": 24}"
NFNFWXNXX,"{""P47650"": 4}"
NFNFWXNKN,"{""P47650"": 1}"
NFNFIALYP,"{""P47277"": 131}"
NFNFIALXP,"{""P47277"": 6}"
NFNYXLNLQ,"{""Q49460"": 496}"
NFNYXXXXX,"{""Q49460"": 95}"
NFNYKLNLQ,"{""Q49460"": 24}"
NFNVDLVSE,"{""P47278"": 116}"
NFINPIVEV,"{""P47566"": 613}"
NFIAXLTSF,"{""P47464"": 487}"
NFIAXXXXX,"{""P47464"": 101}"
NFIAKLTSF,"{""P47464"": 25}"
NFISXIGEY,"{""P47255"": 29}"
NFISCIGEY,"{""P47255"": 585}"
NFISCIGEX,"{""P47255"": 37}"
NFIDHVFVA,"{""P47575"": 147}"
NFIEVIXXX,"{""P47248"": 24}"
NFIEVIXEQ,"{""P47248"": 93}"
NFIEVIKEQ,"{""P47248"": 3}"
NFIENSVIS,"{""P47553"": 119}"
NFITEEIEV,"{""P47272"": 27}"
NFIXAIRDX,"{""P47294"": 26}"
NFIXAIRDK,"{""P47294"": 2}"
NFIXAIXDX,"{""P47294"": 10}"
NFIXXXXXX,"{""P47294"": 74}"
NFHDFWXDX,"{""P47587"": 85}"
NFHDFWXDK,"{""P47587"": 7}"
NFHDFWXXX,"{""P47587"": 20}"
NFHDFWKDX,"{""P47587"": 5}"
NFHEVSDAT,"{""P47505"": 26}"
NFCNDXHXT,"{""P47683"": 382}"
NFCNDXHXX,"{""P47683"": 84}"
NFCNDXHKT,"{""P47683"": 17}"
NFCNDXXXX,"{""P47683"": 96}"
NFCNDKHXT,"{""P47683"": 24}"
NFCNDKHXX,"{""P47683"": 8}"
NFCNDKHKT,"{""P47683"": 3}"
NFEXXXXXX,"{""P47580"": 476, ""P47416"": 108, ""P47686"": 96, ""P47345"": 18, ""P47466"": 20}"
NFEXXFEXA,"{""P47345"": 5}"
NFEXXFEXX,"{""P47345"": 1}"
NFEXXFEKA,"{""P47345"": 1}"
NFEXGIYVD,"{""P47686"": 498}"
NFEXGIXVD,"{""P47686"": 26}"
NFEXQAEVL,"{""P47580"": 117}"
NFEXVSYFD,"{""P47466"": 97}"
NFEXVSXFD,"{""P47466"": 5}"
NFEXYFEXA,"{""P47345"": 84}"
NFEXYFEXX,"{""P47345"": 20}"
NFEXYFEKA,"{""P47345"": 3}"
NFEXSGRFI,"{""P47416"": 2}"
NFEXSGXFI,"{""P47416"": 1}"
NFESLSELS,"{""P47459"": 613}"
NFEIEIIXL,"{""P47394"": 101}"
NFEIEIIXX,"{""P47394"": 21}"
NFEIEIIKL,"{""P47394"": 4}"
NFEIAXXXX,"{""P47667"": 115}"
NFEIAXXLN,"{""P47667"": 1}"
NFEIAKXXX,"{""P47667"": 3}"
NFEKGIYVD,"{""P47686"": 29}"
NFEKYFEXA,"{""P47345"": 3}"
NFEKYFEXX,"{""P47345"": 1}"
NFEKVSYFD,"{""P47466"": 6}"
NFEKVSXFD,"{""P47466"": 1}"
NFEKQAEVL,"{""P47580"": 2}"
NFETEMQWI,"{""P47604"": 25}"
NFXXXXXXX,"{""P47635"": 469, ""P47642"": 110, ""P47401"": 587, ""P47426"": 89, ""P47259"": 92, ""P47702"": 39, ""P47549"": 19, ""P47545"": 19, ""P47280"": 20, ""Q49420"": 17}"
NFXXFSAIF,"{""P47702"": 108}"
NFXXGVILF,"{""P47259"": 33}"
NFXXLRXTI,"{""P47426"": 7}"
NFXXLRXXX,"{""P47426"": 2}"
NFXXLRKTI,"{""P47426"": 1}"
NFXXLXXTI,"{""P47426"": 8}"
NFXXLXXXX,"{""P47426"": 2}"
NFXDGSLSF,"{""P47642"": 514}"
NFXDILQAN,"{""P47549"": 97}"
NFXLXXXXX,"{""P47635"": 20}"
NFXLXXHDX,"{""P47635"": 4}"
NFXLXYHDX,"{""P47635"": 76}"
NFXLXYHDK,"{""P47635"": 2}"
NFXLKXHDX,"{""P47635"": 1}"
NFXLKYHDX,"{""P47635"": 1}"
NFXFNTSFI,"{""P47635"": 135}"
NFXWFENNX,"{""Q49420"": 100}"
NFXWFENNK,"{""Q49420"": 6}"
NFXEQVQGX,"{""P47280"": 97}"
NFXEENVDD,"{""P47551"": 22}"
NFXQXIGYI,"{""P47545"": 92}"
NFXQXIGXI,"{""P47545"": 4}"
NFXQXXXXX,"{""P47545"": 18}"
NFXQKIGYI,"{""P47545"": 6}"
NFXNDXHXT,"{""P47683"": 15}"
NFXNDXHXX,"{""P47683"": 2}"
NFXNDXXXX,"{""P47683"": 3}"
NFXNFGIMA,"{""P47335"": 6}"
NFXKLRXTI,"{""P47426"": 1}"
NFXKFSAIF,"{""P47702"": 1}"
NFXKGVILF,"{""P47259"": 1}"
NFPGITGIV,"{""P47300"": 166}"
NFPNARVXY,"{""P35888"": 26}"
NFPNARVXX,"{""P35888"": 102}"
NFPNARVKY,"{""P35888"": 1}"
NFPNAXVXX,"{""P35888"": 30}"
NFPNAXVXY,"{""P35888"": 2}"
NFPNAXVKY,"{""P35888"": 1}"
NFPXEEXEX,"{""P47547"": 75}"
NFPXEEXEK,"{""P47547"": 4}"
NFPXEEXXX,"{""P47547"": 14}"
NFPXEEKEX,"{""P47547"": 5}"
NFPXXXXXX,"{""P47547"": 18}"
NFPAIXTYL,"{""P47655"": 2}"
NFPAIRTYL,"{""P47655"": 2}"
NFPKEEXEX,"{""P47547"": 2}"
NFVEYVDXS,"{""P47551"": 83}"
NFVEYVDXX,"{""P47551"": 14}"
NFVEYVDKS,"{""P47551"": 5}"
NFVEXVDXX,"{""P47551"": 4}"
NFVEXVDXS,"{""P47551"": 5}"
NFVNFFETI,"{""P47498"": 656}"
NFVXQSNNL,"{""P47661"": 100}"
NFVXXXXXX,"{""P47661"": 24}"
NFVVXSIGN,"{""P47343"": 94}"
NFVVXXXXX,"{""P47343"": 22}"
NFVVKSIGN,"{""P47343"": 5}"
NFVSLTSXS,"{""P47706"": 102}"
NFVSLTSXX,"{""P47706"": 19}"
NFVSLTSKS,"{""P47706"": 2}"
NFVFQNLRI,"{""Q49426"": 26}"
NFVFQNLXI,"{""Q49426"": 7}"
NFVKQSNNL,"{""P47661"": 3}"
NFTILSTHF,"{""P47681"": 123}"
NFTFXASIF,"{""P47502"": 22}"
NFTFXXXXX,"{""P47502"": 88}"
NFTFKASIF,"{""P47502"": 1}"
NFTXDLLLF,"{""P47609"": 2}"
NFTRDLLLF,"{""P47609"": 3}"
NFANTXDVY,"{""P47527"": 454}"
NFANTXDVX,"{""P47527"": 23}"
NFANTXXXX,"{""P47527"": 140}"
NFANTKDVY,"{""P47527"": 20}"
NFANELSEA,"{""P47523"": 589}"
NFANSNFNN,"{""P47551"": 113}"
NFASDXGFX,"{""P47498"": 7}"
NFASDYGFX,"{""P47498"": 138}"
NFASDYGFK,"{""P47498"": 4}"
NFAENSSNF,"{""P47612"": 119}"
NFLSQPFFV,"{""P47639"": 639}"
NFLSFSSSI,"{""P47428"": 29}"
NFLFWXXXX,"{""Q49430"": 471}"
NFLFWXQYX,"{""Q49430"": 20}"
NFLFWXQYR,"{""Q49430"": 88}"
NFLFWXQXX,"{""Q49430"": 1}"
NFLFWXQXR,"{""Q49430"": 5}"
NFLFWKQYR,"{""Q49430"": 2}"
NFLFDRSIL,"{""P47516"": 116}"
NFLFDXSIL,"{""P47516"": 32}"
NFLQEIGRN,"{""P47597"": 127}"
NFLQEIGXN,"{""P47597"": 20}"
NFLPLEXQI,"{""P47619"": 106}"
NFLPLEXXX,"{""P47619"": 14}"
NFLPLEKQI,"{""P47619"": 5}"
NFLIINQFN,"{""P47534"": 121}"
NFLTEFIAT,"{""P47279"": 41}"
NFFCGQSNC,"{""Q49434"": 121}"
NFFCGQSNX,"{""Q49434"": 7}"
NFFQINEXX,"{""P47498"": 482}"
NFFQINEXN,"{""P47498"": 116}"
NFFQINEKN,"{""P47498"": 5}"
NFFXLTLLT,"{""P47652"": 499}"
NFFXXXXXX,"{""P47652"": 100}"
NFFXGQSNC,"{""Q49434"": 5}"
NFFERAVQN,"{""Q49405"": 126}"
NFFEXAVQN,"{""Q49405"": 45}"
NFFPPLFXI,"{""P47460"": 93}"
NFFPPLFXX,"{""P47460"": 22}"
NFFPPLFKI,"{""P47460"": 4}"
NFFNFIQAN,"{""P47614"": 126}"
NFFDNLTST,"{""P47351"": 26}"
NFFKLTLLT,"{""P47652"": 28}"
NFQFQXXXX,"{""P47460"": 24}"
NFQFQXNHM,"{""P47460"": 98}"
NFQFQKNHM,"{""P47460"": 5}"
NFQTADLSV,"{""Q49414"": 119}"
NFQLXLEXI,"{""P47650"": 82}"
NFQLXLEXX,"{""P47650"": 10}"
NFQLXLEKI,"{""P47650"": 4}"
NFQLXXXXX,"{""P47650"": 22}"
NFQLKLEXI,"{""P47650"": 7}"
NFQLKLEXX,"{""P47650"": 2}"
NFQLSEIRQ,"{""P47445"": 22}"
NFQLSEIXQ,"{""P47445"": 8}"
NFQIHNPNI,"{""P47682"": 149}"
NFQRFSNEA,"{""P47460"": 34}"
NFQNQAXXI,"{""P47330"": 3}"
NFQNQAXXX,"{""P47330"": 3}"
NFQNQAXKI,"{""P47330"": 1}"
NFQNQARXI,"{""P47330"": 7}"
NFQNQARXX,"{""P47330"": 14}"
NFQXFSNEA,"{""P47460"": 4}"
NFGXRFXXX,"{""P47679"": 80}"
NFGXRFXHF,"{""P47679"": 24}"
NFGXRFKHF,"{""P47679"": 3}"
NFGXXXXXX,"{""P47679"": 477}"
NFGXXFXXX,"{""P47679"": 29}"
NFGXXFXHF,"{""P47679"": 4}"
NFGIMAHID,"{""P47335"": 597}"
NFGTNGNNG,"{""P47563"": 109}"
NFGFDENTX,"{""P47368"": 4}"
NFGFDENTY,"{""P47368"": 105}"
NFGKRFXXX,"{""P47679"": 4}"
NFGKRFXHF,"{""P47679"": 2}"
NFGKXFXXX,"{""P47679"": 3}"
NFYEENVDD,"{""P47551"": 545}"
NFKEQVQGX,"{""P47280"": 5}"
NFKDGSLSF,"{""P47642"": 25}"
NFKDILQAN,"{""P47549"": 4}"
NFKLXYHDX,"{""P47635"": 4}"
NFKXXXXXX,"{""P47426"": 7, ""P47259"": 3}"
NFKXLRXTI,"{""P47426"": 2}"
NFKXLXXTI,"{""P47426"": 1}"
NFKXGVILF,"{""P47259"": 1}"
NFKXFSAIF,"{""P47702"": 4}"
NFKFNTSFI,"{""P47635"": 3}"
NFKKLRXXX,"{""P47426"": 1}"
NFKKFSAIF,"{""P47702"": 1}"
NFKQXXXXX,"{""P47545"": 1}"
NFKQXIGYI,"{""P47545"": 2}"
NFKWFENNX,"{""Q49420"": 4}"
NFRNFGIMA,"{""P47335"": 17}"
NSLLEAINP,"{""P47259"": 126}"
NSLLRFILG,"{""P47587"": 122}"
NSLLXFILG,"{""P47587"": 45}"
NSLLSAQRL,"{""P47618"": 12}"
NSLLSAQXL,"{""P47618"": 1}"
NSLXXLMLL,"{""P47487"": 8}"
NSLXXXXXX,"{""P47487"": 2}"
NSLXSFSFP,"{""P47549"": 8}"
NSLNDNSEI,"{""P35888"": 650}"
NSLNXVLLN,"{""P47483"": 117}"
NSLNXXXXX,"{""P47483"": 14}"
NSLNKVLLN,"{""P47483"": 5}"
NSLSLSLVE,"{""P47429"": 632}"
NSLFXNNYD,"{""P47386"": 507}"
NSLFXNNXD,"{""P47386"": 34}"
NSLFXXXXX,"{""P47386"": 84}"
NSLFKNNYD,"{""P47386"": 21}"
NSLFKNNXD,"{""P47386"": 2}"
NSLYSFSFP,"{""P47549"": 124}"
NSLTDLLNL,"{""P47637"": 119}"
NSLIVAXDD,"{""P47451"": 103}"
NSLIVAXXX,"{""P47451"": 22}"
NSLIVAKDD,"{""P47451"": 3}"
NSLIQQSQL,"{""P47640"": 125}"
NSLAVEMEA,"{""P47295"": 123}"
NSLGEVIAN,"{""P47669"": 115}"
NSLDLNGFE,"{""P47457"": 120}"
NSLRXLMLL,"{""P47487"": 14}"
NSLRXXXXX,"{""P47487"": 2}"
NSSGEVXLE,"{""P20796"": 104}"
NSSGEVXXX,"{""P20796"": 23}"
NSSGEVKLE,"{""P20796"": 5}"
NSSFIESNN,"{""P47581"": 115}"
NSSSGAMDI,"{""P47597"": 568}"
NSSSPIALP,"{""P20796"": 130}"
NSSSXTERD,"{""P47549"": 22}"
NSSSXTEXD,"{""P47549"": 9}"
NSSSXXXXX,"{""P47549"": 93}"
NSSSKTERD,"{""P47549"": 2}"
NSSTSPLYL,"{""P47363"": 600}"
NSSTSPLXL,"{""P47363"": 31}"
NSSDFHSES,"{""P47376"": 124}"
NSSDDNLKY,"{""P20796"": 4}"
NSSDDNLKX,"{""P20796"": 1}"
NSSDDNLXY,"{""P20796"": 98}"
NSSDDNLXX,"{""P20796"": 37}"
NSSLPFSLN,"{""P47582"": 142}"
NSSYSHCFY,"{""P47587"": 124}"
NSSYSHCFX,"{""P47587"": 6}"
NSSYSHXFY,"{""P47587"": 5}"
NSSVAQIVH,"{""P47641"": 129}"
NSSXSHCFY,"{""P47587"": 9}"
NSSXSHCFX,"{""P47587"": 1}"
NSNNTITIP,"{""P47372"": 637}"
NSNDFFSLF,"{""P47416"": 588}"
NSNTLTTVY,"{""P47264"": 25}"
NSNTLTTVX,"{""P47264"": 2}"
NSNXAEYGG,"{""P47322"": 85}"
NSNXAEXGG,"{""P47322"": 7}"
NSNXXXXXX,"{""P47322"": 21}"
NSNKAEYGG,"{""P47322"": 5}"
NSFNLXGGG,"{""P47534"": 474}"
NSFNLXXXX,"{""P47534"": 124}"
NSFNLKGGG,"{""P47534"": 20}"
NSFDPIVAT,"{""P47566"": 133}"
NSFLYSLIS,"{""P47434"": 590}"
NSFLXSLIS,"{""P47434"": 32}"
NSFEEQXXX,"{""Q49419"": 23}"
NSFEEQXXA,"{""Q49419"": 90}"
NSFEEQXKA,"{""Q49419"": 6}"
NSFEEQKXA,"{""Q49419"": 1}"
NSFEEQKKA,"{""Q49419"": 1}"
NSFSSVTIA,"{""P47277"": 120}"
NSFSXNSEL,"{""P47678"": 555}"
NSFSXXXXX,"{""P47678"": 95}"
NSFSLSSXX,"{""P47606"": 19}"
NSFSLSSXE,"{""P47606"": 99}"
NSFSLSSKE,"{""P47606"": 2}"
NSFSKNSEL,"{""P47678"": 21}"
NSFVHXLHP,"{""P47427"": 514}"
NSFVHXXXX,"{""P47427"": 81}"
NSFVHKLHP,"{""P47427"": 20}"
NSFXSXDXN,"{""P47653"": 71}"
NSFXSXDXX,"{""P47653"": 8}"
NSFXSXXXX,"{""P47653"": 14}"
NSFXSKDXN,"{""P47653"": 2}"
NSFXSKDXX,"{""P47653"": 1}"
NSFXXXXXX,"{""P47653"": 21}"
NSFTSQXEN,"{""P47655"": 92}"
NSFTSQXXX,"{""P47655"": 23}"
NSFTSQKEN,"{""P47655"": 5}"
NSFIXELLN,"{""P47321"": 111}"
NSFIXXXXX,"{""P47321"": 21}"
NSFIKELLN,"{""P47321"": 6}"
NSFGYAYXX,"{""P47592"": 106}"
NSFGYAYXK,"{""P47592"": 1}"
NSFGYAYKX,"{""P47592"": 3}"
NSFGYAXXX,"{""P47592"": 3}"
NSFGYAXXK,"{""P47592"": 1}"
NSFGXAYXX,"{""P47592"": 2}"
NSFKSXXXX,"{""P47653"": 1}"
NSFKSXDXN,"{""P47653"": 1}"
NSHGGXDVH,"{""P47257"": 478}"
NSHGGXXXX,"{""P47257"": 116}"
NSHGGKDVH,"{""P47257"": 27}"
NSHXXVXDL,"{""P47506"": 320}"
NSHXXVXXX,"{""P47506"": 65}"
NSHXXVKDL,"{""P47506"": 15}"
NSHXXXXXX,"{""P47506"": 164}"
NSHXKVXDL,"{""P47506"": 17}"
NSHXKVXXX,"{""P47506"": 3}"
NSHXKVKDL,"{""P47506"": 1}"
NSHFFQFFQ,"{""Q49400"": 108}"
NSHLYVLPL,"{""P47688"": 130}"
NSHLXVLPL,"{""P47688"": 7}"
NSHKXXXXX,"{""P47506"": 9}"
NSHKXVXDL,"{""P47506"": 23}"
NSHKXVXXX,"{""P47506"": 6}"
NSHKXVKDL,"{""P47506"": 1}"
NSHKKVXXX,"{""P47506"": 1}"
NSHKKVXDL,"{""P47506"": 1}"
NSIDSSFNS,"{""P47522"": 632}"
NSISADLIF,"{""P47678"": 120}"
NSICLVSAX,"{""P47384"": 117}"
NSICLVSAK,"{""P47384"": 4}"
NSIPVENIQ,"{""P47285"": 135}"
NSIIPSIPL,"{""P47323"": 9}"
NSIXLVSAX,"{""P47384"": 4}"
NSELNQDXX,"{""P47678"": 111}"
NSELNQDKX,"{""P47678"": 3}"
NSEIDIEAX,"{""P47350"": 606}"
NSEIDIEAK,"{""P47350"": 29}"
NSEIETIST,"{""P47581"": 30}"
NSEFYWQET,"{""P47525"": 599}"
NSEFXWQET,"{""P47525"": 27}"
NSEXXXXXX,"{""P47619"": 101}"
NSEXLSTNL,"{""P47619"": 17}"
NSEDLRPIL,"{""P47533"": 18}"
NSEDLXPIL,"{""P47533"": 6}"
NSEKLSTNL,"{""P47619"": 2}"
NSXFSALET,"{""P47614"": 119}"
NSXFAYXQL,"{""Q49404"": 4}"
NSXFAYXXX,"{""Q49404"": 1}"
NSXFFLLIT,"{""P47290"": 1}"
NSXLHPXXX,"{""P47582"": 391}"
NSXLHPXNM,"{""P47582"": 89}"
NSXLHPKNM,"{""P47582"": 3}"
NSXLXXXXX,"{""P47484"": 7}"
NSXLXXFVN,"{""P47484"": 1}"
NSXEXLAFV,"{""P47631"": 92}"
NSXEXXXXX,"{""P47631"": 10}"
NSXEKLAFV,"{""P47631"": 4}"
NSXXXXXXX,"{""P47635"": 19, ""P47582"": 136, ""P47631"": 20, ""P47614"": 15, ""P47593"": 35, ""P47353"": 23, ""P47429"": 2}"
NSXXWDLSV,"{""P47429"": 5}"
NSXTHXXXX,"{""P47635"": 87}"
NSXTHXDNI,"{""P47635"": 19}"
NSXVXXXXX,"{""P47353"": 78}"
NSXVXIILT,"{""P47353"": 16}"
NSXVATLNG,"{""P47251"": 3}"
NSXCYQINL,"{""P47476"": 10}"
NSXCHLDXH,"{""P47508"": 5}"
NSXCHLDXX,"{""P47508"": 1}"
NSXCHLDKH,"{""P47508"": 1}"
NSXIXXXXX,"{""P47593"": 90}"
NSXSFQIDX,"{""P47655"": 6}"
NSPPLTFVA,"{""Q49402"": 125}"
NSPLFNVNN,"{""Q49415"": 25}"
NSADHEFFX,"{""P47492"": 124}"
NSADHEFFK,"{""P47492"": 1}"
NSADFLGSS,"{""P47342"": 123}"
NSANQVVEE,"{""P47579"": 125}"
NSANIYVFP,"{""P47541"": 110}"
NSANIXVFP,"{""P47541"": 6}"
NSAFYXSDS,"{""P47685"": 115}"
NSAFYXXXX,"{""P47685"": 20}"
NSAFYKSDS,"{""P47685"": 2}"
NSAFXXSDS,"{""P47685"": 7}"
NSAFXXXXX,"{""P47685"": 1}"
NSDQTTXTA,"{""P47502"": 109}"
NSDQTTXXX,"{""P47502"": 23}"
NSDQTTKTA,"{""P47502"": 5}"
NSDAGXTFI,"{""P47373"": 100}"
NSDAGXXXX,"{""P47373"": 15}"
NSDAGKTFI,"{""P47373"": 3}"
NSDSHLGHV,"{""P47686"": 30}"
NSDXDLGIL,"{""P47636"": 105}"
NSDXLVFNA,"{""P47657"": 97}"
NSDXXXXXX,"{""P47657"": 26, ""P47636"": 19}"
NSDKDLGIL,"{""P47636"": 3}"
NSDKLVFNA,"{""P47657"": 5}"
NSYCHLDXH,"{""P47508"": 104}"
NSYCHLDXX,"{""P47508"": 3}"
NSYCHLDKH,"{""P47508"": 9}"
NSYCYQINL,"{""P47476"": 109}"
NSYCXQINL,"{""P47476"": 3}"
NSYFAYXXX,"{""Q49404"": 23}"
NSYFAYXQL,"{""Q49404"": 92}"
NSYFAYKQL,"{""Q49404"": 4}"
NSYFAXXQL,"{""Q49404"": 7}"
NSYFFLLIT,"{""P47290"": 25}"
NSYXWDLSV,"{""P47429"": 85}"
NSYXHLDXH,"{""P47508"": 4}"
NSYXXXXXX,"{""P47429"": 16}"
NSYXYQINL,"{""P47476"": 5}"
NSYVATLNG,"{""P47251"": 34}"
NSYLXXXXX,"{""P47484"": 102}"
NSYLXXFVN,"{""P47484"": 4}"
NSYLKXXXX,"{""P47484"": 2}"
NSYSFQIDX,"{""P47655"": 106}"
NSYSFQIDK,"{""P47655"": 9}"
NSYKWDLSV,"{""P47429"": 2}"
NSGFTTPXH,"{""P47662"": 478}"
NSGFTTPXX,"{""P47662"": 118}"
NSGFTTPKH,"{""P47662"": 22}"
NSGFIRSLD,"{""P47350"": 18}"
NSGFIXSLD,"{""P47350"": 5}"
NSGGGWINX,"{""Q9ZB74"": 142}"
NSGGGWINK,"{""Q9ZB74"": 8}"
NSGXTDXXX,"{""Q49434"": 1}"
NSGXTDXFN,"{""Q49434"": 8}"
NSGRTDXFN,"{""Q49434"": 12}"
NSGRTDXXX,"{""Q49434"": 3}"
NSGRTDKFN,"{""Q49434"": 1}"
NSVXFXRXX,"{""P47523"": 11}"
NSVXFXRXL,"{""P47523"": 6}"
NSVXFXXXX,"{""P47523"": 86}"
NSVXXXXXX,"{""P47523"": 31}"
NSVLIPGGX,"{""Q49396"": 132}"
NSVLIPGGK,"{""Q49396"": 2}"
NSVLTSFFV,"{""P47322"": 27}"
NSVANHEIN,"{""P47433"": 113}"
NSVKFXXXX,"{""P47523"": 4}"
NSTANXXXX,"{""P47458"": 90}"
NSTANXSXF,"{""P47458"": 7}"
NSTANXSRF,"{""P47458"": 16}"
NSTPLTQAN,"{""P47497"": 149}"
NSTXETTQV,"{""P47592"": 110}"
NSTXXXXXX,"{""P47592"": 20}"
NSTKETTQV,"{""P47592"": 5}"
NSKLHPXNM,"{""P47582"": 8}"
NSKLHPXXX,"{""P47582"": 16}"
NSKEXLAFV,"{""P47631"": 4}"
NSKEXXXXX,"{""P47631"": 3}"
NSKVXXXXX,"{""P47353"": 7}"
NSKTHXXXX,"{""P47635"": 2}"
NSKTHXDNI,"{""P47635"": 2}"
NSKIXXXXX,"{""P47593"": 1}"
NSKFSALET,"{""P47614"": 6}"
NSQLQVVCL,"{""P47364"": 23}"
NSQYNPAVG,"{""P47640"": 23}"
NSQXNPAVG,"{""P47640"": 4}"
NSWSSDIHS,"{""P47653"": 30}"
NXQNXLCGD,"{""P47259"": 390}"
NXQNXLXGD,"{""P47259"": 15}"
NXQNXXXXX,"{""P47259"": 80}"
NXQNANXXX,"{""P47467"": 100}"
NXQNKLCGD,"{""P47259"": 21}"
NXQEIVQEY,"{""P47366"": 114}"
NXQEIVQEX,"{""P47366"": 6}"
NXQEVVDLF,"{""P47575"": 83}"
NXQSVFEEX,"{""Q49413"": 123}"
NXQSVFEEK,"{""Q49413"": 1}"
NXQIWMNGL,"{""P47551"": 512}"
NXQIFCHII,"{""Q49424"": 97}"
NXQIFXHII,"{""Q49424"": 8}"
NXQIVAIDE,"{""P47280"": 3}"
NXQQLQETS,"{""P47484"": 25}"
NXQXRADYL,"{""P47455"": 17}"
NXQXNPXQX,"{""P47368"": 69}"
NXQXNPXQK,"{""P47368"": 2}"
NXQXNPXXX,"{""P47368"": 11}"
NXQXNPKQX,"{""P47368"": 1}"
NXQXXXXXX,"{""P47455"": 82, ""P47368"": 17, ""Q9ZB71"": 2}"
NXQXXADYL,"{""P47455"": 6}"
NXQXXADXL,"{""P47455"": 2}"
NXQLEIMSL,"{""P47702"": 33}"
NXQLIPLDF,"{""P47345"": 11}"
NXQLRAIXN,"{""P47455"": 22}"
NXQLRAIXX,"{""P47455"": 4}"
NXQLRAIKN,"{""P47455"": 1}"
NXQLXAIXX,"{""P47455"": 1}"
NXQLXAIXN,"{""P47455"": 2}"
NXQLXAIKN,"{""P47455"": 1}"
NXQLLANNH,"{""P47548"": 2}"
NXQVLFDIN,"{""P47650"": 85}"
NXQAGVELC,"{""P47628"": 9}"
NXQPDEITE,"{""P47390"": 22}"
NXQPRINEA,"{""Q49429"": 2}"
NXQKNPXQX,"{""P47368"": 3}"
NXQKNPKQX,"{""P47368"": 1}"
NXQKRADYL,"{""P47455"": 1}"
NXQGNDIGT,"{""P47648"": 6}"
NXDIYIFQS,"{""P47304"": 447}"
NXDIXIFQS,"{""P47304"": 32}"
NXDITTMVE,"{""P47486"": 4}"
NXDANWXXX,"{""P47279"": 80}"
NXDQFLGXQ,"{""P47345"": 16}"
NXDQFLGXX,"{""P47345"": 4}"
NXDQFLGKQ,"{""P47345"": 1}"
NXDXXXXXX,"{""P47571"": 15}"
NXDXPVILV,"{""P47571"": 92}"
NXDTEYIQA,"{""P47324"": 91}"
NXDTEXIQA,"{""P47324"": 4}"
NXDHISXXX,"{""P47394"": 60}"
NXDHISXLV,"{""P47394"": 18}"
NXDNTLSXX,"{""P47520"": 1}"
NXDNTLSXI,"{""P47520"": 6}"
NXDNTLSKI,"{""P47520"": 1}"
NXDDXSVLE,"{""P47607"": 5}"
NXDDXXXXX,"{""P47607"": 3}"
NXDLIXVLA,"{""P47691"": 94}"
NXDLIXXXX,"{""P47691"": 18}"
NXDLIKVLA,"{""P47691"": 4}"
NXDFNLVSD,"{""P47576"": 5}"
NXDVNRFES,"{""P47508"": 15}"
NXDVNXFES,"{""P47508"": 5}"
NXDKPVILV,"{""P47571"": 2}"
NXDYHYXVL,"{""P47496"": 1}"
NXDYHYYVL,"{""P47496"": 6}"
NXLXXXXXX,"{""P47368"": 78, ""P47450"": 35, ""P47437"": 83, ""P47312"": 19, ""P47466"": 10, ""P47661"": 21}"
NXLXXSSIX,"{""P47450"": 55}"
NXLXXSSIK,"{""P47450"": 1}"
NXLXXHXXX,"{""P47368"": 1}"
NXLXXHXXD,"{""P47368"": 3}"
NXLXDFLNQ,"{""P47312"": 5}"
NXLXIAAYE,"{""P47661"": 88}"
NXLXIAAXE,"{""P47661"": 2}"
NXLXIGVFG,"{""P47466"": 86}"
NXLXRHXXD,"{""P47368"": 11}"
NXLXRHXXX,"{""P47368"": 5}"
NXLXANYFG,"{""P47437"": 17}"
NXLXANXFG,"{""P47437"": 1}"
NXLXPPVMQ,"{""P47277"": 5}"
NXLXPIQEA,"{""P47328"": 5}"
NXLXKSSIX,"{""P47450"": 1}"
NXLXLXLAL,"{""P47465"": 3}"
NXLLXXQFE,"{""P47446"": 333}"
NXLLXXXXX,"{""P47694"": 154, ""P47446"": 143, ""P47460"": 4}"
NXLLXXVNX,"{""P47694"": 304}"
NXLLXXVNK,"{""P47694"": 3}"
NXLLXKVNX,"{""P47694"": 21}"
NXLLXKVNK,"{""P47694"": 1}"
NXLLXKQFE,"{""P47446"": 11}"
NXLLISLDE,"{""P47591"": 115}"
NXLLIQDHT,"{""P47466"": 111}"
NXLLAAALT,"{""P47283"": 104}"
NXLLVXXXX,"{""P47576"": 72}"
NXLLVXSIP,"{""P47576"": 22}"
NXLLKXVNX,"{""P47694"": 13}"
NXLLKXQFE,"{""P47446"": 16}"
NXLLKXXXX,"{""P47694"": 4, ""P47446"": 2}"
NXLLDNQQW,"{""Q49432"": 5}"
NXLLNVIDQ,"{""P47460"": 7}"
NXLLEMATL,"{""P47606"": 7}"
NXLLLFTLS,"{""Q49414"": 7}"
NXLDXXXXX,"{""Q49460"": 94}"
NXLDXVITS,"{""Q49460"": 438}"
NXLDFVLWX,"{""P47495"": 82}"
NXLDFVLWK,"{""P47495"": 3}"
NXLDFHEGL,"{""P47295"": 18}"
NXLDDCVMV,"{""P47277"": 26}"
NXLDDXVMV,"{""P47277"": 2}"
NXLDKVITS,"{""Q49460"": 14}"
NXLDELNXX,"{""P47277"": 4}"
NXLDELNXL,"{""P47277"": 1}"
NXLNDANEQ,"{""Q49419"": 114}"
NXLNEQFXQ,"{""P47394"": 78}"
NXLNEQFXX,"{""P47394"": 10}"
NXLNEQFKQ,"{""P47394"": 1}"
NXLNNTNSY,"{""P47431"": 9}"
NXLNNTNSX,"{""P47431"": 1}"
NXLASLVSK,"{""P47446"": 11}"
NXLASLVSX,"{""P47446"": 93}"
NXLAFDQID,"{""P47591"": 33}"
NXLALGQYI,"{""P47271"": 94}"
NXLALGQXI,"{""P47271"": 7}"
NXLAXVFQA,"{""P47464"": 9}"
NXLAXXXXX,"{""P47464"": 17}"
NXLYPPVMQ,"{""P47277"": 104}"
NXLYPIQEA,"{""P47328"": 81}"
NXLQEHXEI,"{""P47691"": 18}"
NXLQEHXXX,"{""P47691"": 64}"
NXLIVDDMI,"{""P47304"": 7}"
NXLIXDGDV,"{""P47270"": 4}"
NXLIXXXXX,"{""P47270"": 1}"
NXLRLXLAL,"{""P47465"": 21}"
NXLRLXXXX,"{""P47465"": 7}"
NXLKIGVFG,"{""P47466"": 4}"
NXLKIAAYE,"{""P47661"": 2}"
NXLKXSSIX,"{""P47450"": 4}"
NXLKXXXXX,"{""P47450"": 2}"
NXLKKSSIK,"{""P47450"": 1}"
NXLKDFLNQ,"{""P47312"": 1}"
NXLFTSFVS,"{""P47551"": 34}"
NXLVGDGIA,"{""P47315"": 8}"
NXLVNSXXX,"{""P47386"": 2}"
NXLVNSXTX,"{""P47386"": 4}"
NXLTNNELE,"{""P47391"": 25}"
NXLTSLVYD,"{""P47655"": 4}"
NXLTQEGFX,"{""P47524"": 5}"
NXLPPFSAT,"{""P47345"": 6}"
NXLPVXXGL,"{""P47537"": 4}"
NXLPVXKGL,"{""P47537"": 1}"
NXLSTXQNQ,"{""P47302"": 1}"
NXLSTYQNQ,"{""P47302"": 7}"
NXLGYSXLQ,"{""P47437"": 2}"
NXLGYSKLQ,"{""P47437"": 1}"
NXGLVEQTT,"{""P47695"": 485}"
NXGGSGIVL,"{""P47408"": 108}"
NXGVGFSLL,"{""Q49401"": 509}"
NXGVQIITN,"{""P47513"": 24}"
NXGPIMCLV,"{""P47481"": 109}"
NXGPIMXLV,"{""P47481"": 9}"
NXGPVQXXQ,"{""P47355"": 2}"
NXGPVQXXX,"{""P47355"": 1}"
NXGPVQXKQ,"{""P47355"": 2}"
NXGIXLLLD,"{""P47335"": 83}"
NXGIXXXXX,"{""P47335"": 16}"
NXGIVINGX,"{""P47388"": 1}"
NXGIVINGC,"{""P47388"": 2}"
NXGIKLLLD,"{""P47335"": 2}"
NXGSFRQWV,"{""P47315"": 4}"
NXGSFXQWV,"{""P47315"": 2}"
NXGADAVRL,"{""P47576"": 8}"
NXXALQAGF,"{""P20796"": 422}"
NXXALVVYD,"{""P47257"": 3}"
NXXAVLCTV,"{""P47525"": 79}"
NXXAVLXTV,"{""P47525"": 6}"
NXXASANII,"{""P47359"": 7}"
NXXASFLDX,"{""P47248"": 7}"
NXXXXXXXX,"{""P47298"": 94, ""P47513"": 235, ""P47582"": 472, ""P47328"": 13, ""P47284"": 48, ""P47269"": 565, ""P47506"": 587, ""P47650"": 119, ""P47664"": 624, ""P47287"": 126, ""P47414"": 666, ""P47443"": 122, ""P47694"": 105, ""P47390"": 109, ""Q49419"": 123, ""P47576"": 151, ""P47299"": 92, ""P47277"": 16, ""P47597"": 97, ""P47335"": 124, ""P47583"": 540, ""P47302"": 100, ""P47468"": 141, ""Q49405"": 118, ""Q49420"": 99, ""Q49460"": 101, ""P47551"": 197, ""P56723"": 100, ""P47655"": 153, ""P47259"": 245, ""P47315"": 133, ""P47466"": 127, ""P47261"": 126, ""P47577"": 97, ""P47585"": 98, ""Q49414"": 535, ""P47304"": 145, ""P47512"": 73, ""Q49401"": 126, ""P47481"": 46, ""P47587"": 18, ""P47486"": 136, ""P47366"": 29, ""Q49428"": 101, ""P47613"": 96, ""P47465"": 196, ""P47368"": 77, ""P47624"": 39, ""P47359"": 96, ""P47688"": 140, ""P47510"": 12, ""P47446"": 130, ""P47599"": 82, ""P47669"": 114, ""P47429"": 15, ""P47283"": 63, ""P47684"": 37, ""P47357"": 29, ""P47516"": 20, ""Q9ZB70"": 465, ""P47460"": 132, ""P47308"": 23, ""P47542"": 20, ""P47385"": 118, ""P47508"": 98, ""P47409"": 210, ""P47324"": 171, ""P47565"": 112, ""P20796"": 175, ""P47581"": 23, ""P47661"": 133, ""P47295"": 107, ""P47437"": 49, ""P47495"": 22, ""P47618"": 126, ""P47525"": 29, ""P47326"": 137, ""P47691"": 36, ""P47621"": 31, ""P47285"": 91, ""P47325"": 23, ""P47266"": 96, ""P47637"": 27, ""P47622"": 19, ""P47455"": 128, ""P47264"": 127, ""P47571"": 28, ""P47393"": 7, ""P47653"": 28, ""P47520"": 33, ""P47394"": 46, ""P47271"": 17, ""P47448"": 25, ""P47591"": 23, ""P47695"": 129, ""P47369"": 22, ""Q49436"": 25, ""P47526"": 2, ""P47484"": 76, ""P47254"": 34, ""P47635"": 96, ""P47606"": 21, ""P47502"": 20, ""P47400"": 31, ""P47467"": 23, ""P47607"": 14, ""P47705"": 28, ""P47579"": 11, ""P47450"": 20, ""P36263"": 40, ""P47493"": 16, ""P47279"": 35, ""P47497"": 22, ""Q49429"": 29, ""P47278"": 27, ""Q49430"": 52, ""Q49413"": 9, ""P47288"": 17, ""P47248"": 21, ""P47575"": 17, ""P47398"": 5, ""P47289"": 16, ""Q49433"": 19, ""P22746"": 23, ""P47408"": 17, ""P47365"": 16, ""P47701"": 20, ""Q49424"": 21, ""P47657"": 17, ""P47388"": 19, ""P47483"": 15, ""P47530"": 20, ""Q57081"": 21, ""P47631"": 15, ""P47307"": 17, ""P47534"": 18, ""P47257"": 1, ""P47625"": 1}"
NXXXHSXXX,"{""Q49426"": 1}"
NXXXHSXRI,"{""Q49426"": 1}"
NXXXQYMLN,"{""P47576"": 1}"
NXXYNLSNA,"{""P47583"": 5}"
NXXYFNNAG,"{""P47512"": 7}"
NXXMWSFLE,"{""P47409"": 385}"
NXXMPLVAX,"{""P47283"": 79}"
NXXQQVTDF,"{""P36263"": 72}"
NXXQSXSLA,"{""P47526"": 3}"
NXXQSXXXX,"{""P47526"": 1}"
NXXDFFVFX,"{""P47254"": 3}"
NXXDFFVFY,"{""P47254"": 85}"
NXXDFITNL,"{""P47577"": 20}"
NXXDNYQNV,"{""P47618"": 68}"
NXXDNXQNV,"{""P47618"": 3}"
NXXHLFAED,"{""P47624"": 68}"
NXXVIIVNQ,"{""P47621"": 77}"
NXXVLNNIX,"{""P47705"": 69}"
NXXVLNNIK,"{""P47705"": 1}"
NXXVLEIDN,"{""P47662"": 1}"
NXXVEIDNF,"{""P47510"": 27}"
NXXVPLASD,"{""P47664"": 15}"
NXXVSQQAL,"{""P47534"": 3}"
NXXENLNLX,"{""P47520"": 71}"
NXXENLNLK,"{""P47520"": 1}"
NXXELEQAX,"{""P47443"": 85}"
NXXELEQAK,"{""P47443"": 1}"
NXXETSPXX,"{""P47684"": 73}"
NXXEIQNLG,"{""P47625"": 4}"
NXXERVSRL,"{""P47335"": 4}"
NXXERVSXL,"{""P47335"": 1}"
NXXEXVSRL,"{""P47335"": 1}"
NXXEXVSXL,"{""P47335"": 1}"
NXXTGAYSI,"{""P47429"": 4}"
NXXLKLNXX,"{""P47398"": 2}"
NXXLRIISL,"{""P47664"": 17}"
NXXLRINND,"{""P47551"": 1}"
NXXLXLNXX,"{""P47398"": 17}"
NXXLXLNKX,"{""P47398"": 2}"
NXXLXIISL,"{""P47664"": 6}"
NXXLXXXXX,"{""P47398"": 3}"
NXXNNXLYX,"{""P47582"": 14}"
NXXNNXLYK,"{""P47582"": 1}"
NXXNNXLXX,"{""P47582"": 1}"
NXXNNXXXX,"{""P47582"": 2}"
NXXNFFEXA,"{""Q49405"": 1}"
NXXGAILFV,"{""P47688"": 27}"
NXXGLLWXI,"{""P47288"": 1}"
NXXGLLWXX,"{""P47288"": 1}"
NXXSDIHSL,"{""P47278"": 6}"
NXXPACIYT,"{""P47513"": 4}"
NXXPACIXT,"{""P47513"": 2}"
NXXWYLVDA,"{""P47657"": 4}"
NXXIVLLSH,"{""P47542"": 1}"
NXXFQXHNF,"{""P47414"": 1}"
NXFXXXXXX,"{""P47315"": 471}"
NXFXTSSXX,"{""P47368"": 9}"
NXFXTSSXS,"{""P47368"": 1}"
NXFXQRNRG,"{""P47315"": 3}"
NXFXQXNXG,"{""P47315"": 1}"
NXFXQXNRG,"{""P47315"": 1}"
NXFYTSSXS,"{""P47368"": 20}"
NXFYTSSXX,"{""P47368"": 81}"
NXFYTSSKS,"{""P47368"": 1}"
NXFSFLXQA,"{""P47308"": 93}"
NXFSFLXXX,"{""P47308"": 10}"
NXFSFLKQA,"{""P47308"": 2}"
NXFSAFNXX,"{""P47390"": 6}"
NXFSYDQVN,"{""P47350"": 7}"
NXFITDAFF,"{""P47264"": 103}"
NXFINVVSN,"{""P47437"": 108}"
NXFINIHLV,"{""P47653"": 92}"
NXFEIIXXX,"{""P47277"": 25}"
NXFWTYFFL,"{""P47332"": 27}"
NXFWTXFFL,"{""P47332"": 4}"
NXFWLGGVD,"{""Q49436"": 86}"
NXFNYWXQS,"{""P47362"": 5}"
NXFNYWXXX,"{""P47362"": 1}"
NXFNDPIGY,"{""P47669"": 2}"
NXFLINGDN,"{""P47252"": 5}"
NXFLSANET,"{""P47609"": 4}"
NXFDLSSIE,"{""P47653"": 6}"
NXFPDLVQS,"{""Q49460"": 31}"
NXFPLLGTN,"{""P47324"": 17}"
NXFRELXXX,"{""P47299"": 1}"
NXFRELXXV,"{""P47299"": 1}"
NXFGXGVNE,"{""P47647"": 5}"
NXSWALITT,"{""P47357"": 94}"
NXSQNDTVF,"{""P47585"": 481}"
NXSFDPNLF,"{""P47324"": 441}"
NXSFDPLIV,"{""P47310"": 8}"
NXSFLEXAP,"{""P47576"": 75}"
NXSFLEXXX,"{""P47576"": 12}"
NXSFLEKAP,"{""P47576"": 5}"
NXSFNXXPI,"{""P47587"": 2}"
NXSFNXXXX,"{""P47587"": 3}"
NXSFNXKPI,"{""P47587"": 1}"
NXSAVFLNX,"{""P47483"": 96}"
NXSAVFLNK,"{""P47483"": 3}"
NXSAFQQNQ,"{""P47459"": 7}"
NXSIATNXS,"{""P47314"": 23}"
NXSIATNXX,"{""P47314"": 10}"
NXSIATNKS,"{""P47314"": 1}"
NXSIYLAHG,"{""P47266"": 27}"
NXSIXLAHG,"{""P47266"": 1}"
NXSVSYDFX,"{""P47701"": 89}"
NXSVSYDFK,"{""P47701"": 3}"
NXSVSXDFX,"{""P47701"": 7}"
NXSVGSILF,"{""P47681"": 1}"
NXSXIRTHY,"{""P47483"": 1}"
NXSXIRTHX,"{""P47483"": 1}"
NXSXXXXXX,"{""P47483"": 7, ""P47460"": 1}"
NXSXPIVTE,"{""P47648"": 9}"
NXSXTDVDX,"{""P47460"": 3}"
NXSXLYEYF,"{""P47460"": 1}"
NXSNSPCGM,"{""P47298"": 31}"
NXSNSPXGM,"{""P47298"": 2}"
NXSNQLEEI,"{""P47673"": 4}"
NXSDWQIFL,"{""P56723"": 34}"
NXSGLNXVI,"{""P47270"": 1}"
NXSYFTXQL,"{""P47612"": 4}"
NXSYFTKQL,"{""P47612"": 1}"
NXSLYQXMX,"{""P47260"": 9}"
NXSLYQXXX,"{""P47260"": 3}"
NXSLXDVHY,"{""P47614"": 3}"
NXSLXTDXX,"{""P47433"": 2}"
NXSLXTDXL,"{""P47433"": 3}"
NXSLXXXXX,"{""P47433"": 1}"
NXSLKTDXL,"{""P47433"": 1}"
NXSSNVQQQ,"{""Q49419"": 9}"
NXSRLYEYF,"{""P47460"": 4}"
NXSRILTLL,"{""P47386"": 1}"
NXMAPGXHG,"{""P47299"": 26}"
NXMAPGYHG,"{""P47299"": 472}"
NXETTAVGV,"{""P47284"": 106}"
NXETEFDXL,"{""P47481"": 67}"
NXETEFDXX,"{""P47481"": 26}"
NXEVXCVGN,"{""P22746"": 84}"
NXEVXXXXX,"{""P22746"": 15}"
NXEVXXVGN,"{""P22746"": 8}"
NXEVKCVGN,"{""P22746"": 7}"
NXEQIQXLT,"{""P47288"": 91}"
NXEQIQXXX,"{""P47288"": 12}"
NXEQIQKLT,"{""P47288"": 4}"
NXEQALLTI,"{""Q49414"": 24}"
NXEIXILNL,"{""P47388"": 79}"
NXEIXIEVI,"{""P47302"": 4}"
NXEIXXXXX,"{""P47388"": 14}"
NXEIRIEVI,"{""P47302"": 14}"
NXEISLLFX,"{""P47700"": 3}"
NXEISLLFK,"{""P47700"": 1}"
NXEIKILNL,"{""P47388"": 2}"
NXEIYQRHL,"{""P47340"": 1}"
NXELVRLSX,"{""P47618"": 21}"
NXELVXLSX,"{""P47618"": 6}"
NXEXVPFLA,"{""P47507"": 3}"
NXEXXXXXX,"{""P47507"": 1}"
NXEXINQLN,"{""P47609"": 1}"
NXESFLRVS,"{""Q49420"": 20}"
NXESFLXVS,"{""Q49420"": 2}"
NXESLPYNY,"{""Q49402"": 1}"
NXEYINQLN,"{""P47609"": 3}"
NXENLDLVL,"{""P35888"": 3}"
NXVYEALDS,"{""P47326"": 441}"
NXVYQLLVX,"{""Q49430"": 7}"
NXVPTTLYQ,"{""P47516"": 93}"
NXVPTTLXQ,"{""P47516"": 6}"
NXVVRVSKS,"{""P47443"": 2}"
NXVVRVSXS,"{""P47443"": 18}"
NXVVRVSXX,"{""P47443"": 4}"
NXVVRTWTS,"{""P47351"": 2}"
NXVVXVSXX,"{""P47443"": 3}"
NXVVXVSXS,"{""P47443"": 4}"
NXVHDAVYL,"{""Q49428"": 486}"
NXVHDAVXL,"{""Q49428"": 27}"
NXVHALYQD,"{""Q57081"": 86}"
NXVHALXQD,"{""Q57081"": 6}"
NXVMITQGP,"{""P47502"": 92}"
NXVXTNVVA,"{""P47631"": 76}"
NXVXEALDS,"{""P47326"": 29}"
NXVXXXXXX,"{""P47631"": 18, ""Q9ZB82"": 30}"
NXVXXWTXQ,"{""Q9ZB82"": 1}"
NXVXRWTXX,"{""Q9ZB82"": 6}"
NXVXRWTXQ,"{""Q9ZB82"": 2}"
NXVENXXXX,"{""P47498"": 28}"
NXVNWEYFX,"{""P47369"": 98}"
NXVNWEYFK,"{""P47369"": 6}"
NXVNWEXFX,"{""P47369"": 2}"
NXVITFIEN,"{""P47655"": 93}"
NXVINSQDL,"{""P47637"": 98}"
NXVILLDEC,"{""Q49430"": 82}"
NXVILLDEX,"{""Q49430"": 3}"
NXVLXLXXX,"{""P47607"": 17}"
NXVLXLXNN,"{""P47607"": 59}"
NXVLXLKNN,"{""P47607"": 5}"
NXVLXXXXX,"{""P47264"": 12, ""P47607"": 9}"
NXVLXELPX,"{""P47264"": 67}"
NXVLXELPK,"{""P47264"": 3}"
NXVLFLFNA,"{""P47551"": 5}"
NXVLKLXNN,"{""P47607"": 6}"
NXVLKELPX,"{""P47264"": 3}"
NXVQVNNTT,"{""P47513"": 4}"
NXVKTNVVA,"{""P47631"": 2}"
NXCGAILFV,"{""P47688"": 452}"
NXCPACIYT,"{""P47513"": 82}"
NXCPACIXT,"{""P47513"": 3}"
NXCPAXIYT,"{""P47513"": 5}"
NXCTSXNWT,"{""P47500"": 5}"
NXCQSLNID,"{""P47359"": 3}"
NXNVGYIFQ,"{""Q9ZB70"": 113}"
NXNVGXIFQ,"{""Q9ZB70"": 5}"
NXNSNTLTT,"{""P47264"": 20}"
NXNXWLFPN,"{""P47661"": 420}"
NXNXXXXXX,"{""P47468"": 103, ""P47661"": 80, ""Q49429"": 21}"
NXNXNTTPX,"{""Q49429"": 72}"
NXNXNTTPK,"{""Q49429"": 2}"
NXNXLIVDD,"{""P47304"": 1}"
NXNCLIVDD,"{""P47304"": 93}"
NXNHQTDHI,"{""P47448"": 96}"
NXNTTPXXX,"{""Q49429"": 14}"
NXNTTPXSX,"{""Q49429"": 83}"
NXNTTPKSX,"{""Q49429"": 2}"
NXNTIIQXF,"{""P47264"": 6}"
NXNTIIQXX,"{""P47264"": 5}"
NXNLFLVGD,"{""P47486"": 7}"
NXNGPNGXV,"{""P47340"": 4}"
NXNGPNGXX,"{""P47340"": 2}"
NXNNXYXHQ,"{""P47610"": 6}"
NXNNXYXXX,"{""P47610"": 1}"
NXNFVNFFE,"{""P47498"": 8}"
NXNKWLFPN,"{""P47661"": 22}"
NXNKNTTPX,"{""Q49429"": 6}"
NXWLFPNSF,"{""P47661"": 105}"
NXALFXXXX,"{""P47613"": 416}"
NXALFXXIT,"{""P47613"": 81}"
NXALFXKIT,"{""P47613"": 4}"
NXALFKXXX,"{""P47613"": 19}"
NXALFKXIT,"{""P47613"": 4}"
NXALAEXLX,"{""P47339"": 8}"
NXALXXXXX,"{""P47334"": 2}"
NXADVLLVE,"{""P47493"": 102}"
NXATXGLEI,"{""P47466"": 415}"
NXATXXXXX,"{""P47466"": 70}"
NXATKGLEI,"{""P47466"": 19}"
NXAXTXXXX,"{""P47664"": 17}"
NXAXTXXGG,"{""P47664"": 58}"
NXAXTXKGG,"{""P47664"": 2}"
NXAXTKXXX,"{""P47664"": 1}"
NXAXTKXGG,"{""P47664"": 1}"
NXAXXXXXX,"{""P47664"": 14}"
NXAXAAIVX,"{""P47583"": 1}"
NXAEYSQQQ,"{""P47460"": 82}"
NXAEXSQQQ,"{""P47460"": 4}"
NXAQIXSHE,"{""P47284"": 17}"
NXAQIXXXX,"{""P47284"": 75}"
NXAQIKSHE,"{""P47284"": 1}"
NXANEIXXI,"{""P47568"": 4}"
NXANFTPNQ,"{""P47657"": 93}"
NXANTIXXX,"{""P47435"": 9}"
NXAVFIQQD,"{""P47549"": 32}"
NXAYAAIVX,"{""P47583"": 33}"
NXAYAAIVK,"{""P47583"": 1}"
NXAFNQVXX,"{""P47388"": 7}"
NXAKTXXGG,"{""P47664"": 3}"
NXAKTXXXX,"{""P47664"": 2}"
NXITALIGX,"{""P47650"": 498}"
NXITALIGK,"{""P47650"": 16}"
NXITAIGFD,"{""P47579"": 104}"
NXIVXWLEX,"{""P47576"": 421}"
NXIVXWLEK,"{""P47576"": 12}"
NXIVXXXXX,"{""P47576"": 65}"
NXIVKWLEX,"{""P47576"": 22}"
NXIVMSNLC,"{""P47473"": 7}"
NXIEPNINL,"{""P47497"": 107}"
NXIELRELL,"{""P22746"": 1}"
NXIELXELL,"{""P22746"": 1}"
NXIFXAFVI,"{""P47289"": 82}"
NXIFXXXXX,"{""P47289"": 16}"
NXIFKAFVI,"{""P47289"": 6}"
NXILNNXLD,"{""P47486"": 76}"
NXILNNXXX,"{""P47486"": 14}"
NXILNNKLD,"{""P47486"": 3}"
NXILSXXXX,"{""P47318"": 5}"
NXILSXANR,"{""P47318"": 1}"
NXILFMTRL,"{""P47592"": 2}"
NXILFMTXL,"{""P47592"": 1}"
NXIAXXXXX,"{""P47581"": 67}"
NXIAXPFGV,"{""P47581"": 25}"
NXIAKPFGV,"{""P47581"": 2}"
NXIQFISEN,"{""P47465"": 27}"
NXIITELSE,"{""P47599"": 28}"
NXINAXVIG,"{""P47534"": 78}"
NXINAXXXX,"{""P47534"": 26}"
NXINAKVIG,"{""P47534"": 3}"
NXIXEVLIS,"{""P47587"": 79}"
NXIXXXXXX,"{""P47587"": 13}"
NXIXTNNXQ,"{""Q49399"": 5}"
NXIXTNNXX,"{""Q49399"": 2}"
NXISLPAKL,"{""P47463"": 1}"
NXISLPAXL,"{""P47463"": 1}"
NXISLPAXX,"{""P47463"": 8}"
NXIKEVLIS,"{""P47587"": 4}"
NXTFQNFVI,"{""P35888"": 5}"
NXTFSLLIX,"{""P47342"": 26}"
NXTFSLLIN,"{""P47530"": 101}"
NXTFSLLIK,"{""P47342"": 1}"
NXTFXASVF,"{""P47431"": 7}"
NXTFXXXXX,"{""P47431"": 2}"
NXTAFSVIG,"{""P47542"": 87}"
NXTIXXXXX,"{""P47543"": 9}"
NXTIXVAIN,"{""P47543"": 1}"
NXTTWXLIG,"{""P47307"": 74}"
NXTTWXXXX,"{""P47307"": 14}"
NXTTWKLIG,"{""P47307"": 1}"
NXTTGFTMV,"{""P47443"": 5}"
NXTXSIDLD,"{""P47285"": 7}"
NXTXTTNNR,"{""P47635"": 1}"
NXTRTTNNX,"{""P47635"": 5}"
NXTRTTNNR,"{""P47635"": 4}"
NXTRSIDLD,"{""P47285"": 25}"
NXTSFIISH,"{""P47261"": 9}"
NXTQTEPEN,"{""Q49413"": 7}"
NXTDTDTLS,"{""P47469"": 2}"
NXPLTSIPG,"{""P47325"": 93}"
NXPLLXXXX,"{""P47622"": 74}"
NXPLLXXXT,"{""P47622"": 2}"
NXPLLXXKT,"{""P47622"": 1}"
NXPLLXRXT,"{""P47622"": 12}"
NXPLLXRXX,"{""P47622"": 4}"
NXPLXDLWI,"{""P47365"": 88}"
NXPLXXXXX,"{""P47365"": 15}"
NXPLDDSGY,"{""P47528"": 25}"
NXPLDDSGX,"{""P47528"": 1}"
NXPLKDLWI,"{""P47365"": 2}"
NXPFNHPEX,"{""P47606"": 101}"
NXPFNHPEK,"{""P47606"": 5}"
NXPNDLEIE,"{""P47306"": 8}"
NXPXLSLSL,"{""Q49433"": 64}"
NXPXXXXXX,"{""Q49433"": 18, ""Q49400"": 1, ""P47609"": 2, ""P47491"": 1}"
NXPXXXMIY,"{""P47491"": 1}"
NXPXFDWYD,"{""Q49400"": 4}"
NXPXTLEXX,"{""P47609"": 3}"
NXPXTLEXL,"{""P47609"": 3}"
NXPGLQNAI,"{""Q49410"": 8}"
NXPSLXSQL,"{""P47321"": 32}"
NXPSLXXXX,"{""P47321"": 2}"
NXPSLKSQL,"{""P47321"": 1}"
NXPYXXMIY,"{""P47491"": 4}"
NXPYXXXXX,"{""P47491"": 4}"
NXPYKXMIY,"{""P47491"": 1}"
NXPKLSLSL,"{""Q49433"": 2}"
NXPDRNILI,"{""P47385"": 1}"
NXRVPLASD,"{""P47664"": 83}"
NXRNNXLYX,"{""P47582"": 68}"
NXRNNXLXX,"{""P47582"": 3}"
NXRNNXXXX,"{""P47582"": 14}"
NXRNNKLYX,"{""P47582"": 3}"
NXRNFFERA,"{""Q49405"": 5}"
NXRYFNNAG,"{""P47512"": 23}"
NXRYNLSNA,"{""P47583"": 16}"
NXRASANII,"{""P47359"": 27}"
NXRFQXHNF,"{""P47414"": 13}"
NXRFQXXXX,"{""P47414"": 2}"
NXRFQKHNF,"{""P47414"": 1}"
NXRXHSXXX,"{""Q49426"": 5}"
NXRXQYMLN,"{""P47576"": 2}"
NXRXQXMLN,"{""P47576"": 1}"
NXRXFNNAG,"{""P47512"": 2}"
NXRLRINND,"{""P47551"": 5}"
NXRLXINND,"{""P47551"": 1}"
NXYASFLDX,"{""P47248"": 79}"
NXYASFLDK,"{""P47248"": 3}"
NXYSDIHSL,"{""P47278"": 95}"
NXYTGAYSI,"{""P47429"": 93}"
NXYTGAXSI,"{""P47429"": 5}"
NXYPSWLYE,"{""P47356"": 7}"
NXYVLEIDN,"{""P47662"": 5}"
NXYXNLTDQ,"{""P47318"": 1}"
NXYRNLTDQ,"{""P47318"": 2}"
NXHENSWEV,"{""Q49430"": 91}"
NXHSGNGXT,"{""P47660"": 5}"
NXHSGNGXX,"{""P47660"": 1}"
NXHNPDVII,"{""P47449"": 7}"
NXKMPLVAX,"{""P47283"": 4}"
NXKMWSFLE,"{""P47409"": 16}"
NXKDNYQNV,"{""P47618"": 5}"
NXKDFFVFY,"{""P47254"": 2}"
NXKDFFVFX,"{""P47254"": 1}"
NXKQQVTDF,"{""P36263"": 8}"
NXKALQAGF,"{""P20796"": 23}"
NXKALVVYD,"{""P47257"": 1}"
NXKAVLCTV,"{""P47525"": 4}"
NXKVIIVNQ,"{""P47621"": 3}"
NXKVEIDNF,"{""P47510"": 1}"
NXKVLNNIX,"{""P47705"": 2}"
NXKLXLNXX,"{""P47398"": 4}"
NXKLXIISL,"{""P47664"": 2}"
NXKLRIISL,"{""P47664"": 1}"
NXKHLFAED,"{""P47624"": 3}"
NXKENLNLX,"{""P47520"": 6}"
NXKETSPXX,"{""P47684"": 3}"
NXKERVSRL,"{""P47335"": 2}"
NXKELEQAX,"{""P47443"": 4}"
NXKGLLWXI,"{""P47288"": 1}"
NXKGLLWXX,"{""P47288"": 1}"
NAXFTFIXA,"{""P47658"": 386}"
NAXFTFIXX,"{""P47658"": 96}"
NAXFTFIKA,"{""P47658"": 22}"
NAXFITEYD,"{""P47507"": 91}"
NAXFITEXD,"{""P47507"": 6}"
NAXXXXXXX,"{""P47250"": 153, ""P56723"": 41, ""P47658"": 109, ""P47303"": 101, ""P47255"": 126, ""P47327"": 17, ""P47640"": 15, ""P47507"": 18, ""P47398"": 16, ""P47406"": 15, ""P47561"": 18, ""P47635"": 3}"
NAXXDGQIG,"{""P47635"": 10}"
NAXXEGYTX,"{""P56723"": 92}"
NAXXEGYTK,"{""P56723"": 1}"
NAXXEGXTX,"{""P56723"": 3}"
NAXXAGIAE,"{""P47303"": 23}"
NAXXQXXXX,"{""P47595"": 2}"
NAXGVXXXX,"{""P47250"": 424}"
NAXGVXTLR,"{""P47250"": 31}"
NAXGVXTLX,"{""P47250"": 5}"
NAXGVKTLX,"{""P47250"": 1}"
NAXTIVGXI,"{""P47327"": 92}"
NAXTIVGXX,"{""P47327"": 18}"
NAXTIVGKI,"{""P47327"": 2}"
NAXTATVXX,"{""P47406"": 87}"
NAXTATVXV,"{""P47406"": 18}"
NAXLPGFVE,"{""P47561"": 87}"
NAXLTEQXL,"{""P47398"": 84}"
NAXLTEQXX,"{""P47398"": 20}"
NAXLTEQKL,"{""P47398"": 1}"
NAXDLLDXY,"{""P47640"": 69}"
NAXDLLDXX,"{""P47640"": 21}"
NAXDLLDKY,"{""P47640"": 2}"
NAXDXXXXX,"{""P47453"": 2}"
NAXYQXXXX,"{""P47595"": 21}"
NAXYQXDMQ,"{""P47595"": 4}"
NAXKEGYTX,"{""P56723"": 4}"
NAXSVXXXX,"{""P47249"": 6}"
NAXIRTXXX,"{""P47571"": 1}"
NANALTGIL,"{""P47540"": 108}"
NANDYLTTL,"{""P47350"": 588}"
NANDXLTTL,"{""P47350"": 23}"
NANQSILWD,"{""P47303"": 138}"
NANTLSGGQ,"{""P47650"": 35}"
NATCDANNN,"{""P47264"": 614}"
NATFLPTLN,"{""P47672"": 129}"
NATXTAGXX,"{""P47547"": 391}"
NATXTAGXI,"{""P47547"": 116}"
NATXTAGKI,"{""P47547"": 6}"
NATXXXXXX,"{""P47547"": 133, ""P55825"": 11}"
NATXILAXA,"{""P55825"": 74}"
NATXILAXX,"{""P55825"": 19}"
NATXILAKA,"{""P55825"": 4}"
NATXDANNN,"{""P47264"": 30}"
NATKTAGXI,"{""P47547"": 5}"
NATKTAGXX,"{""P47547"": 7}"
NATKILAXA,"{""P55825"": 1}"
NAASGYXXX,"{""P47421"": 536}"
NAASGYXIE,"{""P47421"": 27}"
NAASGYKIE,"{""P47421"": 3}"
NAASGXXXX,"{""P47421"": 28}"
NAASGXXIE,"{""P47421"": 1}"
NAAFXXXXX,"{""P47587"": 29}"
NAAFXEIEX,"{""P47587"": 115}"
NAAFXEIEK,"{""P47587"": 2}"
NAAFKEIEX,"{""P47587"": 3}"
NAAXIACAD,"{""P47260"": 82}"
NAAXIAXAD,"{""P47260"": 6}"
NAAXIQINF,"{""P47606"": 100}"
NAAXXXXXX,"{""P47260"": 20, ""P47606"": 21}"
NAAVLSNRL,"{""P47460"": 99}"
NAAVLSNXL,"{""P47460"": 31}"
NAALIXQLT,"{""P47319"": 114}"
NAALIXXXX,"{""P47319"": 18}"
NAALIKQLT,"{""P47319"": 4}"
NAAKIACAD,"{""P47260"": 8}"
NAAKIQINF,"{""P47606"": 6}"
NAPVLLLDE,"{""P47261"": 601}"
NAPKITDFL,"{""P47281"": 3}"
NAPXITDFL,"{""P47281"": 107}"
NAPXXXXXX,"{""P47281"": 19}"
NAQALHEAL,"{""P47255"": 123}"
NAQVSNVEI,"{""P47403"": 163}"
NAQLXFFLD,"{""P47572"": 104}"
NAQLXXXXX,"{""P47572"": 25}"
NAQLKFFLD,"{""P47572"": 6}"
NAFTSNQQF,"{""P47549"": 120}"
NAFSINTVN,"{""P47482"": 134}"
NAFNLIQXV,"{""P47615"": 85}"
NAFNLIQXX,"{""P47615"": 22}"
NAFNLIQKV,"{""P47615"": 5}"
NAFLGCETS,"{""P47285"": 101}"
NAFLGXETS,"{""P47285"": 1}"
NAFCMVFDG,"{""P47488"": 35}"
NAFXMVFDG,"{""P47488"": 2}"
NASSQDIXX,"{""P47265"": 127}"
NASSQDIXR,"{""P47265"": 4}"
NASGVXIIA,"{""P47458"": 100}"
NASGVXXXX,"{""P47458"": 22}"
NASGVKIIA,"{""P47458"": 6}"
NASEELDIE,"{""P47258"": 121}"
NASELASAM,"{""P47427"": 149}"
NASNYXVDF,"{""Q49414"": 104}"
NASNYXXXX,"{""Q49414"": 19}"
NASNYKVDF,"{""Q49414"": 9}"
NASNXXVDF,"{""Q49414"": 9}"
NAHXXXXXX,"{""P47473"": 467, ""P47343"": 98}"
NAHXNWGWE,"{""P47343"": 511}"
NAHXNRIVM,"{""P47473"": 86}"
NAHXNXIVM,"{""P47473"": 28}"
NAHKNWGWE,"{""P47343"": 22}"
NAHKNRIVM,"{""P47473"": 3}"
NAHKNXIVM,"{""P47473"": 1}"
NALXXXXXX,"{""P47290"": 165}"
NALXXTIFG,"{""P47290"": 437}"
NALXKTIFG,"{""P47290"": 21}"
NALQLINSF,"{""P47661"": 118}"
NALVXIINX,"{""P47249"": 31}"
NALVXIINR,"{""P47249"": 85}"
NALVXXXXX,"{""P47249"": 470}"
NALVKIINX,"{""P47249"": 2}"
NALVKIINR,"{""P47249"": 7}"
NALNAVQTS,"{""P47415"": 116}"
NALNGEMDN,"{""Q49401"": 149}"
NALNILSLI,"{""P47264"": 130}"
NALLXINQS,"{""P47589"": 92}"
NALLXXXXX,"{""P47589"": 18}"
NALLSNYQX,"{""P47490"": 113}"
NALLSNYQK,"{""P47490"": 5}"
NALLSNXQX,"{""P47490"": 7}"
NALLSNXQK,"{""P47490"": 1}"
NALLKINQS,"{""P47589"": 6}"
NALISLASN,"{""P47395"": 138}"
NALKXTIFG,"{""P47290"": 21}"
NALKXXXXX,"{""P47290"": 2}"
NALKKTIFG,"{""P47290"": 1}"
NAVILHXSN,"{""P55750"": 104}"
NAVILHXXX,"{""P55750"": 13}"
NAVILHKSN,"{""P55750"": 6}"
NAVDVXQYF,"{""P47576"": 100}"
NAVDVXQXF,"{""P47576"": 9}"
NAVDVXXXX,"{""P47576"": 19}"
NAVDVKQYF,"{""P47576"": 3}"
NAVLEANSL,"{""P47316"": 102}"
NAVEYFISY,"{""P47319"": 128}"
NAVEYFISX,"{""P47319"": 9}"
NAVEXFISX,"{""P47319"": 2}"
NAVEXFISY,"{""P47319"": 6}"
NAYDXXXXX,"{""P47453"": 109}"
NAYDXLFSD,"{""P47453"": 9}"
NAYDKLFSD,"{""P47453"": 1}"
NAISTYXXX,"{""P47409"": 100}"
NAISTYXLR,"{""P47409"": 21}"
NAISTYXLX,"{""P47409"": 3}"
NAISTXXXX,"{""P47409"": 4}"
NAISTXXLR,"{""P47409"": 1}"
NAISSVEHN,"{""Q49409"": 160}"
NAIXXFAPX,"{""P47292"": 78}"
NAIXXFAPK,"{""P47292"": 1}"
NAIXXXXXX,"{""P47292"": 51}"
NAIXNGVIH,"{""P47335"": 5}"
NAIXKFAPX,"{""P47292"": 3}"
NAIXKFAPK,"{""P47292"": 1}"
NAIRNGVIH,"{""P47335"": 15}"
NAINEIVRQ,"{""P47650"": 24}"
NAINEIVXQ,"{""P47650"": 1}"
NAIVYFNNS,"{""P47637"": 24}"
NAIVXFNNS,"{""P47637"": 1}"
NAIKXFAPX,"{""P47292"": 4}"
NAIKXXXXX,"{""P47292"": 1}"
NADCRIKIP,"{""P47494"": 2}"
NADCRIXIP,"{""P47494"": 18}"
NADCRIXXX,"{""P47494"": 3}"
NADCXIXIP,"{""P47494"": 6}"
NADCXIKIP,"{""P47494"": 1}"
NADLILPWS,"{""P47622"": 42}"
NADXRIXIP,"{""P47494"": 2}"
NARYQXXXX,"{""P47595"": 89}"
NARYQXDMQ,"{""P47595"": 18}"
NARYQKDMQ,"{""P47595"": 1}"
NARSVXXXX,"{""P47249"": 27}"
NARXQXXXX,"{""P47595"": 4}"
NARXQXDMQ,"{""P47595"": 1}"
NARXDGQIG,"{""P47635"": 18}"
NARXXXXXX,"{""P47635"": 2}"
NARIRTXXX,"{""P47571"": 5}"
NARIXTXXX,"{""P47571"": 2}"
NAKFTFIXX,"{""P47658"": 7}"
NAKFTFIXA,"{""P47658"": 11}"
NAKFITEYD,"{""P47507"": 8}"
NAKXAGIAE,"{""P47303"": 3}"
NAKXXXXXX,"{""P47255"": 4, ""P47303"": 7}"
NAKXEGYTX,"{""P56723"": 3}"
NAKGVXTLR,"{""P47250"": 2}"
NAKGVXXXX,"{""P47250"": 15}"
NAKTIVGXI,"{""P47327"": 6}"
NAKTATVXX,"{""P47406"": 1}"
NAKLPGFVE,"{""P47561"": 3}"
NAKLTEQXL,"{""P47398"": 2}"
NAKLTEQXX,"{""P47398"": 1}"
NAKDLLDXY,"{""P47640"": 2}"
NAKDLLDXX,"{""P47640"": 2}"
NAKKEGYTX,"{""P56723"": 1}"
NAEMIXXXX,"{""P47627"": 95}"
NAEMIXAIG,"{""P47627"": 18}"
NINVLDSTE,"{""P47658"": 107}"
NINVTIPLN,"{""P47660"": 134}"
NINQEAGMI,"{""P47668"": 122}"
NINDEVLXN,"{""P47597"": 507}"
NINDEVLXX,"{""P47597"": 126}"
NINDEVLKN,"{""P47597"": 22}"
NINSVLTFY,"{""P47465"": 122}"
NINSVLTFX,"{""P47465"": 2}"
NINSNGLVV,"{""P47477"": 119}"
NINSLNNVE,"{""P47346"": 130}"
NINSGIIND,"{""P47650"": 24}"
NINNLNHQS,"{""P47637"": 123}"
NINIDIPXX,"{""P47660"": 22}"
NINIDIPXN,"{""P47660"": 109}"
NINIDIPKN,"{""P47660"": 4}"
NINLIQSEA,"{""P47619"": 27}"
NIAFEGQTX,"{""P47445"": 119}"
NIAFEGQTK,"{""P47445"": 3}"
NIAFENQLN,"{""P47662"": 108}"
NIAYGLXVM,"{""P47288"": 92}"
NIAYGLXXX,"{""P47288"": 23}"
NIAYGLKVM,"{""P47288"": 9}"
NIANFLXVN,"{""P47577"": 106}"
NIANFLXXX,"{""P47577"": 20}"
NIANFLKVN,"{""P47577"": 4}"
NIANLMLLS,"{""P47540"": 129}"
NIANECGIX,"{""P47385"": 129}"
NIANEXGIX,"{""P47385"": 5}"
NIASNTNGV,"{""P47583"": 95}"
NIASLQGVX,"{""P47388"": 127}"
NIASLQGVK,"{""P47388"": 6}"
NIALLESLS,"{""P47484"": 632}"
NIALTTTMG,"{""P47328"": 119}"
NIALARWLE,"{""P47258"": 24}"
NIALAXWLE,"{""P47258"": 8}"
NIAIQQHPD,"{""P47618"": 120}"
NIAINNLIH,"{""P47483"": 108}"
NIAALGIFP,"{""P47639"": 145}"
NIARENNWE,"{""P47537"": 112}"
NIAXENNWE,"{""P47537"": 32}"
NIAXGLXVM,"{""P47288"": 8}"
NIAXGLKVM,"{""P47288"": 1}"
NIDTGAGIE,"{""P47534"": 37}"
NIDSIIXQW,"{""P47622"": 124}"
NIDSIIXXX,"{""P47622"": 470}"
NIDSIIKQW,"{""P47622"": 4}"
NIDFEFEGF,"{""Q49413"": 620}"
NIDFETGMX,"{""P47661"": 101}"
NIDPQLLNX,"{""P55825"": 115}"
NIDPQLLNK,"{""P55825"": 5}"
NIDEIKTFF,"{""P47652"": 7}"
NIDEIXXXX,"{""P47652"": 25}"
NIDEIXTFF,"{""P47652"": 99}"
NIDLDINSN,"{""P47653"": 115}"
NIDLNWVES,"{""P47368"": 3}"
NIDILEQGS,"{""P47247"": 121}"
NIDRIERIQ,"{""P47346"": 3}"
NIDXIERIQ,"{""P47346"": 1}"
NITSXVEDG,"{""P47668"": 102}"
NITSXXXXX,"{""P47668"": 23}"
NITSKVEDG,"{""P47668"": 6}"
NITNXXXXX,"{""P47502"": 26}"
NITNXTGLD,"{""P47502"": 112}"
NITNKTGLD,"{""P47502"": 5}"
NITLSNXEI,"{""P47491"": 114}"
NITLSNXXX,"{""P47491"": 26}"
NITLSNKEI,"{""P47491"": 3}"
NITXXXXXX,"{""Q49427"": 139}"
NITXXLANS,"{""Q49427"": 5}"
NITXKLANS,"{""Q49427"": 1}"
NITFFQPXQ,"{""P47605"": 110}"
NITFFQPXX,"{""P47605"": 20}"
NITFFQPKQ,"{""P47605"": 3}"
NITIQHYLA,"{""Q49399"": 122}"
NITIQHXLA,"{""Q49399"": 6}"
NITIXELSV,"{""P47455"": 103}"
NITIXXXXX,"{""P47455"": 18}"
NITIKELSV,"{""P47455"": 6}"
NITKXXXXX,"{""Q49427"": 6}"
NIXXXXXXX,"{""P47480"": 85, ""P47699"": 595, ""P47277"": 562, ""P47653"": 490, ""P47496"": 81, ""P47583"": 106, ""P47606"": 26, ""P47637"": 81, ""P47700"": 449, ""P47319"": 108, ""P47618"": 132, ""Q49432"": 103, ""P47592"": 93, ""P20796"": 14, ""P47605"": 22, ""P47582"": 19, ""Q49424"": 29, ""Q49410"": 15, ""P47650"": 13}"
NIXEGINSQ,"{""P47700"": 133}"
NIXEAXXXX,"{""P47480"": 89}"
NIXEAXENV,"{""P47480"": 414}"
NIXEAKENV,"{""P47480"": 19}"
NIXIVFDDA,"{""Q49410"": 103}"
NIXIFXAXY,"{""P47605"": 81}"
NIXIFXAXX,"{""P47605"": 13}"
NIXIFXAKY,"{""P47605"": 4}"
NIXIFXXXX,"{""P47605"": 16}"
NIXIFKAXY,"{""P47605"": 4}"
NIXIFKAXX,"{""P47605"": 4}"
NIXILIESV,"{""P47618"": 8}"
NIXISGNFV,"{""Q49432"": 23}"
NIXSEXEAL,"{""P47583"": 389}"
NIXSEXXXX,"{""P47583"": 87}"
NIXSEKEAL,"{""P47583"": 19}"
NIXLXXXXX,"{""P47653"": 91}"
NIXLLNXXX,"{""P47637"": 91}"
NIXLLNXNL,"{""P47637"": 421}"
NIXLLNKNL,"{""P47637"": 27}"
NIXLFLEQL,"{""P47700"": 94}"
NIXLQQISI,"{""P47277"": 36}"
NIXLIEEIE,"{""P47253"": 5}"
NIXDYFNLP,"{""P47606"": 87}"
NIXDXFNLP,"{""P47606"": 10}"
NIXDEFGIL,"{""P47652"": 10}"
NIXAXLGXG,"{""P20796"": 63}"
NIXAXLGXX,"{""P20796"": 21}"
NIXAXLGKG,"{""P20796"": 5}"
NIXAXXXXX,"{""P20796"": 11}"
NIXAIXLSI,"{""P47582"": 77}"
NIXAIXXXX,"{""P47582"": 14}"
NIXAIKLSI,"{""P47582"": 6}"
NIXALWXNF,"{""P47650"": 88}"
NIXALWXXX,"{""P47650"": 15}"
NIXALWKNF,"{""P47650"": 3}"
NIXALQHAS,"{""P47496"": 21}"
NIXAKLGXG,"{""P20796"": 2}"
NIXNNASII,"{""Q49409"": 33}"
NIXNFSIIA,"{""P47384"": 7}"
NIXWLRXXX,"{""P47653"": 64}"
NIXWLRXGN,"{""P47653"": 14}"
NIXWLRKGN,"{""P47653"": 2}"
NIXWLXXGN,"{""P47653"": 2}"
NIXWLXXXX,"{""P47653"": 12}"
NIXQELQER,"{""P47319"": 15}"
NIXQELQEX,"{""P47319"": 3}"
NIXQLGINF,"{""P47699"": 7}"
NIXGVQVAD,"{""Q49424"": 86}"
NIXVALIYC,"{""P47592"": 26}"
NIXVALIYX,"{""P47592"": 2}"
NIXVALIXC,"{""P47592"": 3}"
NIXFEHYEG,"{""P47660"": 3}"
NIFXCWACN,"{""P47492"": 101}"
NIFXCWAXN,"{""P47492"": 6}"
NIFXPFLFF,"{""P47326"": 88}"
NIFXVXALL,"{""P47342"": 73}"
NIFXVXXXX,"{""P47342"": 19}"
NIFXVKALL,"{""P47342"": 1}"
NIFXXXXXX,"{""P47326"": 25, ""P47342"": 20, ""P47492"": 16}"
NIFXXWACN,"{""P47492"": 5}"
NIFKVXXXX,"{""P47342"": 2}"
NIFKVXALL,"{""P47342"": 2}"
NIFKPFLFF,"{""P47326"": 4}"
NIFKCWACN,"{""P47492"": 4}"
NIFFQSDVV,"{""P47264"": 146}"
NIFNVVEGS,"{""Q49409"": 151}"
NIFQLVQSF,"{""P47363"": 116}"
NIFSYLENS,"{""P47432"": 4}"
NIGDHWPYS,"{""P47635"": 565}"
NIGDHWPXS,"{""P47635"": 18}"
NIGXHFDXX,"{""P47367"": 111}"
NIGXXXXXX,"{""P47367"": 28}"
NIGKHFDXX,"{""P47367"": 6}"
NILFLFFFX,"{""P47344"": 111}"
NILFLFFFK,"{""P47344"": 2}"
NILFIPLFG,"{""P47308"": 109}"
NILXXTXSF,"{""Q49429"": 61}"
NILXXTXXX,"{""Q49429"": 12}"
NILXXTKSF,"{""Q49429"": 6}"
NILXXXXXX,"{""P47296"": 16, ""Q49429"": 40}"
NILXNTAVQ,"{""P47296"": 112}"
NILXKTKSF,"{""Q49429"": 1}"
NILXKTXSF,"{""Q49429"": 2}"
NILMNDYVD,"{""P47376"": 134}"
NILMNDXVD,"{""P47376"": 13}"
NILSVHXYG,"{""P47520"": 13}"
NILSVHXXG,"{""P47520"": 2}"
NILSVHRYG,"{""P47520"": 26}"
NILSVHRXG,"{""P47520"": 1}"
NILILCTGS,"{""P47385"": 140}"
NILILXTGS,"{""P47385"": 12}"
NILQAXXXX,"{""P47493"": 116}"
NILQAXXXN,"{""P47493"": 6}"
NILQAXXRN,"{""P47493"": 12}"
NILQAXKRN,"{""P47493"": 1}"
NILQAXKXN,"{""P47493"": 1}"
NILQAKXRN,"{""P47493"": 1}"
NILQAKXXX,"{""P47493"": 2}"
NILKXTXSF,"{""Q49429"": 4}"
NILKXXXXX,"{""Q49429"": 3}"
NILKNTAVQ,"{""P47296"": 3}"
NIHGSEXDT,"{""P47574"": 459}"
NIHGSEXXX,"{""P47574"": 152}"
NIHGSEKDT,"{""P47574"": 31}"
NIHPVIAVD,"{""P47668"": 131}"
NIPINNFAQ,"{""Q49428"": 609}"
NIPMDWNGL,"{""Q49400"": 128}"
NISLDFVSF,"{""P47363"": 140}"
NISFGLGNX,"{""P47260"": 590}"
NISFGLGNK,"{""P47260"": 25}"
NISFSWXXX,"{""P47520"": 128}"
NISVQAWDF,"{""P47413"": 141}"
NISVLVMLD,"{""P47332"": 154}"
NISNXLXIF,"{""P47580"": 22}"
NISNXLXXX,"{""P47580"": 9}"
NISNXLKIF,"{""P47580"": 3}"
NISNXDXXX,"{""P47491"": 6}"
NISNXDKVD,"{""P47491"": 1}"
NISNRLKIF,"{""P47580"": 5}"
NISNRLXIF,"{""P47580"": 91}"
NISNRLXXX,"{""P47580"": 12}"
NISNRDXXX,"{""P47491"": 17}"
NISNRDXVD,"{""P47491"": 3}"
NISNRDKVD,"{""P47491"": 1}"
NISSDLINX,"{""P47387"": 120}"
NISSDLINK,"{""P47387"": 4}"
NIEITGTNP,"{""P47653"": 633}"
NIETYXDLI,"{""P47663"": 25}"
NIETYRDLI,"{""P47663"": 97}"
NIETXRDLI,"{""P47663"": 6}"
NIETXXDLI,"{""P47663"": 4}"
NIENLLDQS,"{""P47317"": 31}"
NIENVQGDE,"{""P47386"": 4}"
NIQXXXXXX,"{""P47385"": 152, ""P47403"": 35}"
NIQXILXXX,"{""P47385"": 464}"
NIQXILXEA,"{""P47385"": 3}"
NIQXITXXX,"{""P47403"": 87}"
NIQXITXMI,"{""P47403"": 18}"
NIQPLIXNA,"{""P47606"": 527}"
NIQPLIXXX,"{""P47606"": 93}"
NIQPLIKNA,"{""P47606"": 26}"
NIQPTRAEV,"{""P47458"": 9}"
NIQLINYFV,"{""P47496"": 600}"
NIQLINXFV,"{""P47496"": 29}"
NIQIGIREF,"{""P47312"": 112}"
NIQIGIXEF,"{""P47312"": 31}"
NIQKITXXX,"{""P47403"": 3}"
NIQKILXXX,"{""P47385"": 16}"
NIVVDFGES,"{""P47433"": 142}"
NIVFIDVPG,"{""P47627"": 134}"
NIVMDGXDI,"{""P47572"": 9}"
NIVMDGRDI,"{""P47572"": 29}"
NIVAFSFFL,"{""P47548"": 100}"
NIVHGTSLD,"{""P47660"": 31}"
NIISNNTNN,"{""P47549"": 132}"
NIIEITXDE,"{""P47596"": 99}"
NIIEITXXX,"{""P47596"": 13}"
NIIEITKDE,"{""P47596"": 1}"
NIIGNFVHH,"{""P47615"": 653}"
NIIXYTXXX,"{""P47347"": 2}"
NIIXYTXNT,"{""P47347"": 5}"
NIIXSQAEL,"{""P47246"": 20}"
NIIXXTXNT,"{""P47347"": 1}"
NIIAXAXXX,"{""P47565"": 31}"
NIIAXAXNE,"{""P47565"": 63}"
NIIAXAKNE,"{""P47565"": 6}"
NIIAXXXXX,"{""P47565"": 26}"
NIIAKAXNE,"{""P47565"": 6}"
NIIFDLDGT,"{""P47507"": 114}"
NIIFISIGT,"{""P47483"": 36}"
NIIRSQAEL,"{""P47246"": 126}"
NIIRYTXNT,"{""P47347"": 12}"
NIIRYTXXX,"{""P47347"": 3}"
NIIRYTKNT,"{""P47347"": 1}"
NIIRXTXNT,"{""P47347"": 1}"
NIIDWMTRD,"{""P47584"": 7}"
NIIDWMTXD,"{""P47584"": 2}"
NIYDEFGIL,"{""P47652"": 113}"
NIYLIEEIE,"{""P47253"": 118}"
NIKIFXAXY,"{""P47605"": 2}"
NIKIFXAXX,"{""P47605"": 1}"
NIKIFKAXY,"{""P47605"": 1}"
NIKIVFDDA,"{""Q49410"": 6}"
NIKISGNFV,"{""Q49432"": 2}"
NIKWLRXGN,"{""P47653"": 2}"
NIKWLXXGN,"{""P47653"": 1}"
NIKWLXXXX,"{""P47653"": 1}"
NIKLLNXNL,"{""P47637"": 23}"
NIKLLNXXX,"{""P47637"": 8}"
NIKLLNKNL,"{""P47637"": 1}"
NIKLQQISI,"{""P47277"": 1}"
NIKLFLEQL,"{""P47700"": 5}"
NIKLXXXXX,"{""P47653"": 3}"
NIKSEXEAL,"{""P47583"": 27}"
NIKSEXXXX,"{""P47583"": 3}"
NIKEAXXXX,"{""P47480"": 6}"
NIKEAXENV,"{""P47480"": 14}"
NIKEGINSQ,"{""P47700"": 11}"
NIKAXLGXG,"{""P20796"": 3}"
NIKAXXXXX,"{""P20796"": 1}"
NIKAKLGXG,"{""P20796"": 1}"
NIKAIKLSI,"{""P47582"": 1}"
NIKAIXLSI,"{""P47582"": 1}"
NIKALWXNF,"{""P47650"": 3}"
NIKALWXXX,"{""P47650"": 1}"
NIKGVQVAD,"{""Q49424"": 4}"
NIKVALIXC,"{""P47592"": 1}"
NIKDYFNLP,"{""P47606"": 5}"
NIKQELQEX,"{""P47319"": 1}"
NIRNNASII,"{""Q49409"": 104}"
NIRNFSIIA,"{""P47384"": 15}"
NIRFEHYEG,"{""P47660"": 21}"
NIRQIANAL,"{""Q49402"": 1}"
NQXXQTEVL,"{""P47658"": 4}"
NQXXQLIGT,"{""P47406"": 27}"
NQXXXXXXX,"{""P47604"": 590, ""P47264"": 82, ""P47530"": 39, ""P47318"": 115, ""P47658"": 22, ""P47308"": 17, ""P47406"": 6, ""P47612"": 19}"
NQXXDVTDX,"{""P47530"": 80}"
NQXXDVTDK,"{""P47530"": 5}"
NQXNQNLIN,"{""P47318"": 517}"
NQXTIEXIT,"{""P47612"": 25}"
NQXTIEXXX,"{""P47612"": 72}"
NQXTIEKIT,"{""P47612"": 2}"
NQXYQTEVL,"{""P47658"": 87}"
NQXSIFGTI,"{""P47265"": 7}"
NQXGXQLAN,"{""P47308"": 85}"
NQXGXXXXX,"{""P47308"": 14}"
NQXGFQNLY,"{""P47277"": 4}"
NQXGKQLAN,"{""P47308"": 4}"
NQXGIFTNE,"{""P47660"": 6}"
NQXALAIDF,"{""P47325"": 37}"
NQXKDVTDX,"{""P47530"": 8}"
NQXKQLIGT,"{""P47406"": 3}"
NQXLNTIFE,"{""P47571"": 5}"
NQXLALLYX,"{""P47330"": 6}"
NQXIDHLVF,"{""P47264"": 27}"
NQXINFSNF,"{""P47431"": 7}"
NQFFTDIXX,"{""P55825"": 93}"
NQFFTDIXR,"{""P55825"": 15}"
NQFFTDIKR,"{""P55825"": 1}"
NQFLALXGX,"{""P47460"": 466}"
NQFLALXGK,"{""P47460"": 2}"
NQFLALXXX,"{""P47460"": 128}"
NQFLALKGX,"{""P47460"": 18}"
NQFLXXXXX,"{""P47584"": 96}"
NQFLXGLNG,"{""P47584"": 520}"
NQFLKGLNG,"{""P47584"": 16}"
NQFMXLVQI,"{""Q49428"": 95}"
NQFMXXXXX,"{""Q49428"": 35}"
NQFMKLVQI,"{""Q49428"": 3}"
NQFDYLNLS,"{""Q9ZB74"": 127}"
NQFDXLNLS,"{""Q9ZB74"": 10}"
NQFNLLFIX,"{""P47620"": 135}"
NQFNLLFIK,"{""P47620"": 3}"
NQFNLVFDV,"{""P47653"": 32}"
NQFVVITGL,"{""P47660"": 95}"
NQITEVSXT,"{""P47340"": 114}"
NQITEVSXX,"{""P47340"": 484}"
NQITEVSKT,"{""P47340"": 3}"
NQITHGVQI,"{""P47700"": 29}"
NQIYDAIIT,"{""P47563"": 586}"
NQIYCIIGD,"{""P47426"": 116}"
NQIYXIIGD,"{""P47426"": 4}"
NQIQQYEXX,"{""P47637"": 593}"
NQIQQYEXK,"{""P47637"": 14}"
NQIQQYEKX,"{""P47637"": 15}"
NQIQQXEKX,"{""P47637"": 1}"
NQIQQXEXX,"{""P47637"": 33}"
NQIQQXEXK,"{""P47637"": 1}"
NQILLMSFN,"{""P47264"": 24}"
NQIALFXTV,"{""P47264"": 101}"
NQIALFXXX,"{""P47264"": 24}"
NQIALFKTV,"{""P47264"": 2}"
NQIXCIIGD,"{""P47426"": 8}"
NQIXDAIIT,"{""P47563"": 27}"
NQIISSANW,"{""P47592"": 121}"
NQIIYXYII,"{""P47347"": 7}"
NQIIYRYII,"{""P47347"": 14}"
NQIIYRXII,"{""P47347"": 1}"
NQISERYLI,"{""Q49413"": 22}"
NQISERXLI,"{""Q49413"": 2}"
NQISEXYLI,"{""Q49413"": 5}"
NQISEXXLI,"{""Q49413"": 1}"
NQISFDFTN,"{""P47465"": 134}"
NQINDRNIX,"{""P47583"": 22}"
NQINDRNIK,"{""P47583"": 1}"
NQINDXNIX,"{""P47583"": 5}"
NQVLXXXXX,"{""P47496"": 14}"
NQVLXLDLX,"{""P47496"": 108}"
NQVLXLDLK,"{""P47496"": 6}"
NQVLKLDLX,"{""P47496"": 1}"
NQVDYLLGL,"{""P47582"": 122}"
NQVDXLLGL,"{""P47582"": 7}"
NQVSEWIYX,"{""P47591"": 122}"
NQVSEWIYK,"{""P47591"": 3}"
NQVSEWIXX,"{""P47591"": 3}"
NQNTYAEVN,"{""P47512"": 605}"
NQNTXAEVN,"{""P47512"": 38}"
NQNLINHIA,"{""P47318"": 108}"
NQNFTESNK,"{""P47376"": 1}"
NQNFTESNX,"{""P47376"": 125}"
NQNIXXXXX,"{""P47343"": 19}"
NQNIXPLLV,"{""P47343"": 99}"
NQNIKPLLV,"{""P47343"": 3}"
NQNQLLSNE,"{""P47376"": 126}"
NQNQFRFVL,"{""Q49397"": 28}"
NQNQFXFVL,"{""Q49397"": 6}"
NQNDLTSIA,"{""P47530"": 138}"
NQNNLXINT,"{""P47285"": 103}"
NQNNLXXXX,"{""P47285"": 22}"
NQNNLKINT,"{""P47285"": 6}"
NQLXSLGVC,"{""P47576"": 100}"
NQLXSLGVX,"{""P47576"": 5}"
NQLXALQXX,"{""P47326"": 25}"
NQLXALQXQ,"{""P47326"": 76}"
NQLXALQKQ,"{""P47326"": 2}"
NQLXFQNLH,"{""P47510"": 2}"
NQLXXXXXX,"{""P47576"": 18, ""P47326"": 21}"
NQLXLXXXX,"{""P47587"": 13}"
NQLNIIPXX,"{""P47267"": 101}"
NQLNIIPXS,"{""P47267"": 17}"
NQLNIIPKS,"{""P47267"": 2}"
NQLNIEVNI,"{""P47655"": 131}"
NQLFXXSLL,"{""P47699"": 70}"
NQLFXXXXX,"{""P47699"": 28}"
NQLFXKSLL,"{""P47699"": 7}"
NQLFKXXXX,"{""P47699"": 1}"
NQLFKXSLL,"{""P47699"": 2}"
NQLSAIALT,"{""P47525"": 118}"
NQLEIQTXX,"{""P47273"": 19}"
NQLEIQTXY,"{""P47273"": 89}"
NQLEIQTKY,"{""P47273"": 7}"
NQLELQLLH,"{""P47484"": 643}"
NQLLLXSLL,"{""P20796"": 40}"
NQLLLRSLL,"{""P20796"": 118}"
NQLLRQTVT,"{""P47441"": 33}"
NQLLXQTVT,"{""P47441"": 4}"
NQLIXXXXX,"{""P47688"": 111}"
NQLYFQNLH,"{""P47510"": 30}"
NQLRLXXXX,"{""P47587"": 23}"
NQLKSLGVC,"{""P47576"": 8}"
NQLKSLGVX,"{""P47576"": 1}"
NQLKALQXX,"{""P47326"": 2}"
NQYALAIDF,"{""P47325"": 595}"
NQYRGDYLV,"{""P47551"": 22}"
NQYRGDXLV,"{""P47551"": 1}"
NQYXGDYLV,"{""P47551"": 8}"
NQELXEFSD,"{""P47246"": 108}"
NQELXXXXX,"{""P47246"": 23}"
NQELILVNA,"{""P47549"": 119}"
NQELKEFSD,"{""P47246"": 4}"
NQEXXXXXX,"{""P47342"": 583}"
NQEXARRER,"{""P47342"": 3}"
NQEXARREX,"{""P47342"": 2}"
NQEXARXER,"{""P47342"": 1}"
NQEXAXXER,"{""P47342"": 1}"
NQESXTIXX,"{""Q49422"": 78}"
NQESXTIXR,"{""Q49422"": 14}"
NQESXXXXX,"{""Q49422"": 21}"
NQESKTIXX,"{""Q49422"": 4}"
NQEFSLLXX,"{""P47267"": 83}"
NQEFSLLXQ,"{""P47267"": 21}"
NQEKARRER,"{""P47342"": 1}"
NQGPDQSXN,"{""P47619"": 93}"
NQGPDQSXX,"{""P47619"": 18}"
NQGPDQSKN,"{""P47619"": 3}"
NQGLENNNA,"{""P47645"": 605}"
NQGEXXXXX,"{""P47386"": 32}"
NQGEXITFQ,"{""P47386"": 99}"
NQGEKITFQ,"{""P47386"": 5}"
NQGIYYIWV,"{""Q9ZB73"": 35}"
NQGIYXIWV,"{""Q9ZB73"": 2}"
NQGIXYIWV,"{""Q9ZB73"": 1}"
NQGXFXXXX,"{""P47583"": 86}"
NQGXFXLID,"{""P47583"": 5}"
NQGXXXXXX,"{""P47583"": 26}"
NQGVRLQEG,"{""P47418"": 25}"
NQGVXLQEG,"{""P47418"": 6}"
NQGKFXXXX,"{""P47583"": 4}"
NQAWVNIVX,"{""P47508"": 593}"
NQAWVNIVK,"{""P47508"": 3}"
NQAXXXXXX,"{""P47372"": 29}"
NQAXXVADE,"{""P47372"": 92}"
NQAXKVADE,"{""P47372"": 5}"
NQAEDNPEL,"{""P47460"": 136}"
NQAEIXNLD,"{""P47545"": 117}"
NQAEIXXXX,"{""P47545"": 21}"
NQAEIKNLD,"{""P47545"": 6}"
NQADLIEYL,"{""P47386"": 122}"
NQADLIEXL,"{""P47386"": 3}"
NQADNXXXX,"{""P47390"": 98}"
NQADNXTNR,"{""P47390"": 22}"
NQADNXTNX,"{""P47390"": 2}"
NQADNKTNR,"{""P47390"": 1}"
NQADNKTNX,"{""P47390"": 1}"
NQASLLNLQ,"{""P47451"": 25}"
NQAKXVADE,"{""P47372"": 2}"
NQPFIDNEX,"{""P47551"": 33}"
NQPFIDNER,"{""P47551"": 137}"
NQPVDSFFX,"{""P47655"": 107}"
NQPVDSFFK,"{""P47655"": 4}"
NQPLXXXXX,"{""P47321"": 14}"
NQPLXLPFD,"{""P47321"": 106}"
NQPLKLPFD,"{""P47321"": 3}"
NQQSHDALF,"{""Q49411"": 133}"
NQQVINFLS,"{""P47310"": 133}"
NQQLANMSC,"{""P47479"": 107}"
NQQLANMSX,"{""P47479"": 12}"
NQQFFLSAL,"{""P47690"": 102}"
NQDDLIWGI,"{""P47582"": 127}"
NQDTILAGG,"{""P47281"": 27}"
NQDLNXXXX,"{""Q49405"": 105}"
NQDLNXXAY,"{""Q49405"": 23}"
NQDLNXKAY,"{""Q49405"": 1}"
NQDLNKXXX,"{""Q49405"": 2}"
NQDLNKXAY,"{""Q49405"": 1}"
NQDGLGDAI,"{""P47691"": 121}"
NQDNXEFDL,"{""P47264"": 114}"
NQDNXXXXX,"{""P47264"": 20}"
NQDNKEFDL,"{""P47264"": 3}"
NQSXXXXXX,"{""P47615"": 111, ""P47256"": 31}"
NQSXSXXSX,"{""P47256"": 2}"
NQSXSXXSR,"{""P47256"": 1}"
NQSXSXXXX,"{""P47256"": 78}"
NQSXSXYSR,"{""P47256"": 15}"
NQSXSXYSX,"{""P47256"": 3}"
NQSXFIDNP,"{""P47615"": 21}"
NQSFWNXXX,"{""P47640"": 98}"
NQSFWNXNS,"{""P47640"": 26}"
NQSFWNKNS,"{""P47640"": 1}"
NQSKFIDNP,"{""P47615"": 1}"
NQSKSXXXX,"{""P47256"": 4}"
NQSKSXYSX,"{""P47256"": 1}"
NQSDLQXXX,"{""P47260"": 25}"
NQSDLQXNE,"{""P47260"": 108}"
NQSDLQKNE,"{""P47260"": 5}"
NQSENQIVX,"{""P47377"": 127}"
NQSVIGXXI,"{""P47417"": 3}"
NQSVIGXXX,"{""P47417"": 4}"
NQSVIGRXX,"{""P47417"": 17}"
NQSVIGRXI,"{""P47417"": 6}"
NQTNTPSYC,"{""P47449"": 565}"
NQTNTPSYX,"{""P47449"": 27}"
NQTNTPSXC,"{""P47449"": 35}"
NQTNTPSXX,"{""P47449"": 3}"
NQTQTEGLE,"{""Q49429"": 112}"
NQTFALSLI,"{""P47257"": 122}"
NQTXSNSLF,"{""P47319"": 117}"
NQTXXXXXX,"{""P47319"": 25}"
NQTILNDHS,"{""P47492"": 121}"
NQTIIQTXE,"{""P47438"": 98}"
NQTIIQTXX,"{""P47438"": 19}"
NQTIIQTKE,"{""P47438"": 8}"
NQTEFSIIX,"{""Q49460"": 8}"
NQTEFSIIR,"{""Q49460"": 29}"
NQTKSNSLF,"{""P47319"": 3}"
NQHDLNNNP,"{""P22747"": 587}"
NQHDFFLXN,"{""Q49409"": 87}"
NQHDFFLXX,"{""Q49409"": 23}"
NQRXQLIGT,"{""P47406"": 108}"
NQRXXXXXX,"{""P47406"": 18}"
NQRGIFTNE,"{""P47660"": 28}"
NQRGFQNLY,"{""P47277"": 5}"
NQRLNTIFE,"{""P47571"": 28}"
NQRINFSNF,"{""P47431"": 31}"
NQRSIFGTI,"{""P47265"": 12}"
NQRKQLIGT,"{""P47406"": 6}"
NQCLALLYX,"{""P47330"": 93}"
NQCLALLXX,"{""P47330"": 5}"
NQKNQNLIN,"{""P47318"": 28}"
NQKYQTEVL,"{""P47658"": 4}"
NQKXDVTDX,"{""P47530"": 5}"
NQKXXXXXX,"{""P47530"": 2}"
NQKTIEXXX,"{""P47612"": 1}"
NQKGXQLAN,"{""P47308"": 6}"
NQKGXXXXX,"{""P47308"": 1}"
NQKKDVTDX,"{""P47530"": 1}"
NLVVIESPN,"{""P47368"": 121}"
NLVAXXXXX,"{""P47318"": 170}"
NLVAXXISD,"{""P47318"": 408}"
NLVAXKISD,"{""P47318"": 13}"
NLVAKXISD,"{""P47318"": 21}"
NLVAKXXXX,"{""P47318"": 1}"
NLVAKKISD,"{""P47318"": 1}"
NLVLILSXY,"{""P47326"": 460}"
NLVLILSXX,"{""P47326"": 126}"
NLVLILSKY,"{""P47326"": 19}"
NLVLILSKX,"{""P47326"": 1}"
NLVDDXXXX,"{""P47306"": 157}"
NLVDDXXIX,"{""P47306"": 400}"
NLVDDXXIK,"{""P47306"": 10}"
NLVDDXKIX,"{""P47306"": 19}"
NLVDDKXIX,"{""P47306"": 25}"
NLVDDKXXX,"{""P47306"": 5}"
NLVDDKKIX,"{""P47306"": 1}"
NLVDXXXXX,"{""P22747"": 459}"
NLVDXTVDE,"{""P22747"": 135}"
NLVDTNLYL,"{""P47653"": 33}"
NLVDTNLXL,"{""P47653"": 2}"
NLVDKTVDE,"{""P22747"": 3}"
NLVSXXXXX,"{""P47281"": 132}"
NLVXVDLSV,"{""P47629"": 91}"
NLVXLLEXS,"{""P47492"": 2}"
NLVXLLEYS,"{""P47492"": 106}"
NLVXXXXXX,"{""P47629"": 31, ""P47492"": 14}"
NLVKVDLSV,"{""P47629"": 7}"
NLVKLLEYS,"{""P47492"": 1}"
NLVIAYEPL,"{""P47670"": 118}"
NLVIAXEPL,"{""P47670"": 9}"
NLVIXLIHG,"{""P47565"": 3}"
NLVIRLIHG,"{""P47565"": 9}"
NLVQMXXXX,"{""P47568"": 5}"
NLVQMXXGG,"{""P47568"": 6}"
NLVQMRXGG,"{""P47568"": 7}"
NLVQMRXXX,"{""P47568"": 11}"
NLVFGTRSY,"{""P47590"": 11}"
NLVFGTRSX,"{""P47590"": 1}"
NLVFGTXSY,"{""P47590"": 2}"
NLXXXXXXX,"{""P47364"": 616, ""P47387"": 47, ""P47316"": 103, ""P47256"": 55, ""P47492"": 119, ""P47664"": 128, ""P47354"": 69, ""P47661"": 30, ""P47300"": 17, ""P47460"": 18, ""P47670"": 21, ""Q49421"": 23, ""P47356"": 23, ""P47619"": 25, ""P47551"": 17}"
NLXXLNFIN,"{""P47661"": 90}"
NLXXLPNLI,"{""P47316"": 3}"
NLXXDQVDN,"{""P47387"": 82}"
NLXXSAMFN,"{""P47619"": 72}"
NLXDAVSFV,"{""P47670"": 103}"
NLXIFANTX,"{""P47664"": 474}"
NLXILAAQH,"{""P47356"": 105}"
NLXGLXNQA,"{""P47460"": 70}"
NLXGLXXXX,"{""P47460"": 8}"
NLXGLKNQA,"{""P47460"": 6}"
NLXAXIQAL,"{""P47300"": 84}"
NLXAXXXXX,"{""P47300"": 13}"
NLXAKIQAL,"{""P47300"": 2}"
NLXLPVFLV,"{""Q49421"": 93}"
NLXKSAMFN,"{""P47619"": 1}"
NLXKLNFIN,"{""P47661"": 3}"
NLXKDQVDN,"{""P47387"": 3}"
NLXQNLQAX,"{""P47551"": 87}"
NLXQNLQAK,"{""P47551"": 1}"
NLXQAVFNL,"{""P47354"": 26}"
NLXEYLTXX,"{""P47256"": 12}"
NLXEYLTXQ,"{""P47256"": 74}"
NLXEYLTKQ,"{""P47256"": 4}"
NLXEXLTXQ,"{""P47256"": 6}"
NLXEXLTXX,"{""P47256"": 1}"
NLXENGFIY,"{""P47576"": 7}"
NLXENGFIX,"{""P47576"": 1}"
NLXNQSXSX,"{""P47256"": 76}"
NLXNQSXSK,"{""P47256"": 2}"
NLXNQSXXX,"{""P47256"": 17}"
NLXNQSKSX,"{""P47256"": 3}"
NLXNGQTIF,"{""P47272"": 8}"
NLXRLPNLI,"{""P47316"": 19}"
NLXTGAIVW,"{""P47272"": 8}"
NLXYIYAAP,"{""Q49409"": 1}"
NLAAGTIXN,"{""P47496"": 11}"
NLAAGTIRN,"{""P47496"": 31}"
NLASEAIFX,"{""P47619"": 133}"
NLASEAIFK,"{""P47619"": 6}"
NLAIEVQQT,"{""P47416"": 642}"
NLAIIDLPN,"{""P47563"": 103}"
NLAYRCFCS,"{""P47700"": 25}"
NLAYRCFXS,"{""P47700"": 1}"
NLAYRXFCS,"{""P47700"": 1}"
NLAYQLLSQ,"{""Q49420"": 113}"
NLAYXCFCS,"{""P47700"": 6}"
NLAYXCFXS,"{""P47700"": 1}"
NLANHFXNI,"{""P47496"": 106}"
NLANHFXXX,"{""P47496"": 26}"
NLANHFKNI,"{""P47496"": 11}"
NLADLVLEV,"{""P47529"": 127}"
NLALYIPIX,"{""P47487"": 131}"
NLALYIPIK,"{""P47487"": 5}"
NLALXIPIX,"{""P47487"": 14}"
NLAEREMAI,"{""P47460"": 26}"
NLAEXEMAI,"{""P47460"": 8}"
NLAFNVLII,"{""P47434"": 139}"
NLAXXCFCS,"{""P47700"": 1}"
NLAXQLLSQ,"{""Q49420"": 7}"
NLEQLTXEW,"{""P47288"": 102}"
NLEQLTXXX,"{""P47288"": 19}"
NLEQLTKEW,"{""P47288"": 5}"
NLEQLDEVR,"{""P47527"": 123}"
NLEQLDEVX,"{""P47527"": 30}"
NLEQLASAI,"{""P47426"": 118}"
NLENIXHPN,"{""P47585"": 86}"
NLENIXXXX,"{""P47585"": 16, ""P47587"": 3}"
NLENIXXTF,"{""P47587"": 8}"
NLENIXKTF,"{""P47587"": 1}"
NLENIYXTF,"{""P47587"": 83}"
NLENIYXXX,"{""P47587"": 14}"
NLENIYKTF,"{""P47587"": 7}"
NLENIKHPN,"{""P47585"": 5}"
NLENNSVLV,"{""P47624"": 136}"
NLESQNNLG,"{""P47522"": 120}"
NLEXNXQIF,"{""Q49424"": 89}"
NLEXNXXXX,"{""Q49424"": 12}"
NLEXNKQIF,"{""Q49424"": 3}"
NLEXXXXXX,"{""Q49424"": 18}"
NLEKNXQIF,"{""Q49424"": 5}"
NLEDEVEIT,"{""P47369"": 12}"
NLGYNETDF,"{""P47293"": 577}"
NLGXXXXXX,"{""P47423"": 494}"
NLGXXSERE,"{""P47423"": 95}"
NLGXXSEXE,"{""P47423"": 23}"
NLGXNTPIN,"{""P47414"": 6}"
NLGXNETDF,"{""P47293"": 27}"
NLGXKSERE,"{""P47423"": 7}"
NLGXKSEXE,"{""P47423"": 1}"
NLGLLNLFN,"{""Q49404"": 34}"
NLGRNTPIN,"{""P47414"": 26}"
NLGKXXXXX,"{""P47423"": 13}"
NLGKXSERE,"{""P47423"": 3}"
NLTDQQLFE,"{""P47318"": 640}"
NLTEQXLSL,"{""P47464"": 105}"
NLTEQXXXX,"{""P47464"": 16}"
NLTEQKLSL,"{""P47464"": 4}"
NLTYLTFXT,"{""P47685"": 478}"
NLTYLTFXX,"{""P47685"": 88}"
NLTYLTFKT,"{""P47685"": 25}"
NLTTLQXXX,"{""Q49413"": 93}"
NLTTLQXEE,"{""Q49413"": 26}"
NLTTLQKEE,"{""Q49413"": 2}"
NLTTLVNLX,"{""P47436"": 122}"
NLTTLVNLK,"{""P47436"": 2}"
NLTTTQLAX,"{""P47464"": 120}"
NLTTTQLAK,"{""P47464"": 3}"
NLTXLTFXT,"{""P47685"": 21}"
NLTXLTFXX,"{""P47685"": 6}"
NLTXLTFKT,"{""P47685"": 1}"
NLTIIQEXA,"{""P47423"": 31}"
NLTIIQEXX,"{""P47423"": 108}"
NLTIIQEKA,"{""P47423"": 1}"
NLTPXQAQI,"{""P47447"": 7}"
NLTPRQAQI,"{""P47447"": 26}"
NLLNXRYGN,"{""P47357"": 95}"
NLLNXRXGN,"{""P47357"": 2}"
NLLNXXXXX,"{""P47357"": 475, ""P47311"": 18}"
NLLNXXXGN,"{""P47357"": 3}"
NLLNXXYGN,"{""P47357"": 20}"
NLLNXIXLX,"{""P47311"": 77}"
NLLNXIXLK,"{""P47311"": 1}"
NLLNXIXXX,"{""P47311"": 13}"
NLLNXIKLX,"{""P47311"": 6}"
NLLNKIXLK,"{""P47311"": 1}"
NLLNKIXLX,"{""P47311"": 3}"
NLLNKRYGN,"{""P47357"": 5}"
NLLGVXISY,"{""P47331"": 19}"
NLLGVXISX,"{""P47331"": 2}"
NLLGVXXXX,"{""P47331"": 86}"
NLLGVKISY,"{""P47331"": 1}"
NLLGXYIYI,"{""P47300"": 4}"
NLLGRYIYI,"{""P47300"": 16}"
NLLEAQIXX,"{""P47643"": 15}"
NLLEAQIXQ,"{""P47643"": 92}"
NLLEAQIKQ,"{""P47643"": 9}"
NLLEXXLDQ,"{""P47460"": 401}"
NLLEXXXXX,"{""Q49419"": 105, ""P47460"": 185}"
NLLEXTFFG,"{""Q49419"": 508}"
NLLEXKLDQ,"{""P47460"": 24}"
NLLEKTFFG,"{""Q49419"": 23}"
NLLEKXLDQ,"{""P47460"": 20}"
NLLEKXXXX,"{""P47460"": 3}"
NLLEESNQR,"{""P47643"": 133}"
NLLEESNQX,"{""P47643"": 31}"
NLLACDAYX,"{""P47283"": 100}"
NLLACDAXX,"{""P47283"": 2}"
NLLAXXXXX,"{""P47529"": 126}"
NLLAXDAYX,"{""P47283"": 8}"
NLLAKXXXX,"{""P47529"": 7}"
NLLDQQXXV,"{""P47460"": 391}"
NLLDQQXXX,"{""P47460"": 181}"
NLLDQQXKV,"{""P47460"": 20}"
NLLDQQKXV,"{""P47460"": 27}"
NLLDQQKXX,"{""P47460"": 4}"
NLLWLCEXX,"{""P47483"": 13}"
NLLWLCEXT,"{""P47483"": 94}"
NLLWLCEKT,"{""P47483"": 6}"
NLLWLXEXT,"{""P47483"": 6}"
NLLWLXEXX,"{""P47483"": 2}"
NLLXIXLFA,"{""P47485"": 372}"
NLLXIXXXX,"{""P47485"": 94}"
NLLXIHLVI,"{""P47627"": 109}"
NLLXIKLFA,"{""P47485"": 15}"
NLLXXXXXX,"{""P47627"": 20, ""P47615"": 43, ""P47485"": 103, ""P47583"": 89}"
NLLXXSNLN,"{""P47615"": 74}"
NLLXEFRDG,"{""P47583"": 17}"
NLLXEFXDG,"{""P47583"": 2}"
NLLXPSLFF,"{""P47308"": 10}"
NLLXKSNLN,"{""P47615"": 3}"
NLLFSTLNS,"{""P47486"": 146}"
NLLLASQDL,"{""P47289"": 113}"
NLLLQTTGF,"{""P20796"": 34}"
NLLRPSLFF,"{""P47308"": 29}"
NLLQQAIPI,"{""P47580"": 41}"
NLLKIXLFA,"{""P47485"": 17}"
NLLKIXXXX,"{""P47485"": 1}"
NLLKIHLVI,"{""P47627"": 7}"
NLLKEFRDG,"{""P47583"": 2}"
NLLKXSNLN,"{""P47615"": 3}"
NLLKXXXXX,"{""P47615"": 2}"
NLIXSXSSE,"{""P47582"": 106}"
NLIXSXXXX,"{""P47582"": 382}"
NLIXSKSSE,"{""P47582"": 5}"
NLIXXXXXX,"{""P47703"": 543, ""P47290"": 100, ""P47582"": 109, ""P47483"": 22, ""P47606"": 101, ""P47481"": 21}"
NLIXXQIRS,"{""P47703"": 5}"
NLIXXQIXS,"{""P47703"": 1}"
NLIXNSLNX,"{""P47483"": 97}"
NLIXNSLNK,"{""P47483"": 4}"
NLIXNSYFF,"{""P47290"": 20}"
NLIXLVFAH,"{""P47606"": 521}"
NLIXTLDXX,"{""P47481"": 17}"
NLIXTLDXN,"{""P47481"": 81}"
NLIXTLDKN,"{""P47481"": 5}"
NLIXRQIRS,"{""P47703"": 17}"
NLIXRQIXS,"{""P47703"": 2}"
NLISSDQEM,"{""Q49460"": 615}"
NLISMFSSN,"{""P47277"": 116}"
NLISCXXXX,"{""Q49408"": 92}"
NLISCXLYQ,"{""Q49408"": 29}"
NLISCKLYQ,"{""Q49408"": 1}"
NLISCKLXQ,"{""Q49408"": 1}"
NLISXXXXX,"{""Q49408"": 5}"
NLISXXLYQ,"{""Q49408"": 1}"
NLINISFDX,"{""P47527"": 636}"
NLINISFDK,"{""P47527"": 27}"
NLILEQPLT,"{""P22747"": 130}"
NLILMRGAT,"{""P47283"": 6}"
NLILIGGEI,"{""P47293"": 10}"
NLIWQQTVX,"{""P47585"": 107}"
NLIWQQTVK,"{""P47585"": 8}"
NLIKSXXXX,"{""P47582"": 30}"
NLIKSXSSE,"{""P47582"": 3}"
NLIKSKSSE,"{""P47582"": 1}"
NLIKTLDXN,"{""P47481"": 6}"
NLIKNSLNX,"{""P47483"": 3}"
NLIKNSYFF,"{""P47290"": 1}"
NLIKLVFAH,"{""P47606"": 21}"
NLIVHSPTG,"{""P47664"": 142}"
NLIEQMLNP,"{""P47484"": 124}"
NLIEAYWNX,"{""P47537"": 120}"
NLIEAYWNK,"{""P47537"": 3}"
NLIEAXWNX,"{""P47537"": 5}"
NLIELITIP,"{""P47466"": 22}"
NLIDYDHVL,"{""P47318"": 22}"
NLIDXDHVL,"{""P47318"": 2}"
NLIANYRDE,"{""P47686"": 1}"
NLFWSIFXX,"{""P47627"": 126}"
NLFWSIFXQ,"{""P47627"": 5}"
NLFSVIGDI,"{""P47321"": 142}"
NLFSCXXXX,"{""P47545"": 120}"
NLFSCKXXX,"{""P47545"": 3}"
NLFSXXXXX,"{""P47545"": 2}"
NLFLELVXP,"{""Q49396"": 92}"
NLFLELVXX,"{""Q49396"": 28}"
NLFLELVKP,"{""Q49396"": 1}"
NLFLVGDNN,"{""P47486"": 5}"
NLFNXELNS,"{""Q49415"": 97}"
NLFNXXXXX,"{""Q49415"": 17}"
NLFNDNFNS,"{""Q49409"": 118}"
NLFNKELNS,"{""Q49415"": 4}"
NLFXXXXXX,"{""P22746"": 93}"
NLFXAVLXI,"{""P22746"": 7}"
NLFXAVLRI,"{""P22746"": 17}"
NLFDTPSTL,"{""P47310"": 104}"
NLFFINYRN,"{""P47403"": 21}"
NLFFINYXN,"{""P47403"": 13}"
NLFFINXRN,"{""P47403"": 1}"
NLFFINXXN,"{""P47403"": 1}"
NLFYNXQGF,"{""P47317"": 1}"
NLHSXXITN,"{""P47700"": 403}"
NLHSXXXXX,"{""P47700"": 204}"
NLHSXKITN,"{""P47700"": 20}"
NLHSKXITN,"{""P47700"": 23}"
NLHSKXXXX,"{""P47700"": 6}"
NLHSKKITN,"{""P47700"": 2}"
NLHLLGRLA,"{""Q49398"": 20}"
NLHLLGXLA,"{""Q49398"": 13}"
NLHFLSNET,"{""P47460"": 119}"
NLMLVFRDX,"{""P47429"": 107}"
NLMLVFRDK,"{""P47429"": 1}"
NLMLVFXDX,"{""P47429"": 41}"
NLMIYXXXX,"{""Q49425"": 105}"
NLMIYXNGL,"{""Q49425"": 20}"
NLMIYKNGL,"{""Q49425"": 3}"
NLMIXXXXX,"{""Q49425"": 4}"
NLMIXXNGL,"{""Q49425"": 1}"
NLPDXAIDL,"{""P47597"": 526}"
NLPDXXXXX,"{""P47597"": 90}"
NLPDKAIDL,"{""P47597"": 23}"
NLPSIQXXX,"{""P47655"": 17}"
NLPSIQXTX,"{""P47655"": 87}"
NLPSIQXTK,"{""P47655"": 4}"
NLPSIQKTX,"{""P47655"": 5}"
NLPFAIAQF,"{""P47493"": 576}"
NLPRMVXXX,"{""P47653"": 88}"
NLPRMVXTI,"{""P47653"": 23}"
NLPRMVKTI,"{""P47653"": 1}"
NLPXXXXXX,"{""P47277"": 30}"
NLPXLIXER,"{""P47277"": 12}"
NLPXLIXEX,"{""P47277"": 1}"
NLPXLIXXX,"{""P47277"": 79}"
NLPXLIKER,"{""P47277"": 1}"
NLPXLIKEX,"{""P47277"": 2}"
NLPXMVXXX,"{""P47653"": 23}"
NLPXMVXTI,"{""P47653"": 5}"
NLPXMVKTI,"{""P47653"": 1}"
NLPIXXXXX,"{""P47340"": 75}"
NLPIXLFDY,"{""P47340"": 21}"
NLPIXLFDX,"{""P47340"": 2}"
NLPLXXXXX,"{""P47412"": 17}"
NLPLXFVVE,"{""P47412"": 104}"
NLPLKFVVE,"{""P47412"": 3}"
NLPKLIXXX,"{""P47277"": 4}"
NLPKLIXER,"{""P47277"": 1}"
NLSEISMLV,"{""P47699"": 130}"
NLSEMDVSS,"{""P47614"": 145}"
NLSEXXXXX,"{""P47311"": 90}"
NLSEXXQEI,"{""P47311"": 15}"
NLSEKXXXX,"{""P47311"": 7}"
NLSEKXQEI,"{""P47311"": 3}"
NLSFXYPXH,"{""P47546"": 88}"
NLSFXYPXX,"{""P47546"": 22}"
NLSFXYPKH,"{""P47546"": 2}"
NLSFXXPXH,"{""P47546"": 5}"
NLSFXXXXX,"{""P47546"": 18}"
NLSFKYPXH,"{""P47546"": 1}"
NLSQTYLAN,"{""P47460"": 115}"
NLSQTXLAN,"{""P47460"": 6}"
NLSSSDYNT,"{""Q49409"": 135}"
NLSSSDXNT,"{""Q49409"": 3}"
NLSSXISLL,"{""P47695"": 81}"
NLSSXXXXX,"{""P47695"": 26}"
NLSSKISLL,"{""P47695"": 5}"
NLSGGQXXX,"{""P47260"": 118}"
NLSGGQXQR,"{""P47260"": 5}"
NLSGGQXQX,"{""P47260"": 4}"
NLSGGTLRN,"{""P47447"": 23}"
NLSGGTLXN,"{""P47447"": 9}"
NLSIEEVVF,"{""P47387"": 108}"
NLSYLIQSP,"{""P47542"": 108}"
NLSXLIQSP,"{""P47542"": 6}"
NLKGLXNQA,"{""P47460"": 7}"
NLKGLXXXX,"{""P47460"": 1}"
NLKXSAMFN,"{""P47619"": 6}"
NLKXXXXXX,"{""P47661"": 1, ""P47387"": 1}"
NLKXLNFIN,"{""P47661"": 3}"
NLKXDQVDN,"{""P47387"": 2}"
NLKIFANTX,"{""P47664"": 22}"
NLKILAAQH,"{""P47356"": 3}"
NLKDAVSFV,"{""P47670"": 5}"
NLKAXIQAL,"{""P47300"": 6}"
NLKAXXXXX,"{""P47300"": 1}"
NLKEYLTXX,"{""P47256"": 1}"
NLKEYLTXQ,"{""P47256"": 1}"
NLKEXLTXQ,"{""P47256"": 1}"
NLKQNLQAX,"{""P47551"": 3}"
NLKQAVFNL,"{""P47354"": 1}"
NLKNQSXSX,"{""P47256"": 3}"
NLKLPVFLV,"{""Q49421"": 4}"
NLKKLNFIN,"{""P47661"": 1}"
NLNLXNYGP,"{""P47355"": 108}"
NLNLXNXGP,"{""P47355"": 4}"
NLNLXXXXX,"{""P47355"": 17}"
NLNLNQINL,"{""P47625"": 138}"
NLNLKNYGP,"{""P47355"": 3}"
NLNPXXXXX,"{""P47311"": 573}"
NLNPQAIVE,"{""P47701"": 106}"
NLNNXGQXT,"{""P55750"": 395}"
NLNNXGQXX,"{""P55750"": 81}"
NLNNXGQKT,"{""P55750"": 25}"
NLNNXXXXX,"{""P55750"": 90}"
NLNNKGQXT,"{""P55750"": 19}"
NLNNKGQXX,"{""P55750"": 4}"
NLNNKGQKT,"{""P55750"": 2}"
NLNQILVTL,"{""Q49411"": 632}"
NLNQIEITQ,"{""P47446"": 121}"
NLNQLFIVE,"{""P47492"": 124}"
NLNSEITAQ,"{""P47496"": 153}"
NLNFLGFVE,"{""Q49427"": 27}"
NLNELTANL,"{""P47433"": 124}"
NLQSFLLXX,"{""P47379"": 93}"
NLQSFLLXA,"{""P47379"": 500}"
NLQSFLLKA,"{""P47379"": 33}"
NLQHLYTXQ,"{""P47637"": 71}"
NLQHLYTXX,"{""P47637"": 32}"
NLQHLYTKQ,"{""P47637"": 3}"
NLQHLXTXQ,"{""P47637"": 6}"
NLQHLXTXX,"{""P47637"": 3}"
NLQXELQQI,"{""P47288"": 101}"
NLQXXXXXX,"{""P47288"": 23}"
NLQQLELAN,"{""P47251"": 131}"
NLQNXXQLX,"{""P47520"": 70}"
NLQNXXQLK,"{""P47520"": 2}"
NLQNXXXXX,"{""P47520"": 35}"
NLQNXKQLX,"{""P47520"": 4}"
NLQNXTRSX,"{""P47576"": 1}"
NLQNKXQLX,"{""P47520"": 1}"
NLQNKXXXX,"{""P47520"": 2}"
NLQNKKQLX,"{""P47520"": 2}"
NLQNYTXSX,"{""P47576"": 12}"
NLQNYTRSX,"{""P47576"": 25}"
NLQEARDVV,"{""P47386"": 26}"
NLQEAXDVV,"{""P47386"": 11}"
NLQKELQQI,"{""P47288"": 4}"
NLWILHEXX,"{""P47259"": 29}"
NLWILHEXN,"{""P47259"": 88}"
NLWILHEKN,"{""P47259"": 2}"
NLDWQSLDQ,"{""P47308"": 125}"
NLDIFPNNW,"{""P47607"": 136}"
NLDISVRWH,"{""P47248"": 8}"
NLDDLISEL,"{""P47545"": 131}"
NLYENGFIY,"{""P47576"": 114}"
NLYENGFIX,"{""P47576"": 9}"
NLYYIYAAP,"{""Q49409"": 20}"
NLYYIXAAP,"{""Q49409"": 1}"
NLRTGAIVW,"{""P47272"": 29}"
NLRNGQTIF,"{""P47272"": 20}"
NPXXXXXXX,"{""P47368"": 21, ""P47376"": 36, ""Q49407"": 16, ""P47355"": 21, ""P47653"": 99, ""P47652"": 26}"
NPXXANNFX,"{""P47376"": 76}"
NPXXANNFK,"{""P47376"": 10}"
NPXTGFTNF,"{""Q49407"": 117}"
NPXTNQIQL,"{""Q49460"": 7}"
NPXQXHLLS,"{""P47368"": 74}"
NPXQXXXXX,"{""P47368"": 20}"
NPXQKHLLS,"{""P47368"": 5}"
NPXEYAXEN,"{""P47652"": 82}"
NPXEYAXXX,"{""P47652"": 12}"
NPXEYAKEN,"{""P47652"": 2}"
NPXEXAXEN,"{""P47652"": 7}"
NPXEXAKEN,"{""P47652"": 1}"
NPXINENNW,"{""P47355"": 114}"
NPXLRTYLF,"{""P47653"": 14}"
NPXLXTYLF,"{""P47653"": 3}"
NPXVQEAXI,"{""P47606"": 3}"
NPXVQEAXX,"{""P47606"": 2}"
NPLXXXXXX,"{""P47695"": 118}"
NPLXYAQMG,"{""P47695"": 5}"
NPLXILDDX,"{""P47281"": 8}"
NPLXNWVXS,"{""P47376"": 1}"
NPLXNWVYS,"{""P47376"": 1}"
NPLIXISPS,"{""Q49433"": 108}"
NPLIXXXXX,"{""Q49433"": 21}"
NPLIKISPS,"{""Q49433"": 5}"
NPLAGLFSL,"{""Q49427"": 645}"
NPLLIFGDE,"{""P47311"": 132}"
NPLVNINLP,"{""P47357"": 111}"
NPLNSXXXX,"{""P47456"": 105}"
NPLNSXAME,"{""P47456"": 4}"
NPLYNWVYS,"{""P47376"": 24}"
NPLYNWVXS,"{""P47376"": 1}"
NPLRILDDX,"{""P47281"": 26}"
NPLRILDDK,"{""P47281"": 2}"
NPSYEQVCS,"{""P47648"": 564}"
NPSYEQVXS,"{""P47648"": 36}"
NPSATVSQX,"{""P47580"": 125}"
NPSATVSQK,"{""P47580"": 4}"
NPSDYFPNX,"{""P47656"": 574}"
NPSDYFPNK,"{""P47656"": 21}"
NPSDXFPNX,"{""P47656"": 26}"
NPSDXFPNK,"{""P47656"": 1}"
NPSMSISSS,"{""P47492"": 136}"
NPSVIFEID,"{""P47505"": 126}"
NPSSYSNLS,"{""P47587"": 108}"
NPSSXSNLS,"{""P47587"": 4}"
NPSXEQVCS,"{""P47648"": 30}"
NPSXEQVXS,"{""P47648"": 2}"
NPHYVGGGV,"{""P47398"": 560}"
NPHXVGGGV,"{""P47398"": 23}"
NPPAFDEQP,"{""P47639"": 585}"
NPVTXLHFE,"{""Q49429"": 505}"
NPVTXXXXX,"{""Q49429"": 90}"
NPVTKLHFE,"{""Q49429"": 32}"
NPVXXXXXX,"{""P47573"": 20}"
NPVXHHTEP,"{""P47573"": 95}"
NPVSLPIDN,"{""P47466"": 127}"
NPVSQNHSV,"{""P47437"": 30}"
NPVLXEITW,"{""P47386"": 104}"
NPVLXXXXX,"{""P47386"": 24}"
NPVLKEITW,"{""P47386"": 2}"
NPVKHHTEP,"{""P47573"": 8}"
NPVYLVHRL,"{""P47451"": 4}"
NPIELSDGQ,"{""P47545"": 122}"
NPITNHFPI,"{""P47376"": 106}"
NPISDVIXE,"{""P47547"": 526}"
NPISDVIXX,"{""P47547"": 91}"
NPISDVIKE,"{""P47547"": 19}"
NPFELSGGQ,"{""P47426"": 562}"
NPQXXXXXX,"{""P47453"": 90}"
NPQXLITSE,"{""P47453"": 25}"
NPQETIRWL,"{""P47346"": 23}"
NPQETIXWL,"{""P47346"": 4}"
NPQKLITSE,"{""P47453"": 1}"
NPEVEXQVF,"{""P47644"": 468}"
NPEVEXXXX,"{""P47644"": 146}"
NPEVEKQVF,"{""P47644"": 19}"
NPELVNETI,"{""P47315"": 111}"
NPEXXXXXX,"{""P47567"": 30}"
NPEXLALNX,"{""P47567"": 104}"
NPEINQXLI,"{""Q49420"": 28}"
NPEINQXXX,"{""Q49420"": 83}"
NPEINQKLI,"{""Q49420"": 1}"
NPEKLALNX,"{""P47567"": 6}"
NPNTSLTWF,"{""P47562"": 617}"
NPNFWPIDS,"{""P47508"": 125}"
NPNGYCHIX,"{""P47648"": 103}"
NPNGYXHIX,"{""P47648"": 5}"
NPNGXXHIX,"{""P47648"": 1}"
NPNGXCHIX,"{""P47648"": 6}"
NPNQLTXAE,"{""P47458"": 129}"
NPNQLTXXX,"{""P47458"": 18}"
NPNQLTKAE,"{""P47458"": 3}"
NPTTXAXLI,"{""P47612"": 73}"
NPTTXAXXX,"{""P47612"": 16}"
NPTTXAKLI,"{""P47612"": 7}"
NPTTXXXXX,"{""P47612"": 13}"
NPTTKAXLI,"{""P47612"": 4}"
NPTTKAXXX,"{""P47612"": 3}"
NPTTKAKLI,"{""P47612"": 1}"
NPDFXXXXX,"{""P47699"": 35}"
NPDFXXQLF,"{""P47699"": 80}"
NPDFXKQLF,"{""P47699"": 4}"
NPDFKXQLF,"{""P47699"": 5}"
NPKXANNFX,"{""P47376"": 8}"
NPKXANNFK,"{""P47376"": 1}"
NPKXXXXXX,"{""P47376"": 1}"
NPKTGFTNF,"{""Q49407"": 3}"
NPKINENNW,"{""P47355"": 2}"
NPKEYAXXX,"{""P47652"": 1}"
NPKEXAXXX,"{""P47652"": 1}"
NPKQXHLLS,"{""P47368"": 4}"
NPKLRTYLF,"{""P47653"": 1}"
NPRVQEAXI,"{""P47606"": 27}"
NPRVQEAXX,"{""P47606"": 4}"
NPRVQEAKI,"{""P47606"": 1}"
NPRTNQIQL,"{""Q49460"": 21}"
NPGATNSMX,"{""P47489"": 3}"
NPGATNSMR,"{""P47489"": 16}"
NTDXLXXXX,"{""P20796"": 83}"
NTDXLXHVY,"{""P20796"": 18}"
NTDXLKHVY,"{""P20796"": 1}"
NTDXXXXXX,"{""P20796"": 28}"
NTDDLFYSN,"{""Q49408"": 133}"
NTDDLFXSN,"{""Q49408"": 3}"
NTDTEINXF,"{""P47585"": 98}"
NTDTEINXX,"{""P47585"": 22}"
NTDTEINKF,"{""P47585"": 2}"
NTDFHFFFF,"{""Q9ZB72"": 122}"
NTDFXLLEE,"{""P47573"": 95}"
NTDFXXXXX,"{""P47573"": 25}"
NTDFKLLEE,"{""P47573"": 8}"
NTDKLXHVY,"{""P20796"": 1}"
NTDKLXXXX,"{""P20796"": 2}"
NTHLEDQXG,"{""P47312"": 8}"
NTHLEDQYG,"{""P47312"": 116}"
NTHXXXXXX,"{""P47396"": 100}"
NTHXXLMIL,"{""P47396"": 7}"
NTHXRLMIL,"{""P47396"": 16}"
NTSGVXXXX,"{""P47250"": 98}"
NTSGVXLIR,"{""P47250"": 15}"
NTSGVXLIX,"{""P47250"": 8}"
NTSGVKLIR,"{""P47250"": 1}"
NTSGIVIGA,"{""P47610"": 611}"
NTSINGLID,"{""P47386"": 119}"
NTSSMQAMS,"{""P47286"": 134}"
NTSLALNLA,"{""P47551"": 30}"
NTLXXXXXX,"{""P47615"": 88}"
NTLXXPVII,"{""P47615"": 16}"
NTLXEDPDQ,"{""P47484"": 6}"
NTLFNSIFA,"{""Q49418"": 130}"
NTLANFFEG,"{""P47483"": 111}"
NTLLLVANX,"{""P47282"": 129}"
NTLLLVANK,"{""P47282"": 5}"
NTLIIMTSN,"{""P47597"": 135}"
NTLHNSDLX,"{""P47436"": 110}"
NTLHNSDLK,"{""P47436"": 5}"
NTLDWDGDE,"{""P47593"": 28}"
NTLREDPDQ,"{""P47484"": 27}"
NTLKXPVII,"{""P47615"": 1}"
NTLKXXXXX,"{""P47615"": 3}"
NTFQEXVNV,"{""P47371"": 103}"
NTFQEXXXX,"{""P47371"": 18}"
NTFQEKVNV,"{""P47371"": 5}"
NTFADFEIN,"{""P47486"": 126}"
NTFNFLALC,"{""P47564"": 152}"
NTFNFLALX,"{""P47564"": 6}"
NTAQGSEST,"{""P47502"": 131}"
NTAQSLYDF,"{""P47619"": 130}"
NTAQSLXDF,"{""P47619"": 3}"
NTATFITPN,"{""P47507"": 622}"
NTATRYSEX,"{""Q49460"": 26}"
NTATXYSEX,"{""Q49460"": 7}"
NTAISDDLP,"{""P47311"": 102}"
NTAVQLCCV,"{""P47296"": 125}"
NTAVQLCXV,"{""P47296"": 6}"
NTAVQLXCV,"{""P47296"": 8}"
NTAPTSDIS,"{""P47344"": 134}"
NTANTLPFL,"{""P47321"": 132}"
NTADLIYQX,"{""P47540"": 7}"
NTADLIYQR,"{""P47540"": 17}"
NTADLIXQR,"{""P47540"": 2}"
NTALTVLXN,"{""P47464"": 103}"
NTALTVLXX,"{""P47464"": 20}"
NTALTVLKN,"{""P47464"": 3}"
NTAYNQLPV,"{""P47590"": 1}"
NTTLXLYTA,"{""P47580"": 492}"
NTTLXLXTA,"{""P47580"": 24}"
NTTLXXXXX,"{""P47580"": 94}"
NTTLKLYTA,"{""P47580"": 29}"
NTTLKLXTA,"{""P47580"": 1}"
NTTTXXXXX,"{""P47356"": 87}"
NTTTXTTLF,"{""P47356"": 24}"
NTTTSQFXM,"{""P47276"": 10}"
NTTTSQFRM,"{""P47276"": 29}"
NTTTKTTLF,"{""P47356"": 1}"
NTTIPVSXX,"{""P47547"": 542}"
NTTIPVSXS,"{""P47547"": 29}"
NTTIPVSKS,"{""P47547"": 2}"
NTTSSCIFX,"{""P47378"": 5}"
NTTSSCIFC,"{""P47378"": 108}"
NTTSSXIFC,"{""P47378"": 6}"
NTTXXXXXX,"{""P47326"": 50, ""P47618"": 13}"
NTTXXQSXX,"{""P47326"": 86}"
NTTXXQSXK,"{""P47326"": 1}"
NTTXXQSKX,"{""P47326"": 6}"
NTTXTSLXI,"{""P47618"": 71}"
NTTXTSLXX,"{""P47618"": 21}"
NTTXTSLKI,"{""P47618"": 6}"
NTTXKQSXX,"{""P47326"": 3}"
NTTXKQSXK,"{""P47326"": 1}"
NTTFNXXXX,"{""P47300"": 110}"
NTTFNXWFV,"{""P47300"": 5}"
NTTFNKWFV,"{""P47300"": 1}"
NTTPXSXTK,"{""Q49429"": 7}"
NTTPXSXTX,"{""Q49429"": 75}"
NTTPXSXXX,"{""Q49429"": 18}"
NTTPXSKTX,"{""Q49429"": 2}"
NTTPXXXXX,"{""Q49429"": 21}"
NTTPKSXTX,"{""Q49429"": 4}"
NTTPKSXXX,"{""Q49429"": 1}"
NTTDFVAXX,"{""P47365"": 31}"
NTTDFVAXD,"{""P47365"": 109}"
NTTDFVAKD,"{""P47365"": 9}"
NTTVFFSRD,"{""P47362"": 20}"
NTTVFFSXD,"{""P47362"": 2}"
NTTKXQSXX,"{""P47326"": 3}"
NTTKTSLXI,"{""P47618"": 3}"
NTTKTSLXX,"{""P47618"": 2}"
NTYLVSTAX,"{""P47635"": 111}"
NTYLVSTAK,"{""P47635"": 6}"
NTYGTGWLI,"{""P47314"": 610}"
NTYGTGCFV,"{""P47284"": 122}"
NTYGTGXFV,"{""P47284"": 4}"
NTYGVLIFQ,"{""Q49405"": 101}"
NTYALQVTA,"{""P47337"": 126}"
NTPINMIHA,"{""P47414"": 625}"
NTPIIYGSA,"{""P13927"": 127}"
NTPIIXGSA,"{""P13927"": 5}"
NTPGYFVCX,"{""P47347"": 116}"
NTPGYFVCK,"{""P47347"": 2}"
NTPGYFVXX,"{""P47347"": 8}"
NTPGXFVCX,"{""P47347"": 8}"
NTPGXFVCK,"{""P47347"": 1}"
NTPXXXXXX,"{""P47344"": 105}"
NTPXIGVSN,"{""P47344"": 6}"
NTPKIGVSN,"{""P47344"": 1}"
NTIDFXEXE,"{""P47460"": 91}"
NTIDFXEXX,"{""P47460"": 15}"
NTIDFXEKE,"{""P47460"": 6}"
NTIDFXXXX,"{""P47460"": 19}"
NTIDFKEXX,"{""P47460"": 1}"
NTIDFKEXE,"{""P47460"": 3}"
NTIIQXFNS,"{""P47264"": 508}"
NTIIQXXXX,"{""P47264"": 97}"
NTIIQKFNS,"{""P47264"": 24}"
NTIEERVCQ,"{""P47264"": 23}"
NTIEERVXQ,"{""P47264"": 3}"
NTIEEXVCQ,"{""P47264"": 3}"
NTIXXXXXX,"{""P47313"": 18}"
NTIXFYAQF,"{""P47313"": 114}"
NTIXFXAQF,"{""P47313"": 3}"
NTISVIVGG,"{""Q49434"": 38}"
NTIKFYAQF,"{""P47313"": 5}"
NTEILSVVN,"{""P47483"": 130}"
NTEITISGI,"{""P47412"": 129}"
NTESWXXQL,"{""P47573"": 96}"
NTESWXXXX,"{""P47573"": 40}"
NTESWXKQL,"{""P47573"": 5}"
NTESWKXQL,"{""P47573"": 7}"
NTEQIGILX,"{""P47310"": 114}"
NTEQIGILK,"{""P47310"": 3}"
NTQALSPXS,"{""Q49460"": 87}"
NTQALSPXX,"{""Q49460"": 19}"
NTQALSPKS,"{""Q49460"": 5}"
NTQVGXXXX,"{""P47619"": 16}"
NTQVGXVXA,"{""P47619"": 67}"
NTQVGXVXX,"{""P47619"": 14}"
NTQVGXVKA,"{""P47619"": 3}"
NTQVGKVXA,"{""P47619"": 6}"
NTQXXXXXX,"{""P47424"": 109, ""P47581"": 15}"
NTQXXLEXI,"{""P47424"": 7}"
NTQXXLEXX,"{""P47424"": 1}"
NTQXNSSFI,"{""P47581"": 111}"
NTQXRLEXI,"{""P47424"": 14}"
NTQXRLEXX,"{""P47424"": 1}"
NTQXRLEKI,"{""P47424"": 2}"
NTQFLIITH,"{""P47540"": 41}"
NTQKRLEXX,"{""P47424"": 1}"
NTQKNSSFI,"{""P47581"": 3}"
NTWTIEAIM,"{""P47525"": 128}"
NTWNXLXXX,"{""P47606"": 92}"
NTWNXLXXK,"{""P47606"": 3}"
NTWNXLXKX,"{""P47606"": 3}"
NTWNXLKXX,"{""P47606"": 4}"
NTWNXXXXX,"{""P47606"": 25}"
NTWNKLXXX,"{""P47606"": 2}"
NTGAEVXQX,"{""P47542"": 111}"
NTGAEVXQK,"{""P47542"": 1}"
NTGAEVXXX,"{""P47542"": 31}"
NTGAEVKQX,"{""P47542"": 5}"
NTXXXXXXX,"{""P47660"": 91, ""Q49427"": 23, ""Q49404"": 18, ""P47650"": 16, ""P47695"": 18, ""P47693"": 20}"
NTXDNVIXX,"{""P47650"": 97}"
NTXDNVIXK,"{""P47650"": 4}"
NTXDNVIKX,"{""P47650"": 13}"
NTXSAFMSY,"{""Q49427"": 94}"
NTXSAFMSX,"{""Q49427"": 4}"
NTXTIXXQI,"{""P47693"": 70}"
NTXTIXXXX,"{""Q49404"": 16, ""P47693"": 32}"
NTXTIXQLL,"{""Q49404"": 80}"
NTXTIXKQI,"{""P47693"": 2}"
NTXTIKQLL,"{""Q49404"": 4}"
NTXTIKXQI,"{""P47693"": 3}"
NTXTIKXXX,"{""P47693"": 1}"
NTXLPPEIL,"{""P47695"": 115}"
NTXLVSTAX,"{""P47635"": 5}"
NTXGTGCFV,"{""P47284"": 8}"
NTXGTGWLI,"{""P47314"": 38}"
NTXGVLIFQ,"{""Q49405"": 8}"
NTXHNISVV,"{""P47660"": 21}"
NTXPFLRNS,"{""P47525"": 2}"
NTXALQVTA,"{""P47337"": 2}"
NTNISFLGC,"{""Q49408"": 582}"
NTNISFLGX,"{""Q49408"": 23}"
NTNDXTASE,"{""Q49409"": 105}"
NTNDXXXXX,"{""P47498"": 82, ""Q49409"": 28}"
NTNDXNRNF,"{""P47498"": 14}"
NTNDXNXNF,"{""P47498"": 8}"
NTNDNLVLI,"{""P47280"": 28}"
NTNDKTASE,"{""Q49409"": 7}"
NTNDKNXNF,"{""P47498"": 1}"
NTNLXTILV,"{""P47706"": 107}"
NTNLXXXXX,"{""P47706"": 22}"
NTNLLLTNL,"{""P47441"": 129}"
NTNLKTILV,"{""P47706"": 2}"
NTNSFTNNF,"{""P47580"": 120}"
NTVEIYSXX,"{""P47345"": 112}"
NTVEIYSXK,"{""P47345"": 5}"
NTVEIYSKX,"{""P47345"": 8}"
NTVEIXSXX,"{""P47345"": 4}"
NTVEIXSKX,"{""P47345"": 1}"
NTVGNHNSY,"{""P47313"": 607}"
NTVGNHNSX,"{""P47313"": 25}"
NTVIVNXXX,"{""P47391"": 100}"
NTVIVNXTN,"{""P47391"": 32}"
NTVNGLISP,"{""P47549"": 10}"
NTKDNVIXX,"{""P47650"": 2}"
NTKTIXXXX,"{""P47693"": 3, ""Q49404"": 1}"
NTKTIXXQI,"{""P47693"": 3}"
NTKTIXKQI,"{""P47693"": 1}"
NTKTIXQLL,"{""Q49404"": 3}"
NTKTIKXQI,"{""P47693"": 1}"
NTKHNISVV,"{""P47660"": 1}"
NTKLPPEIL,"{""P47695"": 5}"
NTKSAFMSY,"{""Q49427"": 2}"
NTRPFLXNS,"{""P47525"": 3}"
NTRPFLRNS,"{""P47525"": 6}"
NWFNQQGFI,"{""P47282"": 558}"
NWFGVXDXM,"{""P47482"": 86}"
NWFGVXDXX,"{""P47482"": 18}"
NWFGVXDKM,"{""P47482"": 6}"
NWFGVXXXX,"{""P47482"": 20}"
NWFGVKDXM,"{""P47482"": 2}"
NWFQSQVXL,"{""P47619"": 100}"
NWFQSQVXX,"{""P47619"": 29}"
NWFQSQVKL,"{""P47619"": 6}"
NWSFXVQSE,"{""P47349"": 521}"
NWSFXXXXX,"{""P47349"": 92}"
NWSFKVQSE,"{""P47349"": 35}"
NWYFXNTNS,"{""P47580"": 106}"
NWYFXXXXX,"{""P47580"": 14}"
NWYFKNTNS,"{""P47580"": 6}"
NWISXWTAS,"{""P47403"": 10}"
NWISRWTAS,"{""P47403"": 23}"
NWIGXSXGV,"{""P47508"": 386}"
NWIGXSXXX,"{""P47508"": 70}"
NWIGXSKGV,"{""P47508"": 16}"
NWIGXXXXX,"{""P47508"": 108}"
NWIGKSXGV,"{""P47508"": 25}"
NWIGKSXXX,"{""P47508"": 6}"
NWIETTIGX,"{""P47267"": 115}"
NWIETTIGK,"{""P47267"": 1}"
NWIEXGHHV,"{""P47438"": 93}"
NWIEXXXXX,"{""P47438"": 37}"
NWIEKGHHV,"{""P47438"": 4}"
NWIINNIDI,"{""Q49436"": 129}"
NWINFDNAA,"{""Q49420"": 135}"
NWNSLNNEN,"{""P47551"": 142}"
NWNQFMXXX,"{""Q49410"": 103}"
NWNQFMXFG,"{""Q49410"": 9}"
NWLFLWTCV,"{""P47498"": 21}"
NWLFLWTXV,"{""P47498"": 2}"
NWXGLNFPL,"{""P47269"": 109}"
NWXXXXXXX,"{""Q49411"": 118, ""P47269"": 22}"
NWXQHYNVF,"{""P47274"": 26}"
NWXQHXNVF,"{""P47274"": 1}"
NWXFXXXXX,"{""P47580"": 2}"
NWXFXNTNS,"{""P47580"": 3}"
NWXLWLLSF,"{""Q49411"": 2}"
NWGWEEFNX,"{""P47343"": 8}"
NWGWEEFNC,"{""P47343"": 141}"
NWEFDFFSS,"{""P47248"": 138}"
NWTLFGGSW,"{""P47266"": 120}"
NWTVELNEI,"{""P47500"": 120}"
NWRQHYNVF,"{""P47274"": 125}"
NWRQHXNVF,"{""P47274"": 5}"
NWKGLNFPL,"{""P47269"": 4}"
NGELISINV,"{""P47317"": 581}"
NGEXDQAIT,"{""P47280"": 28}"
NGEGVAVIG,"{""P47549"": 616}"
NGEYDQAIT,"{""P47280"": 561}"
NGEIAEFFN,"{""P47248"": 129}"
NGIRIIIXH,"{""P47446"": 97}"
NGIRIIIXX,"{""P47446"": 16}"
NGIRIIIKH,"{""P47446"": 5}"
NGIFYVSAQ,"{""P47655"": 110}"
NGIFXVSAQ,"{""P47655"": 6}"
NGIPFEQVX,"{""P20796"": 112}"
NGIPFEQVK,"{""P20796"": 4}"
NGISSWMLF,"{""P47661"": 126}"
NGIVXRTSL,"{""P47250"": 13}"
NGIVXXXXX,"{""P47250"": 93}"
NGIVXXTSL,"{""P47250"": 6}"
NGIVKXTSL,"{""P47250"": 1}"
NGIVKRTSL,"{""P47250"": 1}"
NGINDIREL,"{""P47658"": 24}"
NGINDIXEL,"{""P47658"": 6}"
NGIXIIIXH,"{""P47446"": 17}"
NGIXIIIXX,"{""P47446"": 4}"
NGIXIIIKH,"{""P47446"": 2}"
NGSXLITTS,"{""P47446"": 80}"
NGSXXXXXX,"{""P47446"": 24}"
NGSNDIIDX,"{""P47286"": 135}"
NGSNDIIDK,"{""P47286"": 6}"
NGSSDSNQQ,"{""P47286"": 638}"
NGSSSTSSS,"{""P47549"": 142}"
NGSTDSSDG,"{""P47563"": 128}"
NGSLSIVTT,"{""P47685"": 610}"
NGSDLLIXV,"{""P47624"": 106}"
NGSDLLIXX,"{""P47624"": 14}"
NGSDLLIKV,"{""P47624"": 2}"
NGSKLITTS,"{""P47446"": 3}"
NGDPNFIKW,"{""P47267"": 21}"
NGDPNFIXW,"{""P47267"": 479}"
NGDPNFIXX,"{""P47267"": 142}"
NGDTVVVIE,"{""P47660"": 119}"
NGDEQITRD,"{""P47583"": 22}"
NGDEQITXD,"{""P47583"": 8}"
NGFXLIEWL,"{""P47434"": 31}"
NGFSNPNXX,"{""P47444"": 101}"
NGFSNPNXD,"{""P47444"": 514}"
NGFSNPNKD,"{""P47444"": 24}"
NGFYLIEWL,"{""P47434"": 611}"
NGFQYSLXX,"{""P47655"": 82}"
NGFQYSLXF,"{""P47655"": 21}"
NGFQXSLXF,"{""P47655"": 6}"
NGFQXSLXX,"{""P47655"": 2}"
NGFNLPEAV,"{""P47278"": 25}"
NGTXYPGFS,"{""P47399"": 449}"
NGTXXPGFS,"{""P47399"": 24}"
NGTXXXXXX,"{""P47399"": 94}"
NGTFRNNIS,"{""P47502"": 119}"
NGTFXNNIS,"{""P47502"": 32}"
NGTASSSPS,"{""P47522"": 133}"
NGTLGATFS,"{""P47337"": 109}"
NGTKYPGFS,"{""P47399"": 19}"
NGTKXPGFS,"{""P47399"": 3}"
NGLGIIIQW,"{""P47564"": 642}"
NGLPSLEMV,"{""P47457"": 136}"
NGLAYALIX,"{""Q49428"": 109}"
NGLAYALIK,"{""Q49428"": 4}"
NGLAXALIX,"{""Q49428"": 7}"
NGLIEFXTD,"{""P47589"": 81}"
NGLIEFXXX,"{""P47589"": 21}"
NGLIEFKTD,"{""P47589"": 3}"
NGLLDGSNX,"{""P47315"": 119}"
NGLLDGSNK,"{""P47315"": 5}"
NGLQSIDVQ,"{""Q49425"": 26}"
NGLNSYQRE,"{""P47655"": 25}"
NGLNSYQXE,"{""P47655"": 5}"
NGLNSXQRE,"{""P47655"": 1}"
NGLVXVGDN,"{""P47551"": 1}"
NGQTIFGPN,"{""P47272"": 609}"
NGQMNQTSS,"{""P47310"": 131}"
NGQIYQSVY,"{""P47445"": 579}"
NGQIYQSVX,"{""P47445"": 24}"
NGQIXQSVY,"{""P47445"": 26}"
NGQIXQSVX,"{""P47445"": 1}"
NGQPLSLLX,"{""P47321"": 115}"
NGQPLSLLK,"{""P47321"": 5}"
NGYFIDLMG,"{""P47563"": 604}"
NGYYGLYHN,"{""P47457"": 95}"
NGYYGLXHN,"{""P47457"": 1}"
NGYXGLYHN,"{""P47457"": 7}"
NGVPQFXXX,"{""P47286"": 486}"
NGVPQFXST,"{""P47286"": 107}"
NGVPQFKST,"{""P47286"": 5}"
NGVFPYAPS,"{""P47345"": 606}"
NGVFPXAPS,"{""P47345"": 37}"
NGVDGVYTA,"{""P47672"": 114}"
NGVDGVXTA,"{""P47672"": 4}"
NGVXXXXXX,"{""P47368"": 123}"
NGVXRDEFL,"{""P47368"": 2}"
NGVXEXVFQ,"{""Q9ZB73"": 1}"
NGVIHCXFF,"{""P47335"": 496}"
NGVIHCXXX,"{""P47335"": 102}"
NGVIHCKFF,"{""P47335"": 21}"
NGVIHXXXX,"{""P47335"": 10}"
NGVIHXXFF,"{""P47335"": 27}"
NGVIHXKFF,"{""P47335"": 1}"
NGVITTDDA,"{""P47632"": 119}"
NGVSXXXXX,"{""P47505"": 15}"
NGVSXASAL,"{""P47505"": 130}"
NGVSKASAL,"{""P47505"": 4}"
NGVVTINVD,"{""P47346"": 119}"
NGVLVHALT,"{""P47496"": 34}"
NGVYERVFQ,"{""Q9ZB73"": 20}"
NGVYEXVFQ,"{""Q9ZB73"": 8}"
NGVNPLILP,"{""Q49460"": 38}"
NGGLAIQGG,"{""P47332"": 651}"
NGGLFLETV,"{""P47299"": 134}"
NGGFLVXXX,"{""P47427"": 570}"
NGGFLVXMX,"{""P47427"": 2}"
NGGFLVXMR,"{""P47427"": 3}"
NGGYSRVLX,"{""P47424"": 90}"
NGGYSXVLX,"{""P47424"": 23}"
NGGXSRVLX,"{""P47424"": 2}"
NGGXSXVLX,"{""P47424"": 3}"
NGATXXXXX,"{""P47530"": 600}"
NGAQNXXXX,"{""P47580"": 5}"
NGAQNYXXX,"{""P47580"": 78}"
NGAQNYXNL,"{""P47580"": 28}"
NGAQNYKNL,"{""P47580"": 1}"
NGAIXITIL,"{""P47380"": 104}"
NGAIXXXXX,"{""P47380"": 16}"
NGAIKITIL,"{""P47380"": 4}"
NGAXNLXEY,"{""P47256"": 74}"
NGAXNLXEX,"{""P47256"": 4}"
NGAXNLXXX,"{""P47256"": 23}"
NGAXNLKEY,"{""P47256"": 5}"
NGAXXXXXX,"{""P47256"": 17}"
NGANPHHXP,"{""P47566"": 100}"
NGANPHHXX,"{""P47566"": 18}"
NGANPHHKP,"{""P47566"": 3}"
NGAKNLXXX,"{""P47256"": 2}"
NGAKNLXEY,"{""P47256"": 2}"
NGCXXXXXX,"{""P47253"": 41}"
NGCXXXINC,"{""P47253"": 2}"
NGCXXCINC,"{""P47253"": 77}"
NGCXXCINX,"{""P47253"": 3}"
NGCXKCINC,"{""P47253"": 1}"
NGCKXCINC,"{""P47253"": 4}"
NGCKXXXXX,"{""P47253"": 1}"
NGWLDFDLI,"{""P47328"": 139}"
NGPNGXXXX,"{""P47340"": 139}"
NGPNGXVXX,"{""P47340"": 463}"
NGPNGKVXX,"{""P47340"": 19}"
NGXIKVEIW,"{""P47305"": 17}"
NGXIXVEIW,"{""P47305"": 437}"
NGXIXXXXX,"{""P47305"": 79}"
NGXYIALIG,"{""P47684"": 494}"
NGXYGLYHN,"{""P47457"": 2}"
NGXCFQXIA,"{""Q49400"": 80}"
NGXCFQXXX,"{""Q49400"": 15}"
NGXCFQKIA,"{""Q49400"": 5}"
NGXXIALIG,"{""P47684"": 29}"
NGXXXXXXX,"{""Q49400"": 20, ""P47305"": 82, ""P47684"": 91, ""P47253"": 4}"
NGXXXCINX,"{""P47253"": 1}"
NGXXGLYHN,"{""P47457"": 1}"
NGXXFQXIA,"{""Q49400"": 6}"
NGXFIDLMG,"{""P47563"": 32}"
NGXDSHSXX,"{""P47476"": 3}"
NGXDSHSXR,"{""P47476"": 2}"
NGRDSHSXX,"{""P47476"": 20}"
NGRDSHSXR,"{""P47476"": 8}"
NGKIXVEIW,"{""P47305"": 24}"
NGKIXXXXX,"{""P47305"": 5}"
NGKIKVEIW,"{""P47305"": 1}"
NGKCFQXIA,"{""Q49400"": 3}"
NGKYIALIG,"{""P47684"": 27}"
NGKXIALIG,"{""P47684"": 1}"
NGNXENAXL,"{""P47413"": 84}"
NGNXENAXX,"{""P47413"": 17}"
NGNXENAKL,"{""P47413"": 3}"
NGNXXXXXX,"{""P47413"": 16}"
NGNEXLILQ,"{""P47448"": 93}"
NGNEXXXXX,"{""P47448"": 14}"
NGNEKLILQ,"{""P47448"": 5}"
NGNKENAKL,"{""P47413"": 1}"
NGNKENAXX,"{""P47413"": 1}"
NGNKENAXL,"{""P47413"": 4}"
NESDSFYID,"{""P47436"": 577}"
NESDSFXID,"{""P47436"": 30}"
NESXLXVXA,"{""P47277"": 72}"
NESXLXVXX,"{""P47277"": 11}"
NESXLXVKA,"{""P47277"": 3}"
NESXLXXXX,"{""P47277"": 14}"
NESXLKVXA,"{""P47277"": 4}"
NESXXXXXX,"{""P47277"": 15}"
NESLAXPDE,"{""P47484"": 6}"
NESLAYPDE,"{""P47484"": 106}"
NESLXLYLL,"{""P47661"": 93}"
NESLXLXLL,"{""P47661"": 5}"
NESLXXXXX,"{""P47661"": 21}"
NESLILSTF,"{""P47253"": 28}"
NESLKLYLL,"{""P47661"": 4}"
NESELDELI,"{""P47528"": 154}"
NESESLRDF,"{""P47366"": 2}"
NESESLXDF,"{""P47366"": 1}"
NESATXXXX,"{""P47460"": 99}"
NESATXSEE,"{""P47460"": 26}"
NESANLELL,"{""P47251"": 126}"
NESKLXVXA,"{""P47277"": 2}"
NESKLKVXA,"{""P47277"": 1}"
NEITPGNFL,"{""P47493"": 46}"
NEIPHIARI,"{""P47627"": 17}"
NEIPHIAXI,"{""P47627"": 5}"
NEIPNIASL,"{""P47694"": 585}"
NEIDEIRAG,"{""P47335"": 116}"
NEIDEIXAG,"{""P47335"": 39}"
NEIDDXXXX,"{""P47606"": 91}"
NEIDDXXXL,"{""P47606"": 4}"
NEIDDXRXL,"{""P47606"": 12}"
NEIDDXRXX,"{""P47606"": 4}"
NEIDDXRKL,"{""P47606"": 1}"
NEIIFTSSA,"{""Q49420"": 145}"
NEIXXXXXX,"{""P47653"": 40, ""P47332"": 100, ""Q49416"": 15, ""P47505"": 17}"
NEIXXQDTN,"{""P47653"": 84}"
NEIXXLYSD,"{""P47505"": 5}"
NEIXDNXLV,"{""Q49416"": 76}"
NEIXDNXXX,"{""Q49416"": 11}"
NEIXDNKLV,"{""Q49416"": 1}"
NEIXYLYSD,"{""P47505"": 90}"
NEIXYLXSD,"{""P47505"": 4}"
NEIXKQDTN,"{""P47653"": 4}"
NEIXAVYVE,"{""P47332"": 4}"
NEILDESTX,"{""P47591"": 129}"
NEILDESTK,"{""P47591"": 4}"
NEISQTAFQ,"{""P47369"": 119}"
NEIEILNRL,"{""P47650"": 22}"
NEIEILNXL,"{""P47650"": 3}"
NEIGXVTFL,"{""P47540"": 93}"
NEIGXXXXX,"{""P47540"": 18}"
NEIGKVTFL,"{""P47540"": 3}"
NEIKXQDTN,"{""P47653"": 7}"
NEIKXLYSD,"{""P47505"": 1}"
NEIKDNXLV,"{""Q49416"": 3}"
NEIKYLYSD,"{""P47505"": 8}"
NELEXVENX,"{""P47534"": 466}"
NELEXVENK,"{""P47534"": 3}"
NELEXXXXX,"{""P47534"": 143}"
NELEKVENX,"{""P47534"": 18}"
NELASQEDX,"{""P47590"": 136}"
NELASQEDK,"{""P47590"": 4}"
NELKLFLSL,"{""P47655"": 11}"
NELKLNPXX,"{""P47662"": 1}"
NELKYHLDI,"{""P47282"": 26}"
NELKXXXXX,"{""Q49419"": 1}"
NELKXLHDN,"{""Q49419"": 5}"
NELKELELA,"{""P47540"": 5}"
NELKIXXXX,"{""P47699"": 1}"
NELKIXTSQ,"{""P47699"": 1}"
NELKDLVES,"{""P47551"": 1}"
NELXXXXXX,"{""P47282"": 96, ""P47551"": 24, ""P47699"": 13, ""Q49419"": 36, ""P47247"": 103, ""P47662"": 33, ""P47655"": 18, ""P47540"": 21}"
NELXXLHDN,"{""Q49419"": 82}"
NELXXHLDI,"{""P47282"": 17}"
NELXLNPXX,"{""P47662"": 76}"
NELXLNPXC,"{""P47662"": 18}"
NELXLNPKC,"{""P47662"": 2}"
NELXLFLSL,"{""P47655"": 106}"
NELXYHLDI,"{""P47282"": 493}"
NELXELELA,"{""P47540"": 107}"
NELXIXXXX,"{""P47699"": 20}"
NELXIXTSQ,"{""P47699"": 89}"
NELXIKTSQ,"{""P47699"": 3}"
NELXDALQX,"{""P47247"": 4}"
NELXDALQR,"{""P47247"": 3}"
NELXDLVES,"{""P47551"": 89}"
NELXTFALH,"{""P47664"": 8}"
NELXKLHDN,"{""Q49419"": 5}"
NELXGMFLS,"{""P36263"": 8}"
NELLXTTIX,"{""P47637"": 96}"
NELLXTTIK,"{""P47637"": 2}"
NELLXXXXX,"{""P47637"": 11}"
NELLFTLAV,"{""P47342"": 25}"
NELLSSVLN,"{""Q49399"": 114}"
NELLKTTIX,"{""P47637"": 6}"
NELNPDEII,"{""P47294"": 112}"
NELVXXXXX,"{""P47512"": 102}"
NELVXVIYF,"{""P47512"": 26}"
NELVXVIXF,"{""P47512"": 2}"
NELVNIFEF,"{""P47437"": 116}"
NELVKVIYF,"{""P47512"": 1}"
NELPILFGF,"{""P47307"": 126}"
NELYGMFLS,"{""P36263"": 131}"
NELTIHGGG,"{""P47495"": 110}"
NELTXPRVA,"{""P47356"": 5}"
NELTXPXVA,"{""P47356"": 1}"
NELTXLQQE,"{""P47460"": 9}"
NELTRPXVA,"{""P47356"": 2}"
NELTRPRVA,"{""P47356"": 2}"
NELTRLQQE,"{""P47460"": 27}"
NELRTFALH,"{""P47664"": 16}"
NEXXXXXXX,"{""P47334"": 459, ""P47683"": 139, ""P47277"": 80, ""P47637"": 89, ""P47632"": 22, ""P47619"": 104, ""P47274"": 120, ""P47653"": 111, ""P47388"": 19, ""P47629"": 22, ""P47265"": 4}"
NEXXFXGLD,"{""P47619"": 4}"
NEXXFXXXX,"{""P47619"": 1}"
NEXPFASLN,"{""P47277"": 552}"
NEXTGVGFD,"{""P47632"": 99}"
NEXTMLERV,"{""P47334"": 99}"
NEXTMLEXV,"{""P47334"": 20}"
NEXTPVNLI,"{""P47388"": 106}"
NEXIXGVIL,"{""P47619"": 390}"
NEXIXXXXX,"{""P47619"": 101}"
NEXIKGVIL,"{""P47619"": 17}"
NEXFNDXEX,"{""P47653"": 17}"
NEXFNDYEX,"{""P47653"": 456}"
NEXFNDYEK,"{""P47653"": 4}"
NEXQALEQS,"{""P47637"": 520}"
NEXYFXGLD,"{""P47619"": 72}"
NEXYFXXXX,"{""P47619"": 11}"
NEXYFKGLD,"{""P47619"": 3}"
NEXYLDEVP,"{""P47481"": 6}"
NEXDENLFN,"{""P47629"": 104}"
NEXVLDQLL,"{""P47394"": 44}"
NEXELVDFN,"{""P47661"": 9}"
NEXGXEIIX,"{""P47604"": 3}"
NEXGXXXXX,"{""P47604"": 1}"
NEGVDTTHN,"{""P47382"": 634}"
NEGEGIVNT,"{""P47547"": 628}"
NEGIIEINP,"{""P47687"": 115}"
NEAMXNAAX,"{""P47260"": 99}"
NEAMXNAAK,"{""P47260"": 3}"
NEAMXXXXX,"{""P47260"": 28}"
NEAMKNAAX,"{""P47260"": 3}"
NEAYIGVMI,"{""P47619"": 587}"
NEALXSFNI,"{""P47653"": 106}"
NEALXXXXX,"{""P47653"": 22}"
NEALKSFNI,"{""P47653"": 5}"
NEALSEQFD,"{""P47282"": 38}"
NEAXIGVMI,"{""P47619"": 28}"
NEVVEVMNQ,"{""P47323"": 638}"
NEVTERIFL,"{""P47649"": 16}"
NEVTEXIFL,"{""P47649"": 4}"
NEVRLEIEX,"{""P47330"": 129}"
NEVRLEIEK,"{""P47330"": 4}"
NEVIFXNPV,"{""Q49429"": 30}"
NEVIFRNPV,"{""Q49429"": 131}"
NEVFYQLPX,"{""P47306"": 108}"
NEVFYQLPK,"{""P47306"": 2}"
NEVFXQLPX,"{""P47306"": 6}"
NEVAFLDNF,"{""P47487"": 131}"
NEVSYYNLG,"{""P47662"": 141}"
NEVSYXNLG,"{""P47662"": 6}"
NEVSXYNLG,"{""P47662"": 5}"
NEVHXXXXX,"{""P47565"": 115}"
NEVHXRVLS,"{""P47565"": 5}"
NEVKXXXXX,"{""P47311"": 4}"
NEVXXXXXX,"{""P47311"": 112}"
NEVXXVNWL,"{""P47311"": 20}"
NEVXLEIEX,"{""P47330"": 29}"
NEVXLEIEK,"{""P47330"": 2}"
NEVXKVNWL,"{""P47311"": 1}"
NEMAALEXX,"{""P47447"": 588}"
NEMAALEXK,"{""P47447"": 12}"
NEMAALEKX,"{""P47447"": 30}"
NEMAALEKK,"{""P47447"": 2}"
NENAKAHSQ,"{""P47702"": 39}"
NENAXAHSQ,"{""P47702"": 508}"
NENAXXXXX,"{""P47702"": 105}"
NENFLGLTL,"{""P47692"": 600}"
NENFYARXF,"{""P47691"": 5}"
NENFYARXX,"{""P47691"": 15}"
NENFYAXXF,"{""P47691"": 1}"
NENFYAXXX,"{""P47691"": 7}"
NENFXAXXX,"{""P47691"": 1}"
NENSTVTXA,"{""P47264"": 108}"
NENSTVTXX,"{""P47264"": 16}"
NENSTVTKA,"{""P47264"": 5}"
NENSGCFHT,"{""P47631"": 121}"
NENSGXFHT,"{""P47631"": 5}"
NENELQIRT,"{""P47655"": 17}"
NENELQIXT,"{""P47655"": 8}"
NENGSTXNG,"{""P47286"": 98}"
NENGSTXXX,"{""P47286"": 18}"
NENGSTKNG,"{""P47286"": 6}"
NERVLDQLL,"{""P47394"": 112}"
NERELVDFN,"{""P47661"": 17}"
NERYLDEVP,"{""P47481"": 27}"
NERGXEIIX,"{""P47604"": 17}"
NERGXEIIK,"{""P47604"": 1}"
NERGXXXXX,"{""P47604"": 2}"
NEFEEXINQ,"{""P47394"": 513}"
NEFEEXXXX,"{""P47394"": 98}"
NEFEEKINQ,"{""P47394"": 20}"
NEFGLYVAV,"{""P47318"": 35}"
NEFGLXVAV,"{""P47318"": 1}"
NEFVVEPXI,"{""P47496"": 107}"
NEFVVEPXX,"{""P47496"": 29}"
NEFVVEPKI,"{""P47496"": 4}"
NEQIILQLV,"{""Q49423"": 584}"
NEQDLIXXX,"{""P47562"": 587}"
NEQDLIXYY,"{""P47562"": 3}"
NEQHAIANT,"{""Q49434"": 10}"
NEQTRLMQR,"{""P47604"": 5}"
NEQTRLMQX,"{""P47604"": 2}"
NEQTXLMQR,"{""P47604"": 2}"
NEWYIGLSS,"{""P47563"": 142}"
NEWNQVAFE,"{""P47606"": 119}"
NEWXIGLSS,"{""P47563"": 7}"
NEYXXXXXX,"{""P47265"": 110}"
NEHGRVVMY,"{""P47319"": 94}"
NEHGRVVMX,"{""P47319"": 6}"
NEHGXVVMY,"{""P47319"": 38}"
NETVXQVVL,"{""P47534"": 99}"
NETVXXXXX,"{""P47534"": 18}"
NETVIFGQN,"{""Q49430"": 147}"
NETVKQVVL,"{""P47534"": 1}"
NEPLPSELI,"{""P47356"": 118}"
NEKQALEQS,"{""P47637"": 26}"
NEKYFXGLD,"{""P47619"": 5}"
NEKYFXXXX,"{""P47619"": 1}"
NEKPFASLN,"{""P47277"": 21}"
NEKTMLERV,"{""P47334"": 3}"
NEKTMLEXV,"{""P47334"": 2}"
NEKTPVNLI,"{""P47388"": 3}"
NEKTGVGFD,"{""P47632"": 2}"
NEKIXGVIL,"{""P47619"": 23}"
NEKIXXXXX,"{""P47619"": 3}"
NEKFNDYEX,"{""P47653"": 22}"
NEKFNDXEX,"{""P47653"": 2}"
NEKDENLFN,"{""P47629"": 4}"
NEDTSISFQ,"{""P47374"": 37}"
NDSDDATHS,"{""P47436"": 663}"
NDSNSSVXX,"{""P47321"": 605}"
NDSNSSVXK,"{""P47321"": 23}"
NDSNSSVKX,"{""P47321"": 20}"
NDSTVEXPE,"{""P47315"": 95}"
NDSTVEXXX,"{""P47315"": 23}"
NDSTVEKPE,"{""P47315"": 9}"
NDSTTDNNA,"{""P47635"": 125}"
NDSEIIXDX,"{""P47655"": 104}"
NDSEIIXDK,"{""P47655"": 6}"
NDSEIIXXX,"{""P47655"": 19}"
NDSEIIKDX,"{""P47655"": 7}"
NDSLSTTIS,"{""Q9ZB73"": 157}"
NDLVIIRTL,"{""P47668"": 24}"
NDLVIIXTL,"{""P47668"": 8}"
NDLLDFENX,"{""P47580"": 572}"
NDLLDFENK,"{""P47580"": 26}"
NDLNSPXWN,"{""P47661"": 95}"
NDLNSPXXX,"{""P47661"": 19}"
NDLNSPKWN,"{""P47661"": 5}"
NDLEINNXX,"{""P47512"": 593}"
NDLEINNXK,"{""P47512"": 25}"
NDLEINNKX,"{""P47512"": 26}"
NDLEINNKK,"{""P47512"": 1}"
NDLXQXLXK,"{""P47661"": 4}"
NDLXQXLXX,"{""P47661"": 77}"
NDLXQXLKX,"{""P47661"": 3}"
NDLXQXXXX,"{""P47661"": 19}"
NDLXQKLXX,"{""P47661"": 2}"
NDLXIMDIT,"{""P47672"": 109}"
NDLXXXXXX,"{""P47672"": 19, ""P47661"": 13}"
NDLSSAVIN,"{""P47372"": 128}"
NDLSEFNQF,"{""P47247"": 122}"
NDLGFXLEX,"{""P47653"": 89}"
NDLGFXLEK,"{""P47653"": 8}"
NDLGFXXXX,"{""P47653"": 26}"
NDLGFKLEX,"{""P47653"": 4}"
NDLKIMDIT,"{""P47672"": 6}"
NDLKQXLXX,"{""P47661"": 2}"
NDEDETTIX,"{""P47353"": 623}"
NDEDETTIK,"{""P47353"": 15}"
NDEVTNNXF,"{""P47658"": 95}"
NDEVTNNXX,"{""P47658"": 25}"
NDEVTNNKF,"{""P47658"": 5}"
NDESFQXLM,"{""P47264"": 87}"
NDESFQXXX,"{""P47264"": 18}"
NDESFQKLM,"{""P47264"": 6}"
NDQLIGXPT,"{""P47324"": 474}"
NDQLIGXXX,"{""P47324"": 136}"
NDQLIGKPT,"{""P47324"": 22}"
NDQNXIQEA,"{""P47685"": 520}"
NDQNXXXXX,"{""P47685"": 100}"
NDQNKIQEA,"{""P47685"": 17}"
NDQERKVFS,"{""P47667"": 2}"
NDQERXVFS,"{""P47667"": 14}"
NDQERXXXX,"{""P47667"": 1}"
NDQEIITSF,"{""P47253"": 32}"
NDQEXXXXX,"{""P47667"": 2}"
NDQEXXVFS,"{""P47667"": 1}"
NDANXPLTN,"{""P47437"": 102}"
NDANXXXXX,"{""P47437"": 24}"
NDANKPLTN,"{""P47437"": 5}"
NDAPSVSGG,"{""P22747"": 135}"
NDIELETXF,"{""P47326"": 508}"
NDIELETXX,"{""P47326"": 103}"
NDIELETKF,"{""P47326"": 24}"
NDINQLXTX,"{""P47534"": 92}"
NDINQLXTK,"{""P47534"": 5}"
NDINQLXXX,"{""P47534"": 16}"
NDINQLKTX,"{""P47534"": 3}"
NDINNHIET,"{""P47321"": 123}"
NDIVLVPIM,"{""P47276"": 7}"
NDDLELALX,"{""P57085"": 123}"
NDDLELALK,"{""P57085"": 1}"
NDDVXXXXX,"{""P47484"": 108}"
NDDVXVISN,"{""P47484"": 11}"
NDDDNNSSS,"{""P47444"": 118}"
NDGSDVIVA,"{""P47286"": 33}"
NDGSINATL,"{""P47551"": 114}"
NDGPIDMRM,"{""P47464"": 26}"
NDGPIDMXM,"{""P47464"": 6}"
NDGYELEXX,"{""Q9ZB76"": 16}"
NDGYELEXI,"{""Q9ZB76"": 100}"
NDGYELEKI,"{""Q9ZB76"": 4}"
NDGXELEXI,"{""Q9ZB76"": 7}"
NDNVQERLI,"{""P47619"": 122}"
NDNVQEXLI,"{""P47619"": 28}"
NDNFYMLGY,"{""P47314"": 3}"
NDNFXMLGY,"{""P47314"": 1}"
NDFFFNNNE,"{""P47483"": 126}"
NDFAXXXXX,"{""P20796"": 32}"
NDFAXXPLX,"{""P20796"": 93}"
NDFAXXPLK,"{""P20796"": 3}"
NDFAXKPLX,"{""P20796"": 3}"
NDFAKXPLX,"{""P20796"": 3}"
NDFILVQSP,"{""P47359"": 120}"
NDFIAVTNX,"{""P47609"": 105}"
NDFIAVTNK,"{""P47609"": 3}"
NDFXLMVGD,"{""P47356"": 22}"
NDFXXXXXX,"{""P47356"": 78}"
NDFDTVXSY,"{""P47252"": 7}"
NDFDTVXSX,"{""P47252"": 2}"
NDFDTVRSX,"{""P47252"": 3}"
NDFDTVRSY,"{""P47252"": 15}"
NDFKLMVGD,"{""P47356"": 4}"
NDFSGEGGN,"{""P47604"": 6}"
NDCFIIGQS,"{""P47297"": 119}"
NDPFTIXLX,"{""P47700"": 7}"
NDPFTIRLX,"{""P47700"": 21}"
NDPFTIRLK,"{""P47700"": 1}"
NDPFXXXXX,"{""P47314"": 92}"
NDPFXVYLA,"{""P47314"": 23}"
NDPFXVXLA,"{""P47314"": 1}"
NDPFKVYLA,"{""P47314"": 1}"
NDPELAXXX,"{""P47542"": 92}"
NDPELAXFW,"{""P47542"": 31}"
NDPELAKFW,"{""P47542"": 4}"
NDXLFLTGX,"{""P47419"": 110}"
NDXLFLTGK,"{""P47419"": 5}"
NDXLRXILE,"{""P47582"": 1}"
NDXLRRILE,"{""P47582"": 2}"
NDXXXXXXX,"{""P47413"": 554, ""P47366"": 19, ""P47657"": 19, ""P47357"": 24, ""P47342"": 17, ""P47419"": 31}"
NDXHNMEAQ,"{""P47657"": 86}"
NDXSLFPTF,"{""P47357"": 111}"
NDXTXFNWF,"{""P47366"": 74}"
NDXTXFNEW,"{""P47563"": 2}"
NDXTXXXXX,"{""P47563"": 3, ""P47366"": 10}"
NDXTKFNWF,"{""P47366"": 11}"
NDXELXXLA,"{""P47342"": 61}"
NDXELXXXX,"{""P47342"": 32}"
NDXELKXLA,"{""P47342"": 4}"
NDXELKXXX,"{""P47342"": 1}"
NDXYDEXII,"{""P47473"": 3}"
NDXYDEXXX,"{""P47473"": 1}"
NDXYDEKII,"{""P47473"": 1}"
NDXRRIRHX,"{""P47413"": 5}"
NDXRRIXHX,"{""P47413"": 3}"
NDXFIIGQS,"{""P47297"": 4}"
NDXFRXXXX,"{""P47653"": 2}"
NDXQYRPNH,"{""P47321"": 1}"
NDXQYXPNH,"{""P47321"": 1}"
NDXVXXXXX,"{""P47316"": 1}"
NDXVXXLVI,"{""P47316"": 5}"
NDHDYQPYN,"{""P47313"": 116}"
NDHDYQPXN,"{""P47313"": 8}"
NDHDXQPYN,"{""P47313"": 5}"
NDHTVFTXX,"{""P47458"": 119}"
NDHTVFTXK,"{""P47458"": 1}"
NDHTVFTKX,"{""P47458"": 7}"
NDVFYLTLL,"{""P47685"": 28}"
NDVFXLTLL,"{""P47685"": 3}"
NDVGSVQVQ,"{""P47663"": 118}"
NDVXXXXXX,"{""Q49405"": 17}"
NDVXLLLIA,"{""Q49405"": 104}"
NDVEQTQXX,"{""P47472"": 125}"
NDVKLLLIA,"{""Q49405"": 7}"
NDMXXXXXX,"{""P47293"": 91}"
NDMXSQVVL,"{""P47293"": 17}"
NDMKSQVVL,"{""P47293"": 2}"
NDYTXXXXX,"{""P47563"": 89}"
NDYTXFNEW,"{""P47563"": 25}"
NDYTKFNEW,"{""P47563"": 1}"
NDYVXXXXX,"{""P47316"": 29}"
NDYVXXLVI,"{""P47316"": 84}"
NDYVXKLVI,"{""P47316"": 5}"
NDYVKXLVI,"{""P47316"": 2}"
NDYVKXXXX,"{""P47316"": 1}"
NDYYDEXII,"{""P47473"": 88}"
NDYYDEXXX,"{""P47473"": 17}"
NDYYDEKII,"{""P47473"": 5}"
NDYFRXXXX,"{""P47653"": 20}"
NDYFRXSFN,"{""P47653"": 7}"
NDYFXXXXX,"{""P47653"": 2}"
NDYXDEXII,"{""P47473"": 3}"
NDYXDEXXX,"{""P47473"": 1}"
NDTAPILET,"{""P47591"": 128}"
NDTIIIQEQ,"{""P47496"": 115}"
NDRLXRILE,"{""P47582"": 2}"
NDRLXXILE,"{""P47582"": 1}"
NDRLRRILE,"{""P47582"": 4}"
NDRQYRPNH,"{""P47321"": 7}"
NDKELXXLA,"{""P47342"": 6}"
NDKELXXXX,"{""P47342"": 1}"
NDKSLFPTF,"{""P47357"": 6}"
NDKLFLTGX,"{""P47419"": 2}"
NDKHNMEAQ,"{""P47657"": 6}"
NDKTXFNWF,"{""P47366"": 3}"
NDKTXXXXX,"{""P47366"": 1}"
NDKTKFNWF,"{""P47366"": 2}"
NNNDAXLII,"{""P47445"": 466}"
NNNDAXXXX,"{""P47445"": 154}"
NNNDAKLII,"{""P47445"": 26}"
NNNDYEPYN,"{""P47314"": 505}"
NNNDYEPXN,"{""P47314"": 30}"
NNNDXEPYN,"{""P47314"": 26}"
NNNNFLQNL,"{""P47260"": 124}"
NNNNIHFFV,"{""P47490"": 128}"
NNNLSFQPS,"{""Q49460"": 619}"
NNNLFQKAI,"{""P47446"": 4}"
NNNLFQXXX,"{""P47446"": 18}"
NNNLFQXAI,"{""P47446"": 90}"
NNNLXSXXX,"{""P47520"": 76}"
NNNLXSXWI,"{""P47520"": 7}"
NNNLXXXXX,"{""P47520"": 35}"
NNNLQSSVI,"{""Q49421"": 126}"
NNNLKSXXX,"{""P47520"": 4}"
NNNLKSXWI,"{""P47520"": 1}"
NNNPXXXXX,"{""P47525"": 112}"
NNNPXTXAL,"{""P47525"": 6}"
NNNPXTRAL,"{""P47525"": 13}"
NNNPKTRAL,"{""P47525"": 1}"
NNNTTNAYX,"{""P47571"": 112}"
NNNTTNAYK,"{""P47571"": 5}"
NNNTTNAXX,"{""P47571"": 4}"
NNNEQNGSQ,"{""P47310"": 137}"
NNNVVIIHD,"{""P47464"": 136}"
NNNFLFIGI,"{""P47589"": 29}"
NNNIIGIPT,"{""P47385"": 35}"
NNNGLFEID,"{""P22747"": 33}"
NNPISMSFL,"{""P47491"": 145}"
NNPYXTQLL,"{""P47448"": 105}"
NNPYXXXXX,"{""P47448"": 14}"
NNPYKTQLL,"{""P47448"": 4}"
NNPVLIGEP,"{""P47597"": 121}"
NNPFAWLVV,"{""P47690"": 128}"
NNPNRLAXQ,"{""P47587"": 23}"
NNPNRLAXX,"{""P47587"": 6}"
NNPNRLAKQ,"{""P47587"": 2}"
NNPNXLAXQ,"{""P47587"": 2}"
NNPGYQLIM,"{""P47506"": 98}"
NNPGXQLIM,"{""P47506"": 6}"
NNPXXXXXX,"{""P47448"": 1}"
NNPXXTQLL,"{""P47448"": 3}"
NNPXKTQLL,"{""P47448"": 1}"
NNPQRNQLL,"{""P20796"": 3}"
NNPQXNQLL,"{""P20796"": 2}"
NNHXGTCVT,"{""P47664"": 473}"
NNHXGTXVT,"{""P47664"": 22}"
NNHXXXXXX,"{""P47664"": 94, ""P47429"": 105}"
NNHXQLIAS,"{""P47429"": 28}"
NNHLTXXXX,"{""P47610"": 90}"
NNHLTXXYX,"{""P47610"": 5}"
NNHLTXXYK,"{""P47610"": 2}"
NNHLTXRYX,"{""P47610"": 15}"
NNHLTXRXX,"{""P47610"": 1}"
NNHLTKRYX,"{""P47610"": 2}"
NNHGIEVHT,"{""P47282"": 146}"
NNHNLAFST,"{""P47429"": 120}"
NNHVIXXXX,"{""P47364"": 22}"
NNHVIXLLX,"{""P47364"": 97}"
NNHVIXLLK,"{""P47364"": 9}"
NNHVIKLLX,"{""P47364"": 7}"
NNHKGTCVT,"{""P47664"": 27}"
NNHKGTXVT,"{""P47664"": 2}"
NNHSTWXVA,"{""P47703"": 8}"
NNHSTWRVA,"{""P47703"": 30}"
NNLPLXLIG,"{""P47415"": 104}"
NNLPLXXXX,"{""P47415"": 18}"
NNLPLKLIG,"{""P47415"": 7}"
NNLVTVQYD,"{""Q57081"": 140}"
NNLVTVQXD,"{""Q57081"": 3}"
NNLVIPXXX,"{""P47442"": 129}"
NNLVIPKXX,"{""P47442"": 3}"
NNLVXRYGF,"{""P47599"": 1}"
NNLVRRYGF,"{""P47599"": 5}"
NNLVRRXGF,"{""P47599"": 1}"
NNLGYVYQR,"{""P47705"": 15}"
NNLGYVYQX,"{""P47705"": 3}"
NNLGXVYQR,"{""P47705"": 1}"
NNLGXVYQX,"{""P47705"": 1}"
NNLXLFDIL,"{""P47491"": 101}"
NNLXNXLXI,"{""P47661"": 73}"
NNLXNXLXX,"{""P47661"": 14}"
NNLXNXLKI,"{""P47661"": 1}"
NNLXNXXXX,"{""P47661"": 15}"
NNLXNKLXI,"{""P47661"": 3}"
NNLXNKLXX,"{""P47661"": 1}"
NNLXXXXXX,"{""P47491"": 14, ""P47661"": 18}"
NNLXFTSWI,"{""P47435"": 7}"
NNLXQNALX,"{""P47558"": 6}"
NNLDLTLPF,"{""Q49398"": 132}"
NNLDXNGTA,"{""P47522"": 114}"
NNLDXXXXX,"{""P47522"": 23}"
NNLDFXVQI,"{""P47677"": 113}"
NNLDFXXXX,"{""P47677"": 18}"
NNLDFKVQI,"{""P47677"": 3}"
NNLDKNGTA,"{""P47522"": 4}"
NNLYQNALX,"{""P47558"": 110}"
NNLKNXLXI,"{""P47661"": 2}"
NNLKNXXXX,"{""P47661"": 3}"
NNLKLFDIL,"{""P47491"": 7}"
NNLRFTSWI,"{""P47435"": 25}"
NNEISFVNX,"{""P47583"": 117}"
NNEISFVNK,"{""P47583"": 5}"
NNEITNXXX,"{""Q49424"": 98}"
NNEINAGDQ,"{""P47293"": 138}"
NNEIIVGDA,"{""P47547"": 120}"
NNEFIXXXX,"{""P47583"": 79}"
NNEFIXXSL,"{""P47583"": 8}"
NNEFIXRSL,"{""P47583"": 22}"
NNEFIKRSL,"{""P47583"": 1}"
NNEFFTLID,"{""Q49400"": 117}"
NNELLSLVE,"{""P47321"": 131}"
NNELLHWAV,"{""P47291"": 32}"
NNELFLEQF,"{""P47305"": 26}"
NNEXNYPKF,"{""Q49400"": 6}"
NNEXNYPXF,"{""Q49400"": 79}"
NNEXNYPXX,"{""Q49400"": 11}"
NNEXNXPXF,"{""Q49400"": 6}"
NNEXNXPXX,"{""Q49400"": 3}"
NNEXNXPKF,"{""Q49400"": 1}"
NNEXXXXXX,"{""Q49400"": 27}"
NNEMMALFS,"{""P47473"": 110}"
NNEQELXXX,"{""P47453"": 24}"
NNEQELXNA,"{""P47453"": 82}"
NNEQELKNA,"{""P47453"": 6}"
NNEKNYPXX,"{""Q49400"": 3}"
NNEKNYPXF,"{""Q49400"": 2}"
NNTNLSETI,"{""P47580"": 143}"
NNTASQAMS,"{""P47551"": 612}"
NNTLTPQLT,"{""P47534"": 22}"
NNTRNRSIA,"{""P47314"": 5}"
NNTXNRSIA,"{""P47314"": 1}"
NNXIVPSDV,"{""P47605"": 537}"
NNXIFDXXX,"{""P47607"": 23}"
NNXIFDXXL,"{""P47607"": 52}"
NNXIFDXKL,"{""P47607"": 1}"
NNXIFDKXL,"{""P47607"": 4}"
NNXIFDKKL,"{""P47607"": 1}"
NNXXXXXXX,"{""P47610"": 108, ""P47369"": 108, ""P47431"": 23, ""P47653"": 110, ""P47306"": 110, ""P47528"": 19, ""P47605"": 102, ""Q49404"": 101, ""P47607"": 14, ""P47580"": 17, ""P47443"": 16, ""P47582"": 96, ""P47530"": 34}"
NNXXXHQAL,"{""P47610"": 19}"
NNXXDESEN,"{""P47530"": 85}"
NNXXYILND,"{""P47369"": 18}"
NNXLYXNIX,"{""P47582"": 386}"
NNXLYXNIK,"{""P47582"": 20}"
NNXLYXXXX,"{""P47582"": 79}"
NNXLYKNIX,"{""P47582"": 22}"
NNXLAXGEW,"{""P47306"": 388}"
NNXLAXXXX,"{""P47306"": 72}"
NNXLAKGEW,"{""P47306"": 15}"
NNXLXXNIX,"{""P47582"": 18}"
NNXLXXNIK,"{""P47582"": 1}"
NNXLXXXXX,"{""P47582"": 1}"
NNXLXDDLI,"{""P47574"": 8}"
NNXDNYQNE,"{""P47528"": 96}"
NNXDNXQNE,"{""P47528"": 4}"
NNXDFFXXX,"{""P47251"": 33}"
NNXDTTXID,"{""P47386"": 6}"
NNXDTTXXX,"{""P47386"": 1}"
NNXNYFDLS,"{""P47653"": 484}"
NNXNXFDLS,"{""P47653"": 21}"
NNXNLQEAR,"{""P47386"": 1}"
NNXYXXXXX,"{""P47610"": 83}"
NNXYXHQAL,"{""P47610"": 377}"
NNXYKHQAL,"{""P47610"": 19}"
NNXAXVSMI,"{""P47443"": 79}"
NNXAXXXXX,"{""P47443"": 15}"
NNXANSLGL,"{""P47580"": 84}"
NNXAKVSMI,"{""P47443"": 5}"
NNXASSVGL,"{""Q49411"": 10}"
NNXSVFEVN,"{""P47431"": 117}"
NNXSYRVPX,"{""Q49404"": 13}"
NNXSYXVPX,"{""Q49404"": 6}"
NNXSXRVPX,"{""Q49404"": 1}"
NNXSXXVPX,"{""Q49404"": 1}"
NNXGSXXXX,"{""P47477"": 7}"
NNXGLTRQQ,"{""P47340"": 3}"
NNXGLTXQQ,"{""P47340"": 1}"
NNXWIGVXX,"{""P47283"": 31}"
NNXWIGVXK,"{""P47283"": 1}"
NNXKDESEN,"{""P47530"": 2}"
NNYLKDDLI,"{""P47574"": 3}"
NNYLXXXXX,"{""P47574"": 24}"
NNYLXDDLI,"{""P47574"": 105}"
NNYDFFXXX,"{""P47251"": 575}"
NNYDFFXXK,"{""P47251"": 2}"
NNYDFFXKX,"{""P47251"": 14}"
NNYDFFKXX,"{""P47251"": 19}"
NNYDTTXXX,"{""P47386"": 21}"
NNYDTTXID,"{""P47386"": 91}"
NNYDTTKID,"{""P47386"": 7}"
NNYASSVGL,"{""Q49411"": 122}"
NNYGLTXQQ,"{""P47340"": 8}"
NNYGLTRQQ,"{""P47340"": 20}"
NNSPTXXXX,"{""P47609"": 100}"
NNSPTXXVL,"{""P47609"": 3}"
NNSPTXRVL,"{""P47609"": 13}"
NNSPTKRVL,"{""P47609"": 2}"
NNSPTKXVL,"{""P47609"": 1}"
NNSNHXDFV,"{""Q49418"": 448}"
NNSNHXXXX,"{""Q49418"": 134}"
NNSNHKDFV,"{""Q49418"": 19}"
NNSNAQRIX,"{""P47288"": 30}"
NNSNAQRIK,"{""P47288"": 1}"
NNSNAQXIX,"{""P47288"": 4}"
NNSTLXTSI,"{""P47282"": 102}"
NNSTLXXXX,"{""P47282"": 17}"
NNSTLKTSI,"{""P47282"": 5}"
NNSEIDHQQ,"{""P47277"": 122}"
NNSFNGFSS,"{""P47618"": 138}"
NNSFTAILP,"{""P47576"": 27}"
NNSVGVSEA,"{""P47286"": 124}"
NNSVPLSMF,"{""P47563"": 32}"
NNSYFLLLF,"{""P47645"": 116}"
NNSYXSXSN,"{""Q49403"": 1}"
NNSYXSXXX,"{""Q49403"": 4}"
NNSYRSXXX,"{""Q49403"": 22}"
NNSYRSXSN,"{""Q49403"": 4}"
NNSXFLLLF,"{""P47645"": 5}"
NNSXFLVIV,"{""P47464"": 3}"
NNSXRSXXX,"{""Q49403"": 2}"
NNSRFLVIV,"{""P47464"": 21}"
NNASIIESW,"{""Q49409"": 646}"
NNASVFGLT,"{""P47693"": 131}"
NNASFERLG,"{""P47331"": 26}"
NNASFEXLG,"{""P47331"": 9}"
NNAEMXSXQ,"{""P47291"": 87}"
NNAEMXSXX,"{""P47291"": 17}"
NNAEMXSKQ,"{""P47291"": 5}"
NNAEMXXXX,"{""P47291"": 19}"
NNAEMKSXX,"{""P47291"": 1}"
NNAEMKSXQ,"{""P47291"": 3}"
NNAEVLFNT,"{""Q49460"": 586}"
NNAXXXXXX,"{""P47299"": 95}"
NNAXLIIMA,"{""P47299"": 35}"
NNAPDAAXI,"{""P47442"": 498}"
NNAPDAAXX,"{""P47442"": 91}"
NNAPDAAKI,"{""P47442"": 22}"
NNAVTFLXX,"{""P47677"": 115}"
NNAVTFLXK,"{""P47677"": 2}"
NNAVTFLKX,"{""P47677"": 5}"
NNAGAVVMG,"{""Q49427"": 130}"
NNAKLIIMA,"{""P47299"": 2}"
NNGVXFFYG,"{""P47497"": 7}"
NNGVCFFYG,"{""P47497"": 124}"
NNGVCFFXG,"{""P47497"": 2}"
NNGFEILPI,"{""P47652"": 115}"
NNGSSSTSL,"{""P47551"": 117}"
NNGMWREXY,"{""P47591"": 16}"
NNGMWREXX,"{""P47591"": 7}"
NNGMWREKY,"{""P47591"": 1}"
NNGMWXEXY,"{""P47591"": 6}"
NNGMWXEXX,"{""P47591"": 1}"
NNGIEFRQH,"{""P47530"": 30}"
NNGIEFXQH,"{""P47530"": 2}"
NNKDNYQNE,"{""P47528"": 4}"
NNKDNXQNE,"{""P47528"": 1}"
NNKNYFDLS,"{""P47653"": 19}"
NNKNXFDLS,"{""P47653"": 3}"
NNKYXHQAL,"{""P47610"": 23}"
NNKYXXXXX,"{""P47610"": 3}"
NNKYKHQAL,"{""P47610"": 1}"
NNKSVFEVN,"{""P47431"": 5}"
NNKSYRVPX,"{""Q49404"": 2}"
NNKLYXXXX,"{""P47582"": 5}"
NNKLYXNIX,"{""P47582"": 18}"
NNKLYXNIK,"{""P47582"": 1}"
NNKLYKNIX,"{""P47582"": 1}"
NNKLAXGEW,"{""P47306"": 21}"
NNKLAXXXX,"{""P47306"": 2}"
NNKLAKGEW,"{""P47306"": 5}"
NNKLXXNIX,"{""P47582"": 2}"
NNKIVPSDV,"{""P47605"": 23}"
NNKIFDXXL,"{""P47607"": 4}"
NNKIFDXXX,"{""P47607"": 2}"
NNKANSLGL,"{""P47580"": 7}"
NNKAXVSMI,"{""P47443"": 3}"
NNKXXXXXX,"{""P47530"": 3, ""P47369"": 1}"
NNKXXHQAL,"{""P47610"": 1}"
NNKXYILND,"{""P47369"": 1}"
NNKXDESEN,"{""P47530"": 3}"
NNKKDESEN,"{""P47530"": 1}"
NNFHASNXD,"{""P47482"": 28}"
NNFHASNXX,"{""P47482"": 100}"
NNFHASNKD,"{""P47482"": 1}"
NNFTKATNN,"{""P52271"": 6}"
NNFTXATNN,"{""P52271"": 103}"
NNFTXXXXX,"{""P52271"": 23}"
NNFYXINDL,"{""Q49426"": 103}"
NNFYXXXXX,"{""Q49426"": 19}"
NNFYNLTFN,"{""P47431"": 26}"
NNFYNLILN,"{""P47502"": 32}"
NNFYVGFDP,"{""P47693"": 109}"
NNFYEXFYD,"{""P47313"": 86}"
NNFYEXFXD,"{""P47313"": 8}"
NNFYEXXXX,"{""P47313"": 24}"
NNFYEKFYD,"{""P47313"": 3}"
NNFYKINDL,"{""Q49426"": 1}"
NNFXXXXXX,"{""Q9ZB76"": 97}"
NNFXXINDL,"{""Q49426"": 6}"
NNFXTAVNN,"{""Q9ZB76"": 21}"
NNFXVGFDP,"{""P47693"": 8}"
NNFXEXFYD,"{""P47313"": 5}"
NNFXEXXXX,"{""P47313"": 1}"
NNFXNLTFN,"{""P47431"": 4}"
NNFSIVDSE,"{""P47574"": 129}"
NNFSXXTAW,"{""P47695"": 8}"
NNFSXXXXX,"{""P47695"": 1}"
NNFSRXTAW,"{""P47695"": 20}"
NNFSRXXXX,"{""P47695"": 5}"
NNFSRKTAW,"{""P47695"": 1}"
NNFIXTPFI,"{""P47558"": 7}"
NNFINNGLN,"{""P47267"": 31}"
NNFIRTPFI,"{""P47558"": 25}"
NNFQGNLRS,"{""P47471"": 27}"
NNFQGNLXS,"{""P47471"": 5}"
NNFKTAVNN,"{""Q9ZB76"": 1}"
NNQSXIIXD,"{""P47582"": 402}"
NNQSXIIXX,"{""P47582"": 106}"
NNQSXIIKD,"{""P47582"": 17}"
NNQSXXXXX,"{""P47582"": 85}"
NNQSNDLFQ,"{""P47621"": 144}"
NNQSKIIXD,"{""P47582"": 26}"
NNQSKIIXX,"{""P47582"": 6}"
NNQSKIIKD,"{""P47582"": 1}"
NNQVPINNT,"{""P47494"": 137}"
NNQVXXXXX,"{""P47460"": 102}"
NNQVXLELD,"{""P47460"": 20}"
NNQGXXXXX,"{""P47400"": 558}"
NNQGXITVR,"{""P47400"": 16}"
NNQGXITVX,"{""P47400"": 4}"
NNQGKITVR,"{""P47400"": 1}"
NNQXXXXXX,"{""P47635"": 131, ""P47655"": 16}"
NNQXLKNEL,"{""P47655"": 4}"
NNQXLXNEL,"{""P47655"": 66}"
NNQXLXXXX,"{""P47655"": 16}"
NNQXSXAGL,"{""P47688"": 1}"
NNQNXELAL,"{""P47278"": 33}"
NNQNXXXXX,"{""P47278"": 90}"
NNQNKELAL,"{""P47278"": 1}"
NNQLFWNNH,"{""P47433"": 142}"
NNQAVNYDF,"{""P47457"": 107}"
NNQAVNXDF,"{""P47457"": 9}"
NNQIELTVG,"{""P47587"": 128}"
NNQTLXTLT,"{""P47580"": 96}"
NNQTLXXXX,"{""P47580"": 24}"
NNQTLKTLT,"{""P47580"": 4}"
NNQYSRAGL,"{""P47688"": 4}"
NNQKLXNEL,"{""P47655"": 6}"
NNDVFIGRE,"{""P47302"": 22}"
NNDVFIGXE,"{""P47302"": 8}"
NNDXWNXLT,"{""P47520"": 80}"
NNDXWNXXX,"{""P47520"": 23}"
NNDXWNKLT,"{""P47520"": 4}"
NNDXXXXXX,"{""P47520"": 15}"
NNDDFEXAV,"{""P47246"": 96}"
NNDDFEXXX,"{""P47246"": 28}"
NNDDFEKAV,"{""P47246"": 5}"
NNDQYIWNI,"{""Q9ZB73"": 34}"
NNDLVIING,"{""Q49396"": 24}"
NNDFIRVXX,"{""P47660"": 18}"
NNDFIRVXG,"{""P47660"": 6}"
NNDFIXVXX,"{""P47660"": 6}"
NNDFIXVXG,"{""P47660"": 1}"
NNDKWNXLT,"{""P47520"": 3}"
NNISSSFNA,"{""P47502"": 577}"
NNISDVXXX,"{""P47667"": 21}"
NNISDVXLG,"{""P47667"": 90}"
NNISDVKLG,"{""P47667"": 5}"
NNIELSXNN,"{""P47677"": 520}"
NNIELSXXX,"{""P47677"": 98}"
NNIELSKNN,"{""P47677"": 27}"
NNIGIIFQN,"{""P47425"": 589}"
NNIVDLNXI,"{""P47606"": 99}"
NNIVDLNXX,"{""P47606"": 21}"
NNIVDLNKI,"{""P47606"": 5}"
NNIDNVITI,"{""P47331"": 112}"
NNIPSSEQF,"{""P47522"": 133}"
NNINNMAAC,"{""P47592"": 112}"
NNINNMAAX,"{""P47592"": 5}"
NNILSVLXT,"{""P47580"": 101}"
NNILSVLXX,"{""P47580"": 22}"
NNILSVLKT,"{""P47580"": 6}"
NNILRRALX,"{""P36263"": 10}"
NNILRRALK,"{""P36263"": 1}"
NNILXRALX,"{""P36263"": 2}"
NNIFVAPDF,"{""P47653"": 7}"
NNWXNFXXF,"{""P47702"": 82}"
NNWXNFXXX,"{""P47702"": 24}"
NNWXNFXKF,"{""P47702"": 4}"
NNWXXXXXX,"{""Q49409"": 87, ""P47702"": 17}"
NNWXFLFVW,"{""Q49409"": 28}"
NNWTTVSIH,"{""P47446"": 7}"
NNWKFLFVW,"{""Q49409"": 1}"
NNWKNFXXF,"{""P47702"": 3}"
NNWKNFXKF,"{""P47702"": 1}"
NNVSFFLNT,"{""P47606"": 127}"
NNVAFSXNF,"{""P47706"": 103}"
NNVAFSXXX,"{""P47706"": 21}"
NNVAFSKNF,"{""P47706"": 8}"
NNVLLILLE,"{""P35888"": 37}"
NNVMFVELN,"{""P47585"": 125}"
NNRWIGVXX,"{""P47283"": 103}"
NNRWIGVXK,"{""P47283"": 3}"
NNRWIGVKX,"{""P47283"": 6}"
NNRNLQEAR,"{""P47386"": 1}"
NNRNLQEAX,"{""P47386"": 1}"
NNMHEISFM,"{""P47483"": 112}"
NNCGSXXXX,"{""P47477"": 83}"
NNCGSXXDR,"{""P47477"": 21}"
NNCGSXXDX,"{""P47477"": 1}"
NNCGSXKDR,"{""P47477"": 1}"
NNCGSKXXX,"{""P47477"": 2}"
NRILSXXXX,"{""P47318"": 18}"
NRILSXANR,"{""P47318"": 4}"
NRISLPAXX,"{""P47463"": 15}"
NRIVMSNLC,"{""P47473"": 28}"
NRIELRELL,"{""P22746"": 5}"
NRIELXELL,"{""P22746"": 3}"
NRLFTSFVS,"{""P47551"": 128}"
NRLDELNXL,"{""P47277"": 5}"
NRLDELNXX,"{""P47277"": 20}"
NRLTSLVYD,"{""P47655"": 23}"
NRLTSLVXD,"{""P47655"": 1}"
NRLVNSXTX,"{""P47386"": 22}"
NRLVNSXXX,"{""P47386"": 5}"
NRLVNSKTX,"{""P47386"": 1}"
NRLVGDGIA,"{""P47315"": 16}"
NRLLXXXXX,"{""P47460"": 19}"
NRLLXENEX,"{""P47460"": 2}"
NRLLEMATL,"{""P47606"": 23}"
NRLNNTNSY,"{""P47431"": 25}"
NRAVFIQQD,"{""P47549"": 97}"
NRAYAAIVX,"{""P47583"": 110}"
NRAYAAIVK,"{""P47583"": 2}"
NRALXXXXX,"{""P47334"": 23}"
NRALAEXLX,"{""P47339"": 15}"
NRALAEXLK,"{""P47339"": 1}"
NRALAEXXX,"{""P47339"": 5}"
NRANTIXXX,"{""P47435"": 26}"
NRAXAAIVX,"{""P47583"": 4}"
NRAXAAIVK,"{""P47583"": 1}"
NRAFNQVXX,"{""P47388"": 22}"
NRAFNQVXK,"{""P47388"": 1}"
NRTFSLLIX,"{""P47342"": 115}"
NRTFSLLIK,"{""P47342"": 3}"
NRTIXXXXX,"{""P47543"": 28}"
NRTDTDTLS,"{""P47469"": 19}"
NRXXXXXXX,"{""P47400"": 110, ""P47510"": 25, ""P47257"": 3, ""P47657"": 3}"
NRXVEIDNF,"{""P47510"": 108}"
NRXWYLVDA,"{""P47657"": 15}"
NRXWXLVDA,"{""P47657"": 1}"
NRXALVVYD,"{""P47257"": 17}"
NRXALVVXD,"{""P47257"": 2}"
NRXPSWLYE,"{""P47356"": 1}"
NRXPSWLXE,"{""P47356"": 1}"
NRXQSLNID,"{""P47359"": 1}"
NRDQFLGXQ,"{""P47345"": 106}"
NRDQFLGXX,"{""P47345"": 23}"
NRDQFLGKQ,"{""P47345"": 8}"
NRDITTMVE,"{""P47486"": 20}"
NRNFVNFFE,"{""P47498"": 15}"
NRNTIIQXF,"{""P47264"": 17}"
NRNTIIQXX,"{""P47264"": 3}"
NRNTIIQKF,"{""P47264"": 1}"
NRNGPNGXV,"{""P47340"": 17}"
NRNGPNGXX,"{""P47340"": 7}"
NRNGPNGKV,"{""P47340"": 4}"
NRNNXYXHQ,"{""P47610"": 17}"
NRNNXXXHQ,"{""P47610"": 1}"
NRNNXXXXX,"{""P47610"": 2}"
NRNNKYXHQ,"{""P47610"": 1}"
NRNNKYXXX,"{""P47610"": 1}"
NRQXXXXXX,"{""Q9ZB71"": 17}"
NRQXLQQIQ,"{""Q9ZB71"": 4}"
NRQGNDIGT,"{""P47648"": 29}"
NRQLEIMSL,"{""P47702"": 112}"
NRQPRINEA,"{""Q49429"": 6}"
NRQPXINEA,"{""Q49429"": 1}"
NRQDQPIXX,"{""Q49460"": 16}"
NRQDQPIXA,"{""Q49460"": 2}"
NRVLFLFNA,"{""P47551"": 27}"
NRVYQLLVX,"{""Q49430"": 16}"
NRVYQLLVK,"{""Q49430"": 2}"
NRFSAFNXX,"{""P47390"": 25}"
NRFSAFNXK,"{""P47390"": 2}"
NRFSAFNKX,"{""P47390"": 1}"
NRFSYDQVN,"{""P47350"": 28}"
NRFNYWXQS,"{""P47362"": 14}"
NRFNYWXXX,"{""P47362"": 3}"
NRFNYWKQS,"{""P47362"": 3}"
NRFNXWXQS,"{""P47362"": 2}"
NRKVEIDNF,"{""P47510"": 8}"
NRKWXLVDA,"{""P47657"": 1}"
NRSRGVYTA,"{""P47515"": 8}"
NRSRGVXTA,"{""P47515"": 1}"
NRSRILTLL,"{""P47386"": 7}"
NRSIATNXX,"{""P47314"": 21}"
NRSIATNXS,"{""P47314"": 91}"
NRSIATNKS,"{""P47314"": 3}"
NRSYFTXQL,"{""P47612"": 13}"
NRSYFTXXX,"{""P47612"": 3}"
NRSYFTKQL,"{""P47612"": 1}"
NRSXTDVDX,"{""P47460"": 27}"
NRSXILTLL,"{""P47386"": 1}"
NRSXXXXXX,"{""P47460"": 3}"
NRSXFTXQL,"{""P47612"": 2}"
NRSXGVYTA,"{""P47515"": 1}"
NRSAFQQNQ,"{""P47459"": 16}"
NRSKTDVDX,"{""P47460"": 2}"
NRSVGSILF,"{""P47681"": 1}"
NRPYXXMIY,"{""P47491"": 12}"
NRPYXXMIX,"{""P47491"": 3}"
NRPYXXXXX,"{""P47491"": 3}"
NRPXTLEXL,"{""P47609"": 25}"
NRPXTLEXX,"{""P47609"": 4}"
NRPXTLEKL,"{""P47609"": 1}"
NRPXXXXXX,"{""P47609"": 4}"
NRPNDLEIE,"{""P47306"": 34}"
NRPKTLEXL,"{""P47609"": 1}"
NRCQSLNID,"{""P47359"": 18}"
NREISLLFX,"{""P47700"": 25}"
NREKVPFLA,"{""P47507"": 1}"
NREXVPFLA,"{""P47507"": 18}"
NREXXXXXX,"{""P47507"": 2}"
NRHSGNGXT,"{""P47660"": 15}"
NRHSGNGXX,"{""P47660"": 5}"
NRHSGNGKT,"{""P47660"": 2}"
NRGSFXQWV,"{""P47315"": 6}"
NRGSFRQWV,"{""P47315"": 32}"
NRYPSWLYE,"{""P47356"": 15}"
NCFLINGDN,"{""P47252"": 127}"
NCYVLEIDN,"{""P47662"": 99}"
NCLAFDQID,"{""P47591"": 592}"
NCLIVDDMI,"{""P47304"": 119}"
NCXXXXXXX,"{""P47393"": 119, ""P47542"": 74, ""P47526"": 13, ""P47625"": 22}"
NCXQSXSLA,"{""P47526"": 71}"
NCXQSXXXX,"{""P47526"": 24}"
NCXQSKSLA,"{""P47526"": 3}"
NCXEIQNLG,"{""P47625"": 75}"
NCXIVLLSH,"{""P47542"": 24}"
NCXVLEIDN,"{""P47662"": 9}"
NCXALLLLL,"{""P47393"": 2}"
NCSLYQXMX,"{""P47260"": 87}"
NCSLYQXMK,"{""P47260"": 2}"
NCSLYQXXX,"{""P47260"": 19}"
NCSLYQKMX,"{""P47260"": 6}"
NCSLXXXXX,"{""P47614"": 21}"
NCSLXDVHY,"{""P47614"": 110}"
NCSLXDVHX,"{""P47614"": 6}"
NCSLXQXXX,"{""P47260"": 2}"
NCSLXQXMX,"{""P47260"": 4}"
NCSLKDVHY,"{""P47614"": 3}"
NCGIVINGC,"{""P47388"": 135}"
NCGIVINGX,"{""P47388"": 7}"
NCMFGIIGS,"{""P47687"": 10}"
NCKEIQNLG,"{""P47625"": 6}"
NCKQSXSLA,"{""P47526"": 3}"
NYVVXTWTS,"{""P47351"": 25}"
NYVVRTWTS,"{""P47351"": 114}"
NYVVRXLLX,"{""P47534"": 1}"
NYVVRRLLR,"{""P47534"": 1}"
NYVXXXXXX,"{""Q9ZB82"": 430}"
NYVXXWTXX,"{""Q9ZB82"": 11}"
NYVXXWTXQ,"{""Q9ZB82"": 4}"
NYVXRWTXX,"{""Q9ZB82"": 75}"
NYVXRWTXQ,"{""Q9ZB82"": 22}"
NYVENXXXX,"{""P47498"": 503}"
NYVENXQXE,"{""P47498"": 4}"
NYVENXQRE,"{""P47498"": 19}"
NYVENKQXE,"{""P47498"": 1}"
NYVKXWTXX,"{""Q9ZB82"": 1}"
NYLTNNELE,"{""P47391"": 560}"
NYLTQEGFX,"{""P47524"": 115}"
NYLTQEGFK,"{""P47524"": 5}"
NYLDDCVMV,"{""P47277"": 567}"
NYLDDXVMV,"{""P47277"": 34}"
NYLSTYQNQ,"{""P47302"": 94}"
NYLSTXQNQ,"{""P47302"": 2}"
NYLGXSXLQ,"{""P47437"": 10}"
NYLGXSXXX,"{""P47437"": 1}"
NYLGYSXLQ,"{""P47437"": 104}"
NYLGYSXXX,"{""P47437"": 20}"
NYLGYSKLQ,"{""P47437"": 3}"
NYLXXXXXX,"{""P47312"": 445}"
NYLXDFLNQ,"{""P47312"": 121}"
NYLAXVFQA,"{""P47464"": 131}"
NYLAXXXXX,"{""P47464"": 441}"
NYLAKVFQA,"{""P47464"": 10}"
NYLPPFSAT,"{""P47345"": 120}"
NYLPVXXXX,"{""P47537"": 28}"
NYLPVXXGL,"{""P47537"": 70}"
NYLPVXKGL,"{""P47537"": 4}"
NYLPVKKGL,"{""P47537"": 1}"
NYLPVKXGL,"{""P47537"": 4}"
NYLLLFTLS,"{""Q49414"": 111}"
NYLLNVIDQ,"{""P47460"": 124}"
NYLLDNQQW,"{""Q49432"": 155}"
NYLIXDGDV,"{""P47270"": 101}"
NYLIXXXXX,"{""P47270"": 19}"
NYLIKDGDV,"{""P47270"": 5}"
NYLKDFLNQ,"{""P47312"": 5}"
NYFEIIXXX,"{""P47277"": 518}"
NYFEIIXXV,"{""P47277"": 6}"
NYFEIIXRV,"{""P47277"": 21}"
NYFPLLGTN,"{""P47324"": 570}"
NYFPDLVQS,"{""Q49460"": 613}"
NYFWTYFFL,"{""P47332"": 547}"
NYFWTXFFL,"{""P47332"": 26}"
NYFRELXXX,"{""P47299"": 8}"
NYFRELXXV,"{""P47299"": 18}"
NYFDLSSIE,"{""P47653"": 117}"
NYFGXGVNE,"{""P47647"": 114}"
NYFGXXXXX,"{""P47647"": 14}"
NYFGKGVNE,"{""P47647"": 3}"
NYFLSANET,"{""P47609"": 112}"
NYFXELXKV,"{""P47299"": 1}"
NYFXELXXX,"{""P47299"": 5}"
NYFXELXXV,"{""P47299"": 2}"
NYPGLQNAI,"{""Q49410"": 125}"
NYPLDDSGY,"{""P47528"": 534}"
NYPLDDSGX,"{""P47528"": 23}"
NYPSLXSQL,"{""P47321"": 500}"
NYPSLXXXX,"{""P47321"": 89}"
NYPSLKSQL,"{""P47321"": 26}"
NYPXXXXXX,"{""Q49400"": 17}"
NYPXFDWYD,"{""Q49400"": 100}"
NYPKFDWYD,"{""Q49400"": 7}"
NYPDXNILI,"{""P47385"": 1}"
NYPDRNILI,"{""P47385"": 3}"
NYSFDPLIV,"{""P47310"": 127}"
NYSFRLSWD,"{""P47248"": 23}"
NYSFNXXPI,"{""P47587"": 88}"
NYSFNXXXX,"{""P47587"": 39}"
NYSFNXKPI,"{""P47587"": 4}"
NYSFNKXXX,"{""P47587"": 1}"
NYSFNKXPI,"{""P47587"": 1}"
NYSFXLSWD,"{""P47248"": 8}"
NYSLXXXXX,"{""P47433"": 23}"
NYSLXTDXL,"{""P47433"": 80}"
NYSLXTDXX,"{""P47433"": 17}"
NYSLXTDKL,"{""P47433"": 2}"
NYSLKTDXX,"{""P47433"": 3}"
NYSLKTDXL,"{""P47433"": 3}"
NYSXIRTHY,"{""P47483"": 27}"
NYSXIXTHY,"{""P47483"": 3}"
NYSXIXTHX,"{""P47483"": 1}"
NYSXPIVTE,"{""P47648"": 107}"
NYSXXXXXX,"{""P47483"": 95, ""P47648"": 19}"
NYSNQLEEI,"{""P47673"": 117}"
NYSGLNXVI,"{""P47270"": 5}"
NYSGLNRVI,"{""P47270"": 19}"
NYSKPIVTE,"{""P47648"": 5}"
NYDDXSVLE,"{""P47607"": 111}"
NYDDXXXXX,"{""P47607"": 24}"
NYDDKSVLE,"{""P47607"": 5}"
NYDFNLVSD,"{""P47576"": 109}"
NYDYHYYVL,"{""P47496"": 99}"
NYDYHYXVL,"{""P47496"": 4}"
NYDYHXYVL,"{""P47496"": 6}"
NYDYHXXVL,"{""P47496"": 1}"
NYDNTLSXI,"{""P47520"": 88}"
NYDNTLSXX,"{""P47520"": 20}"
NYDNTLSKI,"{""P47520"": 10}"
NYDXHYYVL,"{""P47496"": 6}"
NYTFQNFVI,"{""P35888"": 112}"
NYTFKASVF,"{""P47431"": 7}"
NYTFXASVF,"{""P47431"": 78}"
NYTFXXXXX,"{""P47431"": 31}"
NYTQTEPEN,"{""Q49413"": 119}"
NYTTGFTMV,"{""P47443"": 24}"
NYRXQYMLN,"{""P47576"": 95}"
NYRXQXMLN,"{""P47576"": 7}"
NYRXHSXRI,"{""Q49426"": 15}"
NYRXHSXXX,"{""Q49426"": 73}"
NYRXHSXXI,"{""Q49426"": 7}"
NYRXXXXXX,"{""P47576"": 21, ""Q49426"": 21}"
NYRKQYMLN,"{""P47576"": 7}"
NYRKHSXRI,"{""Q49426"": 1}"
NYRKHSXXX,"{""Q49426"": 2}"
NYXLXXXXX,"{""P47398"": 75}"
NYXLXLNXX,"{""P47398"": 382}"
NYXLXLNXK,"{""P47398"": 10}"
NYXLXLNKX,"{""P47398"": 23}"
NYXLKLNXX,"{""P47398"": 15}"
NYXXHSXXX,"{""Q49426"": 22}"
NYXXHSXRI,"{""Q49426"": 3}"
NYXXHSKRI,"{""Q49426"": 1}"
NYXXXXXXX,"{""P47398"": 106, ""P47534"": 19, ""P47288"": 23, ""P47576"": 2, ""Q49426"": 7}"
NYXXQYMLN,"{""P47576"": 14}"
NYXXQXMLN,"{""P47576"": 2}"
NYXTSXNWT,"{""P47500"": 7}"
NYXGLLWXI,"{""P47288"": 79}"
NYXGLLWXX,"{""P47288"": 16}"
NYXGLLWKI,"{""P47288"": 3}"
NYXVSQQAL,"{""P47534"": 88}"
NYXKHSXRI,"{""Q49426"": 2}"
NYXKHSXXX,"{""Q49426"": 2}"
NYGADAVRL,"{""P47576"": 110}"
NYGADAVXL,"{""P47576"": 30}"
NYGPVQXXQ,"{""P47355"": 82}"
NYGPVQXXX,"{""P47355"": 30}"
NYGPVQXKQ,"{""P47355"": 3}"
NYGPVQKXX,"{""P47355"": 1}"
NYGPVQKXQ,"{""P47355"": 1}"
NYIXTNNXX,"{""Q49399"": 15}"
NYIXTNNXQ,"{""Q49399"": 84}"
NYIXTNNKQ,"{""Q49399"": 5}"
NYIXXXXXX,"{""Q49399"": 17}"
NYILFMTRL,"{""P47592"": 14}"
NYILFMTXL,"{""P47592"": 4}"
NYIKTNNXQ,"{""Q49399"": 3}"
NYIKTNNXX,"{""Q49399"": 1}"
NYANEIXXI,"{""P47568"": 68}"
NYANEIXXX,"{""P47568"": 46}"
NYANEIXKI,"{""P47568"": 8}"
NYANEIKXX,"{""P47568"": 1}"
NYANEIKXI,"{""P47568"": 5}"
NYQLLANNH,"{""P47548"": 116}"
NYQLIPLDF,"{""P47345"": 107}"
NYQAGVELC,"{""P47628"": 119}"
NYQAGVELX,"{""P47628"": 9}"
NYQIVAIDE,"{""P47280"": 21}"
NYHNPDVII,"{""P47449"": 98}"
NYEYINQLN,"{""P47609"": 119}"
NYESLPYNY,"{""Q49402"": 23}"
NYESLPYNX,"{""Q49402"": 1}"
NYEXINQLN,"{""P47609"": 6}"
NYENLDLVL,"{""P35888"": 23}"
NYCTSXNWT,"{""P47500"": 88}"
NYCTSXXXX,"{""P47500"": 20}"
NYCTSKNWT,"{""P47500"": 3}"
NYYRNLTDQ,"{""P47318"": 17}"
NYYXNLTDQ,"{""P47318"": 1}"
NYKLXXXXX,"{""P47398"": 4}"
NYKLXLNXX,"{""P47398"": 13}"
NYKVSQQAL,"{""P47534"": 3}"
NYKGLLWXI,"{""P47288"": 2}"
NHNVTLQIG,"{""P47693"": 120}"
NHVETXNST,"{""P47497"": 485}"
NHVETXXXX,"{""P47497"": 99}"
NHVETKNST,"{""P47497"": 14}"
NHTGLDXVX,"{""P47481"": 91}"
NHTGLDXXX,"{""P47481"": 29}"
NHTGLDKVX,"{""P47481"": 6}"
NHTIPPXQV,"{""P47482"": 107}"
NHTIPPXXX,"{""P47482"": 14}"
NHTIPPKQV,"{""P47482"": 1}"
NHTWVWLGY,"{""Q49429"": 32}"
NHTWVWLGX,"{""Q49429"": 2}"
NHGCDXCGF,"{""P47660"": 18}"
NHGCDXXXX,"{""P47660"": 85}"
NHGCDXXGF,"{""P47660"": 1}"
NHGCDKCGF,"{""P47660"": 1}"
NHGMTXGFI,"{""P47533"": 94}"
NHGMTXXXX,"{""P47533"": 41}"
NHGMTKGFI,"{""P47533"": 2}"
NHGYXSSNI,"{""P47283"": 2}"
NHGYCSSNI,"{""P47283"": 16}"
NHGNXXXXX,"{""Q49329"": 105}"
NHGQILFVG,"{""P47316"": 118}"
NHGXDXXXX,"{""P47660"": 3}"
NHGXXSSNI,"{""P47283"": 1}"
NHXSLTXXX,"{""P47486"": 94}"
NHXSXVVGX,"{""P47415"": 27}"
NHXSXVVGR,"{""P47415"": 85}"
NHXSXXXXX,"{""P47415"": 372}"
NHXSKVVGR,"{""P47415"": 4}"
NHXSKVVGX,"{""P47415"": 1}"
NHXXXXXXX,"{""P47415"": 138, ""P47479"": 21, ""P47486"": 28}"
NHXVTYFNS,"{""P47479"": 85}"
NHXVTXFNS,"{""P47479"": 4}"
NHLIXXXXX,"{""P47481"": 105}"
NHLIXXCLE,"{""P47481"": 5}"
NHLIXRCLE,"{""P47481"": 20}"
NHLIXRXLE,"{""P47481"": 2}"
NHLIKXCLE,"{""P47481"": 1}"
NHLXXXXXX,"{""Q49435"": 92}"
NHLXVANRA,"{""Q49435"": 15}"
NHLXVANXA,"{""Q49435"": 6}"
NHLKVANXA,"{""Q49435"": 1}"
NHLKVANRA,"{""Q49435"": 1}"
NHLLIGDDA,"{""P47331"": 2}"
NHFIDIPAN,"{""P47465"": 125}"
NHFCQVFVD,"{""P47642"": 121}"
NHFXQVFVD,"{""P47642"": 6}"
NHSXXXXXX,"{""P47669"": 21}"
NHSXIHLIG,"{""P47669"": 97}"
NHSXEAEIV,"{""P47318"": 5}"
NHSREAEIV,"{""P47318"": 30}"
NHSSXLXAT,"{""P47486"": 96}"
NHSSXLXXX,"{""P47486"": 18}"
NHSSXLKAT,"{""P47486"": 1}"
NHSSXXXXX,"{""P47486"": 16}"
NHSSKLXAT,"{""P47486"": 8}"
NHSSKLXXX,"{""P47486"": 2}"
NHSFLVLNE,"{""P47374"": 7}"
NHSKIHLIG,"{""P47669"": 5}"
NHQVGYFDX,"{""P47455"": 121}"
NHQVGYFDK,"{""P47455"": 4}"
NHQVGXFDX,"{""P47455"": 5}"
NHQQQNTEX,"{""P47321"": 144}"
NHQQQNTEK,"{""P47321"": 4}"
NHQNXXXXX,"{""P47388"": 108}"
NHQNXTITF,"{""P47388"": 6}"
NHQTDHIML,"{""P47448"": 121}"
NHPCFYFQM,"{""P47448"": 125}"
NHPCFXFQM,"{""P47448"": 6}"
NHPSXIAQT,"{""P47429"": 6}"
NHPSYIAQT,"{""P47429"": 133}"
NHPXFYFQM,"{""P47448"": 8}"
NHPXFXFQM,"{""P47448"": 1}"
NHIIXCDXX,"{""P47534"": 72}"
NHIIXCDXS,"{""P47534"": 4}"
NHIIXXXXX,"{""P47534"": 26}"
NHIIXXDXX,"{""P47534"": 1}"
NHIIKCDXX,"{""P47534"": 5}"
NHISSGXVP,"{""P47447"": 5}"
NHISSGRVP,"{""P47447"": 19}"
NHAHLGAFS,"{""P47312"": 139}"
NHALVLDRL,"{""P47532"": 23}"
NHALVLDXL,"{""P47532"": 8}"
NHMVDXXXX,"{""P47460"": 68}"
NHMVDXVSE,"{""P47460"": 20}"
NHMVDKVSE,"{""P47460"": 3}"
NHYDVICSR,"{""P47620"": 20}"
NHYDVICSX,"{""P47620"": 6}"
NHYDVIXSR,"{""P47620"": 1}"
NHKSXVVGR,"{""P47415"": 2}"
NHKSXXXXX,"{""P47415"": 17}"
NHKSLTXXX,"{""P47486"": 3}"
NHKVTYFNS,"{""P47479"": 7}"
NMDEVQEAI,"{""P47637"": 638}"
NMMPNFTFI,"{""P47252"": 563}"
NMXXXXXXX,"{""P47561"": 573, ""P47400"": 614}"
NMXXHSTNL,"{""P47400"": 23}"
NMXXQEQEE,"{""P47561"": 2}"
NMXFSVLVV,"{""P47414"": 42}"
NMXKQEQEE,"{""P47561"": 1}"
NMXKHSTNL,"{""P47400"": 1}"
NMXGIEYDD,"{""P47385"": 5}"
NMYGIEYDD,"{""P47385"": 104}"
NMYGIEXDD,"{""P47385"": 7}"
NMRFSVLVV,"{""P47414"": 127}"
NMSNEXDYP,"{""P47652"": 23}"
NMSNEXXXX,"{""P47652"": 100}"
NMSNEKDYP,"{""P47652"": 2}"
NMSGSTTMM,"{""P47395"": 117}"
NMILHTVPV,"{""P47582"": 27}"
NMITGAAQM,"{""P13927"": 8}"
NMKXXXXXX,"{""P47561"": 29, ""P47400"": 15}"
NMKXHSTNL,"{""P47400"": 1}"
NMKKHSTNL,"{""P47400"": 1}"
NKXDFFVFY,"{""P47254"": 5}"
NKXDNYQNV,"{""P47618"": 4}"
NKXXXXXXX,"{""P47409"": 4, ""P47577"": 6, ""P47624"": 1, ""P20796"": 6, ""P47705"": 1, ""P47335"": 6, ""P47664"": 3, ""P47283"": 2}"
NKXMWSFLE,"{""P47409"": 15}"
NKXMPLVAX,"{""P47283"": 2}"
NKXALQAGF,"{""P20796"": 24}"
NKXAVLCTV,"{""P47525"": 1}"
NKXVLNNIX,"{""P47705"": 4}"
NKXVIIVNQ,"{""P47621"": 3}"
NKXQQVTDF,"{""P36263"": 2}"
NKXLRIISL,"{""P47664"": 1}"
NKXENLNLX,"{""P47520"": 2}"
NKXELEQAX,"{""P47443"": 1}"
NKXETSPXX,"{""P47684"": 2}"
NKXHLFAED,"{""P47624"": 1}"
NKXSDIHSL,"{""P47278"": 2}"
NKXNNXLYK,"{""P47582"": 1}"
NKXGAILFV,"{""P47688"": 1}"
NKSFDPNLF,"{""P47324"": 21}"
NKSFLEXXX,"{""P47576"": 1}"
NKSFLEXAP,"{""P47576"": 4}"
NKSNSPCGM,"{""P47298"": 1}"
NKSWALITT,"{""P47357"": 9}"
NKSQNDTVF,"{""P47585"": 24}"
NKSXLYEYF,"{""P47460"": 1}"
NKSAVFLNX,"{""P47483"": 5}"
NKSVSYDFX,"{""P47701"": 4}"
NKSVSXDFX,"{""P47701"": 1}"
NKSIYLAHG,"{""P47266"": 1}"
NKSDWQIFL,"{""P56723"": 1}"
NKVITFIEN,"{""P47655"": 10}"
NKVINSQDL,"{""P47637"": 1}"
NKVILLDEC,"{""Q49430"": 6}"
NKVILLDEX,"{""Q49430"": 1}"
NKVXTNVVA,"{""P47631"": 3}"
NKVXEALDS,"{""P47326"": 2}"
NKVXXXXXX,"{""P47631"": 2}"
NKVHDAVYL,"{""Q49428"": 30}"
NKVHALYQD,"{""Q57081"": 4}"
NKVLXELPX,"{""P47264"": 4}"
NKVLXLXNN,"{""P47607"": 5}"
NKVLXLXXX,"{""P47607"": 1}"
NKVMITQGP,"{""P47502"": 7}"
NKVYEALDS,"{""P47326"": 11}"
NKVVRVSXS,"{""P47443"": 2}"
NKVVXVSXS,"{""P47443"": 1}"
NKVPTTLYQ,"{""P47516"": 2}"
NKVNWEYFX,"{""P47369"": 4}"
NKVNWEXFX,"{""P47369"": 1}"
NKCGAILFV,"{""P47688"": 31}"
NKCPACIYT,"{""P47513"": 4}"
NKCPACIXT,"{""P47513"": 1}"
NKRVPLASD,"{""P47664"": 5}"
NKRYNLSNA,"{""P47583"": 2}"
NKRYFNNAG,"{""P47512"": 1}"
NKRNNXLYX,"{""P47582"": 4}"
NKRNNKLYX,"{""P47582"": 1}"
NKRNFFERA,"{""Q49405"": 1}"
NKRFQXHNF,"{""P47414"": 1}"
NKRLXINND,"{""P47551"": 1}"
NKQNXLCGD,"{""P47259"": 19}"
NKQNXLXGD,"{""P47259"": 1}"
NKQNXXXXX,"{""P47259"": 3}"
NKQNANXXX,"{""P47467"": 10}"
NKQEVVDLF,"{""P47575"": 7}"
NKQEIVQEY,"{""P47366"": 6}"
NKQEIVQEX,"{""P47366"": 2}"
NKQPDEITE,"{""P47390"": 3}"
NKQSVFEEX,"{""Q49413"": 8}"
NKQIWMNGL,"{""P47551"": 28}"
NKQIFCHII,"{""Q49424"": 2}"
NKQXXXXXX,"{""P47455"": 1}"
NKQXXADYL,"{""P47455"": 1}"
NKQXNPXQX,"{""P47368"": 4}"
NKQXNPXXX,"{""P47368"": 1}"
NKQXRADYL,"{""P47455"": 1}"
NKQQLQETS,"{""P47484"": 2}"
NKQLRAIXN,"{""P47455"": 1}"
NKQLXAIXN,"{""P47455"": 1}"
NKQVLFDIN,"{""P47650"": 1}"
NKQKNPXQX,"{""P47368"": 1}"
NKATXGLEI,"{""P47466"": 20}"
NKATXXXXX,"{""P47466"": 4}"
NKATKGLEI,"{""P47466"": 3}"
NKADVLLVE,"{""P47493"": 6}"
NKALFXXIT,"{""P47613"": 8}"
NKALFXXXX,"{""P47613"": 17}"
NKALFKXXX,"{""P47613"": 2}"
NKAXTXXGG,"{""P47664"": 4}"
NKAXXXXXX,"{""P47664"": 2}"
NKAEXSQQQ,"{""P47460"": 1}"
NKAEYSQQQ,"{""P47460"": 4}"
NKANFTPNQ,"{""P47657"": 2}"
NKAQIXXXX,"{""P47284"": 5}"
NKAQIXSHE,"{""P47284"": 1}"
NKIEPNINL,"{""P47497"": 5}"
NKITALIGX,"{""P47650"": 16}"
NKITALIGK,"{""P47650"": 3}"
NKITAIGFD,"{""P47579"": 4}"
NKILNNXXX,"{""P47486"": 3}"
NKILNNXLD,"{""P47486"": 4}"
NKINAXVIG,"{""P47534"": 5}"
NKINAXXXX,"{""P47534"": 1}"
NKIVXXXXX,"{""P47576"": 8}"
NKIVXWLEX,"{""P47576"": 21}"
NKIVXWLEK,"{""P47576"": 1}"
NKIVKWLEX,"{""P47576"": 1}"
NKIXEVLIS,"{""P47587"": 3}"
NKIQFISEN,"{""P47465"": 3}"
NKIAXXXXX,"{""P47581"": 5}"
NKIFXAFVI,"{""P47289"": 1}"
NKIFXXXXX,"{""P47289"": 1}"
NKLNEQFXQ,"{""P47394"": 5}"
NKLNEQFXX,"{""P47394"": 1}"
NKLNDANEQ,"{""Q49419"": 2}"
NKLLXXVNX,"{""P47694"": 12}"
NKLLXXQFE,"{""P47446"": 15}"
NKLLXXXXX,"{""P47446"": 17, ""P47694"": 5}"
NKLLXKQFE,"{""P47446"": 1}"
NKLLKXQFE,"{""P47446"": 2}"
NKLLKXVNX,"{""P47694"": 1}"
NKLLIQDHT,"{""P47466"": 2}"
NKLLISLDE,"{""P47591"": 3}"
NKLLVXXXX,"{""P47576"": 5}"
NKLLAAALT,"{""P47283"": 7}"
NKLYPPVMQ,"{""P47277"": 3}"
NKLYPIQEA,"{""P47328"": 5}"
NKLXXSSIX,"{""P47450"": 2}"
NKLXXXXXX,"{""P47450"": 2, ""P47437"": 5, ""P47368"": 5}"
NKLXANYFG,"{""P47437"": 3}"
NKLXRHXXD,"{""P47368"": 2}"
NKLXIAAYE,"{""P47661"": 1}"
NKLXIGVFG,"{""P47466"": 3}"
NKLDXVITS,"{""Q49460"": 14}"
NKLDXXXXX,"{""Q49460"": 6}"
NKLDFHEGL,"{""P47295"": 5}"
NKLDFVLWX,"{""P47495"": 3}"
NKLASLVSX,"{""P47446"": 3}"
NKLALGQYI,"{""P47271"": 3}"
NKLALGQXI,"{""P47271"": 1}"
NKLQEHXXX,"{""P47691"": 10}"
NKLQEHXEI,"{""P47691"": 2}"
NKLKIAAYE,"{""P47661"": 1}"
NKGLVEQTT,"{""P47695"": 19}"
NKGVGFSLL,"{""Q49401"": 30}"
NKGVQIITN,"{""P47513"": 1}"
NKGGSGIVL,"{""P47408"": 8}"
NKGPIMCLV,"{""P47481"": 3}"
NKGPIMXLV,"{""P47481"": 1}"
NKGIXLLLD,"{""P47335"": 2}"
NKFWLGGVD,"{""Q49436"": 2}"
NKFINVVSN,"{""P47437"": 10}"
NKFINIHLV,"{""P47653"": 7}"
NKFITDAFF,"{""P47264"": 7}"
NKFXXXXXX,"{""P47315"": 27}"
NKFSFLXQA,"{""P47308"": 3}"
NKFYTSSXX,"{""P47368"": 2}"
NKHENSWEV,"{""Q49430"": 5}"
NKEIRIEVI,"{""P47302"": 1}"
NKEIXILNL,"{""P47388"": 5}"
NKEIXXXXX,"{""P47388"": 1}"
NKESFLRVS,"{""Q49420"": 1}"
NKETTAVGV,"{""P47284"": 4}"
NKETEFDXL,"{""P47481"": 4}"
NKETEFDXX,"{""P47481"": 1}"
NKEQIQXXX,"{""P47288"": 2}"
NKEQIQXLT,"{""P47288"": 5}"
NKEVXCVGN,"{""P22746"": 3}"
NKELVRLSX,"{""P47618"": 1}"
NKDANWXXX,"{""P47279"": 4}"
NKDIYIFQS,"{""P47304"": 15}"
NKDIXIFQS,"{""P47304"": 3}"
NKDHISXXX,"{""P47394"": 10}"
NKDHISXLV,"{""P47394"": 1}"
NKDXPVILV,"{""P47571"": 6}"
NKDLIKVLA,"{""P47691"": 1}"
NKDLIXVLA,"{""P47691"": 4}"
NKDVNRFES,"{""P47508"": 3}"
NKDTEYIQA,"{""P47324"": 2}"
NKMAPGYHG,"{""P47299"": 23}"
NKMAPGXHG,"{""P47299"": 2}"
NKNTTPXXX,"{""Q49429"": 2}"
NKNTTPXSX,"{""Q49429"": 2}"
NKNXWLFPN,"{""P47661"": 20}"
NKNXXXXXX,"{""P47468"": 2, ""P47661"": 1}"
NKNXNTTPX,"{""Q49429"": 3}"
NKNCLIVDD,"{""P47304"": 2}"
NKNVGYIFQ,"{""Q9ZB70"": 4}"
NKNHQTDHI,"{""P47448"": 3}"
NKNSNTLTT,"{""P47264"": 2}"
NKPXLSLSL,"{""Q49433"": 3}"
NKPXXXXXX,"{""Q49433"": 1}"
NKPLXDLWI,"{""P47365"": 5}"
NKPLXXXXX,"{""P47365"": 1}"
NKPLLXRXT,"{""P47622"": 1}"
NKPLTSIPG,"{""P47325"": 4}"
NKPLKDLWI,"{""P47365"": 1}"
NKPFNHPEX,"{""P47606"": 5}"
NKYTGAYSI,"{""P47429"": 8}"
NKYASFLDX,"{""P47248"": 6}"
NKYSDIHSL,"{""P47278"": 2}"
NKTFSLLIN,"{""P47530"": 5}"
NKTRSIDLD,"{""P47285"": 1}"
NKTRTTNNR,"{""P47635"": 1}"
NKTAFSVIG,"{""P47542"": 4}"
NKTTWXLIG,"{""P47307"": 2}"
NKTXSIDLD,"{""P47285"": 1}"
NKWLFPNSF,"{""P47661"": 5}"
NKKALQAGF,"{""P20796"": 2}"
NKKQQVTDF,"{""P36263"": 1}"
NKKENLNLX,"{""P47520"": 1}"
VXLINNNNV,"{""Q9ZB73"": 521}"
VXLINELIT,"{""P47583"": 466}"
VXLIIEXLX,"{""P47254"": 61}"
VXLIIEXXX,"{""P47254"": 21}"
VXLIIEKLX,"{""P47254"": 3}"
VXLPSEIQA,"{""P47566"": 465}"
VXLAFEIIY,"{""P47399"": 98}"
VXLAFEIIX,"{""P47399"": 7}"
VXLALLALE,"{""P47456"": 29}"
VXLATNLHV,"{""P47314"": 1}"
VXLTNGFEV,"{""P47333"": 2}"
VXLQXXXXX,"{""P47541"": 2}"
VXLQXAPQL,"{""P47541"": 5}"
VXLYQSXXX,"{""P47656"": 1}"
VXLYQSXDX,"{""P47656"": 5}"
VXLEGEINR,"{""Q49407"": 5}"
VXLXARITX,"{""P47553"": 1}"
VXLXXXXXX,"{""P47553"": 2}"
VXLLLNXXX,"{""P47634"": 3}"
VXNELXELE,"{""P47540"": 418}"
VXNELXXXX,"{""P47540"": 72}"
VXNELKELE,"{""P47540"": 30}"
VXNERVLDQ,"{""P47394"": 10}"
VXNEEFXLX,"{""P47340"": 28}"
VXNEEFXXX,"{""P47340"": 6}"
VXNEEFKLX,"{""P47340"": 3}"
VXNEXVLDQ,"{""P47394"": 1}"
VXNITNXTG,"{""P47502"": 79}"
VXNITNXXX,"{""P47502"": 20}"
VXNITNKTG,"{""P47502"": 4}"
VXNALLXIN,"{""P47589"": 83}"
VXNALLXXX,"{""P47589"": 12}"
VXNALLKIN,"{""P47589"": 3}"
VXNLDWQSL,"{""P47308"": 102}"
VXNLXTGAI,"{""P47272"": 6}"
VXNLASEAI,"{""P47619"": 86}"
VXNLRTGAI,"{""P47272"": 15}"
VXNPLNSXX,"{""P47456"": 97}"
VXNPLNSXA,"{""P47456"": 1}"
VXNQEVYVQ,"{""P47493"": 7}"
VXNQEVXVQ,"{""P47493"": 1}"
VXNGLPYNS,"{""P47310"": 29}"
VXNGLPXNS,"{""P47310"": 1}"
VXNFFFNHA,"{""P47508"": 33}"
VXNYVVXTW,"{""P47351"": 1}"
VXNYVVRTW,"{""P47351"": 5}"
VXNRNFXXX,"{""P47635"": 1}"
VXXXXXXXX,"{""P47333"": 563, ""P47597"": 529, ""P47583"": 135, ""P47551"": 565, ""P35888"": 460, ""P47440"": 596, ""P47272"": 91, ""P47603"": 617, ""P47684"": 484, ""P47498"": 589, ""P47544"": 567, ""P47687"": 591, ""P47278"": 134, ""P47653"": 95, ""P47284"": 17, ""P47619"": 34, ""P47460"": 440, ""P47629"": 18, ""P47576"": 12, ""P47481"": 112, ""P47326"": 107, ""P47582"": 110, ""P47421"": 504, ""Q49397"": 21, ""P47478"": 116, ""P47631"": 27, ""P47277"": 21, ""P47385"": 27, ""P47662"": 101, ""P47369"": 28, ""P47353"": 80, ""P47609"": 42, ""P47465"": 39, ""P47540"": 98, ""P47660"": 435, ""P47340"": 117, ""P47696"": 106, ""P47534"": 85, ""P47566"": 119, ""P47580"": 87, ""P47399"": 23, ""P47451"": 99, ""P47520"": 45, ""P22747"": 19, ""Q9ZB73"": 94, ""P47524"": 137, ""P47300"": 109, ""P47328"": 122, ""P47637"": 23, ""P47325"": 88, ""P47563"": 47, ""Q49406"": 100, ""Q49428"": 20, ""P47423"": 26, ""P47394"": 1, ""P47514"": 19, ""P47308"": 21, ""P47502"": 16, ""P47456"": 142, ""P47485"": 99, ""Q49415"": 86, ""P47265"": 38, ""Q49405"": 30, ""P47699"": 21, ""P47568"": 87, ""P47368"": 69, ""Q49436"": 5, ""Q49398"": 95, ""P20796"": 25, ""P47547"": 17, ""P47410"": 98, ""P47589"": 20, ""P47636"": 51, ""P47606"": 17, ""P47587"": 40, ""P47347"": 20, ""P47688"": 15, ""P47506"": 15, ""P55825"": 14, ""P47342"": 12, ""Q49419"": 22, ""P47288"": 4, ""P47254"": 21, ""P47427"": 18, ""P47469"": 17, ""P52271"": 22, ""P47618"": 3, ""P47355"": 1, ""P47350"": 1, ""P47405"": 3, ""P47372"": 1, ""P47299"": 2}"
VXXTXXXXX,"{""P47587"": 77}"
VXXTXXTMC,"{""P47587"": 12}"
VXXTXXTMX,"{""P47587"": 1}"
VXXTXKTMX,"{""P47587"": 1}"
VXXTLLRND,"{""P47326"": 13}"
VXXTLLXND,"{""P47326"": 4}"
VXXTKXXXX,"{""P47587"": 4}"
VXXTKXTMC,"{""P47587"": 1}"
VXXEXELVE,"{""P47368"": 15}"
VXXEXXXXX,"{""P47368"": 67}"
VXXETVSYF,"{""P47385"": 19}"
VXXESSGSN,"{""P22747"": 5}"
VXXVVFDEI,"{""P52271"": 1}"
VXXVVSSDF,"{""P35888"": 6}"
VXXNGXYIA,"{""P47684"": 17}"
VXXNGXXXX,"{""P47684"": 2}"
VXXNGXXIA,"{""P47684"": 1}"
VXXNGKYIA,"{""P47684"": 1}"
VXXNLQXEL,"{""P47288"": 3}"
VXXNLQXXX,"{""P47288"": 1}"
VXXNLQKEL,"{""P47288"": 1}"
VXXNSDKDL,"{""P47636"": 5}"
VXXNSDXXX,"{""P47636"": 9}"
VXXNSDXDL,"{""P47636"": 72}"
VXXNYFXEL,"{""P47299"": 1}"
VXXNFEMQM,"{""P47342"": 1}"
VXXSLAXXX,"{""P47520"": 18}"
VXXSLAXLA,"{""P47520"": 57}"
VXXSLAKLA,"{""P47520"": 8}"
VXXSNLVDI,"{""P47394"": 1}"
VXXPEFLLA,"{""P47609"": 89}"
VXXPLDSNE,"{""Q49436"": 2}"
VXXLQDASF,"{""P22747"": 25}"
VXXLFPIQT,"{""P47367"": 1}"
VXXLLAVVL,"{""P47405"": 2}"
VXXLLDLFX,"{""P47667"": 2}"
VXXINDDXX,"{""P47618"": 7}"
VXXINDDXN,"{""P47618"": 1}"
VXXIISHHL,"{""P47465"": 80}"
VXXILRQLE,"{""P47582"": 1}"
VXXIQGIDI,"{""P47582"": 1}"
VXXAXLSTL,"{""P47347"": 5}"
VXXAXXXXX,"{""P47347"": 1}"
VXXATTDSF,"{""P47372"": 3}"
VXXAFEVXF,"{""P47278"": 1}"
VXXGIXVNA,"{""P47277"": 2}"
VXXGIXXXX,"{""P47277"": 1}"
VXXGSGQSE,"{""P47540"": 1}"
VXILXXXXX,"{""P47524"": 429}"
VXILSVPNI,"{""P47312"": 7}"
VXILDEAHM,"{""P47658"": 4}"
VXIDDADFY,"{""P47460"": 118}"
VXIDDADFX,"{""P47460"": 4}"
VXIGNSVNE,"{""P47653"": 32}"
VXISEXXXX,"{""P47300"": 391}"
VXISEXNLL,"{""P47300"": 94}"
VXISEKNLL,"{""P47300"": 5}"
VXISNSFLM,"{""P47681"": 36}"
VXIVLSEQS,"{""Q49398"": 507}"
VXIILTIEV,"{""P47353"": 23}"
VXIXXXXXX,"{""Q49415"": 11}"
VXPNYXXXX,"{""P52271"": 30}"
VXPNYXXXQ,"{""P52271"": 2}"
VXPNYXXYQ,"{""P52271"": 59}"
VXPNYXKYQ,"{""P52271"": 2}"
VXPNYKXYQ,"{""P52271"": 1}"
VXPNXXXXQ,"{""P52271"": 1}"
VXPNXXXXX,"{""P52271"": 1}"
VXPNXXXYQ,"{""P52271"": 2}"
VXPNXKXYQ,"{""P52271"": 1}"
VXPIILFDX,"{""P47568"": 481}"
VXPIILFDK,"{""P47568"": 22}"
VXVVXLIMN,"{""P47451"": 429}"
VXVVXXXXX,"{""P47451"": 73}"
VXVVKLIMN,"{""P47451"": 22}"
VXVVQXXXX,"{""P47583"": 3}"
VXVVQXRXI,"{""P47583"": 1}"
VXVQNADGT,"{""P47547"": 112}"
VXVSLTSNN,"{""P47607"": 32}"
VXVMATHGL,"{""P47304"": 2}"
VXVFSEXXX,"{""P47543"": 4}"
VXWPIEVQX,"{""P47580"": 512}"
VXWPIEVQK,"{""P47580"": 23}"
VXWPLLLSS,"{""P47551"": 16}"
VXWXXXXXX,"{""P47595"": 5}"
VXRNGXYIA,"{""P47684"": 82}"
VXRNGXXXX,"{""P47684"": 16}"
VXRNGXXIA,"{""P47684"": 11}"
VXRNGKYIA,"{""P47684"": 6}"
VXRGSGQSE,"{""P47540"": 7}"
VXRDEDSRX,"{""P47282"": 2}"
VXRIQGIDI,"{""P47582"": 2}"
VXSIINDYD,"{""P47688"": 97}"
VXSIINDXD,"{""P47688"": 5}"
VXSXXXXXX,"{""P47333"": 16}"
VXSXSPALH,"{""P47333"": 69}"
VXSEIQPFL,"{""Q49405"": 101}"
VXSEFLXLE,"{""P47576"": 86}"
VXSEFLXXX,"{""P47576"": 17}"
VXSEFLKLE,"{""P47576"": 1}"
VXSFAXQIE,"{""P47423"": 19}"
VXSFAXXXX,"{""P47423"": 77}"
VXSFAKQIE,"{""P47423"": 1}"
VXSCGMYGE,"{""P47603"": 5}"
VXSKSPALH,"{""P47333"": 5}"
VXSALIILS,"{""P47544"": 2}"
VXTMHDENG,"{""P47388"": 35}"
VXTXXPDHF,"{""Q49415"": 359}"
VXTXXXXXX,"{""Q49415"": 126}"
VXTXKPDHF,"{""Q49415"": 16}"
VXTPVELLV,"{""Q49406"": 510}"
VXTFILDQT,"{""P55825"": 133}"
VXTTQLXXX,"{""P47311"": 6}"
VXTGFMEAV,"{""P47510"": 28}"
VXTGHGVDY,"{""P47458"": 28}"
VXTGHGVDX,"{""P47458"": 1}"
VXTNVVAVA,"{""P47631"": 90}"
VXTNEELMI,"{""P47599"": 4}"
VXTDNEFAX,"{""P47469"": 80}"
VXTDNEFAK,"{""P47469"": 4}"
VXTKXPDHF,"{""Q49415"": 21}"
VXTKXXXXX,"{""Q49415"": 3}"
VXTLXXXXX,"{""P47368"": 89}"
VXTLXQYLP,"{""P47368"": 16}"
VXTLXQXLP,"{""P47368"": 2}"
VXTLLXXXX,"{""P47249"": 3}"
VXTLLXVTV,"{""P47249"": 2}"
VXTLKQYLP,"{""P47368"": 1}"
VXQYLNVNL,"{""P47629"": 87}"
VXQYMIVEI,"{""P47582"": 36}"
VXQMELMXN,"{""P47637"": 92}"
VXQMELMXX,"{""P47637"": 11}"
VXQMELMKN,"{""P47637"": 6}"
VXQSRPNXX,"{""P47410"": 14}"
VXQSTYFLS,"{""P47489"": 3}"
VXQSXPNXX,"{""P47410"": 5}"
VXQDVLXDS,"{""P47473"": 19}"
VXQDVLXXX,"{""P47473"": 5}"
VXQDVLKDS,"{""P47473"": 2}"
VXQFDXFSL,"{""Q49428"": 74}"
VXQFDXXXX,"{""Q49428"": 17}"
VXQFDKFSL,"{""Q49428"": 2}"
VXQXTGLPI,"{""P47284"": 81}"
VXQXXXXXX,"{""P47284"": 16}"
VXQXMIVEI,"{""P47582"": 2}"
VXQXLNVNL,"{""P47629"": 3}"
VXQVQNQXQ,"{""P47264"": 22}"
VXQVQNQXX,"{""P47264"": 6}"
VXQVQNQKQ,"{""P47264"": 2}"
VXQLLVXXX,"{""Q49430"": 12}"
VXQLLVXPL,"{""Q49430"": 11}"
VXQLLVKPL,"{""Q49430"": 1}"
VXQPXQXPS,"{""P47490"": 20}"
VXQPXQXXX,"{""P47490"": 5}"
VXQPXXXXX,"{""P47490"": 8}"
VXQPKQXPS,"{""P47490"": 2}"
VXQTWLDYF,"{""P47534"": 3}"
VXQAIIEXI,"{""P47615"": 6}"
VXQAIIEKI,"{""P47615"": 1}"
VXQQXXXXX,"{""P47312"": 5}"
VXQQXGFNL,"{""P47312"": 3}"
VXQKTGLPI,"{""P47284"": 1}"
VXGIFIGNA,"{""P47662"": 522}"
VXGIDSLAS,"{""P47427"": 100}"
VXGARENNL,"{""P47660"": 103}"
VXGAXENNL,"{""P47660"": 33}"
VXGVLAALV,"{""P47636"": 95}"
VXGQDEAID,"{""P47597"": 36}"
VXGTNTTRI,"{""P47440"": 5}"
VXGTNTTXI,"{""P47440"": 2}"
VXGTLFXAL,"{""P47326"": 5}"
VXGXXXXXX,"{""P47296"": 3}"
VXGXXXLXV,"{""P47296"": 1}"
VXGLIXXAN,"{""Q49435"": 4}"
VXGLIXXXX,"{""Q49435"": 2}"
VXGLIXKAN,"{""Q49435"": 1}"
VXGDFELAX,"{""Q49460"": 4}"
VXEAQNNLQ,"{""P47278"": 465}"
VXEAIXXXX,"{""P47563"": 17}"
VXEAIXDPD,"{""P47563"": 64}"
VXEAIKDPD,"{""P47563"": 5}"
VXEAGASVV,"{""P47514"": 92}"
VXEALDSVG,"{""P47326"": 5}"
VXEAXIAIX,"{""P47296"": 6}"
VXETAFNIF,"{""P47369"": 94}"
VXEYQTPSY,"{""P47699"": 89}"
VXEYQTPSX,"{""P47699"": 5}"
VXEYLINCG,"{""P47428"": 2}"
VXEYLINXG,"{""P47428"": 1}"
VXEPEQFDD,"{""Q49419"": 107}"
VXEQSYFRI,"{""P47534"": 17}"
VXEQSYFXI,"{""P47534"": 1}"
VXEQSXFXI,"{""P47534"": 1}"
VXERIVEYL,"{""P47481"": 5}"
VXEXIVEYL,"{""P47481"": 1}"
VXEXXXXXX,"{""P47317"": 21}"
VXEXQTPSY,"{""P47699"": 5}"
VXEXQTPSX,"{""P47699"": 1}"
VXEXAFDSI,"{""P47317"": 2}"
VXEILXXXX,"{""P47371"": 2}"
VXEILXNTF,"{""P47371"": 5}"
VXEMGXXXX,"{""P47382"": 8}"
VXEMGXMFR,"{""P47382"": 1}"
VXENIENDL,"{""P47260"": 6}"
VXDLSEEEL,"{""P47421"": 114}"
VXDLIXEPN,"{""P47506"": 86}"
VXDLIXXXX,"{""P47506"": 18}"
VXDLIKEPN,"{""P47506"": 3}"
VXDLPGVRY,"{""P47333"": 19}"
VXDLPGVXY,"{""P47333"": 8}"
VXDLFNXAX,"{""P47695"": 20}"
VXDLFNXXX,"{""P47695"": 4}"
VXDLDNSYX,"{""P47535"": 3}"
VXDFVSACG,"{""Q49397"": 98}"
VXDFVSAXG,"{""Q49397"": 1}"
VXDXLVNLV,"{""Q9ZB73"": 8}"
VXDXLSVQL,"{""P47639"": 1}"
VXDXXXXXX,"{""Q9ZB73"": 1}"
VXDCLSVQL,"{""P47639"": 22}"
VXDVCNXLL,"{""P35888"": 2}"
VXDVCNYLL,"{""P35888"": 5}"
VXDGILHAV,"{""P47325"": 23}"
VXDGVKSNL,"{""P47431"": 2}"
VXDGVXSNL,"{""P47431"": 1}"
VXDGVXXXX,"{""P47431"": 1}"
VXDHTGAQL,"{""P47299"": 6}"
VXDKLVNLV,"{""Q9ZB73"": 1}"
VXAVTVSQY,"{""P47277"": 97}"
VXAVTVSQX,"{""P47277"": 9}"
VXALXLGXD,"{""P47563"": 62}"
VXALXLGXX,"{""P47563"": 22}"
VXALXLGKD,"{""P47563"": 4}"
VXALXFTNX,"{""P47619"": 66}"
VXALXFTNK,"{""P47619"": 5}"
VXALXXXXX,"{""P47619"": 17, ""P47563"": 15}"
VXALLLSLF,"{""P47342"": 86}"
VXALFITHG,"{""P47385"": 101}"
VXALKFTNX,"{""P47619"": 9}"
VXALKLGXD,"{""P47563"": 6}"
VXALKLGXX,"{""P47563"": 2}"
VXAYQTTNT,"{""P20796"": 110}"
VXAIVDNLF,"{""P47606"": 111}"
VXAXTYFAV,"{""P47359"": 28}"
VXAXTXFAV,"{""P47359"": 2}"
VXAXQTTNT,"{""P20796"": 7}"
VXAXXXXXX,"{""P47359"": 9}"
VXAGVLXSG,"{""P47335"": 18}"
VXAGVLXXX,"{""P47335"": 9}"
VXAGVLKSG,"{""P47335"": 4}"
VXAKTYFAV,"{""P47359"": 1}"
VXASVXPIC,"{""P47420"": 3}"
VXASVXPIX,"{""P47420"": 1}"
VXAWYDNES,"{""P47543"": 1}"
VXCMTLLDN,"{""P47615"": 7}"
VXCXXXXXX,"{""P47265"": 90}"
VXCXTCRSN,"{""P47265"": 19}"
VXCXTCXSN,"{""P47265"": 2}"
VXCKTCRSN,"{""P47265"": 1}"
VXFENVGWN,"{""P47312"": 5}"
VXFETTGSI,"{""P47493"": 24}"
VXFIXSNSV,"{""P47384"": 8}"
VXFIXXXXX,"{""P47384"": 2}"
VXFTSXEPA,"{""P47484"": 28}"
VXFTSXXXX,"{""P47484"": 3}"
VXFTSKEPA,"{""P47484"": 1}"
VXFXLVYDX,"{""Q49408"": 4}"
VXYAXLSTL,"{""P47347"": 62}"
VXYAXXXXX,"{""P47347"": 18}"
VXYAFEVXX,"{""P47278"": 3}"
VXYAFEVXF,"{""P47278"": 4}"
VXYAKLSTL,"{""P47347"": 5}"
VXYVVSSDF,"{""P35888"": 107}"
VXYVVFDEI,"{""P52271"": 4}"
VXYESSGSN,"{""P22747"": 85}"
VXYLFPIQT,"{""P47367"": 26}"
VXYLLDLFX,"{""P47667"": 30}"
VXYNFEMQM,"{""P47342"": 4}"
VXKPEFLLA,"{""P47609"": 4}"
VXKPLDSNE,"{""Q49436"": 1}"
VXKIISHHL,"{""P47465"": 6}"
VXKNSDXXX,"{""P47636"": 1}"
VXKSLAXLA,"{""P47520"": 7}"
VXKSNLVDI,"{""P47394"": 1}"
VXKEXXXXX,"{""P47368"": 4}"
VXKETVSYF,"{""P47385"": 2}"
VXKGIXVNA,"{""P47277"": 1}"
VXKLQDASF,"{""P22747"": 1}"
VXKTXXXXX,"{""P47587"": 1}"
VXHRALAWL,"{""P47485"": 4}"
VXHXALAWL,"{""P47485"": 1}"
VIELLGXXX,"{""P47304"": 201}"
VIELLGXXD,"{""P47304"": 385}"
VIELLGXKD,"{""P47304"": 21}"
VIELLGKXD,"{""P47304"": 20}"
VIELLGKXX,"{""P47304"": 2}"
VIEQGTTXQ,"{""P47650"": 517}"
VIEQGTTXX,"{""P47650"": 95}"
VIEQGTTKQ,"{""P47650"": 19}"
VIEPELFVN,"{""P47418"": 133}"
VIEMNXQAX,"{""P47401"": 106}"
VIEMNXQAK,"{""P47401"": 5}"
VIEMNXXXX,"{""P47401"": 17}"
VIEMNKQAX,"{""P47401"": 5}"
VIEIXAAAX,"{""P47256"": 103}"
VIEIXXXXX,"{""P47256"": 27}"
VIETVEVPQ,"{""Q49429"": 108}"
VIEFENXEX,"{""P47288"": 98}"
VIEFENXXX,"{""P47288"": 21}"
VIEFENKEX,"{""P47288"": 4}"
VIENNVILP,"{""P47293"": 123}"
VIEVDRIFA,"{""P47617"": 1}"
VIISAPAXE,"{""P47543"": 491}"
VIISAPAXX,"{""P47543"": 128}"
VIISAPAKE,"{""P47543"": 24}"
VIIXXXXXX,"{""Q49400"": 614}"
VIILXGXFT,"{""P47642"": 10}"
VIILXGYFT,"{""P47642"": 97}"
VIILXXXXX,"{""P47642"": 17}"
VIILKGYFT,"{""P47642"": 2}"
VIIFGQDPY,"{""P47343"": 95}"
VIIFGQDPX,"{""P47343"": 3}"
VIIFIGLGQ,"{""P47592"": 132}"
VIIVNQFQN,"{""P47621"": 129}"
VIIVDASVT,"{""P47575"": 32}"
VIINGVLIA,"{""P47360"": 7}"
VIIETALLT,"{""P47296"": 137}"
VIIDVQLXQ,"{""P47540"": 4}"
VIIDVQLRQ,"{""P47540"": 24}"
VIIKXXXXX,"{""Q49400"": 21}"
VIIRNDRLX,"{""P47582"": 1}"
VIAGPAXXX,"{""P47695"": 565}"
VIAGPAXXS,"{""P47695"": 27}"
VIAGPAKXX,"{""P47695"": 16}"
VIAXXXXXX,"{""P47520"": 26}"
VIAXETLEL,"{""P47520"": 112}"
VIAXETIXX,"{""P47384"": 2}"
VIAPXLIGL,"{""P47647"": 112}"
VIAPXXXXX,"{""P47647"": 17}"
VIAPKLIGL,"{""P47647"": 5}"
VIAEXQFXA,"{""P47268"": 70}"
VIAEXQFXX,"{""P47268"": 17}"
VIAEXQFKA,"{""P47268"": 3}"
VIAEXXXXX,"{""P47268"": 18}"
VIAEKQFXA,"{""P47268"": 4}"
VIAEKQFXX,"{""P47268"": 1}"
VIARETIXX,"{""P47384"": 28}"
VIARETIXA,"{""P47384"": 4}"
VIAKETLEL,"{""P47520"": 4}"
VIDXNYXGL,"{""P47288"": 385}"
VIDXNYXXX,"{""P47288"": 85}"
VIDXNYKGL,"{""P47288"": 14}"
VIDXNXXGL,"{""P47288"": 25}"
VIDXNXXXX,"{""P47288"": 2}"
VIDXNSXVX,"{""P47353"": 68}"
VIDXNSXVK,"{""P47353"": 1}"
VIDXNSXXX,"{""P47353"": 23}"
VIDXNSKVX,"{""P47353"": 8}"
VIDXXXXXX,"{""P47353"": 11, ""P47288"": 106}"
VIDELXNLX,"{""P47693"": 5}"
VIDELCNLX,"{""P47693"": 118}"
VIDELCNLK,"{""P47693"": 4}"
VIDKNYXXX,"{""P47288"": 3}"
VIDKNYXGL,"{""P47288"": 13}"
VIDKNYKGL,"{""P47288"": 2}"
VIDKNSXXX,"{""P47353"": 1}"
VIDKNSXVX,"{""P47353"": 5}"
VIDDFSYTF,"{""P47426"": 107}"
VIDDFSXTF,"{""P47426"": 4}"
VIDGVGHSP,"{""Q49418"": 126}"
VIDSIYXII,"{""P47345"": 75}"
VIDSIYXXX,"{""P47345"": 25}"
VIDSIYKII,"{""P47345"": 6}"
VIDSIXXII,"{""P47345"": 3}"
VIDSIXXXX,"{""P47345"": 1}"
VIDSLYQNN,"{""P47606"": 135}"
VIDSLXQNN,"{""P47606"": 8}"
VIDLLTPYV,"{""P47639"": 29}"
VIDLLTPXV,"{""P47639"": 3}"
VIGWEDFNT,"{""P47315"": 612}"
VIGLCGLFS,"{""P47694"": 146}"
VIGLFDENY,"{""P47534"": 99}"
VIGLFDENX,"{""P47534"": 2}"
VIGLXGLFS,"{""P47694"": 6}"
VIGATTLXX,"{""P47597"": 89}"
VIGATTLXE,"{""P47597"": 22}"
VIGALHTTN,"{""P47258"": 28}"
VIGYIFXNL,"{""P47582"": 40}"
VIGYIFRNL,"{""P47582"": 107}"
VIGDLVQEG,"{""P47249"": 114}"
VIGSGRTDX,"{""P47428"": 23}"
VIGSGXTDX,"{""P47428"": 5}"
VIGSGTLLD,"{""P47698"": 7}"
VIGXIFRNL,"{""P47582"": 7}"
VIGXIFXNL,"{""P47582"": 1}"
VINDFWPLI,"{""P47470"": 123}"
VINPLFLLD,"{""P47481"": 128}"
VINPTLXXX,"{""P47352"": 118}"
VINSQDLLX,"{""P47637"": 127}"
VINSQDLLK,"{""P47637"": 2}"
VINETNXTV,"{""P47485"": 107}"
VINETNXXX,"{""P47485"": 15}"
VINETNKTV,"{""P47485"": 7}"
VINLHPXXX,"{""P52271"": 24}"
VINLHPXQW,"{""P52271"": 118}"
VINLHPSXL,"{""P47605"": 27}"
VINLHPSXX,"{""P47605"": 97}"
VINLHPKQW,"{""P52271"": 7}"
VINLVLDFS,"{""P47591"": 96}"
VINXFVLWL,"{""P47587"": 97}"
VINXXXXXX,"{""P47661"": 89, ""P47587"": 20, ""P47500"": 16}"
VINXELXHX,"{""P47500"": 92}"
VINXELXHK,"{""P47500"": 2}"
VINXELXXX,"{""P47500"": 13}"
VINXELKHX,"{""P47500"": 2}"
VINXYLDLN,"{""P47661"": 27}"
VINQNEXXX,"{""P47451"": 96}"
VINQNEXAA,"{""P47451"": 4}"
VINQNEKAA,"{""P47451"": 1}"
VINQFFTSX,"{""P47661"": 142}"
VINQFFTSK,"{""P47661"": 6}"
VINNDFPNQ,"{""P47248"": 120}"
VINKELXHX,"{""P47500"": 3}"
VINKELXXX,"{""P47500"": 1}"
VINKFVLWL,"{""P47587"": 2}"
VITNXIIAF,"{""P47492"": 536}"
VITNXXXXX,"{""P47492"": 86}"
VITNKIIAF,"{""P47492"": 19}"
VITSILPTD,"{""Q49460"": 136}"
VITFIENGS,"{""P47655"": 142}"
VIXXXXXXX,"{""P47634"": 23, ""P47591"": 597, ""P47453"": 109, ""P47257"": 28, ""P47281"": 103, ""P47702"": 18, ""P47661"": 94, ""Q9ZB70"": 87, ""P47306"": 42, ""P47420"": 6, ""P47635"": 19}"
VIXXTXXHX,"{""P47420"": 15}"
VIXXTXXXX,"{""P47420"": 7}"
VIXXTXKHX,"{""P47420"": 1}"
VIXXTKXHX,"{""P47420"": 1}"
VIXXISNAN,"{""P47257"": 87}"
VIXXIQDQI,"{""P47306"": 81}"
VIXXATSFS,"{""P47591"": 29}"
VIXVFIFIF,"{""P47702"": 80}"
VIXVDNGIR,"{""P47281"": 2}"
VIXSNGNQX,"{""P47634"": 91}"
VIXSNGNQK,"{""P47634"": 2}"
VIXSFFEXY,"{""P47661"": 4}"
VIXSFFERY,"{""P47661"": 14}"
VIXSFFERX,"{""P47661"": 1}"
VIXIHDGXI,"{""Q9ZB70"": 373}"
VIXIHDGXX,"{""Q9ZB70"": 122}"
VIXIHDGKI,"{""Q9ZB70"": 15}"
VIXHEXGIV,"{""P47635"": 98}"
VIXHEXXXX,"{""P47635"": 14}"
VIXHEKGIV,"{""P47635"": 4}"
VIXNNCNSV,"{""P47417"": 45}"
VIXFWQNAN,"{""P47512"": 1}"
VIXFASVFV,"{""P47443"": 10}"
VIXFGDYSV,"{""P47534"": 4}"
VIXKTXXXX,"{""P47420"": 1}"
VIXKTXXHX,"{""P47420"": 1}"
VIXKIQDQI,"{""P47306"": 4}"
VIXKISNAN,"{""P47257"": 2}"
VIXKATSFS,"{""P47591"": 2}"
VISQTXTAV,"{""P47634"": 89}"
VISQTXXXX,"{""P47634"": 18}"
VISQTKTAV,"{""P47634"": 2}"
VISLYYEXT,"{""P47617"": 93}"
VISLYYEXX,"{""P47617"": 442}"
VISLYYEKT,"{""P47617"": 9}"
VISLYXEXX,"{""P47617"": 24}"
VISLYXEXT,"{""P47617"": 5}"
VISLXXEXX,"{""P47617"": 4}"
VISLXYEXX,"{""P47617"": 28}"
VISLXYEXT,"{""P47617"": 3}"
VISDPSTGI,"{""P47291"": 116}"
VISDEDRXX,"{""P47695"": 31}"
VISDEDRXL,"{""P47695"": 86}"
VISDEDRKL,"{""P47695"": 2}"
VISDEDXXL,"{""P47695"": 35}"
VISDEDXXX,"{""P47695"": 4}"
VISDEDXKL,"{""P47695"": 1}"
VISXFSFDL,"{""P47696"": 98}"
VISXXXXXX,"{""P47415"": 36, ""P47582"": 17, ""P47696"": 20}"
VISXXNNLP,"{""P47415"": 90}"
VISXLIDLL,"{""P47582"": 103}"
VISXKNNLP,"{""P47415"": 7}"
VISXSVENQ,"{""P20796"": 1}"
VISEPQVEQ,"{""Q49429"": 138}"
VISNYYYMT,"{""P47549"": 110}"
VISNYYXMT,"{""P47549"": 3}"
VISNYVWAQ,"{""P47484"": 6}"
VISNYXYMT,"{""P47549"": 5}"
VISNXYYMT,"{""P47549"": 2}"
VISNXYXMT,"{""P47549"": 2}"
VISNXVWAQ,"{""P47484"": 1}"
VISYSVENQ,"{""P20796"": 23}"
VISKLIDLL,"{""P47582"": 2}"
VISKFSFDL,"{""P47696"": 5}"
VISKXXXXX,"{""P47415"": 1}"
VISKXNNLP,"{""P47415"": 2}"
VISVAAVST,"{""P47632"": 28}"
VICXTXXHX,"{""P47420"": 296}"
VICXTXXXX,"{""P47420"": 197}"
VICXTXKHX,"{""P47420"": 12}"
VICXTKXHX,"{""P47420"": 15}"
VICXTKXXX,"{""P47420"": 4}"
VICXXXXXX,"{""P47420"": 73}"
VICNNCNSV,"{""P47417"": 574}"
VICNNXNSV,"{""P47417"": 24}"
VICKTXXHX,"{""P47420"": 12}"
VICKTXXXX,"{""P47420"": 7}"
VIQAAYQTL,"{""P47270"": 605}"
VIQAAXQTL,"{""P47270"": 32}"
VIQXITXLL,"{""P47576"": 85}"
VIQXITXXX,"{""P47576"": 16}"
VIQXITKLL,"{""P47576"": 2}"
VIQXXXXXX,"{""P47576"": 23}"
VIQFDGSFX,"{""P47398"": 125}"
VIQFDGSFK,"{""P47398"": 4}"
VIQEIXXXX,"{""P47469"": 96}"
VIQEIXENP,"{""P47469"": 11}"
VIQEIKENP,"{""P47469"": 1}"
VIQSATPDT,"{""P47612"": 31}"
VIQSFNLHS,"{""P47260"": 123}"
VIQKITXLL,"{""P47576"": 2}"
VIVNNVEID,"{""P47655"": 610}"
VIVNEIEDA,"{""P47257"": 162}"
VIVVNNXVI,"{""P47258"": 138}"
VIVVNNXXX,"{""P47258"": 461}"
VIVVNNKVI,"{""P47258"": 3}"
VIVLGILXX,"{""P47696"": 18}"
VIVLGILXG,"{""P47696"": 103}"
VIVLGILKG,"{""P47696"": 4}"
VIVIGINHA,"{""Q49408"": 28}"
VIFVNXXXX,"{""P47335"": 162}"
VIFVNXMDX,"{""P47335"": 461}"
VIFVNKMDX,"{""P47335"": 18}"
VIFNXXXXX,"{""Q49402"": 91}"
VIFNXLINP,"{""Q49402"": 23}"
VIFNKLINP,"{""Q49402"": 2}"
VILTTFASN,"{""P47385"": 140}"
VILEEMIIE,"{""P47380"": 100}"
VILSINGXF,"{""P47508"": 94}"
VILSINGXX,"{""P47508"": 25}"
VILSINGKF,"{""P47508"": 5}"
VILFTQFLD,"{""P47264"": 121}"
VILLDECMN,"{""Q49430"": 108}"
VILLDEXMN,"{""Q49430"": 4}"
VILDLDGQG,"{""P47706"": 33}"
VIPFAFVDG,"{""P47321"": 638}"
VIPAIMQML,"{""P47507"": 129}"
VIPLXXXXX,"{""Q49418"": 24}"
VIPLXIXAL,"{""Q49418"": 94}"
VIPLXIXXX,"{""Q49418"": 24}"
VIPLXIKAL,"{""Q49418"": 5}"
VIPLKIXAL,"{""Q49418"": 7}"
VIPLKIXXX,"{""Q49418"": 1}"
VIKXXXXXX,"{""P47591"": 29}"
VIKXISNAN,"{""P47257"": 2}"
VIKXIQDQI,"{""P47306"": 4}"
VIKXATSFS,"{""P47591"": 1}"
VIKHEXGIV,"{""P47635"": 5}"
VIKIHDGXI,"{""Q9ZB70"": 14}"
VIKIHDGXX,"{""Q9ZB70"": 4}"
VIKIHDGKI,"{""Q9ZB70"": 1}"
VIKSFFERY,"{""P47661"": 2}"
VIKSNGNQX,"{""P47634"": 4}"
VIKVFIFIF,"{""P47702"": 1}"
VIYVSATPR,"{""P47319"": 17}"
VIYVSATPX,"{""P47319"": 4}"
VIYFWQNAN,"{""P47512"": 23}"
VIHNXYSGY,"{""P47471"": 5}"
VIHNYYSGY,"{""P47471"": 109}"
VIHNYYSGX,"{""P47471"": 8}"
VIHNYXSGY,"{""P47471"": 6}"
VIHNYXSGX,"{""P47471"": 1}"
VIHLNESXX,"{""P47477"": 14}"
VIHLNESXN,"{""P47477"": 108}"
VIHLNESKN,"{""P47477"": 5}"
VIRFASVFV,"{""P47443"": 18}"
VIRFGDYSV,"{""P47534"": 9}"
VIRFGDXSV,"{""P47534"": 1}"
VSGGLHGVG,"{""P47249"": 110}"
VSGLSHGXN,"{""P47277"": 526}"
VSGLSHGXX,"{""P47277"": 118}"
VSGLSHGKN,"{""P47277"": 19}"
VSGLENALL,"{""P47641"": 26}"
VSGSEPSET,"{""P47539"": 141}"
VSGFSNELT,"{""P47695"": 124}"
VSLIDSLLX,"{""P47437"": 604}"
VSLIDSLLK,"{""P47437"": 29}"
VSLIVSRFS,"{""Q49460"": 31}"
VSLIVSXFS,"{""Q49460"": 5}"
VSLTSNNLV,"{""P47607"": 636}"
VSLMQTTTL,"{""P47412"": 125}"
VSLGSTVEI,"{""P47524"": 117}"
VSLLHYNTX,"{""Q49420"": 598}"
VSLLHYNTK,"{""Q49420"": 17}"
VSLLHXNTX,"{""Q49420"": 28}"
VSLLHXNTK,"{""Q49420"": 1}"
VSLALVPIL,"{""P47297"": 102}"
VSLYGDYTG,"{""P47523"": 105}"
VSLYGDXTG,"{""P47523"": 5}"
VSLPIYQXX,"{""P47585"": 82}"
VSLPIYQXI,"{""P47585"": 25}"
VSLPIYQKI,"{""P47585"": 1}"
VSLPIXQXI,"{""P47585"": 2}"
VSLPIXQXX,"{""P47585"": 4}"
VSLXGDYTG,"{""P47523"": 5}"
VSQQALALS,"{""P47534"": 132}"
VSQLFLXXX,"{""P47479"": 22}"
VSQLFLXEP,"{""P47479"": 87}"
VSQLFLKEP,"{""P47479"": 7}"
VSQTTTWTY,"{""Q49409"": 105}"
VSQTTTWTX,"{""Q49409"": 6}"
VSTNIXXXX,"{""P47599"": 591}"
VSTRIELIE,"{""P47438"": 126}"
VSTXXXXXX,"{""P55825"": 103, ""P47502"": 24}"
VSTXIELIE,"{""P47438"": 44}"
VSTXDXXXX,"{""P47502"": 81}"
VSTXDXNNF,"{""P47502"": 28}"
VSTQLXALV,"{""P47564"": 88}"
VSTQLXXXX,"{""P47564"": 32}"
VSTQLKALV,"{""P47564"": 7}"
VSTLHSLST,"{""P47319"": 162}"
VSTKDKNNF,"{""P47502"": 1}"
VSTKDXXXX,"{""P47502"": 3}"
VSTKDXNNF,"{""P47502"": 1}"
VSSDFSPEL,"{""P47351"": 573}"
VSSELPXSE,"{""Q49429"": 111}"
VSSELPXXX,"{""Q49429"": 23}"
VSSELPKSE,"{""Q49429"": 4}"
VSSNTSNSN,"{""P47551"": 140}"
VSSSLPSSF,"{""P47662"": 119}"
VSDLXXXXX,"{""P47307"": 84}"
VSDLXLITL,"{""P47307"": 29}"
VSDLNNYLL,"{""Q49329"": 120}"
VSDLNNXLL,"{""Q49329"": 10}"
VSDLKLITL,"{""P47307"": 2}"
VSDEIQNLI,"{""P47582"": 126}"
VSDNLFPIF,"{""P47514"": 134}"
VSDVIEMVG,"{""P47288"": 123}"
VSDXLXVVE,"{""P47542"": 100}"
VSDXLXXXX,"{""P47542"": 15}"
VSDXLKVVE,"{""P47542"": 4}"
VSDXXXXXX,"{""P47542"": 20}"
VSDKLXVVE,"{""P47542"": 5}"
VSVNDVDIG,"{""P47455"": 118}"
VSVXDLLLA,"{""P47398"": 6}"
VSVQQVLGN,"{""P47350"": 125}"
VSVIPSPQY,"{""P47551"": 117}"
VSVIPSPQX,"{""P47551"": 6}"
VSVRDLLLA,"{""P47398"": 27}"
VSIARAFAX,"{""P47311"": 121}"
VSIARAFAK,"{""P47311"": 6}"
VSIAXAFAX,"{""P47311"": 31}"
VSIXXXXXX,"{""P47662"": 105}"
VSIXXAVMN,"{""P47662"": 2}"
VSIXRAVMN,"{""P47662"": 13}"
VSIIYXXXX,"{""P47532"": 31}"
VSIIYXXAP,"{""P47532"": 81}"
VSIIYXKAP,"{""P47532"": 4}"
VSIIYKXAP,"{""P47532"": 4}"
VSIIXXXAP,"{""P47532"": 3}"
VSIIXXXXX,"{""P47532"": 3}"
VSIIXKXAP,"{""P47532"": 1}"
VSIKRAVMN,"{""P47662"": 1}"
VSRLVXXXX,"{""P47335"": 97}"
VSRLVXMHA,"{""P47335"": 7}"
VSRLVKMHA,"{""P47335"": 1}"
VSRLGLSSK,"{""P47310"": 1}"
VSRLGLSSX,"{""P47310"": 16}"
VSRXXXXXX,"{""P47583"": 24}"
VSRFNPQXL,"{""P47521"": 5}"
VSRFNPQRL,"{""P47521"": 27}"
VSFGSALQX,"{""P47580"": 586}"
VSFGSALQK,"{""P47580"": 2}"
VSFSFEXXX,"{""P47311"": 38}"
VSFSFEXXL,"{""P47311"": 83}"
VSFSFEXKL,"{""P47311"": 5}"
VSFSFEKXL,"{""P47311"": 4}"
VSFXXXXXX,"{""P47576"": 88}"
VSFXYQIVD,"{""P47576"": 25}"
VSFKYQIVD,"{""P47576"": 2}"
VSESTFSSI,"{""P47677"": 625}"
VSEAXIXTI,"{""P47365"": 85}"
VSEAXIXXX,"{""P47365"": 19}"
VSEAXIKTI,"{""P47365"": 7}"
VSEAXXXXX,"{""P47365"": 18}"
VSEAKIXTI,"{""P47365"": 1}"
VSEXLALIA,"{""P47246"": 108}"
VSEXXXXXX,"{""P47246"": 19}"
VSELDNLTX,"{""P47460"": 3}"
VSELDNLTR,"{""P47460"": 19}"
VSEKLALIA,"{""P47246"": 9}"
VSXHSCNGF,"{""P47265"": 8}"
VSXXXXXXX,"{""Q49407"": 581, ""P47443"": 108, ""P47253"": 77, ""P47587"": 20, ""P47663"": 85, ""P47583"": 4, ""P47256"": 1}"
VSXXXXLLX,"{""P47663"": 2}"
VSXXXEFLX,"{""P47256"": 1}"
VSXXXEFLY,"{""P47256"": 1}"
VSXSGYXXX,"{""P47443"": 97}"
VSXSGYXLY,"{""P47443"": 330}"
VSXSGYXLX,"{""P47443"": 17}"
VSXSGYKLY,"{""P47443"": 20}"
VSXSGYKLX,"{""P47443"": 1}"
VSXSGXXLY,"{""P47443"": 12}"
VSXSGXXXX,"{""P47443"": 7}"
VSXSDFLDE,"{""P47587"": 121}"
VSXSFSFNS,"{""P47326"": 30}"
VSXSHXDLY,"{""P47249"": 2}"
VSXSHXXXX,"{""P47249"": 1}"
VSXRXXXXX,"{""P47663"": 16}"
VSXRXRLLX,"{""P47663"": 1}"
VSXNDQEII,"{""P47253"": 25}"
VSXNDAXLT,"{""Q2MHT0"": 4}"
VSXNDAXXX,"{""Q2MHT0"": 2}"
VSXNDAKLT,"{""Q2MHT0"": 1}"
VSXVISFAL,"{""P47468"": 6}"
VSXLVXXXX,"{""P47335"": 26}"
VSXLVXMHA,"{""P47335"": 3}"
VSXLGLSSX,"{""P47310"": 3}"
VSXFNPQXL,"{""P47521"": 1}"
VSXFNPQRL,"{""P47521"": 5}"
VSXFDHSIV,"{""P47466"": 3}"
VSMIEXELL,"{""P47443"": 94}"
VSMIEXXXX,"{""P47443"": 18}"
VSMIEKELL,"{""P47443"": 5}"
VSYSHXXXX,"{""P47249"": 22}"
VSYSHXDLY,"{""P47249"": 91}"
VSYSHXDLX,"{""P47249"": 4}"
VSYSHKDLY,"{""P47249"": 3}"
VSYFDHSIV,"{""P47466"": 113}"
VSYVISFAL,"{""P47468"": 113}"
VSYXXXXXX,"{""P47256"": 38}"
VSYXXEFLY,"{""P47256"": 79}"
VSYXXEFLX,"{""P47256"": 3}"
VSYXKEFLY,"{""P47256"": 6}"
VSYKXEFLX,"{""P47256"": 2}"
VSYKXEFLY,"{""P47256"": 3}"
VSYKXXXXX,"{""P47256"": 1}"
VSCSFSFNS,"{""P47326"": 595}"
VSCNDAXLT,"{""Q2MHT0"": 80}"
VSCNDAXXX,"{""Q2MHT0"": 21}"
VSCNDAKLT,"{""Q2MHT0"": 4}"
VSCHSCNGF,"{""P47265"": 132}"
VSCHSXNGF,"{""P47265"": 8}"
VSPXGQVEV,"{""P47583"": 97}"
VSPXXXXXX,"{""P47583"": 21}"
VSPKGQVEV,"{""P47583"": 6}"
VSPRFERFW,"{""P47386"": 1}"
VSPRFEXFW,"{""P47386"": 2}"
VSNXNLNLN,"{""P47625"": 107}"
VSNXXXXXX,"{""P47625"": 21}"
VSNLTVGQQ,"{""P47365"": 30}"
VSNKNLNLN,"{""P47625"": 1}"
VSHGGDGIV,"{""P47583"": 124}"
VSAFPLVIL,"{""P47540"": 28}"
VSKSGYXLY,"{""P47443"": 18}"
VSKSGYXXX,"{""P47443"": 4}"
VSKSGYKLY,"{""P47443"": 2}"
VSKSGXXLY,"{""P47443"": 1}"
VSKSDFLDE,"{""P47587"": 4}"
VGXLAXQLA,"{""P47482"": 401}"
VGXLAXXXX,"{""P47482"": 76}"
VGXLAKQLA,"{""P47482"": 17}"
VGXXXXXXX,"{""P47687"": 22, ""P47482"": 123}"
VGXPFIDVX,"{""P47687"": 5}"
VGXPFIDVY,"{""P47687"": 92}"
VGXGIAKAL,"{""P47414"": 1}"
VGXGIAXAL,"{""P47414"": 7}"
VGXGIAXXX,"{""P47414"": 1}"
VGXFVSESV,"{""P47293"": 30}"
VGMSVGCNF,"{""P47318"": 566}"
VGMSVGXNF,"{""P47318"": 21}"
VGMSQIFTE,"{""P47397"": 132}"
VGMXTVLVQ,"{""P47687"": 497}"
VGMXXXXXX,"{""P47687"": 97}"
VGMKTVLVQ,"{""P47687"": 29}"
VGIGAEAIL,"{""P47582"": 577}"
VGIINIAIN,"{""P47367"": 568}"
VGIVTGRDY,"{""P47505"": 6}"
VGTVVHGLX,"{""P47391"": 624}"
VGTVVHGLK,"{""P47391"": 18}"
VGTMTPRXX,"{""P47333"": 102}"
VGTMTPRXP,"{""P47333"": 21}"
VGTMTPRKP,"{""P47333"": 2}"
VGTMTPXXX,"{""P47333"": 25}"
VGTMTPXXP,"{""P47333"": 5}"
VGTMTPXKP,"{""P47333"": 1}"
VGSAAQTXA,"{""P47641"": 515}"
VGSAAQTXX,"{""P47641"": 98}"
VGSAAQTKA,"{""P47641"": 25}"
VGSEXINIS,"{""P47549"": 92}"
VGSEXXXXX,"{""P47549"": 21}"
VGSEKINIS,"{""P47549"": 6}"
VGSDISCNL,"{""P47473"": 6}"
VGAVFNLXG,"{""P47700"": 105}"
VGAVFNLXX,"{""P47700"": 26}"
VGAVFNLKG,"{""P47700"": 2}"
VGLXLXXXX,"{""Q49398"": 81}"
VGLXLXNNL,"{""Q49398"": 420}"
VGLXLKNNL,"{""Q49398"": 18}"
VGLXXXXXX,"{""Q49398"": 115}"
VGLLSTLQY,"{""P47585"": 27}"
VGLLSTLQX,"{""P47585"": 3}"
VGLGSXXYH,"{""Q49436"": 367}"
VGLGSXXXX,"{""Q49436"": 213}"
VGLGSXXXH,"{""Q49436"": 20}"
VGLGSXKYH,"{""Q49436"": 17}"
VGLGSXKXH,"{""Q49436"": 2}"
VGLGSKXYH,"{""Q49436"": 14}"
VGLGSKXXX,"{""Q49436"": 2}"
VGLGSKKYH,"{""Q49436"": 1}"
VGLKLXNNL,"{""Q49398"": 17}"
VGLKLXXXX,"{""Q49398"": 3}"
VGQEVEIVG,"{""P13927"": 118}"
VGQEIQLDX,"{""P47474"": 107}"
VGQEIQLDK,"{""P47474"": 4}"
VGQIIYRQR,"{""P47476"": 25}"
VGQIIYRQX,"{""P47476"": 6}"
VGQIIYXQX,"{""P47476"": 1}"
VGQIIYXQR,"{""P47476"": 1}"
VGQIIXRQR,"{""P47476"": 1}"
VGQPLFXLI,"{""P47315"": 99}"
VGQPLFXXX,"{""P47315"": 17}"
VGQPLFKLI,"{""P47315"": 5}"
VGGEAVXXX,"{""P47496"": 98}"
VGGEAVXGF,"{""P47496"": 523}"
VGGEAVKGF,"{""P47496"": 20}"
VGGSNINPW,"{""Q49460"": 665}"
VGGATELAQ,"{""P47632"": 653}"
VGGGVGYLQ,"{""P47256"": 118}"
VGGGVGXLQ,"{""P47256"": 6}"
VGRFVSESV,"{""P47293"": 139}"
VGDNNLTFG,"{""P47289"": 645}"
VGDNXLFSA,"{""P47551"": 8}"
VGDNRLFSA,"{""P47551"": 26}"
VGDQVYSSD,"{""P47400"": 121}"
VGDQVXSSD,"{""P47400"": 5}"
VGDTDHKXD,"{""P20796"": 5}"
VGDTDHKXX,"{""P20796"": 1}"
VGDTDHXXX,"{""P20796"": 50}"
VGDTDHXXD,"{""P20796"": 80}"
VGDTDHXKD,"{""P20796"": 5}"
VGDSLNFII,"{""P47433"": 134}"
VGDVVSIGQ,"{""P47514"": 121}"
VGNSMSIPW,"{""P47306"": 126}"
VGNDLSTQL,"{""P47342"": 119}"
VGNVFDLQD,"{""P47698"": 119}"
VGFTGNNPL,"{""P47563"": 128}"
VGHLGIYRQ,"{""P47276"": 127}"
VGHLGIYXQ,"{""P47276"": 34}"
VGHLGIXXQ,"{""P47276"": 3}"
VGHLGIXRQ,"{""P47276"": 4}"
VGVLGPTNA,"{""P47627"": 135}"
VGKPFIDVY,"{""P47687"": 2}"
VGKLAXQLA,"{""P47482"": 20}"
VGKLAXXXX,"{""P47482"": 4}"
VGYGIAXAL,"{""P47414"": 91}"
VGYGIAXXX,"{""P47414"": 11}"
VGYGIAKAL,"{""P47414"": 5}"
VQSANQXNG,"{""P20796"": 525}"
VQSANQXXX,"{""P20796"": 95}"
VQSANQKNG,"{""P20796"": 26}"
VQSEALXEQ,"{""P47349"": 94}"
VQSEALXXX,"{""P47349"": 20}"
VQSEALKEQ,"{""P47349"": 3}"
VQSNNTPSL,"{""Q49404"": 112}"
VQSVALRFL,"{""P47368"": 21}"
VQSVALXFL,"{""P47368"": 4}"
VQLEDGAIT,"{""P47356"": 574}"
VQLLAPTVX,"{""P47660"": 118}"
VQQEFNETX,"{""P47668"": 131}"
VQQEFNETK,"{""P47668"": 1}"
VQQNQNQNX,"{""P47442"": 123}"
VQQNQNQNK,"{""P47442"": 1}"
VQQIGTPSE,"{""P47433"": 128}"
VQNADGTTX,"{""P47547"": 131}"
VQNADGTTK,"{""P47547"": 5}"
VQNLNLFLN,"{""P47365"": 118}"
VQNNLDIVF,"{""Q49415"": 5}"
VQEGYVCEV,"{""P47583"": 590}"
VQEGYVXEV,"{""P47583"": 28}"
VQEGXVCEV,"{""P47583"": 20}"
VQEGXVXEV,"{""P47583"": 2}"
VQEAKIIAN,"{""P47606"": 27}"
VQEAXIIAN,"{""P47606"": 502}"
VQEAXXXXX,"{""P47606"": 91}"
VQEXHPLTF,"{""P47291"": 495}"
VQEXXXXXX,"{""P47291"": 132}"
VQELEDXLE,"{""P47453"": 496}"
VQELEDXXX,"{""P47453"": 107}"
VQELEDKLE,"{""P47453"": 27}"
VQELGLXXX,"{""P47423"": 116}"
VQEVNNDGT,"{""P47321"": 127}"
VQEKHPLTF,"{""P47291"": 13}"
VQFDLVLIP,"{""P47533"": 582}"
VQFDLFXDD,"{""P47613"": 104}"
VQFDLFXXX,"{""P47613"": 13}"
VQFDLFKDD,"{""P47613"": 3}"
VQFNDHNLA,"{""P47599"": 124}"
VQFSCXNTG,"{""P47542"": 87}"
VQFSCXXXX,"{""P47542"": 16}"
VQFSCKNTG,"{""P47542"": 2}"
VQFSXXNTG,"{""P47542"": 6}"
VQFSXKNTG,"{""P47542"": 1}"
VQTLXEIEQ,"{""P47525"": 525}"
VQTLXXXXX,"{""P47525"": 88}"
VQTLKEIEQ,"{""P47525"": 29}"
VQTNTTALR,"{""P47264"": 24}"
VQTNTTALX,"{""P47264"": 3}"
VQTRQWIRQ,"{""P47433"": 26}"
VQTRQWIXQ,"{""P47433"": 6}"
VQTXQWIRQ,"{""P47433"": 11}"
VQTXQWIXQ,"{""P47433"": 1}"
VQYNMNIPA,"{""P47528"": 597}"
VQYEQYLAS,"{""P47463"": 24}"
VQYEQXLAS,"{""P47463"": 3}"
VQXVVLXXA,"{""P47253"": 336}"
VQXVVLXXX,"{""P47253"": 132}"
VQXVVLXKA,"{""P47253"": 21}"
VQXVVLKXX,"{""P47253"": 5}"
VQXVVLKXA,"{""P47253"": 10}"
VQXVPLTEA,"{""P47500"": 31}"
VQXXXXXXX,"{""P47253"": 91, ""P47491"": 4}"
VQXXHRHEN,"{""P47491"": 2}"
VQXNMNIPA,"{""P47528"": 36}"
VQXEQXLAS,"{""P47463"": 1}"
VQXEQYLAS,"{""P47463"": 2}"
VQIAXEXTT,"{""P47632"": 79}"
VQIAXEXXX,"{""P47632"": 9}"
VQIAXEKTT,"{""P47632"": 5}"
VQIAXXXXX,"{""P47632"": 18}"
VQIAKEXTT,"{""P47632"": 7}"
VQIIGAFIV,"{""P47318"": 634}"
VQIINKSTI,"{""P47394"": 4}"
VQIINXSTI,"{""P47394"": 108}"
VQIINXXXX,"{""P47394"": 16}"
VQIIETRPL,"{""P47406"": 91}"
VQIIETXPL,"{""P47406"": 20}"
VQIHLXMTG,"{""P47677"": 111}"
VQIHLXXXX,"{""P47677"": 21}"
VQIHLKMTG,"{""P47677"": 4}"
VQINLXXXX,"{""P47264"": 29}"
VQINLXTAA,"{""P47264"": 105}"
VQINLKTAA,"{""P47264"": 5}"
VQIXLQATG,"{""P47678"": 10}"
VQIRLQATG,"{""P47678"": 19}"
VQMDSEVXX,"{""P47312"": 570}"
VQMDSEVXK,"{""P47312"": 18}"
VQMDSEVKX,"{""P47312"": 26}"
VQMDSEVKK,"{""P47312"": 1}"
VQHLIQTQN,"{""Q49405"": 139}"
VQHALILNE,"{""P47276"": 115}"
VQHNTQINR,"{""P47460"": 2}"
VQHNTQINX,"{""P47460"": 2}"
VQDGXFMDL,"{""P47530"": 92}"
VQDGXXXXX,"{""P47530"": 26}"
VQDGKFMDL,"{""P47530"": 5}"
VQDEIVILS,"{""P47315"": 106}"
VQDQPAVET,"{""P47308"": 139}"
VQDLEQLLE,"{""P47484"": 130}"
VQACDXDTP,"{""P47259"": 87}"
VQACDXXXX,"{""P47259"": 29}"
VQACDKDTP,"{""P47259"": 3}"
VQALFDXYQ,"{""P47473"": 102}"
VQALFDXXX,"{""P47473"": 19}"
VQALFDXXQ,"{""P47473"": 6}"
VQALFDKYQ,"{""P47473"": 4}"
VQALAFGEI,"{""P47542"": 27}"
VQAXDXDTP,"{""P47259"": 5}"
VQAXDXXXX,"{""P47259"": 2}"
VQPISILLA,"{""P47544"": 133}"
VQPLVXXXX,"{""P47342"": 92}"
VQPLVXQAF,"{""P47342"": 23}"
VQPLVKQAF,"{""P47342"": 1}"
VQPXAXXXX,"{""P47387"": 16}"
VQPXAXVHS,"{""P47387"": 81}"
VQPXAKVHS,"{""P47387"": 3}"
VQPXXXXXX,"{""P47387"": 12}"
VQPKAXVHS,"{""P47387"": 3}"
VQPKAKVHS,"{""P47387"": 1}"
VQWEENSIX,"{""P47431"": 136}"
VQWEENSIK,"{""P47431"": 2}"
VQRVPLTEA,"{""P47500"": 116}"
VQRKHRHEN,"{""P47491"": 1}"
VQRXXXXXX,"{""P47491"": 31}"
VQRXHXHEN,"{""P47491"": 2}"
VQRXHRHEN,"{""P47491"": 6}"
VQVNNTTYT,"{""P47513"": 7}"
VQKVVLXXA,"{""P47253"": 14}"
VQKVVLXXX,"{""P47253"": 9}"
VDVLTXAVG,"{""P20796"": 98}"
VDVLTXXXX,"{""P20796"": 23}"
VDVLTKAVG,"{""P20796"": 7}"
VDQINAEIX,"{""P47493"": 631}"
VDQINAEIK,"{""P47493"": 28}"
VDQIHQDFL,"{""P47357"": 130}"
VDQDIDSTN,"{""P47460"": 123}"
VDQTIENLL,"{""P47486"": 123}"
VDQPLVNEL,"{""P47369"": 121}"
VDYLXXXXX,"{""P47700"": 15}"
VDYLXDXXX,"{""P47700"": 73}"
VDYLXDXNR,"{""P47700"": 14}"
VDYLXDXNX,"{""P47700"": 2}"
VDYLKDXNR,"{""P47700"": 2}"
VDYLKDXXX,"{""P47700"": 3}"
VDYNFFNGY,"{""P47320"": 111}"
VDYNFFNGX,"{""P47320"": 7}"
VDYSGRSVI,"{""P47582"": 130}"
VDYSGXSVI,"{""P47582"": 32}"
VDLATTAEI,"{""P47277"": 150}"
VDLSVTLEQ,"{""P47629"": 119}"
VDLSXFVLN,"{""P47470"": 29}"
VDLSXXXXX,"{""P47470"": 79}"
VDLNINLWV,"{""P47435"": 140}"
VDLXTALIX,"{""Q49396"": 92}"
VDLXTALIK,"{""Q49396"": 2}"
VDLXXXXXX,"{""Q49396"": 24}"
VDLKTALIX,"{""Q49396"": 4}"
VDNQXINHF,"{""P47346"": 525}"
VDNQXXXXX,"{""P47346"": 85, ""Q49404"": 20}"
VDNQXLPVV,"{""Q49404"": 96}"
VDNQLLXXX,"{""P47437"": 85}"
VDNQLLXIP,"{""P47437"": 16}"
VDNQKINHF,"{""P47346"": 28}"
VDNQKLPVV,"{""Q49404"": 4}"
VDNNXIXAE,"{""P47480"": 70}"
VDNNXIXXX,"{""P47480"": 16}"
VDNNXIKAE,"{""P47480"": 3}"
VDNNXXXXX,"{""P47480"": 23}"
VDNNHFMGL,"{""P47342"": 131}"
VDNNKIXAE,"{""P47480"": 5}"
VDNNKIXXX,"{""P47480"": 1}"
VDNNKIKAE,"{""P47480"": 1}"
VDNGIRLAN,"{""P47281"": 8}"
VDNGIXLAN,"{""P47281"": 4}"
VDNLGPVLS,"{""P47310"": 116}"
VDNFNNRRA,"{""P47424"": 9}"
VDNFNNRXA,"{""P47424"": 1}"
VDNFNNXRA,"{""P47424"": 2}"
VDALIFDLE,"{""P47585"": 130}"
VDAWGXXXX,"{""P22747"": 482}"
VDAWGXVEF,"{""P22747"": 109}"
VDAWGKVEF,"{""P22747"": 4}"
VDDYXXXXX,"{""Q49436"": 81}"
VDDYXHAIF,"{""Q49436"": 28}"
VDDYKHAIF,"{""Q49436"": 2}"
VDDXXXXXX,"{""Q49436"": 9}"
VDDDLNLLD,"{""P47592"": 121}"
VDDNVXFFL,"{""P47491"": 7}"
VDDNVRFFL,"{""P47491"": 18}"
VDXQHNQVI,"{""P47458"": 489}"
VDXXXXXXX,"{""P47458"": 90, ""P47545"": 23}"
VDXNFFNGY,"{""P47320"": 7}"
VDXIINPFY,"{""P47545"": 91}"
VDXIINPFX,"{""P47545"": 2}"
VDXILFGSE,"{""P47593"": 30}"
VDXSGRSVI,"{""P47582"": 8}"
VDXSGXSVI,"{""P47582"": 2}"
VDXLXXXXX,"{""P47700"": 1}"
VDXLXDXNR,"{""P47700"": 1}"
VDXLXDXXX,"{""P47700"": 3}"
VDXMWLNAA,"{""P47573"": 5}"
VDSXXXXXX,"{""Q49398"": 99}"
VDSXTQLLF,"{""Q49398"": 23}"
VDSEAIFQL,"{""P47460"": 135}"
VDSTLILLE,"{""P47701"": 139}"
VDINLLXXX,"{""P47324"": 483}"
VDINLLXXN,"{""P47324"": 27}"
VDINLLXRN,"{""P47324"": 83}"
VDINLLKRN,"{""P47324"": 3}"
VDINLLKXN,"{""P47324"": 2}"
VDFLXTNNQ,"{""P47257"": 94}"
VDFLXXXXX,"{""P47257"": 21}"
VDFLETEPX,"{""Q49429"": 132}"
VDFLETEPK,"{""Q49429"": 7}"
VDFLKTNNQ,"{""P47257"": 3}"
VDFAXXXXX,"{""P47494"": 100}"
VDFAXXILI,"{""P47494"": 18}"
VDFAKKILI,"{""P47494"": 1}"
VDFAKXXXX,"{""P47494"": 3}"
VDFAKXILI,"{""P47494"": 2}"
VDFWVLQTL,"{""Q49414"": 117}"
VDFVLISQP,"{""P47277"": 29}"
VDEYXXXXX,"{""P47522"": 39}"
VDEYXXNLE,"{""P47522"": 67}"
VDEYXKNLE,"{""P47522"": 3}"
VDEYKXXXX,"{""P47522"": 1}"
VDEYKXNLE,"{""P47522"": 3}"
VDEPLSFEX,"{""P47278"": 130}"
VDELDDYNN,"{""Q49419"": 126}"
VDELDDXNN,"{""Q49419"": 7}"
VDEXXXNLE,"{""P47522"": 3}"
VDEXXXXXX,"{""P47522"": 2}"
VDKQHNQVI,"{""P47458"": 26}"
VDKIINPFY,"{""P47545"": 6}"
VDTLTTAVG,"{""P22747"": 130}"
VDRILFGSE,"{""P47593"": 111}"
VDRMWLNAA,"{""P47573"": 22}"
VDRTGAYFA,"{""P47293"": 3}"
VDRTGAXFA,"{""P47293"": 1}"
VDMIANGII,"{""P47632"": 129}"
VDPXXXXXX,"{""P47492"": 35}"
VDPXQXXXX,"{""P47492"": 99}"
VDPXQXXYW,"{""P47492"": 1}"
VDPXQXRYW,"{""P47492"": 4}"
VDPXQXRXW,"{""P47492"": 1}"
VDPTVAMTG,"{""P47481"": 43}"
VDPSRILAI,"{""P47486"": 19}"
VDPSXILAI,"{""P47486"": 7}"
VDPKQXXXX,"{""P47492"": 4}"
VDGEIDINA,"{""P47442"": 130}"
VDGNDLIAS,"{""P47516"": 6}"
VEGSWLIDP,"{""P47285"": 133}"
VELXELQQR,"{""P47534"": 18}"
VELXELQQX,"{""P47534"": 7}"
VELXXXXXX,"{""P47534"": 89, ""P47433"": 18}"
VELXQTLVE,"{""P47433"": 118}"
VELLXDXFN,"{""P47581"": 420}"
VELLXDXXX,"{""P47581"": 76}"
VELLXDKFN,"{""P47581"": 25}"
VELLXXXXX,"{""P47581"": 106}"
VELLDSXSX,"{""P47667"": 82}"
VELLDSXSK,"{""P47667"": 1}"
VELLDSXXX,"{""P47667"": 20}"
VELLDSKSX,"{""P47667"": 4}"
VELLKDXFN,"{""P47581"": 26}"
VELLKDXXX,"{""P47581"": 4}"
VELVFHTXM,"{""P47277"": 464}"
VELVFHTXX,"{""P47277"": 135}"
VELVFHTKM,"{""P47277"": 23}"
VELHQENGL,"{""P47692"": 143}"
VELKQTLVE,"{""P47433"": 5}"
VEXQXXXXX,"{""P47336"": 383}"
VEXQXEREL,"{""P47336"": 82}"
VEXQXEXEL,"{""P47336"": 19}"
VEXQKEREL,"{""P47336"": 1}"
VEXLILLAP,"{""Q49421"": 133}"
VEXLIXGLX,"{""P47583"": 24}"
VEXLIXXXX,"{""P47583"": 7}"
VEXXXXXXX,"{""P47512"": 92, ""P47573"": 540, ""Q49421"": 483, ""P47499"": 112, ""P47276"": 31, ""P47336"": 135, ""Q49329"": 22, ""P47412"": 22}"
VEXXAXEHF,"{""P47512"": 2}"
VEXXAXXXX,"{""P47512"": 1}"
VEXNTEITI,"{""P47412"": 96}"
VEXTDFATI,"{""Q49329"": 95}"
VEXEEXXXX,"{""P47648"": 4}"
VEXRAXXXX,"{""P47512"": 2}"
VEXRAXEHF,"{""P47512"": 20}"
VEXGELXXX,"{""P13927"": 3}"
VEXGELXVG,"{""P13927"": 35}"
VEXGELKVG,"{""P13927"": 1}"
VEXGSIVGI,"{""P47325"": 6}"
VEXFRFXRQ,"{""P47573"": 1}"
VEXFRFXXQ,"{""P47573"": 1}"
VEXFRFYRQ,"{""P47573"": 21}"
VEXFRFYXQ,"{""P47573"": 10}"
VEXFXFYRQ,"{""P47573"": 8}"
VEXMHPHVD,"{""P47276"": 97}"
VEQASGVTS,"{""Q49433"": 112}"
VEQLFEFSV,"{""P47300"": 110}"
VEQXXXXXX,"{""P47635"": 96}"
VEQXVYNRN,"{""P47635"": 17}"
VEQXVYNXN,"{""P47635"": 3}"
VEQXVXNRN,"{""P47635"": 1}"
VEQICQIDP,"{""P47319"": 114}"
VEQIXQIDP,"{""P47319"": 9}"
VEQKVYNRN,"{""P47635"": 1}"
VEEDVSGYX,"{""P47260"": 583}"
VEEDVSGYK,"{""P47260"": 31}"
VEEDVSGXX,"{""P47260"": 34}"
VEEDVSGXK,"{""P47260"": 1}"
VEESELIEN,"{""P47446"": 114}"
VEEANLAGI,"{""P47566"": 120}"
VEILXXXXX,"{""P47365"": 451}"
VEILXVLFR,"{""P47365"": 109}"
VEILXVLFX,"{""P47365"": 33}"
VEILKVLFX,"{""P47365"": 1}"
VEILKVLFR,"{""P47365"": 3}"
VEIENFXXX,"{""P47547"": 92}"
VEIENFXXW,"{""P47547"": 25}"
VEIENFKXW,"{""P47547"": 1}"
VEIENFKXX,"{""P47547"": 3}"
VEIEQLQTR,"{""P47250"": 16}"
VEIEQLQTX,"{""P47250"": 6}"
VEIAXLFFX,"{""P47532"": 508}"
VEIAXLFFK,"{""P47532"": 15}"
VEIAXXXXX,"{""P47532"": 100}"
VEIAKLFFX,"{""P47532"": 20}"
VEIAKLFFK,"{""P47532"": 3}"
VEIMLNXXX,"{""P47384"": 18}"
VEIMLNXQX,"{""P47384"": 105}"
VEIMLNXQK,"{""P47384"": 3}"
VEIMLNKQX,"{""P47384"": 5}"
VEIHDETTS,"{""P47451"": 126}"
VEIWLAXXX,"{""P47305"": 12}"
VEIWLAXPX,"{""P47305"": 90}"
VEIWLAXPK,"{""P47305"": 3}"
VEIWLAKPX,"{""P47305"": 2}"
VEIDNFTXX,"{""P47510"": 80}"
VEIDNFTXN,"{""P47510"": 17}"
VETNQVNPX,"{""P47397"": 117}"
VETNQVNPK,"{""P47397"": 4}"
VETQGTDGI,"{""P47308"": 119}"
VENTVEDTQ,"{""P47342"": 131}"
VENXYXXXX,"{""P47288"": 97}"
VENXYXXDP,"{""P47288"": 13}"
VENXYXKDP,"{""P47288"": 1}"
VENXYLAEE,"{""P47648"": 10}"
VENXYKXDP,"{""P47288"": 1}"
VENXYKXXX,"{""P47288"": 1}"
VENXXXXXX,"{""P47534"": 82, ""P47288"": 21}"
VENXIRSLI,"{""P47534"": 16}"
VENXIXSLI,"{""P47534"": 4}"
VENYYLAEE,"{""P47648"": 125}"
VENYXLAEE,"{""P47648"": 10}"
VENLFDQPF,"{""Q49429"": 133}"
VENVVITMS,"{""P47250"": 119}"
VENKYXXXX,"{""P47288"": 5}"
VENKXXXXX,"{""P47288"": 1}"
VENGIAVHT,"{""P47514"": 7}"
VEDDGRGIP,"{""P47249"": 96}"
VEDDGXGIP,"{""P47249"": 32}"
VEDIDTNXX,"{""P47387"": 18}"
VEDIDTNXE,"{""P47387"": 91}"
VEDIDTNKE,"{""P47387"": 4}"
VEDGXXXXX,"{""P47668"": 85}"
VEDGXTVGI,"{""P47668"": 20}"
VEVISWDQL,"{""P47270"": 136}"
VEVAFQYNX,"{""P47249"": 106}"
VEVAFQYNK,"{""P47249"": 1}"
VEVAFQXNX,"{""P47249"": 5}"
VEVYGXHIE,"{""Q49432"": 87}"
VEVYGXXXX,"{""Q49432"": 28}"
VEVYGKHIE,"{""Q49432"": 3}"
VEVSDDIVX,"{""P47617"": 112}"
VEVSDDIVK,"{""P47617"": 1}"
VEVNIGAPQ,"{""P47335"": 35}"
VEVXPXVEP,"{""P47405"": 76}"
VEVXPXXXX,"{""P47405"": 16}"
VEVXPKVEP,"{""P47405"": 2}"
VEVXXXXXX,"{""P47405"": 15}"
VEVXGXHIE,"{""Q49432"": 7}"
VEVXGXXXX,"{""Q49432"": 2}"
VEVERGSQS,"{""P20796"": 28}"
VEVEXGSQS,"{""P20796"": 10}"
VEVKPXVEP,"{""P47405"": 5}"
VESEKDTIL,"{""Q49460"": 3}"
VESEVEAPV,"{""Q49429"": 128}"
VESEXDTIL,"{""Q49460"": 88}"
VESEXXXXX,"{""Q49460"": 17}"
VESXPESXQ,"{""P47405"": 78}"
VESXPESXX,"{""P47405"": 16}"
VESXPESKQ,"{""P47405"": 3}"
VESXPLXQE,"{""P47405"": 80}"
VESXPLXXX,"{""P47405"": 11}"
VESXPLKQE,"{""P47405"": 4}"
VESXXXXXX,"{""P47405"": 40}"
VESMMEXLL,"{""P47460"": 88}"
VESMMEXXX,"{""P47460"": 22}"
VESMMEKLL,"{""P47460"": 3}"
VESIEGEAT,"{""P47513"": 127}"
VESHXQNIL,"{""P47568"": 95}"
VESHXXXXX,"{""P47568"": 23}"
VESHKQNIL,"{""P47568"": 4}"
VESVFYLXE,"{""P47271"": 9}"
VESVFYLRE,"{""P47271"": 27}"
VESVFXLRE,"{""P47271"": 1}"
VESKPESXQ,"{""P47405"": 4}"
VESKPESXX,"{""P47405"": 1}"
VESKPESKQ,"{""P47405"": 2}"
VESKPLXXX,"{""P47405"": 2}"
VESKPLXQE,"{""P47405"": 3}"
VEPFSXXLT,"{""P47437"": 65}"
VEPFSXXXX,"{""P47437"": 37}"
VEPFSXKLT,"{""P47437"": 2}"
VEPFSKXLT,"{""P47437"": 2}"
VEPFSKXXX,"{""P47437"": 1}"
VEPPQAVID,"{""P47325"": 104}"
VEPYDLTLT,"{""P47429"": 128}"
VEPNQLXXX,"{""P47433"": 31}"
VEPNQLXXQ,"{""P47433"": 91}"
VEPNQLXKQ,"{""P47433"": 2}"
VEPNQLKXX,"{""P47433"": 2}"
VEPNQLKXQ,"{""P47433"": 3}"
VEPXPLXQE,"{""P47405"": 80}"
VEPXPLXXX,"{""P47405"": 17}"
VEPXPLKQE,"{""P47405"": 2}"
VEPXXXXXX,"{""P47405"": 18}"
VEPXDLTLT,"{""P47429"": 8}"
VEPKPLXQE,"{""P47405"": 2}"
VEAINFDTX,"{""P47318"": 29}"
VEAINFDTR,"{""P47318"": 105}"
VEAXXSVSX,"{""P47405"": 84}"
VEAXXXXXX,"{""P47405"": 35}"
VEAXIETXT,"{""P47405"": 3}"
VEAXIETXX,"{""P47405"": 1}"
VEAXKSVSX,"{""P47405"": 4}"
VEAAVXXHV,"{""P47551"": 87}"
VEAAVXXXX,"{""P47551"": 41}"
VEAAVXKHV,"{""P47551"": 4}"
VEAAVKXHV,"{""P47551"": 5}"
VEARIETXT,"{""P47405"": 26}"
VEARIETXX,"{""P47405"": 3}"
VEAKXSVSX,"{""P47405"": 1}"
VEAKXXXXX,"{""P47405"": 2}"
VEYEEXXXX,"{""P47648"": 97}"
VEYEEXEIS,"{""P47648"": 1}"
VEYEEKEIS,"{""P47648"": 1}"
VEYDRNCLA,"{""P47591"": 21}"
VEYDXNCLA,"{""P47591"": 7}"
VEYDXNXLA,"{""P47591"": 1}"
VEKTDFATI,"{""Q49329"": 4}"
VEKQXXXXX,"{""P47336"": 18}"
VEKQXEREL,"{""P47336"": 3}"
VEKQKEREL,"{""P47336"": 2}"
VEKLILLAP,"{""Q49421"": 8}"
VEKRAXEHF,"{""P47512"": 2}"
VEKMHPHVD,"{""P47276"": 4}"
VEKNTEITI,"{""P47412"": 4}"
VEKFRFYRQ,"{""P47573"": 1}"
VERGSIVGI,"{""P47325"": 24}"
VERGELXVG,"{""P13927"": 94}"
VERGELXXX,"{""P13927"": 24}"
VERGELKVG,"{""P13927"": 6}"
VERLIXGLX,"{""P47583"": 98}"
VERLIXXXX,"{""P47583"": 21}"
VERLIKGLX,"{""P47583"": 7}"
VEFXIXKAF,"{""P47374"": 1}"
VEFXIXXAF,"{""P47374"": 4}"
VEFXIXXXX,"{""P47374"": 2}"
VEFRIXXAF,"{""P47374"": 13}"
VEFRIXXXX,"{""P47374"": 8}"
VEFRIKXXX,"{""P47374"": 1}"
VEFRIKXAF,"{""P47374"": 1}"
VEFADNSVL,"{""P22747"": 31}"
VAITXNANQ,"{""P47303"": 516}"
VAITXXXXX,"{""P47303"": 94}"
VAITKNANQ,"{""P47303"": 24}"
VAIASVLAL,"{""P47425"": 629}"
VAIARTLIT,"{""P47260"": 112}"
VAIARALIX,"{""Q9ZB70"": 116}"
VAIARALIK,"{""Q9ZB70"": 9}"
VAIARAIIX,"{""P47705"": 120}"
VAIARAIIK,"{""P47705"": 6}"
VAIARAIVX,"{""P47433"": 1}"
VAIARAIVR,"{""P47433"": 2}"
VAIAGILAI,"{""P47426"": 139}"
VAIAXAIIX,"{""P47705"": 31}"
VAIAXAIVR,"{""P47433"": 2}"
VAIAXALIX,"{""Q9ZB70"": 24}"
VAIAXTLIT,"{""P47260"": 29}"
VAIVGGIGY,"{""P47364"": 609}"
VAIVGGIGX,"{""P47364"": 27}"
VAISIAXTX,"{""P47703"": 468}"
VAISIAXTK,"{""P47703"": 20}"
VAISIAXXX,"{""P47703"": 115}"
VAISIAKTX,"{""P47703"": 30}"
VAISXXLGX,"{""P47404"": 26}"
VAISXXLGK,"{""P47404"": 1}"
VAISXXXXX,"{""P47404"": 104}"
VAISXCLGX,"{""P47404"": 462}"
VAISXCLGK,"{""P47404"": 15}"
VAISKCLGX,"{""P47404"": 23}"
VAISKXLGX,"{""P47404"": 2}"
VAIICQDNY,"{""P47622"": 126}"
VAIICQDNX,"{""P47622"": 10}"
VAIIXQDNY,"{""P47622"": 5}"
VAINGFGRI,"{""P47543"": 1}"
VANVDQIVL,"{""P47356"": 613}"
VANENLXXX,"{""P47312"": 90}"
VANENLXVX,"{""P47312"": 3}"
VANENLXVR,"{""P47312"": 27}"
VANENLKVR,"{""P47312"": 2}"
VANEIIDAF,"{""P47334"": 627}"
VANSXNLEN,"{""P47587"": 128}"
VANSXXXXX,"{""P47587"": 15}"
VANSKNLEN,"{""P47587"": 7}"
VANRAGITX,"{""Q49435"": 28}"
VANRAGITK,"{""Q49435"": 1}"
VANXAGITX,"{""Q49435"": 4}"
VADETLXMF,"{""P47372"": 95}"
VADETLXXX,"{""P47372"": 22}"
VADETLKMF,"{""P47372"": 3}"
VADYIAXYL,"{""P47599"": 495}"
VADYIAXXL,"{""P47599"": 28}"
VADYIAXXX,"{""P47599"": 72}"
VADYIAKYL,"{""P47599"": 23}"
VADYIAKXL,"{""P47599"": 1}"
VADYIIDLG,"{""P47660"": 128}"
VADIXXXXX,"{""P47585"": 115}"
VADXIIDLG,"{""P47660"": 5}"
VADXIAXYL,"{""P47599"": 21}"
VADXIAXXX,"{""P47599"": 5}"
VADXIAKYL,"{""P47599"": 2}"
VAYNAFVPI,"{""Q49402"": 120}"
VAYIHXDIX,"{""P47319"": 97}"
VAYIHXXXX,"{""P47319"": 25}"
VAYIHKDIX,"{""P47319"": 4}"
VAYCYLNDS,"{""Q49399"": 94}"
VAYCXLNDS,"{""Q49399"": 3}"
VAYDADGNG,"{""Q49413"": 142}"
VAYANIEAI,"{""P47458"": 103}"
VAYXYLNDS,"{""Q49399"": 3}"
VAXXXXXXX,"{""P35888"": 611, ""P47372"": 171, ""Q49431"": 31, ""P47312"": 97, ""P47415"": 30, ""P47422"": 19, ""P47546"": 21}"
VAXXFXLXX,"{""P47372"": 51}"
VAXXFXLXL,"{""P47372"": 252}"
VAXXFXLKL,"{""P47372"": 17}"
VAXXFXXXX,"{""P47372"": 66}"
VAXXFKLXL,"{""P47372"": 12}"
VAXXFKLXX,"{""P47372"": 1}"
VAXXDSATR,"{""P47312"": 11}"
VAXXDSATX,"{""P47312"": 1}"
VAXTVXEMG,"{""P47422"": 81}"
VAXTVXXXX,"{""P47422"": 21}"
VAXTVKEMG,"{""P47422"": 4}"
VAXLNLXXX,"{""P47415"": 84}"
VAXLNLXTV,"{""P47415"": 20}"
VAXLNSWGR,"{""P52271"": 8}"
VAXLNSWGX,"{""P52271"": 1}"
VAXLXXXXX,"{""P47411"": 3}"
VAXLKXXXX,"{""P47411"": 1}"
VAXLIAITP,"{""P47694"": 3}"
VAXQINXXX,"{""P47546"": 37}"
VAXQINXXT,"{""P47546"": 71}"
VAXQINXKT,"{""P47546"": 2}"
VAXQINKKT,"{""P47546"": 1}"
VAXQINKXT,"{""P47546"": 2}"
VAXQINKXX,"{""P47546"": 2}"
VAXNAFVPI,"{""Q49402"": 6}"
VAXIITLII,"{""Q49431"": 76}"
VAXIHXDIX,"{""P47319"": 4}"
VAXIHXXXX,"{""P47319"": 2}"
VAXKFXLXX,"{""P47372"": 2}"
VAXKFXLXL,"{""P47372"": 14}"
VAXKFXXXX,"{""P47372"": 4}"
VAXKDSATR,"{""P47312"": 1}"
VAXDADGNG,"{""Q49413"": 15}"
VAXANIEAI,"{""P47458"": 7}"
VAXFFGHDM,"{""P47271"": 8}"
VAXCYLNDS,"{""Q49399"": 6}"
VAQIXXXXX,"{""P47391"": 94}"
VAQIXTYLX,"{""P47391"": 449}"
VAQIXTYLK,"{""P47391"": 20}"
VAQIXTXLX,"{""P47391"": 33}"
VAQIXTXLK,"{""P47391"": 1}"
VAQIKTYLX,"{""P47391"": 21}"
VAQIKTXLX,"{""P47391"": 2}"
VAQERXELE,"{""P47460"": 18}"
VAQERXXXX,"{""P47460"": 2}"
VAQEXXELE,"{""P47460"": 4}"
VAQEXXXXX,"{""P47460"": 1}"
VASDFWTCX,"{""P47473"": 133}"
VASDFWTCK,"{""P47473"": 10}"
VASDFWTXK,"{""P47473"": 2}"
VASDFWTXX,"{""P47473"": 4}"
VASEGIIVL,"{""P47246"": 129}"
VASSTNITV,"{""P47514"": 128}"
VASFIVAQN,"{""P47337"": 40}"
VASFLXXQL,"{""P47508"": 75}"
VASFLXXXX,"{""P47508"": 44}"
VASFLXKQL,"{""P47508"": 3}"
VASFLKXQL,"{""P47508"": 4}"
VASFLKXXX,"{""P47508"": 1}"
VASLGFXTN,"{""P47599"": 73}"
VASLGFXXX,"{""P47599"": 30}"
VASLGFKTN,"{""P47599"": 4}"
VASLDSANP,"{""P47434"": 29}"
VALLEXNAF,"{""P47285"": 93}"
VALLEXXXX,"{""P47285"": 24}"
VALLEKNAF,"{""P47285"": 5}"
VALLRNXXX,"{""P47414"": 29}"
VALLXNXXX,"{""P47414"": 8}"
VALARSLVV,"{""P47288"": 138}"
VALAFNAPW,"{""P47310"": 658}"
VALAXSLVV,"{""P47288"": 32}"
VALIYCEEF,"{""P47592"": 37}"
VALIYXEEF,"{""P47592"": 2}"
VALIXCEEF,"{""P47592"": 4}"
VALGVQNIL,"{""P47639"": 26}"
VALGRIXDI,"{""P47260"": 91}"
VALGRIXXX,"{""P47260"": 25}"
VALGRIKDI,"{""P47260"": 6}"
VALGXIXDI,"{""P47260"": 23}"
VALGXIXXX,"{""P47260"": 6}"
VALGXIKDI,"{""P47260"": 2}"
VALXXXXXX,"{""P47551"": 127}"
VALXLAEXN,"{""P47551"": 3}"
VALXLAERN,"{""P47551"": 2}"
VALENSIXX,"{""P47698"": 21}"
VALENSIXV,"{""P47698"": 96}"
VALENSIKV,"{""P47698"": 2}"
VALEYHNLN,"{""P20796"": 97}"
VALEXHNLN,"{""P20796"": 10}"
VALTALTMA,"{""P47639"": 7}"
VARLXXXXX,"{""P47411"": 25}"
VARLKXXXX,"{""P47411"": 1}"
VARLNSWGX,"{""P52271"": 8}"
VARLNSWGR,"{""P52271"": 16}"
VARFFGHDM,"{""P47271"": 22}"
VAFXMEHIS,"{""P47365"": 116}"
VAFXXXXXX,"{""P47365"": 18}"
VAFKMEHIS,"{""P47365"": 5}"
VAWQAVXXT,"{""P47609"": 80}"
VAWQAVXXX,"{""P47609"": 33}"
VAWQAVXKT,"{""P47609"": 1}"
VAWQAVKXT,"{""P47609"": 6}"
VATPLLNDV,"{""P47571"": 131}"
VATYDLAPE,"{""P47669"": 106}"
VATDPFVGX,"{""P47335"": 2}"
VATDPFVGR,"{""P47335"": 3}"
VATXDLAPE,"{""P47669"": 5}"
VAGYEEIEA,"{""P47662"": 9}"
VAAFFTTLF,"{""P47332"": 25}"
VAAALMPGF,"{""P47471"": 26}"
VAVDLALAX,"{""P47574"": 128}"
VAVDLALAK,"{""P47574"": 4}"
VAVXXXXXX,"{""P47566"": 24}"
VAVXLXXXX,"{""P47566"": 89}"
VAVXLXXFI,"{""P47566"": 7}"
VAVXLXRFI,"{""P47566"": 22}"
VAVKLXXXX,"{""P47566"": 6}"
VAVKLXXFI,"{""P47566"": 1}"
VACLIAITP,"{""P47694"": 132}"
VACMIIANN,"{""P47298"": 2}"
VAPRFLXXX,"{""P47424"": 17}"
VAPXFLXXX,"{""P47424"": 3}"
VAEXTEVLT,"{""P47355"": 100}"
VAEXXXXXX,"{""P47355"": 22}"
VAEKTEVLT,"{""P47355"": 5}"
VAKXXXXXX,"{""P47312"": 12, ""P47372"": 7}"
VAKXFXLXL,"{""P47372"": 12}"
VAKXFXXXX,"{""P47372"": 3}"
VAKXFKLXL,"{""P47372"": 1}"
VAKXDSATR,"{""P47312"": 1}"
VAKIITLII,"{""Q49431"": 4}"
VAKLNLXXX,"{""P47415"": 4}"
VAKLNLXTV,"{""P47415"": 2}"
VAKTVXEMG,"{""P47422"": 6}"
VAKTVXXXX,"{""P47422"": 2}"
VAKQINXXT,"{""P47546"": 3}"
VAKQINXXX,"{""P47546"": 1}"
VAKKFKLXL,"{""P47372"": 1}"
VYEXXXXXX,"{""P47317"": 423}"
VYEXAFDSI,"{""P47317"": 113}"
VYEXLINCG,"{""P47428"": 5}"
VYEYLINCG,"{""P47428"": 110}"
VYEYLINXG,"{""P47428"": 7}"
VYEALDSVG,"{""P47326"": 133}"
VYEAXIAIX,"{""P47296"": 96}"
VYEAXIAIK,"{""P47296"": 1}"
VYEAXXXXX,"{""P47296"": 22}"
VYEAKIAIX,"{""P47296"": 5}"
VYEILXXXX,"{""P47371"": 13}"
VYEILXNTF,"{""P47371"": 91}"
VYEILKNTF,"{""P47371"": 3}"
VYEKAFDSI,"{""P47317"": 3}"
VYEMGXMFR,"{""P47382"": 24}"
VYEMGXMFX,"{""P47382"": 2}"
VYEMGXXXX,"{""P47382"": 88}"
VYEMGKMFX,"{""P47382"": 1}"
VYDCLSVQL,"{""P47639"": 580}"
VYDHTGAQL,"{""P47299"": 122}"
VYDLDNSYX,"{""P47535"": 95}"
VYDLDNSYK,"{""P47535"": 3}"
VYDLDNSXX,"{""P47535"": 12}"
VYDXLSVQL,"{""P47639"": 32}"
VYTGHGVDY,"{""P47458"": 549}"
VYTGHGVDX,"{""P47458"": 25}"
VYTGFMEAV,"{""P47510"": 614}"
VYQLLVXPL,"{""Q49430"": 480}"
VYQLLVXXX,"{""Q49430"": 126}"
VYQLLVKPL,"{""Q49430"": 14}"
VYQPXQKPS,"{""P47490"": 17}"
VYQPXQXPS,"{""P47490"": 392}"
VYQPXQXXX,"{""P47490"": 90}"
VYQPXXXXX,"{""P47490"": 78}"
VYQPKQXPS,"{""P47490"": 15}"
VYQPKQXXX,"{""P47490"": 4}"
VYQQXXXXX,"{""P47312"": 101}"
VYQQXGFNL,"{""P47312"": 24}"
VYQSTYFLS,"{""P47489"": 111}"
VYQSTXFLS,"{""P47489"": 6}"
VYVVQXXXX,"{""P47583"": 92}"
VYVVQXXXI,"{""P47583"": 4}"
VYVVQXRXI,"{""P47583"": 15}"
VYVVQXRXX,"{""P47583"": 2}"
VYVVQKRXI,"{""P47583"": 1}"
VYVFSEXXX,"{""P47543"": 87}"
VYVFSEXDP,"{""P47543"": 27}"
VYVFSEKDP,"{""P47543"": 1}"
VYNFFFNHA,"{""P47508"": 608}"
VYNGLPYNS,"{""P47310"": 586}"
VYNGLPXNS,"{""P47310"": 22}"
VYNEEFXLX,"{""P47340"": 444}"
VYNEEFXLK,"{""P47340"": 2}"
VYNEEFXXX,"{""P47340"": 135}"
VYNEEFKLX,"{""P47340"": 18}"
VYNQEVYVQ,"{""P47493"": 100}"
VYNQEVXVQ,"{""P47493"": 4}"
VYNRNFXXX,"{""P47635"": 20}"
VYNRNFXFN,"{""P47635"": 4}"
VYNXNFXXX,"{""P47635"": 5}"
VYFTSXEPA,"{""P47484"": 480}"
VYFTSXXXX,"{""P47484"": 97}"
VYFTSKEPA,"{""P47484"": 33}"
VYFDFETIS,"{""P47606"": 28}"
VYAGVLXXX,"{""P47335"": 116}"
VYAGVLXSG,"{""P47335"": 434}"
VYAGVLKSG,"{""P47335"": 23}"
VYAWYDNES,"{""P47543"": 16}"
VYAWXDNES,"{""P47543"": 3}"
VYXXXXXXX,"{""P47350"": 98, ""P47299"": 93}"
VYXGSGQSE,"{""P47540"": 35}"
VYXIGDRLE,"{""P47350"": 22}"
VYXIGDXLE,"{""P47350"": 2}"
VYXIQGIDI,"{""P47582"": 1}"
VYXNYFREL,"{""P47299"": 22}"
VYXNYFXEL,"{""P47299"": 2}"
VYXLVSMWL,"{""Q49402"": 5}"
VYXDEDSRX,"{""P47282"": 4}"
VYILDEAHM,"{""P47658"": 125}"
VYRLVSMWL,"{""Q49402"": 24}"
VYRIQGIDI,"{""P47582"": 22}"
VYRGSGQSE,"{""P47540"": 111}"
VYRDEDSRX,"{""P47282"": 16}"
VYRDEDSRK,"{""P47282"": 1}"
VYRDEDSXX,"{""P47282"": 6}"
VYGDFELAX,"{""Q49460"": 118}"
VYGDFELAK,"{""Q49460"": 5}"
VYGVXVSRF,"{""P47521"": 1}"
VYLYQSXXX,"{""P47656"": 23}"
VYLYQSXDX,"{""P47656"": 108}"
VYLYQSXDK,"{""P47656"": 6}"
VYLYQSKDX,"{""P47656"": 5}"
VYLATNLHV,"{""P47314"": 38}"
VYLXQSXDX,"{""P47656"": 6}"
VYKNXFREL,"{""P47299"": 1}"
VYKNYFXEL,"{""P47299"": 1}"
VTPQQXLAI,"{""P47317"": 506}"
VTPQQXXXX,"{""P47317"": 102}"
VTPQQKLAI,"{""P47317"": 23}"
VTPSGGSSX,"{""P20796"": 124}"
VTPSGGSSK,"{""P20796"": 5}"
VTAATLHNF,"{""P47496"": 122}"
VTAVGNESI,"{""P47278"": 30}"
VTAEXXGAV,"{""P47423"": 81}"
VTAEXXXXX,"{""P47423"": 35}"
VTAEXKGAV,"{""P47423"": 7}"
VTAEKXGAV,"{""P47423"": 5}"
VTAWGXVAS,"{""P47337"": 127}"
VTAWGXXXX,"{""P47337"": 456}"
VTAWGKVAS,"{""P47337"": 4}"
VTAQXXXXX,"{""P47320"": 22}"
VTAQXVVEX,"{""P47320"": 101}"
VTAQXVVEK,"{""P47320"": 2}"
VTAQKVVEX,"{""P47320"": 7}"
VTALDVVYN,"{""P47386"": 23}"
VTFLPLDDV,"{""P47540"": 128}"
VTFVGXXXX,"{""Q49424"": 98}"
VTFVGXXXI,"{""Q49424"": 3}"
VTFVGXRXI,"{""Q49424"": 20}"
VTFVGXRXX,"{""Q49424"": 4}"
VTFVGXRKI,"{""Q49424"": 1}"
VTVXNPELV,"{""P47315"": 479}"
VTVXXXXXX,"{""P47315"": 124}"
VTVFLQIPX,"{""P47558"": 119}"
VTVFLQIPK,"{""P47558"": 2}"
VTVEDASIA,"{""P47249"": 135}"
VTVHXXXXX,"{""P47408"": 49}"
VTVHXXEQV,"{""P47408"": 83}"
VTVHXKEQV,"{""P47408"": 6}"
VTVHKXXXX,"{""P47408"": 1}"
VTVGPXGQN,"{""P47632"": 25}"
VTVGPXXXX,"{""P47632"": 94}"
VTVGPKGQN,"{""P47632"": 2}"
VTVANXXXX,"{""P47275"": 111}"
VTVANXLIT,"{""P47275"": 24}"
VTVANKLIT,"{""P47275"": 1}"
VTVKNPELV,"{""P47315"": 26}"
VTXXXXXXX,"{""P47520"": 21, ""P47524"": 18, ""P47344"": 99, ""P47632"": 14, ""P47285"": 18, ""P47302"": 8, ""Q49400"": 19, ""P47694"": 2}"
VTXXDGSEF,"{""P47694"": 9}"
VTXXMLDLL,"{""P47302"": 21}"
VTXIEIDSD,"{""P47285"": 106}"
VTXITNESX,"{""P47520"": 93}"
VTXITNESK,"{""P47520"": 4}"
VTXIDTTNV,"{""P47344"": 22}"
VTXILVSTX,"{""P47665"": 2}"
VTXTXLXGN,"{""Q49400"": 70}"
VTXTXLXXX,"{""Q49400"": 10}"
VTXTXLKGN,"{""Q49400"": 10}"
VTXTXXXXX,"{""Q49400"": 12}"
VTXTALEXX,"{""P47632"": 21}"
VTXTALEXA,"{""P47632"": 58}"
VTXTALEKA,"{""P47632"": 2}"
VTXTKLXGN,"{""Q49400"": 3}"
VTXVSLGST,"{""P47524"": 89}"
VTXKMLDLL,"{""P47302"": 1}"
VTXKDGSEF,"{""P47694"": 2}"
VTXFNSXLX,"{""P47479"": 4}"
VTLELILVX,"{""P47344"": 572}"
VTLELILVK,"{""P47344"": 5}"
VTLRNXXXX,"{""P47409"": 9}"
VTLRNXXMW,"{""P47409"": 16}"
VTLPGYGYE,"{""P47278"": 38}"
VTLPGYGXE,"{""P47278"": 3}"
VTLPGXGYE,"{""P47278"": 1}"
VTLXNXXMW,"{""P47409"": 7}"
VTLXNXXXX,"{""P47409"": 1}"
VTYXDGSEF,"{""P47694"": 82}"
VTYXXXXXX,"{""P47694"": 35}"
VTYFNSXLX,"{""P47479"": 107}"
VTYFNSXLK,"{""P47479"": 2}"
VTYFNSXXX,"{""P47479"": 12}"
VTYFNSKLX,"{""P47479"": 4}"
VTYKDGSEF,"{""P47694"": 5}"
VTHEFDGDV,"{""P47278"": 41}"
VTHXPLEFN,"{""Q49408"": 98}"
VTHXXXXXX,"{""Q49408"": 21}"
VTHKPLEFN,"{""Q49408"": 6}"
VTTELPSPF,"{""P47514"": 130}"
VTTDFESXQ,"{""Q49413"": 101}"
VTTDFESXX,"{""Q49413"": 19}"
VTTDFESKQ,"{""Q49413"": 6}"
VTIFXEELE,"{""P47250"": 463}"
VTIFXXXXX,"{""P47250"": 113}"
VTIFKEELE,"{""P47250"": 30}"
VTITEAIXX,"{""P47609"": 134}"
VTITEAIXK,"{""P47609"": 3}"
VTITEAIKX,"{""P47609"": 4}"
VTGFEPNXX,"{""P47698"": 99}"
VTGFEPNXV,"{""P47698"": 6}"
VTGFDIVVP,"{""P47515"": 156}"
VTGIDFNSV,"{""P47382"": 141}"
VTGYADNAX,"{""P36255"": 94}"
VTGYADNAK,"{""P36255"": 3}"
VTGXADNAX,"{""P36255"": 6}"
VTDIVYVGI,"{""P47357"": 138}"
VTDIVVLVV,"{""P47388"": 136}"
VTDIVXVGI,"{""P47357"": 6}"
VTDRTGPVV,"{""P47250"": 124}"
VTDXTGPVV,"{""P47250"": 25}"
VTNYNHPIE,"{""P47639"": 100}"
VTNNNNLKQ,"{""P47412"": 5}"
VTNNNNLXQ,"{""P47412"": 106}"
VTNNNNLXX,"{""P47412"": 20}"
VTNXNHPIE,"{""P47639"": 9}"
VTMVAQRLY,"{""P47368"": 29}"
VTMVAQXLY,"{""P47368"": 5}"
VTEILXQVG,"{""P47514"": 127}"
VTEILXXXX,"{""P47514"": 17}"
VTEILKQVG,"{""P47514"": 8}"
VTEFVNQLX,"{""P47549"": 112}"
VTEFVNQLK,"{""P47549"": 9}"
VTEXSXXXX,"{""P47549"": 14}"
VTEXSXPNF,"{""P47549"": 93}"
VTEXSKPNF,"{""P47549"": 4}"
VTEXXXXXX,"{""P47549"": 18}"
VTEKSXPNF,"{""P47549"": 5}"
VTRXMLDLL,"{""P47302"": 77}"
VTRXXXXXX,"{""P47302"": 25}"
VTRKMLDLL,"{""P47302"": 5}"
VTRILVSTX,"{""P47665"": 21}"
VTRILVSTK,"{""P47665"": 1}"
VTSMLVNSE,"{""P47699"": 124}"
VTSQQIQTL,"{""P47625"": 147}"
VTSXFXHPL,"{""P47406"": 6}"
VTSXFXXXX,"{""P47406"": 2}"
VTSRFXHPL,"{""P47406"": 20}"
VTSRFXXXX,"{""P47406"": 6}"
VTSRFKHPL,"{""P47406"": 1}"
VTKTALEXA,"{""P47632"": 5}"
VTKTALEKA,"{""P47632"": 2}"
VTKTXLXXX,"{""Q49400"": 2}"
VTKTXLXGN,"{""Q49400"": 4}"
VTKTXXXXX,"{""Q49400"": 2}"
VTKIEIDSD,"{""P47285"": 4}"
VTKITNESX,"{""P47520"": 4}"
VTKVSLGST,"{""P47524"": 5}"
VLLNLFLTS,"{""P47317"": 626}"
VLLNNQTFY,"{""P47391"": 605}"
VLLNNQTFX,"{""P47391"": 35}"
VLLNXTXXX,"{""P47610"": 76}"
VLLNXTXPQ,"{""P47610"": 20}"
VLLNXTKPQ,"{""P47610"": 1}"
VLLNXXXXX,"{""P47610"": 18}"
VLLNFSDFV,"{""P47483"": 131}"
VLLNKTXXX,"{""P47610"": 3}"
VLLNKTXPQ,"{""P47610"": 3}"
VLLSCIPGA,"{""P47423"": 582}"
VLLSDGXDY,"{""P47315"": 104}"
VLLSDGXDX,"{""P47315"": 5}"
VLLSDGXXX,"{""P47315"": 21}"
VLLSDGKDY,"{""P47315"": 5}"
VLLSXIPGA,"{""P47423"": 37}"
VLLTNGXXX,"{""P47384"": 114}"
VLLTNGXEI,"{""P47384"": 20}"
VLLTNGKEI,"{""P47384"": 1}"
VLLVAGDTF,"{""P47539"": 165}"
VLLXXXXXX,"{""P47414"": 73, ""P47466"": 18, ""P47455"": 89}"
VLLXLNHPI,"{""P47455"": 507}"
VLLXANINQ,"{""P47466"": 113}"
VLLXPAPLG,"{""P47414"": 25}"
VLLGFDPNX,"{""P47278"": 580}"
VLLGFDPNK,"{""P47278"": 8}"
VLLAILDGX,"{""P47669"": 1}"
VLLAILDGY,"{""P47669"": 27}"
VLLKLNHPI,"{""P47455"": 30}"
VLLKPAPLG,"{""P47414"": 2}"
VLLKANINQ,"{""P47466"": 7}"
VLNDGXNQA,"{""P47372"": 101}"
VLNDGXXXX,"{""P47372"": 19}"
VLNDGKNQA,"{""P47372"": 6}"
VLNSXTTDX,"{""P47480"": 86}"
VLNSXTTDK,"{""P47480"": 5}"
VLNSXXXXX,"{""P47480"": 18}"
VLNSKTTDX,"{""P47480"": 7}"
VLNSTDEES,"{""P47491"": 31}"
VLNNIXXAE,"{""P47705"": 66}"
VLNNIXXXX,"{""P47705"": 39}"
VLNNIXKAE,"{""P47705"": 3}"
VLNNIKXAE,"{""P47705"": 9}"
VLNNIKXXX,"{""P47705"": 1}"
VLNYVLEHF,"{""P47386"": 115}"
VLNXXIGII,"{""P47283"": 71}"
VLNXXXXXX,"{""P47283"": 36}"
VLNXVLEHF,"{""P47386"": 5}"
VLNXKIGII,"{""P47283"": 5}"
VLNQVINXT,"{""P47477"": 92}"
VLNQVINXX,"{""P47477"": 22}"
VLNQVINKT,"{""P47477"": 5}"
VLNLVFTLT,"{""Q49396"": 126}"
VLNVSNTTN,"{""P47447"": 104}"
VLNVTSYNG,"{""P47308"": 111}"
VLNVTSXNG,"{""P47308"": 9}"
VLNVEXINN,"{""P47445"": 127}"
VLNVEXXXX,"{""P47445"": 28}"
VLNVEKINN,"{""P47445"": 1}"
VLNKXIGII,"{""P47283"": 4}"
VLIEXFSDA,"{""P47481"": 480}"
VLIEXXXXX,"{""P47481"": 115}"
VLIEKFSDA,"{""P47481"": 23}"
VLIVEXXXX,"{""Q49398"": 486}"
VLIVEXXDH,"{""Q49398"": 22}"
VLIVEXRDH,"{""Q49398"": 96}"
VLIVEKRDH,"{""Q49398"": 6}"
VLIVDHFTG,"{""P47318"": 6}"
VLIAISTRT,"{""P47486"": 107}"
VLIAISTXT,"{""P47486"": 24}"
VLIRSDXRA,"{""P47618"": 20}"
VLIRSDXXX,"{""P47618"": 112}"
VLIRSDXXA,"{""P47618"": 5}"
VLIRSDKXA,"{""P47618"": 1}"
VLIRSDKRA,"{""P47618"": 2}"
VLISXNNIL,"{""P47580"": 90}"
VLISXXXXX,"{""P47580"": 25}"
VLISKNNIL,"{""P47580"": 5}"
VLIQXXXXX,"{""P47637"": 14}"
VLIQXVXQM,"{""P47637"": 87}"
VLIQXVXXX,"{""P47637"": 14}"
VLIQXVKQM,"{""P47637"": 6}"
VLIQKVXQM,"{""P47637"": 4}"
VLIQKVXXX,"{""P47637"": 1}"
VLINSMTRE,"{""P47294"": 3}"
VLINRVQEL,"{""P47453"": 33}"
VLINXVQEL,"{""P47453"": 7}"
VLIXSDXXX,"{""P47618"": 19}"
VLIXSDXXA,"{""P47618"": 3}"
VLIXSDXRA,"{""P47618"": 5}"
VLIXSDKRA,"{""P47618"": 1}"
VLXXAXYTV,"{""P47495"": 313}"
VLXXAXXXX,"{""P47495"": 64}"
VLXXAXXTV,"{""P47495"": 15}"
VLXXAKYTV,"{""P47495"": 16}"
VLXXAKXTV,"{""P47495"": 1}"
VLXXXXXXX,"{""P47672"": 92, ""P47424"": 582, ""P47627"": 26, ""P47609"": 566, ""P47300"": 90, ""P47495"": 161, ""P47246"": 104, ""P47264"": 11, ""P47563"": 17, ""P47496"": 37, ""P55825"": 22, ""P47403"": 33, ""P47637"": 15, ""P47631"": 23, ""P47607"": 17, ""P47437"": 25, ""P47571"": 26, ""Q49435"": 25, ""P47698"": 14, ""P47317"": 3}"
VLXXNXDXP,"{""P47571"": 56}"
VLXXNXDXX,"{""P47571"": 9}"
VLXXNXDKP,"{""P47571"": 3}"
VLXXNXXXX,"{""P47571"": 9}"
VLXXFDQND,"{""P47317"": 4}"
VLXAGANGI,"{""P47403"": 97}"
VLXADXVKE,"{""P47563"": 3}"
VLXADXVXE,"{""P47563"": 53}"
VLXADXVXX,"{""P47563"": 15}"
VLXADXXXX,"{""P47563"": 19}"
VLXADKVXE,"{""P47563"": 5}"
VLXVNLEXX,"{""P47496"": 85}"
VLXVNLEXR,"{""P47496"": 15}"
VLXVNLEKR,"{""P47496"": 1}"
VLXVGVLGP,"{""P47627"": 99}"
VLXVGXXXX,"{""P47448"": 6}"
VLXVGXASN,"{""P47448"": 3}"
VLXQFQIXX,"{""P47637"": 21}"
VLXQFQIXF,"{""P47637"": 76}"
VLXQFQIKF,"{""P47637"": 4}"
VLXQSDLIX,"{""P47631"": 95}"
VLXQSDLIK,"{""P47631"": 3}"
VLXDNIXLA,"{""P47698"": 72}"
VLXDNIXXX,"{""P47698"": 20}"
VLXDNIKLA,"{""P47698"": 5}"
VLXLXNNXI,"{""P47607"": 77}"
VLXLXNNXX,"{""P47607"": 15}"
VLXLXNNKI,"{""P47607"": 5}"
VLXLXXXXX,"{""P47607"": 14}"
VLXLVDRMX,"{""P47460"": 5}"
VLXLVDXMX,"{""P47460"": 1}"
VLXLKNNXI,"{""P47607"": 4}"
VLXNIDPQL,"{""P55825"": 94}"
VLXELPXKI,"{""P47264"": 4}"
VLXELPXXI,"{""P47264"": 79}"
VLXELPXXX,"{""P47264"": 30}"
VLXELPKXI,"{""P47264"": 6}"
VLXELPKXX,"{""P47264"": 2}"
VLXESYQVG,"{""P47672"": 31}"
VLXESXQVG,"{""P47672"": 1}"
VLXEREVHE,"{""P47300"": 16}"
VLXEXEVHE,"{""P47300"": 5}"
VLXTNNNYK,"{""P47437"": 7}"
VLXTNNNYX,"{""P47437"": 83}"
VLXTNNNXX,"{""P47437"": 5}"
VLXTLTTLF,"{""Q49435"": 98}"
VLXPAIVAT,"{""P47609"": 31}"
VLXSWIVSL,"{""P47685"": 30}"
VLXFIRYEV,"{""P47246"": 19}"
VLXFIXYEV,"{""P47246"": 4}"
VLXKAXXXX,"{""P47495"": 2}"
VLXKAXXTV,"{""P47495"": 2}"
VLXKAXYTV,"{""P47495"": 16}"
VLXKNKDXP,"{""P47571"": 1}"
VLXKNXDXP,"{""P47571"": 2}"
VLXGAYIGG,"{""P47250"": 7}"
VLXWIFYQX,"{""P47495"": 21}"
VLXWIFXQX,"{""P47495"": 1}"
VLXISFRLQ,"{""P47527"": 6}"
VLVDGQIYT,"{""P47660"": 615}"
VLVDGQIXT,"{""P47660"": 27}"
VLVDNYNLD,"{""P47507"": 138}"
VLVDNFLNL,"{""P47345"": 587}"
VLVDNXNLD,"{""P47507"": 5}"
VLVDXFELX,"{""P47321"": 102}"
VLVDXFELK,"{""P47321"": 7}"
VLVDXXXXX,"{""P47321"": 23}"
VLVDKFELX,"{""P47321"": 4}"
VLVSNESGT,"{""P47571"": 146}"
VLVSGRLNG,"{""P47403"": 6}"
VLVSGXLNG,"{""P47403"": 1}"
VLVQALLLP,"{""Q49414"": 650}"
VLVINNNNF,"{""P47299"": 137}"
VLVIADTHG,"{""P47449"": 32}"
VLVIGGVXE,"{""P47481"": 78}"
VLVIGGVXX,"{""P47481"": 35}"
VLVIGGVKE,"{""P47481"": 5}"
VLVNIINAI,"{""Q49416"": 130}"
VLVMNEGXL,"{""P47425"": 95}"
VLVMNEGXX,"{""P47425"": 11}"
VLVMNEGKL,"{""P47425"": 4}"
VLVYDLGGG,"{""P47547"": 29}"
VLYGAYIGG,"{""P47250"": 116}"
VLYGAXIGG,"{""P47250"": 5}"
VLYGLRDIT,"{""P47297"": 17}"
VLYGLXDIT,"{""P47297"": 2}"
VLYSWIVSL,"{""P47685"": 631}"
VLYVGXXXX,"{""P47448"": 100}"
VLYVGXASN,"{""P47448"": 30}"
VLYVGKASN,"{""P47448"": 1}"
VLYXFDQND,"{""P47317"": 103}"
VLYXXXXXX,"{""P47317"": 19}"
VLYKFDQND,"{""P47317"": 3}"
VLFVSEXXX,"{""P47386"": 93}"
VLFVSEXVT,"{""P47386"": 25}"
VLFLFNALF,"{""P47551"": 625}"
VLFLGDVYG,"{""P47488"": 110}"
VLFLGDVXG,"{""P47488"": 7}"
VLFESENYX,"{""P47321"": 111}"
VLFESENXX,"{""P47321"": 7}"
VLFNPLNVY,"{""P47694"": 113}"
VLFNPLNVX,"{""P47694"": 7}"
VLFRDSNIL,"{""P47365"": 21}"
VLFXDSNIL,"{""P47365"": 10}"
VLDLLGDNY,"{""P47429"": 126}"
VLDLLGDNX,"{""P47429"": 3}"
VLDLXNYDN,"{""P47520"": 91}"
VLDLXNXDN,"{""P47520"": 8}"
VLDLXXXXX,"{""P47520"": 15}"
VLDLNVEXD,"{""P47261"": 102}"
VLDLNVEXX,"{""P47261"": 16}"
VLDLNVEKD,"{""P47261"": 3}"
VLDLKNYDN,"{""P47520"": 1}"
VLDXNDSTV,"{""P47315"": 102}"
VLDXKWDXX,"{""Q49419"": 1}"
VLDXKWDXN,"{""Q49419"": 3}"
VLDXKNTLX,"{""P47484"": 1}"
VLDXXXXXX,"{""P47484"": 88, ""P47315"": 22, ""Q49419"": 31}"
VLDXXWDXX,"{""Q49419"": 20}"
VLDXXWDXN,"{""Q49419"": 58}"
VLDXXWDKN,"{""Q49419"": 4}"
VLDXXNTLR,"{""P47484"": 16}"
VLDXXNTLX,"{""P47484"": 6}"
VLDQLLNXX,"{""P47394"": 89}"
VLDQLLNXW,"{""P47394"": 539}"
VLDQLLNKW,"{""P47394"": 17}"
VLDGAIAVL,"{""P47335"": 11}"
VLDKNDSTV,"{""P47315"": 5}"
VLDKXXXXX,"{""P47484"": 3}"
VLDKXWDXN,"{""Q49419"": 1}"
VLDKXWDXX,"{""Q49419"": 1}"
VLWLEXXXX,"{""P47505"": 562}"
VLWLEXQLX,"{""P47505"": 7}"
VLWLEXQLR,"{""P47505"": 17}"
VLWLEKQLR,"{""P47505"": 1}"
VLTTIDVFN,"{""Q49460"": 636}"
VLTPFXXXX,"{""P47342"": 502}"
VLTPFXXER,"{""P47342"": 71}"
VLTPFXXEX,"{""P47342"": 19}"
VLTPFXKER,"{""P47342"": 5}"
VLTPFXKEX,"{""P47342"": 1}"
VLTPFKXXX,"{""P47342"": 22}"
VLTPFKXER,"{""P47342"": 4}"
VLTPFKXEX,"{""P47342"": 1}"
VLTLIXQLR,"{""P47325"": 16}"
VLTLIXQLX,"{""P47325"": 2}"
VLTLIXXXX,"{""P47325"": 95}"
VLTLIKQLR,"{""P47325"": 1}"
VLTLAVEEM,"{""P47382"": 114}"
VLTQXHXLA,"{""Q49428"": 382}"
VLTQXHXXX,"{""Q49428"": 105}"
VLTQXHKLA,"{""Q49428"": 16}"
VLTQXXXXX,"{""Q49428"": 102}"
VLTQKHXLA,"{""Q49428"": 21}"
VLTQKHXXX,"{""Q49428"": 5}"
VLTQKHKLA,"{""Q49428"": 6}"
VLTELQXQI,"{""P47350"": 106}"
VLTELQXXX,"{""P47350"": 17}"
VLTELQKQI,"{""P47350"": 4}"
VLTYSRADH,"{""P47321"": 19}"
VLTYSXADH,"{""P47321"": 3}"
VLTIIDESF,"{""P47606"": 130}"
VLTXQNXAI,"{""P47408"": 59}"
VLTXQNXXX,"{""P47408"": 23}"
VLTXQNVXX,"{""P47312"": 80}"
VLTXQNVXV,"{""P47312"": 16}"
VLTXQNVKV,"{""P47312"": 4}"
VLTXQNKAI,"{""P47408"": 2}"
VLTXXXXXX,"{""P47312"": 26, ""P47408"": 18}"
VLTXSRADH,"{""P47321"": 2}"
VLTXSXADH,"{""P47321"": 1}"
VLTKQNXAI,"{""P47408"": 4}"
VLTKQNVXX,"{""P47312"": 9}"
VLTFNNVGD,"{""P47366"": 7}"
VLHSYVGAY,"{""P47482"": 123}"
VLHSYVGAX,"{""P47482"": 6}"
VLHSXVGAY,"{""P47482"": 2}"
VLSDGXXXX,"{""P47435"": 443}"
VLSDGXXLN,"{""P47435"": 6}"
VLSDGXYLN,"{""P47435"": 116}"
VLSDGKYLN,"{""P47435"": 3}"
VLSSNAYFG,"{""P47284"": 121}"
VLSSNAXFG,"{""P47284"": 9}"
VLSLIDSSI,"{""P47534"": 117}"
VLSLIXSDL,"{""P47618"": 97}"
VLSLIXXXX,"{""P47618"": 26}"
VLSLIKSDL,"{""P47618"": 4}"
VLSTMGIRE,"{""P47565"": 123}"
VLSTMGIXE,"{""P47565"": 33}"
VLSELAIXE,"{""P47440"": 112}"
VLSELAIXX,"{""P47440"": 26}"
VLSELAIKE,"{""P47440"": 1}"
VLSGLNNEF,"{""P47321"": 110}"
VLSRTARGV,"{""P47250"": 20}"
VLSRTAXGV,"{""P47250"": 6}"
VLSXFIDXY,"{""P47497"": 74}"
VLSXFIDXX,"{""P47497"": 17}"
VLSXFIDKY,"{""P47497"": 4}"
VLSXFIDKX,"{""P47497"": 1}"
VLSXXXXXX,"{""P47497"": 19}"
VLSXTAXGV,"{""P47250"": 1}"
VLSXTARGV,"{""P47250"": 7}"
VLSKFIDXY,"{""P47497"": 5}"
VLSKFIDXX,"{""P47497"": 1}"
VLKXAXYTV,"{""P47495"": 18}"
VLKXAXXTV,"{""P47495"": 2}"
VLKXNXDXX,"{""P47571"": 1}"
VLKXNXXXX,"{""P47571"": 1}"
VLKXXXXXX,"{""P47495"": 2}"
VLKTLTTLF,"{""Q49435"": 4}"
VLKTNNNYX,"{""P47437"": 4}"
VLKADXVXE,"{""P47563"": 7}"
VLKAGANGI,"{""P47403"": 2}"
VLKVNLEXX,"{""P47496"": 4}"
VLKVGVLGP,"{""P47627"": 6}"
VLKDNIXXX,"{""P47698"": 1}"
VLKDNIXLA,"{""P47698"": 4}"
VLKDNIKLA,"{""P47698"": 2}"
VLKQFQIXX,"{""P47637"": 1}"
VLKQFQIXF,"{""P47637"": 5}"
VLKQSDLIX,"{""P47631"": 4}"
VLKELPKXI,"{""P47264"": 1}"
VLKELPXXX,"{""P47264"": 3}"
VLKELPXXI,"{""P47264"": 5}"
VLKELPXKI,"{""P47264"": 1}"
VLKNIDPQL,"{""P55825"": 4}"
VLKLXNNXI,"{""P47607"": 2}"
VLKKAXXXX,"{""P47495"": 1}"
VLKKAXYTV,"{""P47495"": 1}"
VLKFIRYEV,"{""P47246"": 1}"
VLMLDEXIG,"{""P47474"": 98}"
VLMLDEXXX,"{""P47474"": 16}"
VLMLDEKIG,"{""P47474"": 6}"
VLMIFAXIA,"{""P47484"": 6}"
VLMIFAYIA,"{""P47484"": 160}"
VLMPILQTT,"{""P47523"": 33}"
VLRWIFYQX,"{""P47495"": 110}"
VLRWIFYQK,"{""P47495"": 8}"
VLRWIFXQX,"{""P47495"": 10}"
VLRLVDRMX,"{""P47460"": 14}"
VLRLVDXMX,"{""P47460"": 6}"
VLRLVDXMK,"{""P47460"": 1}"
VLRISFRLQ,"{""P47527"": 19}"
VLRISFXLQ,"{""P47527"": 6}"
VLGXXXXXX,"{""Q49433"": 129}"
VLGATYXXX,"{""P47407"": 100}"
VLGATYXXY,"{""P47407"": 3}"
VLGATYXRY,"{""P47407"": 18}"
VLGATYXRX,"{""P47407"": 3}"
VLGATYKRY,"{""P47407"": 1}"
VLGATXXRY,"{""P47407"": 1}"
VLGATXXXX,"{""P47407"": 3}"
VLGLSEYES,"{""P47613"": 98}"
VLGLSEXES,"{""P47613"": 6}"
VLETXXXXX,"{""Q49429"": 94}"
VLETXXDSF,"{""Q49429"": 18}"
VLETKXXXX,"{""Q49429"": 2}"
VLEGQVEIX,"{""P47355"": 31}"
VLEGQVEIR,"{""P47355"": 115}"
VLEGLEAVR,"{""P47249"": 26}"
VLEGLEAVX,"{""P47249"": 10}"
VLEQNNLXL,"{""P47478"": 8}"
VLEQNNLRL,"{""P47478"": 27}"
VLEMGNHDQ,"{""P47261"": 108}"
VLEHGXXXX,"{""P47641"": 90}"
VLEHGXXVM,"{""P47641"": 5}"
VLEHGXRVM,"{""P47641"": 24}"
VLEHGKRVM,"{""P47641"": 4}"
VLEYPNEWF,"{""P47310"": 100}"
VLEXPNEWF,"{""P47310"": 7}"
VLESRLDNI,"{""P47553"": 6}"
VLESXLDNI,"{""P47553"": 1}"
VLPXNPPXX,"{""P47253"": 6}"
VLPYNPPXX,"{""P47253"": 104}"
VLPVLMGIH,"{""P47587"": 131}"
VLADQXLQL,"{""P47250"": 101}"
VLADQXXXX,"{""P47250"": 21}"
VLADQKLQL,"{""P47250"": 7}"
VLALSNFLI,"{""P47277"": 34}"
VLARTYNFI,"{""Q49436"": 29}"
VLARTXNFI,"{""Q49436"": 2}"
VLARXXXXX,"{""P47356"": 21}"
VLAXTYNFI,"{""Q49436"": 7}"
VLAXXXXXX,"{""P47356"": 6}"
VLAMTEXPX,"{""P47691"": 103}"
VLAMTEXPK,"{""P47691"": 4}"
VLAMTEXXX,"{""P47691"": 18}"
VLAMTEKPX,"{""P47691"": 3}"
VLAMTEKPK,"{""P47691"": 1}"
VLAIIPLPG,"{""P47416"": 32}"
VLQFQNYCV,"{""P47457"": 135}"
VLQFQNYXV,"{""P47457"": 6}"
VLQFQNXCV,"{""P47457"": 3}"
VLQFQNXXV,"{""P47457"": 1}"
VLQLSAGGA,"{""P47651"": 31}"
VPFNKSINP,"{""P47355"": 31}"
VPFNKMQFS,"{""P47477"": 25}"
VPFNXXXXX,"{""P47477"": 94, ""P47355"": 144}"
VPFNXSINP,"{""P47355"": 463}"
VPFNXMQFS,"{""P47477"": 516}"
VPFLAXQLD,"{""P47507"": 99}"
VPFLAXXXX,"{""P47507"": 12}"
VPFLAKQLD,"{""P47507"": 5}"
VPFXVSXXX,"{""P47253"": 81}"
VPFXVSXND,"{""P47253"": 17}"
VPFXXXXXX,"{""P47253"": 21}"
VPFDPNQTI,"{""P47267"": 36}"
VPFVVCEVV,"{""P47687"": 104}"
VPFVVXEVV,"{""P47687"": 7}"
VPFKVSXXX,"{""P47253"": 3}"
VPFKVSXND,"{""P47253"": 2}"
VPLLXPGII,"{""Q49422"": 7}"
VPLLYPGII,"{""Q49422"": 120}"
VPLXXXXXX,"{""P47335"": 104}"
VPLXEMFGX,"{""P47335"": 1}"
VPLXEMFGY,"{""P47335"": 4}"
VPLXSAMRQ,"{""P47403"": 7}"
VPLXSAMXQ,"{""P47403"": 2}"
VPLTEAXXX,"{""P47500"": 566}"
VPLTEIFSN,"{""P47702"": 118}"
VPLASDLFX,"{""P47664"": 603}"
VPLASDLFK,"{""P47664"": 2}"
VPLGSGVEL,"{""P47702"": 144}"
VPLIXFAXF,"{""P47326"": 69}"
VPLIXFAXX,"{""P47326"": 25}"
VPLIXFAKF,"{""P47326"": 4}"
VPLIXXXXX,"{""P47326"": 16}"
VPLINYLSS,"{""Q57081"": 115}"
VPLINXLSS,"{""Q57081"": 8}"
VPLIKFAXF,"{""P47326"": 6}"
VPLRSAMRQ,"{""P47403"": 31}"
VPLRSAMXQ,"{""P47403"": 6}"
VPVTLHLDH,"{""P47269"": 130}"
VPVLTGSIV,"{""P47543"": 617}"
VPVEVVQSP,"{""P20796"": 122}"
VPSQIGYQY,"{""P47447"": 552}"
VPSQIGYQX,"{""P47447"": 37}"
VPSQIGXQY,"{""P47447"": 34}"
VPSQIGXQX,"{""P47447"": 1}"
VPQXXXXXX,"{""P47314"": 558}"
VPQXNNTRN,"{""P47314"": 33}"
VPQXNNTXN,"{""P47314"": 6}"
VPQKNNTRN,"{""P47314"": 2}"
VPDFNLXSQ,"{""P47653"": 512}"
VPDFNLXXX,"{""P47653"": 93}"
VPDFNLKSQ,"{""P47653"": 20}"
VPXXXXXXX,"{""Q49404"": 469, ""P47706"": 110, ""P47411"": 29}"
VPXNLGLLN,"{""Q49404"": 130}"
VPXAHFDPV,"{""P47411"": 87}"
VPXFSGSNN,"{""P47706"": 23}"
VPXVXSFQL,"{""Q49434"": 4}"
VPXVXXXXX,"{""Q49434"": 3}"
VPGEVTASD,"{""P47442"": 29}"
VPTELFXLV,"{""P47342"": 101}"
VPTELFXXX,"{""P47342"": 14}"
VPTELFKLV,"{""P47342"": 3}"
VPTTLYQVY,"{""P47516"": 127}"
VPTTLYQVX,"{""P47516"": 8}"
VPTTLXQVY,"{""P47516"": 7}"
VPNTLYVVL,"{""P47323"": 155}"
VPNTLXVVL,"{""P47323"": 13}"
VPNSEEHEL,"{""P47326"": 143}"
VPIGTTVXN,"{""P47624"": 126}"
VPIGTTVXX,"{""P47624"": 20}"
VPIGTTVKN,"{""P47624"": 1}"
VPEVLLSGD,"{""P47683"": 122}"
VPEILFINQ,"{""P47442"": 105}"
VPAXTLQVI,"{""P47637"": 111}"
VPAXXXXXX,"{""P47637"": 14}"
VPAKTLQVI,"{""P47637"": 7}"
VPYVXXXXX,"{""Q49434"": 79}"
VPYVXSFQL,"{""Q49434"": 24}"
VPKNLGLLN,"{""Q49404"": 8}"
VPKAHFDPV,"{""P47411"": 3}"
VPKFSGSNN,"{""P47706"": 1}"
VPPVFEQNN,"{""P47653"": 21}"
VCFETTGSI,"{""P47493"": 546}"
VCQVQNQXQ,"{""P47264"": 485}"
VCQVQNQXX,"{""P47264"": 100}"
VCQVQNQKQ,"{""P47264"": 24}"
VCXETVSYF,"{""P47385"": 461}"
VCXETVSXF,"{""P47385"": 22}"
VCXSNLVDI,"{""P47394"": 91}"
VCXXXXXXX,"{""P47385"": 97, ""P47618"": 27, ""P47394"": 22}"
VCXINDDXX,"{""P47618"": 84}"
VCXINDDXN,"{""P47618"": 7}"
VCXINDDKN,"{""P47618"": 1}"
VCXDIIENS,"{""P47566"": 6}"
VCSCGMYGE,"{""P47603"": 133}"
VCSCGMXGE,"{""P47603"": 5}"
VCSXGMYGE,"{""P47603"": 8}"
VCVMATHGL,"{""P47304"": 109}"
VCKETVSYF,"{""P47385"": 19}"
VCKETVSXF,"{""P47385"": 2}"
VCKSNLVDI,"{""P47394"": 4}"
VCKINDDXX,"{""P47618"": 2}"
VCKINDDXN,"{""P47618"": 1}"
VCGXRXLXV,"{""P47296"": 14}"
VCGXRXLXX,"{""P47296"": 2}"
VCGXRXXXX,"{""P47296"": 5}"
VCGXRKLXV,"{""P47296"": 1}"
VCGXXXLXV,"{""P47296"": 6}"
VCGXXXXXX,"{""P47296"": 87}"
VCGXXKLXV,"{""P47296"": 2}"
VCGKXXLXV,"{""P47296"": 1}"
VCGKXXXXX,"{""P47296"": 1}"
VCRDIIENS,"{""P47566"": 24}"
VFQNXFQLI,"{""P47496"": 521}"
VFQNXXXXX,"{""P47496"": 94}"
VFQNKFQLI,"{""P47496"": 20}"
VFQXLXXQN,"{""P47587"": 67}"
VFQXLXXXX,"{""P47587"": 27}"
VFQXLXKQN,"{""P47587"": 2}"
VFQXLKXQN,"{""P47587"": 3}"
VFQXXXXXX,"{""P47587"": 24}"
VFQTXXXXX,"{""Q9ZB73"": 462}"
VFQTXNQGI,"{""Q9ZB73"": 98}"
VFQTKNQGI,"{""Q9ZB73"": 5}"
VFQAIRIYL,"{""P47464"": 10}"
VFQAIXIYL,"{""P47464"": 3}"
VFEXXXXXX,"{""P47470"": 68, ""P47373"": 3}"
VFEXXLIEP,"{""P47373"": 8}"
VFEXXTIFL,"{""P47470"": 4}"
VFEXRTIFL,"{""P47470"": 17}"
VFELYNXXX,"{""P47624"": 71}"
VFELYNXTI,"{""P47624"": 513}"
VFELYNKTI,"{""P47624"": 21}"
VFELXNXTI,"{""P47624"": 18}"
VFELXNXXX,"{""P47624"": 6}"
VFELXNKTI,"{""P47624"": 1}"
VFENMTFDV,"{""P47318"": 114}"
VFEQGXXXX,"{""P47318"": 82}"
VFEQGXEYI,"{""P47318"": 24}"
VFEQGXEXI,"{""P47318"": 1}"
VFEQGKEYI,"{""P47318"": 1}"
VFERXLIEP,"{""P47373"": 14}"
VFERXXXXX,"{""P47373"": 4}"
VFEPNSPSN,"{""P47345"": 5}"
VFEKXTIFL,"{""P47470"": 1}"
VFXXXXXXX,"{""P47572"": 126, ""P47408"": 604, ""P47261"": 92, ""P47264"": 17, ""Q9ZB81"": 102, ""P47447"": 113, ""P47397"": 98, ""P47299"": 21, ""P47445"": 47, ""P47619"": 30, ""P47610"": 22, ""P47612"": 5}"
VFXXAQFDS,"{""P47445"": 71}"
VFXXAASMF,"{""P47612"": 24}"
VFXXLHNLN,"{""Q9ZB81"": 24}"
VFXVLDLNV,"{""P47261"": 547}"
VFXVQINLX,"{""P47264"": 108}"
VFXGKXMSG,"{""P47397"": 15}"
VFXGKXXXX,"{""P47397"": 4}"
VFXGXXMSG,"{""P47397"": 348}"
VFXGXXXXX,"{""P47397"": 152}"
VFXGXKMSG,"{""P47397"": 16}"
VFXTSANIS,"{""Q49404"": 32}"
VFXTSXDNV,"{""P47387"": 5}"
VFXFSQXXX,"{""P47619"": 84}"
VFXFSQXPX,"{""P47619"": 3}"
VFXFSQXPR,"{""P47619"": 11}"
VFXNNHLTX,"{""P47610"": 92}"
VFXNNHLTK,"{""P47610"": 2}"
VFXNGELIS,"{""P47317"": 30}"
VFXSPYIVS,"{""P47299"": 107}"
VFXSPXIVS,"{""P47299"": 2}"
VFXKLHNLN,"{""Q9ZB81"": 1}"
VFXKAQFDS,"{""P47445"": 3}"
VFXKAASMF,"{""P47612"": 1}"
VFXDNEWDN,"{""P47520"": 2}"
VFLXMVEXX,"{""P47664"": 81}"
VFLXMVEXI,"{""P47664"": 13}"
VFLXXXXXX,"{""P47664"": 29}"
VFLFGXLSF,"{""P47337"": 118}"
VFLFGXXXX,"{""P47337"": 458}"
VFLFGKLSF,"{""P47337"": 3}"
VFLFAITIS,"{""P47277"": 26}"
VFLNQLIXN,"{""P47433"": 104}"
VFLNQLIXX,"{""P47433"": 18}"
VFLNQLIKN,"{""P47433"": 3}"
VFLPMIQSF,"{""P47537"": 128}"
VFLSVDNLX,"{""P47653"": 122}"
VFLSVDNLK,"{""P47653"": 6}"
VFLKMVEXX,"{""P47664"": 4}"
VFIVHDVID,"{""P47386"": 583}"
VFISTLLXQ,"{""P47558"": 506}"
VFISTLLXX,"{""P47558"": 111}"
VFISTLLKQ,"{""P47558"": 24}"
VFIQEXYKL,"{""P47362"": 2}"
VFIQEXYXL,"{""P47362"": 76}"
VFIQEXYXX,"{""P47362"": 18}"
VFIQEXXXX,"{""P47362"": 14}"
VFIQEXXXL,"{""P47362"": 5}"
VFIQEKYXL,"{""P47362"": 3}"
VFIQEKYXX,"{""P47362"": 1}"
VFIQEKYKL,"{""P47362"": 1}"
VFIFIFLTI,"{""P47702"": 129}"
VFIXNLFND,"{""Q49409"": 114}"
VFIXXXXXX,"{""Q49409"": 22}"
VFIDLPDQY,"{""P47384"": 13}"
VFIKNLFND,"{""Q49409"": 4}"
VFYDNEWDN,"{""P47520"": 108}"
VFYXAASMF,"{""P47612"": 489}"
VFYXXXXXX,"{""P47612"": 82}"
VFYTSXDNV,"{""P47387"": 91}"
VFYTSXXXX,"{""P47387"": 28}"
VFYTSKDNV,"{""P47387"": 3}"
VFYKAASMF,"{""P47612"": 19}"
VFYPSRLNL,"{""P47364"": 6}"
VFYPSXLNL,"{""P47364"": 1}"
VFFLLLINX,"{""Q9ZB77"": 624}"
VFFLLLINK,"{""Q9ZB77"": 26}"
VFFYFXXQL,"{""P47277"": 68}"
VFFYFXXXX,"{""P47277"": 40}"
VFFYFXKQL,"{""P47277"": 1}"
VFFYFKXQL,"{""P47277"": 3}"
VFFYFKKQL,"{""P47277"": 1}"
VFFETVIDV,"{""P47357"": 152}"
VFFXNGXIX,"{""P47305"": 12}"
VFFXNGXIK,"{""P47305"": 1}"
VFFXNGXXX,"{""P47305"": 1}"
VFFXNGKIX,"{""P47305"": 1}"
VFFXFXXXX,"{""P47277"": 4}"
VFFXFXXQL,"{""P47277"": 4}"
VFFXFXKQL,"{""P47277"": 1}"
VFFXFKXQL,"{""P47277"": 1}"
VFFRNGXIX,"{""P47305"": 23}"
VFFRNGXIK,"{""P47305"": 2}"
VFFRNGXXX,"{""P47305"": 1}"
VFFRNGKIK,"{""P47305"": 1}"
VFWNNQIIT,"{""P47356"": 121}"
VFWWVIILA,"{""P47695"": 29}"
VFDGCLXVN,"{""P47384"": 449}"
VFDGCLXXX,"{""P47384"": 132}"
VFDGCLKVN,"{""P47384"": 16}"
VFDGXLXXX,"{""P47384"": 8}"
VFDGXLXVN,"{""P47384"": 22}"
VFDGXLKVN,"{""P47384"": 3}"
VFDFVSYNE,"{""P47264"": 130}"
VFDFVSXNE,"{""P47264"": 8}"
VFDDFYQLV,"{""P47438"": 120}"
VFDDFXQLV,"{""P47438"": 3}"
VFGLXXXXX,"{""P47489"": 150}"
VFGLXIGFL,"{""P47489"": 488}"
VFGLKIGFL,"{""P47489"": 21}"
VFGNFWESL,"{""Q49426"": 129}"
VFSNPLWLE,"{""P47386"": 637}"
VFSFSVYQS,"{""P47618"": 602}"
VFSFSVXQS,"{""P47618"": 41}"
VFSFSQAVE,"{""P47568"": 127}"
VFSFFXPID,"{""P47343"": 522}"
VFSFFXXXX,"{""P47343"": 70}"
VFSFFKPID,"{""P47343"": 21}"
VFSLYVXGY,"{""P47667"": 75}"
VFSLYVXGX,"{""P47667"": 4}"
VFSLYVXXX,"{""P47667"": 14}"
VFSLYVKGY,"{""P47667"": 7}"
VFSLYVKGX,"{""P47667"": 1}"
VFSLXVXGY,"{""P47667"": 4}"
VFSLXVXXX,"{""P47667"": 2}"
VFSELEYEF,"{""P47386"": 27}"
VFSELEXEF,"{""P47386"": 1}"
VFTFGPTFR,"{""P47359"": 25}"
VFTFGPTFX,"{""P47359"": 4}"
VFTNTAIVY,"{""P47277"": 558}"
VFTNTAIVX,"{""P47277"": 21}"
VFTDXXXXX,"{""P47681"": 76}"
VFTDXLEEV,"{""P47681"": 23}"
VFTDKLEEV,"{""P47681"": 1}"
VFTTILQSX,"{""P47703"": 96}"
VFTTILQSK,"{""P47703"": 1}"
VFATEFIPI,"{""P47277"": 145}"
VFAXVTPQQ,"{""P47317"": 36}"
VFARVTPQQ,"{""P47317"": 111}"
VFAFTHELD,"{""P47507"": 126}"
VFAGFAALP,"{""P22747"": 33}"
VFRNGELIS,"{""P47317"": 105}"
VFCTSANIS,"{""Q49404"": 613}"
VFNEFSXXX,"{""P47539"": 21}"
VFNEFSXLT,"{""P47539"": 100}"
VFNEFSKLT,"{""P47539"": 4}"
VFHLFNFAD,"{""P47267"": 25}"
VFHSTXXXX,"{""P47473"": 84}"
VFHSTXERL,"{""P47473"": 26}"
VFHSTXEXL,"{""P47473"": 4}"
VFKVLDLNV,"{""P47261"": 29}"
VFKVQINLX,"{""P47264"": 3}"
VFKNNHLTX,"{""P47610"": 6}"
VFKGXXMSG,"{""P47397"": 14}"
VFKGXXXXX,"{""P47397"": 9}"
VFKGKXMSG,"{""P47397"": 2}"
VFKXXXXXX,"{""P47408"": 22, ""P47447"": 5, ""P47445"": 2, ""Q9ZB81"": 2}"
VFKXAQFDS,"{""P47445"": 7}"
VFKXTISYA,"{""P47447"": 1}"
VFKFSQXXX,"{""P47619"": 1}"
VFKSPYIVS,"{""P47299"": 4}"
VFKSPXIVS,"{""P47299"": 1}"
VFPSSFRPG,"{""P47366"": 22}"
VFPSSFXPG,"{""P47366"": 9}"
VVQGANYFT,"{""P47599"": 574}"
VVQGANXFT,"{""P47599"": 33}"
VVQXNPXIN,"{""P47355"": 72}"
VVQXNPXXX,"{""P47355"": 18}"
VVQXNPKIN,"{""P47355"": 4}"
VVQXXXXXX,"{""P47355"": 20}"
VVQKNPXIN,"{""P47355"": 7}"
VVXLWNNVX,"{""P47582"": 492}"
VVXLWNNVK,"{""P47582"": 14}"
VVXLIMNGQ,"{""P47451"": 93}"
VVXIAERNV,"{""P47385"": 17}"
VVXIAEXNV,"{""P47385"": 7}"
VVXXXXXXX,"{""P47385"": 78, ""P47651"": 114, ""P47324"": 567, ""P47582"": 93, ""P47464"": 23, ""P47451"": 20, ""P47299"": 19, ""P47642"": 4}"
VVXXDALQM,"{""P47673"": 1}"
VVXTGLSLI,"{""P47669"": 39}"
VVXVQDXII,"{""P47508"": 4}"
VVXVQDRII,"{""P47508"": 4}"
VVXVHLDXQ,"{""P47299"": 74}"
VVXVHLDXX,"{""P47299"": 15}"
VVXVHLDKQ,"{""P47299"": 2}"
VVXVSXSGY,"{""P47443"": 5}"
VVXVIEXHG,"{""P47474"": 5}"
VVXECATGF,"{""P47464"": 84}"
VVXEXATGF,"{""P47464"": 5}"
VVXELETND,"{""P47510"": 5}"
VVXANXXXX,"{""P47368"": 5}"
VVXRDALQM,"{""P47673"": 6}"
VVXNVFNFV,"{""P47651"": 4}"
VVMYANHVT,"{""P47319"": 624}"
VVMNVLMLA,"{""P47473"": 643}"
VVMLTXTIV,"{""P47455"": 96}"
VVMLTXXXX,"{""P47455"": 15}"
VVMLTKTIV,"{""P47455"": 3}"
VVMXANHVT,"{""P47319"": 26}"
VVENLLXLA,"{""P47542"": 111}"
VVENLLXXX,"{""P47542"": 21}"
VVENLLKLA,"{""P47542"": 3}"
VVENPXDSD,"{""P47538"": 96}"
VVENPXXXX,"{""P47538"": 32}"
VVENXXXXX,"{""P47494"": 96}"
VVENXXCST,"{""P47494"": 21}"
VVENKXXXX,"{""P47494"": 2}"
VVENKXCST,"{""P47494"": 3}"
VVEXEQLLT,"{""P47320"": 105}"
VVEXXXXXX,"{""P47320"": 23}"
VVEKEQLLT,"{""P47320"": 4}"
VVSXGTETH,"{""P47634"": 523}"
VVSXGIDWQ,"{""P47564"": 8}"
VVSXXXXXX,"{""P47634"": 106}"
VVSXXAXXX,"{""P47543"": 2}"
VVSXCAXXX,"{""P47543"": 35}"
VVSAPAFFD,"{""P47700"": 608}"
VVSYCAXXX,"{""P47543"": 500}"
VVSYGIDWQ,"{""P47564"": 132}"
VVSYXAXXX,"{""P47543"": 27}"
VVSLGAVFR,"{""P47436"": 108}"
VVSLGAVFX,"{""P47436"": 36}"
VVSNDVPLN,"{""P47597"": 151}"
VVSKGTETH,"{""P47634"": 30}"
VVSIQPHPH,"{""P47437"": 135}"
VVNFXNTLI,"{""P47597"": 525}"
VVNFXXXXX,"{""P47597"": 96}"
VVNFKNTLI,"{""P47597"": 26}"
VVNFQYSWX,"{""P47677"": 116}"
VVNFQYSWK,"{""P47677"": 7}"
VVNFQXSWX,"{""P47677"": 9}"
VVNVXEYLP,"{""P47512"": 460}"
VVNVXEXLP,"{""P47512"": 37}"
VVNVXXXXX,"{""P47512"": 89}"
VVNVKEYLP,"{""P47512"": 21}"
VVNVKEXLP,"{""P47512"": 1}"
VVNNYFNWS,"{""P47293"": 602}"
VVNNXFNWS,"{""P47293"": 31}"
VVNXVNXXX,"{""P47248"": 87}"
VVNXVNXRL,"{""P47248"": 8}"
VVNXXXXXX,"{""P47248"": 25}"
VVNKVNXXX,"{""P47248"": 7}"
VVVFETXTN,"{""P47246"": 489}"
VVVFETXXX,"{""P47246"": 140}"
VVVFETKTN,"{""P47246"": 20}"
VVVLASQGA,"{""P47575"": 143}"
VVVITDEXX,"{""P47357"": 564}"
VVVITDEXK,"{""P47357"": 21}"
VVVITDEKX,"{""P47357"": 27}"
VVVITGXNX,"{""P47408"": 92}"
VVVITGXNK,"{""P47408"": 7}"
VVVITGXXX,"{""P47408"": 23}"
VVVITGKNX,"{""P47408"": 8}"
VVVVLAELI,"{""P47465"": 115}"
VVFTNETPN,"{""P47551"": 609}"
VVFHNSYFE,"{""P47520"": 111}"
VVFHNSXFE,"{""P47520"": 7}"
VVFSGLNGT,"{""P47299"": 30}"
VVFSLLPLL,"{""P47358"": 25}"
VVGINNSAH,"{""P47310"": 646}"
VVGINTGHI,"{""P47374"": 141}"
VVGSFDVXT,"{""P47365"": 114}"
VVGSFDVXX,"{""P47365"": 21}"
VVGSFDVKT,"{""P47365"": 4}"
VVGVSTDAF,"{""Q49460"": 123}"
VVGRGHGSG,"{""P47415"": 20}"
VVGXGHGSG,"{""P47415"": 4}"
VVTNLDFEI,"{""P47362"": 564}"
VVTVNDXII,"{""Q49402"": 118}"
VVTVNDXXX,"{""Q49402"": 16}"
VVTVNDKII,"{""Q49402"": 2}"
VVYTGLSLI,"{""P47669"": 552}"
VVYVQDRII,"{""P47508"": 104}"
VVYVQDXII,"{""P47508"": 33}"
VVYXXXXXX,"{""P47642"": 119}"
VVYXTEIDX,"{""P47642"": 2}"
VVYXTEIDR,"{""P47642"": 4}"
VVAPLLTGQ,"{""P47698"": 592}"
VVAGEYSQL,"{""P47698"": 108}"
VVAGEXSQL,"{""P47698"": 8}"
VVATPIGNI,"{""P47302"": 35}"
VVANXSLEE,"{""Q49405"": 1}"
VVANYSLEE,"{""Q49405"": 3}"
VVIPFSXXX,"{""P47289"": 116}"
VVIPFSXTA,"{""P47289"": 1}"
VVIAANWLG,"{""P47360"": 122}"
VVIRYNFEH,"{""P47376"": 16}"
VVIXYNFEH,"{""P47376"": 5}"
VVDGEVCGX,"{""P47541"": 121}"
VVDGEVCGK,"{""P47541"": 3}"
VVDGEVXGX,"{""P47541"": 5}"
VVDLLHNXL,"{""P47694"": 101}"
VVDLLHNXX,"{""P47694"": 20}"
VVDLLHNKL,"{""P47694"": 6}"
VVDSVVXXX,"{""P36263"": 26}"
VVDSVVXEX,"{""P36263"": 98}"
VVDSVVXEK,"{""P36263"": 6}"
VVDSVVKEX,"{""P36263"": 6}"
VVDHFCFNS,"{""P47317"": 25}"
VVDHFXFNS,"{""P47317"": 1}"
VVLATXXXX,"{""P47541"": 22}"
VVLATXLFL,"{""P47541"": 113}"
VVLATKLFL,"{""P47541"": 2}"
VVLIVIXXX,"{""P47413"": 103}"
VVLIVIXSL,"{""P47413"": 528}"
VVLIVIKSL,"{""P47413"": 28}"
VVLXXXXXX,"{""P47253"": 39}"
VVLXXASXV,"{""P47253"": 74}"
VVLXXASXX,"{""P47253"": 9}"
VVLXXASKV,"{""P47253"": 1}"
VVLXKASXX,"{""P47253"": 3}"
VVLHLFGDG,"{""P47669"": 29}"
VVLHXEVXX,"{""P47567"": 90}"
VVLHXXXXX,"{""P47567"": 24}"
VVLHKEVXX,"{""P47567"": 7}"
VVLTDIHSD,"{""P47304"": 41}"
VVLMPGDPL,"{""P47295"": 25}"
VVLKXASXV,"{""P47253"": 4}"
VVLKXASXX,"{""P47253"": 1}"
VVLKXXXXX,"{""P47253"": 1}"
VVHVLXLQE,"{""P47261"": 108}"
VVHVLXXXX,"{""P47261"": 18}"
VVHVLKLQE,"{""P47261"": 8}"
VVKECATGF,"{""P47464"": 3}"
VVKLIMNGQ,"{""P47451"": 3}"
VVKLWNNVX,"{""P47582"": 34}"
VVKLWNNVK,"{""P47582"": 1}"
VVKVHLDXX,"{""P47299"": 2}"
VVKVHLDXQ,"{""P47299"": 3}"
VVPSILLFR,"{""P47533"": 121}"
VVPSILLFX,"{""P47533"": 32}"
VVPRSAALL,"{""Q57081"": 17}"
VVPIEDMPH,"{""P47583"": 33}"
VVPXSAALL,"{""Q57081"": 7}"
VVRXDALQM,"{""P47673"": 4}"
VVRRDALQM,"{""P47673"": 20}"
VVRVSXXXX,"{""P47443"": 3}"
VVRVSXSGY,"{""P47443"": 21}"
VVRVSXSGX,"{""P47443"": 1}"
VVCVIEKHG,"{""P47474"": 4}"
VVCVIEXHG,"{""P47474"": 93}"
VVCVIEXXX,"{""P47474"": 25}"
VVCANXSIP,"{""P47368"": 27}"
VVCANXXXX,"{""P47368"": 85}"
VVCANKSIP,"{""P47368"": 1}"
VVCELETND,"{""P47510"": 105}"
VNLLSNIAD,"{""P22746"": 584}"
VNLLVLDIN,"{""P47619"": 118}"
VNLXTLXXQ,"{""P47326"": 60}"
VNLXTLXXX,"{""P47326"": 33}"
VNLXTLKXQ,"{""P47326"": 2}"
VNLXTLKXX,"{""P47326"": 1}"
VNLXXXXXX,"{""P47326"": 18}"
VNLPEXXXX,"{""P47445"": 25}"
VNLPEXNIA,"{""P47445"": 103}"
VNLPEKNIA,"{""P47445"": 1}"
VNLEWIIXQ,"{""P47298"": 79}"
VNLEWIIXX,"{""P47298"": 35}"
VNLEWIIKQ,"{""P47298"": 3}"
VNLEXXXXX,"{""P47496"": 89}"
VNLEXXXND,"{""P47496"": 5}"
VNLEXRXND,"{""P47496"": 15}"
VNLEXRXXX,"{""P47496"": 3}"
VNLEXRKND,"{""P47496"": 2}"
VNLDDNQDR,"{""P47615"": 117}"
VNLDDNQDX,"{""P47615"": 45}"
VNLASEFXL,"{""P47625"": 99}"
VNLASEFXX,"{""P47625"": 16}"
VNLASEFKL,"{""P47625"": 4}"
VNLFLQSDL,"{""P47372"": 30}"
VNLFXRFSG,"{""P47512"": 1}"
VNLKTLXXQ,"{""P47326"": 5}"
VNVLTXXXX,"{""P47318"": 109}"
VNVLTXPIA,"{""P47318"": 3}"
VNVLSFSNN,"{""P47371"": 103}"
VNVEAIYHT,"{""P47457"": 550}"
VNVEAIXHT,"{""P47457"": 28}"
VNVRTRLHN,"{""P47706"": 6}"
VNVRTXLHN,"{""P47706"": 2}"
VNVAYITQX,"{""P47316"": 35}"
VNVAYITQR,"{""P47316"": 113}"
VNVAXITQR,"{""P47316"": 3}"
VNVAXITQX,"{""P47316"": 1}"
VNVDDHTDI,"{""P47370"": 134}"
VNVXTRLHN,"{""P47706"": 3}"
VNYFNXXXX,"{""P47319"": 522}"
VNYFNXQNL,"{""P47319"": 32}"
VNYTAXLES,"{""P47496"": 480}"
VNYTAXXXX,"{""P47496"": 92}"
VNYTAKLES,"{""P47496"": 18}"
VNYQEFLXX,"{""P47368"": 16}"
VNYQEFLXQ,"{""P47368"": 86}"
VNYLLVNXV,"{""P47585"": 108}"
VNYLLVNXX,"{""P47585"": 22}"
VNYLLVNKV,"{""P47585"": 2}"
VNYDLPXGS,"{""P47441"": 25}"
VNYDLPXXX,"{""P47441"": 78}"
VNYDLPKGS,"{""P47441"": 4}"
VNSSDYSAF,"{""P47701"": 94}"
VNSSDXSAF,"{""P47701"": 2}"
VNSSMQIAI,"{""Q49427"": 39}"
VNSLGIPIN,"{""P47321"": 126}"
VNSNGLXFG,"{""P47403"": 3}"
VNSNGLRFG,"{""P47403"": 13}"
VNAXXXXXX,"{""P47277"": 18}"
VNAXEVSLM,"{""P47277"": 92}"
VNAXDRNTN,"{""Q49408"": 2}"
VNADDVXXX,"{""P47321"": 20}"
VNADDVXND,"{""P47321"": 109}"
VNADDVKND,"{""P47321"": 7}"
VNADFLTXD,"{""P47348"": 84}"
VNADFLTXX,"{""P47348"": 23}"
VNADFLTKD,"{""P47348"": 3}"
VNAYDXNTN,"{""Q49408"": 5}"
VNAYDRNTN,"{""Q49408"": 22}"
VNAAGVIPV,"{""P47416"": 2}"
VNAKEVSLM,"{""P47277"": 2}"
VNXDEIIVD,"{""P47583"": 482}"
VNXDLPXXX,"{""P47441"": 5}"
VNXLLIDTC,"{""P47246"": 484}"
VNXLLIDTX,"{""P47246"": 23}"
VNXLLVNXV,"{""P47585"": 6}"
VNXLAYFSX,"{""P47455"": 19}"
VNXLAYFSK,"{""P47455"": 1}"
VNXLAXFSX,"{""P47455"": 2}"
VNXXXXXXX,"{""P47615"": 79, ""P47246"": 107, ""P47583"": 115, ""P47694"": 87, ""P47248"": 104, ""P47429"": 11}"
VNXXFGFIF,"{""P47615"": 28}"
VNXVEPYDL,"{""P47429"": 120}"
VNXVEPXDL,"{""P47429"": 5}"
VNXFNXXXX,"{""P47319"": 17}"
VNXFNXQNL,"{""P47319"": 2}"
VNXENRTNL,"{""P47694"": 16}"
VNXENXTNL,"{""P47694"": 5}"
VNXRLRIFS,"{""P47248"": 2}"
VNXRLXIFS,"{""P47248"": 2}"
VNXTAXXXX,"{""P47496"": 7}"
VNXTAXLES,"{""P47496"": 29}"
VNXTAKLES,"{""P47496"": 2}"
VNXIANSVV,"{""P47609"": 5}"
VNXQEFLXQ,"{""P47368"": 4}"
VNXQEFLXX,"{""P47368"": 1}"
VNXPNCHNQ,"{""P47493"": 1}"
VNXKFGFIF,"{""P47615"": 1}"
VNIIXXXXX,"{""P47476"": 569}"
VNINDPNXP,"{""P47597"": 506}"
VNINDPNXX,"{""P47597"": 96}"
VNINDPNKP,"{""P47597"": 30}"
VNQHNTYQP,"{""P47460"": 107}"
VNQHNTXQP,"{""P47460"": 7}"
VNQXPDFXT,"{""P47429"": 423}"
VNQXPDFXX,"{""P47429"": 75}"
VNQXPDFKT,"{""P47429"": 19}"
VNQXQAXQL,"{""P47346"": 82}"
VNQXQAXXX,"{""P47346"": 13}"
VNQXQAKQL,"{""P47346"": 2}"
VNQXXXXXX,"{""P47480"": 35, ""P47429"": 99, ""P47346"": 24}"
VNQXXTLAL,"{""P47480"": 91}"
VNQXKTLAL,"{""P47480"": 3}"
VNQVYFDID,"{""P47505"": 96}"
VNQVXFDID,"{""P47505"": 4}"
VNQKPDFXT,"{""P47429"": 15}"
VNQKPDFXX,"{""P47429"": 2}"
VNQKPDFKT,"{""P47429"": 1}"
VNQKXTLAL,"{""P47480"": 5}"
VNQKXXXXX,"{""P47480"": 1}"
VNQKQAXQL,"{""P47346"": 3}"
VNENYYPGA,"{""P47523"": 23}"
VNENYXPGA,"{""P47523"": 1}"
VNENXYPGA,"{""P47523"": 2}"
VNEVVSAIM,"{""P47366"": 133}"
VNEXLTFXN,"{""P47451"": 69}"
VNEXLTFXX,"{""P47451"": 13}"
VNEXLTFKN,"{""P47451"": 1}"
VNEXXXXXX,"{""P47451"": 18}"
VNEXVAILA,"{""P47310"": 2}"
VNEFLQALN,"{""Q49408"": 125}"
VNEAFDDLV,"{""P47694"": 104}"
VNEHXDAXL,"{""P47385"": 74}"
VNEHXDAXX,"{""P47385"": 28}"
VNEHXDAKL,"{""P47385"": 6}"
VNEHXXXXX,"{""P47385"": 22}"
VNEHKDAXL,"{""P47385"": 2}"
VNEYVAILA,"{""P47310"": 29}"
VNEKLTFXN,"{""P47451"": 4}"
VNGIDIXDM,"{""P47288"": 105}"
VNGIDIXXX,"{""P47288"": 28}"
VNGIDIKDM,"{""P47288"": 3}"
VNGEXXXXX,"{""P47571"": 29}"
VNGEXFLLI,"{""P47571"": 96}"
VNGEKFLLI,"{""P47571"": 9}"
VNTGLTXXX,"{""P47687"": 84}"
VNTGLTXSL,"{""P47687"": 12}"
VNTGLTKSL,"{""P47687"": 1}"
VNPFTLIGA,"{""Q49425"": 124}"
VNPXXXXXX,"{""P47246"": 20}"
VNPXTELVE,"{""P47246"": 117}"
VNPKTELVE,"{""P47246"": 9}"
VNRLAYFSX,"{""P47455"": 116}"
VNRLAYFSK,"{""P47455"": 5}"
VNRLAXFSX,"{""P47455"": 6}"
VNRIANSVV,"{""P47609"": 13}"
VNNNXVMFK,"{""P47451"": 24}"
VNNNXVMFX,"{""P47451"": 518}"
VNNNXXXXX,"{""P47451"": 98}"
VNNNKVMFX,"{""P47451"": 28}"
VNNNKVMFK,"{""P47451"": 2}"
VNNNQPTNT,"{""P47423"": 5}"
VNNLXXXXX,"{""P47660"": 24}"
VNNLXNINV,"{""P47660"": 92}"
VNNLXLFAI,"{""P47275"": 2}"
VNNLYLFAI,"{""P47275"": 123}"
VNNLKNINV,"{""P47660"": 5}"
VNNINERSL,"{""P47651"": 19}"
VNNINEXSL,"{""P47651"": 6}"
VNNIDQIXA,"{""P47358"": 84}"
VNNIDQIXX,"{""P47358"": 22}"
VNNIDQIKA,"{""P47358"": 7}"
VNNELSXXX,"{""P47368"": 14}"
VNNELSXHF,"{""P47368"": 110}"
VNNELSKHF,"{""P47368"": 4}"
VNNASDAXD,"{""P47291"": 81}"
VNNASDAXX,"{""P47291"": 16}"
VNNASDAKD,"{""P47291"": 3}"
VNFDXAFLE,"{""P47528"": 464}"
VNFDXCVFA,"{""P47577"": 94}"
VNFDXXXXX,"{""P47528"": 134, ""P47577"": 27}"
VNFDXXVFA,"{""P47577"": 4}"
VNFDKAFLE,"{""P47528"": 20}"
VNFDKCVFA,"{""P47577"": 7}"
VNFPQITQE,"{""P47673"": 157}"
VNWQCPDEI,"{""Q49430"": 116}"
VNWQXPDEI,"{""Q49430"": 8}"
VNWPEYVVH,"{""P47255"": 117}"
VNWPEXVVH,"{""P47255"": 3}"
VNWTELQXV,"{""P47315"": 95}"
VNWTELQXX,"{""P47315"": 14}"
VNWTELQKV,"{""P47315"": 4}"
VNWXAIVHE,"{""P47469"": 85}"
VNWXXXXXX,"{""P47469"": 16}"
VNWSNTQSR,"{""P22747"": 19}"
VNWSNTQSX,"{""P22747"": 3}"
VNWLNSPRQ,"{""P47311"": 17}"
VNWLNSPXQ,"{""P47311"": 9}"
VNWEYFXQV,"{""P47369"": 108}"
VNWEYFXXX,"{""P47369"": 22}"
VNWEYFKQV,"{""P47369"": 6}"
VNWEXFXQV,"{""P47369"": 2}"
VNWKAIVHE,"{""P47469"": 6}"
VNDXXXXXX,"{""P47384"": 88}"
VNDXVRFIX,"{""P47384"": 25}"
VNDXVXFIX,"{""P47384"": 6}"
VNDIENVGF,"{""P47534"": 151}"
VNDSLLSIQ,"{""P47635"": 134}"
VNDLAFSLL,"{""P47620"": 138}"
VNDFQNRIX,"{""P47248"": 14}"
VNDFQNXIX,"{""P47248"": 4}"
VNDKVRFIX,"{""P47384"": 1}"
VNHWXDGDT,"{""P47432"": 32}"
VNHWRDGDT,"{""P47432"": 118}"
VNHEDEIFG,"{""P47483"": 143}"
VNHSIPDAF,"{""P47385"": 175}"
VNKVEPYDL,"{""P47429"": 4}"
VNKLLIDTC,"{""P47246"": 21}"
VNKDEIIVD,"{""P47583"": 14}"
VNKXXXXXX,"{""P47615"": 3}"
VNKXFGFIF,"{""P47615"": 1}"
VNKXLXIFS,"{""P47248"": 1}"
VNKENRTNL,"{""P47694"": 1}"
VNCPNCHNQ,"{""P47493"": 27}"
VNCPNXHNQ,"{""P47493"": 1}"
VHVGDQVSP,"{""P47582"": 641}"
VHVFKNDXH,"{""P47657"": 8}"
VHVFKNDXX,"{""P47657"": 3}"
VHVFXNDXH,"{""P47657"": 73}"
VHVFXNDXX,"{""P47657"": 27}"
VHVFXNDKH,"{""P47657"": 4}"
VHVFXXXXX,"{""P47657"": 18}"
VHEYQYVID,"{""P47447"": 119}"
VHEYQXVID,"{""P47447"": 9}"
VHEXQYVID,"{""P47447"": 6}"
VHLXFIQHP,"{""P47451"": 508}"
VHLXXXXXX,"{""P47451"": 101}"
VHLHAIVGI,"{""P47582"": 125}"
VHLDXQTNI,"{""P47299"": 98}"
VHLDXXXXX,"{""P47299"": 25}"
VHLDKQTNI,"{""P47299"": 3}"
VHLKFIQHP,"{""P47451"": 29}"
VHTXXDQPX,"{""P55825"": 3}"
VHTXXDQPC,"{""P55825"": 80}"
VHTXXXXXX,"{""P55825"": 34}"
VHTXKDQPC,"{""P55825"": 5}"
VHTKXDQPC,"{""P55825"": 4}"
VHTKXXXXX,"{""P55825"": 1}"
VHTKKDQPC,"{""P55825"": 1}"
VHTSTVTVA,"{""P47500"": 2}"
VHHSNLVXS,"{""P47355"": 493}"
VHHSNLVXX,"{""P47355"": 120}"
VHHSNLVKS,"{""P47355"": 24}"
VHSNSHSXX,"{""P47387"": 121}"
VHSNSHSXK,"{""P47387"": 6}"
VHSNSHSKX,"{""P47387"": 5}"
VHSVDWXXX,"{""Q49423"": 25}"
VHSVDWXPF,"{""Q49423"": 95}"
VHSVDWKPF,"{""Q49423"": 6}"
VHISPQXAR,"{""P47402"": 95}"
VHISPQXAX,"{""P47402"": 28}"
VHISPQXXX,"{""P47402"": 452}"
VHISPQKAR,"{""P47402"": 4}"
VHDAVYLXP,"{""Q49428"": 99}"
VHDAVYLXX,"{""Q49428"": 22}"
VHDAVYLKP,"{""Q49428"": 4}"
VHDAVXLXP,"{""Q49428"": 8}"
VHDAVXLXX,"{""Q49428"": 1}"
VHAENXNLS,"{""P47695"": 106}"
VHAENXXXX,"{""P47695"": 19}"
VHAENKNLS,"{""P47695"": 7}"
VHAHTLXPH,"{""P47609"": 115}"
VHAHTLXXX,"{""P47609"": 18}"
VHAHTLKPH,"{""P47609"": 2}"
VHALYQDPE,"{""Q57081"": 111}"
VHALXQDPE,"{""Q57081"": 5}"
VHQYFQXXX,"{""P47448"": 87}"
VHQYFQXNN,"{""P47448"": 494}"
VHQYFQKNN,"{""P47448"": 21}"
VHQVIGPVV,"{""P47639"": 112}"
VHQXFQXNN,"{""P47448"": 22}"
VHQXFQXXX,"{""P47448"": 2}"
VHQXFQKNN,"{""P47448"": 2}"
VHPRPSXXX,"{""P47350"": 113}"
VHPRPSXXK,"{""P47350"": 5}"
VHPRPSXKX,"{""P47350"": 6}"
VHPRPSKXX,"{""P47350"": 4}"
VHPXPSKXX,"{""P47350"": 1}"
VHPXPSXXX,"{""P47350"": 24}"
VHRGELIIS,"{""P47340"": 14}"
VHYPLYRIV,"{""P47684"": 29}"
VHYPLYXIV,"{""P47684"": 7}"
VHYPLXRIV,"{""P47684"": 3}"
VHXXXXXXX,"{""Q9ZB70"": 115}"
VHXLSGGQQ,"{""Q9ZB70"": 5}"
VHXGELIIS,"{""P47340"": 6}"
VHXPLYXIV,"{""P47684"": 1}"
VHKLSGGQQ,"{""Q9ZB70"": 1}"
VWGLPIPIV,"{""P47587"": 613}"
VWDCPIAEN,"{""P47515"": 566}"
VWDGMWIDG,"{""P47332"": 10}"
VWDXPIAEN,"{""P47515"": 30}"
VWFXSDETX,"{""Q49460"": 109}"
VWFXSDETK,"{""Q49460"": 2}"
VWFXXXXXX,"{""Q49460"": 20}"
VWFKSDETX,"{""Q49460"": 4}"
VWLXXXXXX,"{""P47688"": 100}"
VWLXNNQYS,"{""P47688"": 4}"
VWLEXXXXX,"{""P47693"": 98}"
VWLEXLNYI,"{""P47693"": 24}"
VWLEXLNXI,"{""P47693"": 2}"
VWLEKLNYI,"{""P47693"": 1}"
VWINRGMIY,"{""P47403"": 30}"
VWINRGMIX,"{""P47403"": 1}"
VWINXGMIY,"{""P47403"": 4}"
VWIERHVDQ,"{""P47461"": 17}"
VWIEXHVDQ,"{""P47461"": 4}"
VWVFRQNXX,"{""P47249"": 16}"
VWVFRQNXK,"{""P47249"": 3}"
VWVFXQNXX,"{""P47249"": 6}"
VMEMIXQPN,"{""P47641"": 516}"
VMEMIXXXX,"{""P47641"": 94}"
VMEMIKQPN,"{""P47641"": 19}"
VMEVSEIIN,"{""P47605"": 644}"
VMENAYEQT,"{""P47512"": 39}"
VMENASDEL,"{""P47359"": 133}"
VMENAXEQT,"{""P47512"": 4}"
VMLENNVEV,"{""P47419"": 628}"
VMLEPSTLX,"{""Q49412"": 125}"
VMLEPSTLK,"{""Q49412"": 2}"
VMLHIGIDT,"{""P47315"": 130}"
VMLTANLIA,"{""P47308"": 32}"
VMFXIAQTA,"{""P47451"": 91}"
VMFXXXXXX,"{""P47451"": 18}"
VMFIATANY,"{""P47481"": 26}"
VMFIATANX,"{""P47481"": 1}"
VMFKIAQTA,"{""P47451"": 6}"
VMVNXNDFI,"{""P47609"": 141}"
VMVNXXXXX,"{""P47609"": 22}"
VMVNKNDFI,"{""P47609"": 7}"
VMVPSLXLH,"{""P47528"": 469}"
VMVPSLXXX,"{""P47528"": 134}"
VMVPSLKLH,"{""P47528"": 26}"
VMVSXNXIA,"{""P47581"": 73}"
VMVSXNXXX,"{""P47581"": 27}"
VMVSXNKIA,"{""P47581"": 3}"
VMVSXXXXX,"{""P47581"": 19}"
VMVSKNXIA,"{""P47581"": 3}"
VMVSKNKIA,"{""P47581"": 1}"
VMQXDGLXL,"{""Q49408"": 77}"
VMQXDGLXX,"{""Q49408"": 18}"
VMQXDGLKL,"{""Q49408"": 3}"
VMQXXXXXX,"{""Q49408"": 20}"
VMQKDGLXL,"{""Q49408"": 4}"
VMQLFFMVI,"{""P47564"": 144}"
VMQLFYCGI,"{""P47258"": 4}"
VMQLFYXGI,"{""P47258"": 1}"
VMITQGPNL,"{""P47502"": 106}"
VMIXWXXXX,"{""Q49399"": 47}"
VMIXWXXVA,"{""Q49399"": 62}"
VMIXWXKVA,"{""Q49399"": 5}"
VMIXWKXVA,"{""Q49399"": 1}"
VMIXWKXXX,"{""Q49399"": 1}"
VMIXXXXXX,"{""Q49399"": 20}"
VMILTGXSV,"{""P47371"": 7}"
VMILTGRSV,"{""P47371"": 23}"
VMIKWXXVA,"{""Q49399"": 1}"
VMIKWKXVA,"{""Q49399"": 1}"
VMGGTFLAF,"{""P47312"": 119}"
VMWTKLDEI,"{""P47288"": 4}"
VMWTXLDEI,"{""P47288"": 118}"
VMWTXXXXX,"{""P47288"": 12}"
VMAKENVCL,"{""P47532"": 8}"
VMAXXXXXX,"{""P47532"": 19}"
VMAXENVCL,"{""P47532"": 90}"
VMAXENVXL,"{""P47532"": 4}"
VMTVRQQVS,"{""P47424"": 121}"
VMTVXQQVS,"{""P47424"": 27}"
VRDLFNXAX,"{""P47695"": 105}"
VRDLFNXAK,"{""P47695"": 5}"
VRDLFNXXX,"{""P47695"": 14}"
VRDLFNKAX,"{""P47695"": 4}"
VRDLFNKAK,"{""P47695"": 1}"
VRDGVXSNL,"{""P47431"": 21}"
VRDGVXXXX,"{""P47431"": 4}"
VRDGVKSNL,"{""P47431"": 1}"
VRDVCNYLL,"{""P35888"": 20}"
VRDVCNXLL,"{""P35888"": 2}"
VRDVXNXLL,"{""P35888"": 1}"
VRDVXNYLL,"{""P35888"": 1}"
VRDXXXXXX,"{""Q9ZB73"": 6}"
VRDXLVNLV,"{""Q9ZB73"": 20}"
VRDKLVNLV,"{""Q9ZB73"": 3}"
VRDFRGLSL,"{""P47409"": 6}"
VRDFXGLSL,"{""P47409"": 2}"
VRXLLDLFX,"{""P47667"": 4}"
VRXLLAVVL,"{""P47405"": 5}"
VRXLQDASF,"{""P22747"": 103}"
VRXLFPIQT,"{""P47367"": 7}"
VRXNLQXEL,"{""P47288"": 16}"
VRXXXXXXX,"{""Q49436"": 17, ""P47405"": 12, ""P22747"": 22, ""P47355"": 18, ""P47288"": 8, ""P47277"": 1, ""P47372"": 3}"
VRXPPNAQY,"{""P47355"": 2}"
VRXPLDSNE,"{""Q49436"": 3}"
VRXGIXVNA,"{""P47277"": 9}"
VRXATTDSF,"{""P47372"": 26}"
VRXAFEVXF,"{""P47278"": 2}"
VRXAFEVKF,"{""P47278"": 1}"
VRXVVFDEI,"{""P52271"": 1}"
VRXMTLLDN,"{""P47615"": 1}"
VRYLLDLFX,"{""P47667"": 111}"
VRYLLDLFK,"{""P47667"": 1}"
VRYLFPIQT,"{""P47367"": 104}"
VRYNFEMQM,"{""P47342"": 22}"
VRYAFEVXF,"{""P47278"": 16}"
VRYAFEVXX,"{""P47278"": 2}"
VRYVVFDEI,"{""P52271"": 21}"
VRKLQDASF,"{""P22747"": 6}"
VRKNLQXXX,"{""P47288"": 1}"
VRKNLQXEL,"{""P47288"": 1}"
VRKGIXVNA,"{""P47277"": 1}"
VRISNSFLM,"{""P47681"": 118}"
VRILSVPNI,"{""P47312"": 22}"
VRIXXXXXX,"{""Q49415"": 23}"
VRIXWIFWT,"{""Q49415"": 1}"
VRWXXXXXX,"{""P47595"": 19}"
VRCMTLLDN,"{""P47615"": 22}"
VRTLLXVTV,"{""P47249"": 16}"
VRTLLXXXX,"{""P47249"": 7}"
VRTMHDENG,"{""P47388"": 109}"
VRTTQLXXX,"{""P47311"": 17}"
VRTNEELMI,"{""P47599"": 26}"
VRQDVLXXX,"{""P47473"": 15}"
VRQDVLXDS,"{""P47473"": 102}"
VRQDVLKDS,"{""P47473"": 4}"
VRQYMIVEI,"{""P47582"": 99}"
VRQTWLDYF,"{""P47534"": 28}"
VRQAIIEXI,"{""P47615"": 22}"
VRQAIIEXX,"{""P47615"": 5}"
VRQXMIVEI,"{""P47582"": 4}"
VRASVXPIX,"{""P47420"": 1}"
VRASVXPIC,"{""P47420"": 20}"
VRASVXXXX,"{""P47420"": 4}"
VRAKTYFAV,"{""P47359"": 3}"
VRAXTYFAV,"{""P47359"": 85}"
VRAXTXFAV,"{""P47359"": 2}"
VRAXXXXXX,"{""P47359"": 27}"
VRLXXXXXX,"{""P47553"": 19}"
VRLXAXITX,"{""P47553"": 3}"
VRLXARITX,"{""P47553"": 1}"
VRLQXAPQL,"{""P47541"": 17}"
VRLQXXXXX,"{""P47541"": 4}"
VRLLLNXXX,"{""P47634"": 18}"
VRLEGEINR,"{""Q49407"": 3}"
VRLEGEINX,"{""Q49407"": 2}"
VRLTNGFEV,"{""P47333"": 1}"
VRGTLFXXX,"{""P47326"": 7}"
VRGTLFXAL,"{""P47326"": 19}"
VRGTLFKAL,"{""P47326"": 1}"
VRGLIXXXX,"{""Q49435"": 6}"
VRGLIXXAN,"{""Q49435"": 14}"
VRVSLTSNN,"{""P47607"": 100}"
VRVDGNDLI,"{""P47516"": 2}"
VRENIENDL,"{""P47260"": 21}"
VRFENVGWN,"{""P47312"": 26}"
VRFIXSNSV,"{""P47384"": 22}"
VRFIXXXXX,"{""P47384"": 5}"
VRFXLVYDX,"{""Q49408"": 15}"
VRFXLVXDK,"{""Q49408"": 1}"
VRFXXXXXX,"{""Q49408"": 8}"
VRFKLVYDK,"{""Q49408"": 1}"
VRNYVVRTW,"{""P47351"": 31}"
VRNYVVXTW,"{""P47351"": 2}"
VRNEXVLDQ,"{""P47394"": 9}"
VRNERVLDQ,"{""P47394"": 17}"
VRNXVVXTW,"{""P47351"": 1}"
VKWPIEVQX,"{""P47580"": 21}"
VKWPIEVQK,"{""P47580"": 1}"
VKWPLLLSS,"{""P47551"": 1}"
VKGIDSLAS,"{""P47427"": 5}"
VKGIFIGNA,"{""P47662"": 30}"
VKGVLAALV,"{""P47636"": 5}"
VKGARENNL,"{""P47660"": 3}"
VKGQDEAID,"{""P47597"": 3}"
VKGTNTTRI,"{""P47440"": 1}"
VKLINNNNV,"{""Q9ZB73"": 20}"
VKLINELIT,"{""P47583"": 21}"
VKLIIEXLX,"{""P47254"": 1}"
VKLIIEXXX,"{""P47254"": 1}"
VKLPSEIQA,"{""P47566"": 22}"
VKLAFEIIY,"{""P47399"": 2}"
VKTXXXXXX,"{""Q49415"": 10}"
VKTXXPDHF,"{""Q49415"": 12}"
VKTXKPDHF,"{""Q49415"": 1}"
VKTPVELLV,"{""Q49406"": 19}"
VKTDNEFAX,"{""P47469"": 7}"
VKTLXXXXX,"{""P47368"": 3}"
VKTLXQYLP,"{""P47368"": 2}"
VKTFILDQT,"{""P55825"": 7}"
VKTNVVAVA,"{""P47631"": 4}"
VKTKXPDHF,"{""Q49415"": 1}"
VKILXXXXX,"{""P47524"": 31}"
VKIVLSEQS,"{""Q49398"": 21}"
VKISEXXXX,"{""P47300"": 21}"
VKISEXNLL,"{""P47300"": 7}"
VKIDDADFY,"{""P47460"": 10}"
VKIDDADFX,"{""P47460"": 1}"
VKIILTIEV,"{""P47353"": 1}"
VKXXXXXXX,"{""P47603"": 18, ""P47326"": 9, ""P47582"": 9, ""P47587"": 1, ""P47636"": 1, ""P47265"": 1}"
VKXVVSSDF,"{""P35888"": 1}"
VKXEXELVE,"{""P47368"": 1}"
VKXEXXXXX,"{""P47368"": 2}"
VKXTXXXXX,"{""P47587"": 6}"
VKXIISHHL,"{""P47465"": 4}"
VKXPEFLLA,"{""P47609"": 1}"
VKXNGXYIA,"{""P47684"": 2}"
VKXNSDXDL,"{""P47636"": 1}"
VKYAXLSTL,"{""P47347"": 2}"
VKYAXXXXX,"{""P47347"": 1}"
VKYESSGSN,"{""P22747"": 6}"
VKYVVSSDF,"{""P35888"": 6}"
VKALLLSLF,"{""P47342"": 5}"
VKALXFTNX,"{""P47619"": 5}"
VKALXLGXD,"{""P47563"": 3}"
VKALXLGXX,"{""P47563"": 2}"
VKALKLGXD,"{""P47563"": 1}"
VKALFITHG,"{""P47385"": 6}"
VKAIVDNLF,"{""P47606"": 7}"
VKAYQTTNT,"{""P20796"": 7}"
VKAVTVSQY,"{""P47277"": 6}"
VKAXQTTNT,"{""P20796"": 1}"
VKQXLNVNL,"{""P47629"": 1}"
VKQXTGLPI,"{""P47284"": 4}"
VKQXXXXXX,"{""P47284"": 2}"
VKQYLNVNL,"{""P47629"": 1}"
VKQMELMXX,"{""P47637"": 1}"
VKQMELMXN,"{""P47637"": 4}"
VKQFDXFSL,"{""Q49428"": 4}"
VKQSRPNXX,"{""P47410"": 2}"
VKPIILFDX,"{""P47568"": 26}"
VKPIILFDK,"{""P47568"": 1}"
VKPNYXXYQ,"{""P52271"": 2}"
VKPNYXXXX,"{""P52271"": 2}"
VKPNYKKYQ,"{""P52271"": 1}"
VKPNYKXYQ,"{""P52271"": 1}"
VKPNYKXXX,"{""P52271"": 1}"
VKRNGXYIA,"{""P47684"": 2}"
VKRNGXXXX,"{""P47684"": 1}"
VKRNGXXIA,"{""P47684"": 1}"
VKNELXELE,"{""P47540"": 18}"
VKNELXXXX,"{""P47540"": 4}"
VKNELKELE,"{""P47540"": 1}"
VKNLXTGAI,"{""P47272"": 1}"
VKNLASEAI,"{""P47619"": 5}"
VKNLDWQSL,"{""P47308"": 5}"
VKNLRTGAI,"{""P47272"": 1}"
VKNITNXTG,"{""P47502"": 2}"
VKNPLNSXX,"{""P47456"": 6}"
VKNALLXIN,"{""P47589"": 3}"
VKNALLXXX,"{""P47589"": 1}"
VKVVXLIMN,"{""P47451"": 20}"
VKVVXXXXX,"{""P47451"": 7}"
VKVQNADGT,"{""P47547"": 4}"
VKETAFNIF,"{""P47369"": 8}"
VKEAQNNLQ,"{""P47278"": 19}"
VKEAIXDPD,"{""P47563"": 2}"
VKEAIXXXX,"{""P47563"": 1}"
VKEAGASVV,"{""P47514"": 4}"
VKEXQTPSY,"{""P47699"": 1}"
VKEYQTPSY,"{""P47699"": 1}"
VKEPEQFDD,"{""Q49419"": 4}"
VKSEIQPFL,"{""Q49405"": 6}"
VKSEFLXLE,"{""P47576"": 3}"
VKSFAXXXX,"{""P47423"": 2}"
VKSIINDYD,"{""P47688"": 8}"
VKSALIILS,"{""P47544"": 1}"
VKSXSPALH,"{""P47333"": 2}"
VKDGILHAV,"{""P47325"": 1}"
VKDLIXXXX,"{""P47506"": 1}"
VKDLIXEPN,"{""P47506"": 3}"
VKDLSEEEL,"{""P47421"": 3}"
VKDFVSACG,"{""Q49397"": 2}"
VKCXXXXXX,"{""P47265"": 2}"
YLNLIQCYE,"{""Q9ZB73"": 531}"
YLNLIQCXE,"{""Q9ZB73"": 28}"
YLNLIQXYE,"{""Q9ZB73"": 24}"
YLNAVEXXX,"{""P20796"": 99}"
YLNAVEXYL,"{""P20796"": 2}"
YLNAIVVNT,"{""P47435"": 40}"
YLNVDXTXI,"{""P47512"": 67}"
YLNVDXTXX,"{""P47512"": 11}"
YLNVDXTKI,"{""P47512"": 6}"
YLNVDXXXX,"{""P47512"": 19}"
YLNVDKTXI,"{""P47512"": 4}"
YLNVDKTKI,"{""P47512"": 1}"
YLNVVQRFT,"{""P20796"": 124}"
YLNVVQXFT,"{""P20796"": 34}"
YLNQLSGEI,"{""P47599"": 108}"
YLNTXXXXX,"{""P22747"": 93}"
YLNTXQALE,"{""P22747"": 28}"
YLNTLLLNE,"{""P47595"": 26}"
YLNTKQALE,"{""P22747"": 1}"
YLNYINPXT,"{""P47565"": 86}"
YLNYINPXX,"{""P47565"": 20}"
YLNYINPKT,"{""P47565"": 6}"
YLNEYLEIT,"{""P47706"": 108}"
YLNEXLEIT,"{""P47706"": 9}"
YLNGXXXXX,"{""P47267"": 27}"
YLNGXLEYQ,"{""P47267"": 83}"
YLNGXLEXQ,"{""P47267"": 6}"
YLNGKLEYQ,"{""P47267"": 2}"
YLNXINPXT,"{""P47565"": 5}"
YLNXINPXX,"{""P47565"": 2}"
YLSVIETLG,"{""P47317"": 124}"
YLSLTSXXQ,"{""P47487"": 347}"
YLSLTSXXX,"{""P47487"": 211}"
YLSLTSXKQ,"{""P47487"": 22}"
YLSLTSKXX,"{""P47487"": 3}"
YLSLTSKXQ,"{""P47487"": 10}"
YLSEYFQNA,"{""P47483"": 579}"
YLSENQTEL,"{""P47479"": 118}"
YLSEXFQNA,"{""P47483"": 25}"
YLSXXLTXA,"{""P47288"": 21}"
YLSXXLTXX,"{""P47288"": 3}"
YLSXXXXXX,"{""P47288"": 4, ""P47563"": 74}"
YLSXXSXID,"{""P47563"": 5}"
YLSXXSXXX,"{""P47563"": 1}"
YLSXRSXID,"{""P47563"": 10}"
YLSXRSXXX,"{""P47563"": 7}"
YLSXRSKID,"{""P47563"": 1}"
YLSXKLTXA,"{""P47288"": 2}"
YLSRXLTXA,"{""P47288"": 76}"
YLSRXLTXX,"{""P47288"": 10}"
YLSRXLTKA,"{""P47288"": 3}"
YLSRXXXXX,"{""P47288"": 16}"
YLSRKLTKA,"{""P47288"": 2}"
YLSRKLTXA,"{""P47288"": 7}"
YLSRKLTXX,"{""P47288"": 1}"
YLWSDLELE,"{""P47445"": 126}"
YLWHXPGDI,"{""P47324"": 462}"
YLWHXXXXX,"{""P47324"": 135}"
YLWHKPGDI,"{""P47324"": 15}"
YLTLPGFEX,"{""P47513"": 579}"
YLTLPGFEK,"{""P47513"": 23}"
YLTLSFSSL,"{""P47314"": 3}"
YLTEVSQIL,"{""P47521"": 602}"
YLTFISSDS,"{""P47484"": 126}"
YLGYSNIIS,"{""P47299"": 122}"
YLGIVSYDG,"{""P47428"": 545}"
YLGIVSXDG,"{""P47428"": 23}"
YLGFXXXXX,"{""Q9ZB77"": 97}"
YLGKSIFDV,"{""P47660"": 7}"
YLGXSIFDV,"{""P47660"": 110}"
YLGXSNIIS,"{""P47299"": 3}"
YLGXXXXXX,"{""P47660"": 19}"
YLGWNTFTN,"{""P47647"": 122}"
YLGHCRNLH,"{""P47700"": 14}"
YLGHCXNLH,"{""P47700"": 5}"
YLGHXXNLH,"{""P47700"": 1}"
YLDEVPXEI,"{""P47481"": 471}"
YLDEVPXXX,"{""P47481"": 96}"
YLDEVPKEI,"{""P47481"": 23}"
YLDENGIIM,"{""P47583"": 582}"
YLDLCGLEN,"{""P47545"": 112}"
YLDLXRRLM,"{""P47282"": 4}"
YLDLXGLEN,"{""P47545"": 4}"
YLDLNFETP,"{""P47661"": 38}"
YLDLRXRLM,"{""P47282"": 4}"
YLDLRRRLM,"{""P47282"": 4}"
YLDLRRXLM,"{""P47282"": 1}"
YLIGNWXXX,"{""P47670"": 98}"
YLIGNWXTN,"{""P47670"": 521}"
YLIGNWKTN,"{""P47670"": 17}"
YLIYLIPVI,"{""Q49431"": 564}"
YLIIXXXXX,"{""Q49413"": 460}"
YLIIXXELQ,"{""Q49413"": 91}"
YLIIXKELQ,"{""Q49413"": 4}"
YLIIKXXXX,"{""Q49413"": 21}"
YLIIKXELQ,"{""Q49413"": 6}"
YLIIKKELQ,"{""Q49413"": 1}"
YLIPIHGEF,"{""P47385"": 124}"
YLIDETXTI,"{""P47246"": 92}"
YLIDETXXX,"{""P47246"": 21}"
YLIDETKTI,"{""P47246"": 3}"
YLIXNNNLQ,"{""Q49421"": 96}"
YLIXLIPVI,"{""Q49431"": 36}"
YLIXXXXXX,"{""Q49421"": 20}"
YLIKNNNLQ,"{""Q49421"": 3}"
YLFTSXVRY,"{""P52271"": 15}"
YLFTSXVXY,"{""P52271"": 3}"
YLFTSXXXX,"{""P52271"": 94}"
YLFTSKVRY,"{""P52271"": 1}"
YLFTVIIPT,"{""P47271"": 117}"
YLFPIQTTV,"{""P47367"": 561}"
YLFLLYGXX,"{""P47591"": 102}"
YLFLLYGXI,"{""P47591"": 6}"
YLFLLYGKI,"{""P47591"": 1}"
YLFLLXGXI,"{""P47591"": 1}"
YLFLLXGXX,"{""P47591"": 5}"
YLFGGGSCQ,"{""P47540"": 31}"
YLFGGGSXQ,"{""P47540"": 2}"
YLFVIXXXX,"{""P47387"": 112}"
YLFVIXEIQ,"{""P47387"": 2}"
YLFVIKEIQ,"{""P47387"": 1}"
YLFFDVLVT,"{""P47254"": 26}"
YLPVPYNYS,"{""P22747"": 497}"
YLPVPYNXS,"{""P22747"": 25}"
YLPVPXNYS,"{""P22747"": 24}"
YLPVPXNXS,"{""P22747"": 1}"
YLPSXAYYE,"{""Q49412"": 88}"
YLPSXAYXE,"{""Q49412"": 8}"
YLPSXAXYE,"{""Q49412"": 5}"
YLPSXXXXX,"{""Q49412"": 20}"
YLPSKAYYE,"{""Q49412"": 9}"
YLRVXISEX,"{""P47300"": 87}"
YLRVXISEK,"{""P47300"": 1}"
YLRVXXXXX,"{""P47300"": 25}"
YLRVKISEX,"{""P47300"": 7}"
YLRNESELD,"{""P47528"": 26}"
YLRSEFGVX,"{""Q49415"": 106}"
YLRSEFGVK,"{""Q49415"": 3}"
YLRLGXVLL,"{""P47610"": 13}"
YLRLGXXXX,"{""P47610"": 2}"
YLRLGKVLL,"{""P47610"": 1}"
YLREIXXMQ,"{""P47397"": 1}"
YLREIRXMQ,"{""P47397"": 9}"
YLREXXXXX,"{""P47290"": 19}"
YLREXRXEI,"{""P47290"": 3}"
YLREXRXXX,"{""P47290"": 1}"
YLALVPFIX,"{""P47338"": 538}"
YLAPSNDFS,"{""P47432"": 595}"
YLANVGIVG,"{""P47624"": 116}"
YLAXXXXXX,"{""P47482"": 19}"
YLAXXPLEI,"{""P47482"": 6}"
YLAXCPLEI,"{""P47482"": 91}"
YLAVXLFEX,"{""P47612"": 97}"
YLAVXLFEK,"{""P47612"": 5}"
YLAVXXXXX,"{""P47612"": 14}"
YLAVKLFEX,"{""P47612"": 5}"
YLAKCPLEI,"{""P47482"": 7}"
YLXWVSFAI,"{""P47655"": 493}"
YLXXXXXXX,"{""P47322"": 106, ""P47312"": 17, ""Q49434"": 91, ""P47663"": 102, ""P47655"": 104, ""P47481"": 94, ""P47623"": 24}"
YLXXEIFDH,"{""P47481"": 25}"
YLXLGSVYA,"{""P47322"": 438}"
YLXLGSVXA,"{""P47322"": 19}"
YLXLGXVLL,"{""P47610"": 4}"
YLXLGKVLL,"{""P47610"": 1}"
YLXELQNWL,"{""P47623"": 96}"
YLXEXRXEI,"{""P47290"": 3}"
YLXEXXXXX,"{""P47290"": 4}"
YLXEXNIET,"{""P47663"": 3}"
YLXESMEXY,"{""P47492"": 2}"
YLXEIRXMQ,"{""P47397"": 2}"
YLXERNIET,"{""P47663"": 3}"
YLXSEFGVX,"{""Q49415"": 20}"
YLXSEEXLE,"{""Q49434"": 7}"
YLXSEERLE,"{""Q49434"": 19}"
YLXSLFDAN,"{""P47312"": 86}"
YLXSDLDGT,"{""P47505"": 8}"
YLXVXISEX,"{""P47300"": 13}"
YLXVXXXXX,"{""P47300"": 9}"
YLXVKISEX,"{""P47300"": 2}"
YLXATQHLT,"{""P47312"": 8}"
YLXNESELD,"{""P47528"": 5}"
YLVDNGVNI,"{""P47469"": 131}"
YLVXLNIGX,"{""P47366"": 470}"
YLVXLNIGK,"{""P47366"": 11}"
YLVXNVNTN,"{""P47523"": 94}"
YLVXXXXXX,"{""P47523"": 25, ""P47366"": 91}"
YLVKLNIGX,"{""P47366"": 20}"
YLVKLNIGK,"{""P47366"": 1}"
YLESLSSYA,"{""P47660"": 140}"
YLESLSSXA,"{""P47660"": 8}"
YLESANXXS,"{""Q49429"": 91}"
YLESANXXX,"{""Q49429"": 39}"
YLESANXKS,"{""Q49429"": 4}"
YLESANKKS,"{""Q49429"": 1}"
YLESANKXS,"{""Q49429"": 1}"
YLENXNEXX,"{""P47683"": 86}"
YLENXXXXX,"{""P47683"": 28}"
YLENKNEXX,"{""P47683"": 6}"
YLEYLIXXX,"{""P47618"": 20}"
YLEYLIXTP,"{""P47618"": 81}"
YLEYLIKTP,"{""P47618"": 3}"
YLEXLIXXX,"{""P47618"": 2}"
YLEXLIXTP,"{""P47618"": 8}"
YLEXLIKTP,"{""P47618"": 1}"
YLQXDIXXX,"{""Q49434"": 67}"
YLQXDIXER,"{""Q49434"": 13}"
YLQXDIXEX,"{""Q49434"": 3}"
YLQXDIKER,"{""Q49434"": 2}"
YLQXXXXXX,"{""Q49434"": 18}"
YLQKDIXXX,"{""Q49434"": 2}"
YLLLGSTLT,"{""P47563"": 634}"
YLLIHIXXX,"{""P47625"": 15}"
YLLIHIXDD,"{""P47625"": 105}"
YLLIHIKDD,"{""P47625"": 7}"
YLLIDGHGN,"{""P47250"": 7}"
YLLTDEXLE,"{""Q49430"": 101}"
YLLTDEXXX,"{""Q49430"": 18}"
YLLTDEKLE,"{""Q49430"": 5}"
YLLTILDIX,"{""Q9ZB80"": 106}"
YLLTILDIK,"{""Q9ZB80"": 1}"
YLLDLFXSY,"{""P47667"": 415}"
YLLDLFXSX,"{""P47667"": 20}"
YLLDLFXXX,"{""P47667"": 130}"
YLLDLFKSY,"{""P47667"": 24}"
YLLXNLENI,"{""P47585"": 120}"
YLLXXXXXX,"{""P47585"": 18}"
YLLKNLENI,"{""P47585"": 5}"
YLKSLFDAN,"{""P47312"": 3}"
YLKSEERLE,"{""Q49434"": 2}"
YLKWVSFAI,"{""P47655"": 17}"
YLKLGSVYA,"{""P47322"": 24}"
YLKLGSVXA,"{""P47322"": 2}"
YLKXXXXXX,"{""P47481"": 5}"
YLKXEIFDH,"{""P47481"": 2}"
YLKELQNWL,"{""P47623"": 6}"
YLHFSYAXF,"{""P47571"": 4}"
YLHFSYARF,"{""P47571"": 17}"
YLYATQHLT,"{""P47312"": 123}"
YLYSDLDGT,"{""P47505"": 117}"
YLCESMERY,"{""P47492"": 27}"
YLCESMERX,"{""P47492"": 1}"
YLCESMEXY,"{""P47492"": 3}"
YFXHVLESX,"{""Q9ZB73"": 101}"
YFXHLEPTN,"{""P47653"": 104}"
YFXXXXXXX,"{""P47520"": 25, ""P47668"": 98, ""P47447"": 95, ""P47516"": 116, ""P47658"": 112, ""Q49421"": 87, ""P47442"": 25, ""P52271"": 19, ""Q9ZB73"": 30, ""P47653"": 23, ""P47619"": 15}"
YFXIXSSFX,"{""Q49421"": 355}"
YFXIXSSFK,"{""Q49421"": 20}"
YFXIXXXXX,"{""Q49421"": 86}"
YFXIKSSFX,"{""Q49421"": 16}"
YFXIKSSFK,"{""Q49421"": 2}"
YFXTFTFAT,"{""P52271"": 95}"
YFXNNLVIP,"{""P47442"": 114}"
YFXNLSGGT,"{""P47447"": 22}"
YFXDYIASP,"{""P47520"": 101}"
YFXDXIASP,"{""P47520"": 6}"
YFXERASDI,"{""P47668"": 3}"
YFXEXASDI,"{""P47668"": 1}"
YFXGLDXLS,"{""P47619"": 90}"
YFXGLDXXX,"{""P47619"": 13}"
YFXGLDKLS,"{""P47619"": 3}"
YFXGFNGLT,"{""P47580"": 4}"
YFXYWAXXX,"{""P47323"": 16}"
YFXYWAXLF,"{""P47323"": 5}"
YFLXNDANX,"{""P47437"": 475}"
YFLXNDANK,"{""P47437"": 7}"
YFLXXXXXX,"{""P47437"": 103}"
YFLESFSPL,"{""P47471"": 96}"
YFLEIIXDF,"{""P47606"": 2}"
YFLEIIYDF,"{""P47606"": 112}"
YFLFEFNAD,"{""P47349"": 126}"
YFLSFSDGG,"{""P47249"": 140}"
YFLKNDANX,"{""P47437"": 17}"
YFLKNDANK,"{""P47437"": 3}"
YFLITSXSE,"{""P47247"": 110}"
YFLITSXXX,"{""P47247"": 37}"
YFLITSKSE,"{""P47247"": 6}"
YFNNAGLFE,"{""P47512"": 565}"
YFNANXXXX,"{""P47342"": 88}"
YFNANXNDX,"{""P47342"": 483}"
YFNANXNDK,"{""P47342"": 15}"
YFNANKNDX,"{""P47342"": 19}"
YFNANKNDK,"{""P47342"": 1}"
YFNINVELE,"{""P47248"": 11}"
YFQAXXXXX,"{""P47325"": 85}"
YFQAXSDLX,"{""P47325"": 448}"
YFQAXSDLK,"{""P47325"": 24}"
YFQAILPLR,"{""P47249"": 103}"
YFQAILPLX,"{""P47249"": 31}"
YFQAKSDLX,"{""P47325"": 22}"
YFQAKSDLK,"{""P47325"": 2}"
YFQLIXGVX,"{""P47648"": 103}"
YFQLIXGVK,"{""P47648"": 4}"
YFQLIXXXX,"{""P47648"": 18}"
YFQLIKGVK,"{""P47648"": 1}"
YFQLIKGVX,"{""P47648"": 6}"
YFQEELAXP,"{""Q49415"": 88}"
YFQEELAXX,"{""Q49415"": 22}"
YFQEELAKP,"{""Q49415"": 3}"
YFQIARVYX,"{""P47282"": 1}"
YFIEPNIMT,"{""P47346"": 611}"
YFKHVLESX,"{""Q9ZB73"": 5}"
YFKHLEPTN,"{""P47653"": 6}"
YFKIXSSFX,"{""Q49421"": 14}"
YFKIXXXXX,"{""Q49421"": 7}"
YFKIKSSFX,"{""Q49421"": 1}"
YFKTFTFAT,"{""P52271"": 9}"
YFKNNLVIP,"{""P47442"": 5}"
YFKNLSGGT,"{""P47447"": 1}"
YFKGLDXLS,"{""P47619"": 3}"
YFKEXASDI,"{""P47668"": 1}"
YFGXGVVVE,"{""P47486"": 119}"
YFGXXXXXX,"{""P47486"": 435}"
YFGKGVVVE,"{""P47486"": 6}"
YFEXAQXXX,"{""P47345"": 68}"
YFEXAQXIX,"{""P47345"": 2}"
YFEXXXXXX,"{""P47345"": 22}"
YFEKAQXXX,"{""P47345"": 3}"
YFEKAQXIR,"{""P47345"": 1}"
YFDADDDXX,"{""P47576"": 110}"
YFDADDDXK,"{""P47576"": 4}"
YFDADDDKX,"{""P47576"": 3}"
YFDCNVIGT,"{""P47364"": 116}"
YFDLETTWI,"{""P47266"": 33}"
YFDXNVIGT,"{""P47364"": 6}"
YFSLXNIAN,"{""P47577"": 474}"
YFSLXXXXX,"{""P47577"": 109}"
YFSLKNIAN,"{""P47577"": 23}"
YFSYVLSXA,"{""Q49428"": 94}"
YFSYVLSXX,"{""Q49428"": 13}"
YFSYVLSKA,"{""Q49428"": 2}"
YFSXVLSXX,"{""Q49428"": 2}"
YFSXVLSXA,"{""Q49428"": 2}"
YFFLDEXXX,"{""P47497"": 15}"
YFFLDEXEI,"{""P47497"": 107}"
YFFLDEKEI,"{""P47497"": 8}"
YFFNXXXXX,"{""P47533"": 87}"
YFFNXXIRE,"{""P47533"": 12}"
YFFNXXIXE,"{""P47533"": 1}"
YFFNKXXXX,"{""P47533"": 2}"
YFFNKXIRE,"{""P47533"": 1}"
YFFDNVESQ,"{""P47642"": 120}"
YFFEEXGSX,"{""P55825"": 6}"
YFFEERGSX,"{""P55825"": 25}"
YFRYWAXXX,"{""P47323"": 93}"
YFRYWAXLF,"{""P47323"": 1}"
YFRYWAKLF,"{""P47323"": 2}"
YFRXWAXXX,"{""P47323"": 4}"
YFYGFNGLT,"{""P47580"": 119}"
YFYAFLDVP,"{""P47527"": 25}"
YFTGXELYF,"{""Q49427"": 96}"
YFTGXELXF,"{""Q49427"": 3}"
YFTGXXXXX,"{""Q49427"": 19}"
YFTGKELYF,"{""Q49427"": 3}"
YFANPPQNX,"{""P47685"": 110}"
YFANPPQNK,"{""P47685"": 5}"
YFWYRXRCV,"{""P47371"": 5}"
YFWYRXRXV,"{""P47371"": 1}"
YFWYRXXXX,"{""P47371"": 17}"
YFWYRXXCV,"{""P47371"": 3}"
YFWYXXXXX,"{""P47371"": 2}"
YFWXRXRCV,"{""P47371"": 1}"
YIEXXXXXX,"{""P47368"": 17}"
YIEXEFGSH,"{""P47368"": 100}"
YIESINEPX,"{""P47299"": 101}"
YIESINEPK,"{""P47299"": 1}"
YIESNXDLD,"{""P47269"": 88}"
YIESNXXXX,"{""P47269"": 17}"
YIESNKDLD,"{""P47269"": 4}"
YIEEXXXXX,"{""P47277"": 89}"
YIEEXVFLF,"{""P47277"": 19}"
YIEKEFGSH,"{""P47368"": 2}"
YIPQVESTP,"{""Q57081"": 122}"
YIYIXXXXX,"{""P47300"": 533}"
YIYIXMIYS,"{""P47300"": 5}"
YIYDLENSD,"{""Q49436"": 117}"
YITTFFENS,"{""P47533"": 113}"
YITNGITTN,"{""P47311"": 133}"
YITCSXXXX,"{""P47258"": 91}"
YITCSXGES,"{""P47258"": 20}"
YITCSKGES,"{""P47258"": 2}"
YITXSXXXX,"{""P47258"": 6}"
YITXSXGES,"{""P47258"": 3}"
YIQNLQXVQ,"{""Q49405"": 483}"
YIQNLQXXX,"{""Q49405"": 90}"
YIQNLQKVQ,"{""Q49405"": 27}"
YINSADLAT,"{""Q49420"": 115}"
YINEFLEXX,"{""P47599"": 111}"
YINEFLEXK,"{""P47599"": 1}"
YINEFLEKX,"{""P47599"": 2}"
YINEFYXXX,"{""P47254"": 27}"
YINEFYXXI,"{""P47254"": 88}"
YINEFYXKI,"{""P47254"": 2}"
YINEFYKXI,"{""P47254"": 4}"
YINEFYKXX,"{""P47254"": 1}"
YINEFXXXI,"{""P47254"": 5}"
YINEFXXXX,"{""P47254"": 1}"
YINERNLPD,"{""P47597"": 103}"
YINEXNLPD,"{""P47597"": 33}"
YIDLTIHRL,"{""P47350"": 30}"
YIDLTIHXL,"{""P47350"": 3}"
YIDELASTX,"{""Q49416"": 115}"
YIDELASTK,"{""Q49416"": 6}"
YIDQIVSLG,"{""P47683"": 33}"
YIFEMLFFF,"{""P47393"": 103}"
YIFEXTFSE,"{""P47607"": 7}"
YIFERTFSE,"{""P47607"": 23}"
YIFXXAXEI,"{""P47628"": 20}"
YIFXXAXXX,"{""P47628"": 74}"
YIFXXAKEI,"{""P47628"": 1}"
YIFXXXXXX,"{""P47628"": 38}"
YIFXKAXXX,"{""P47628"": 1}"
YIFKXAXXX,"{""P47628"": 1}"
YIFKXXXXX,"{""P47628"": 1}"
YIILXXXXX,"{""P47347"": 577}"
YIILQLISG,"{""P47400"": 30}"
YIIAGDTXQ,"{""P47386"": 99}"
YIIAGDTXX,"{""P47386"": 22}"
YIIAGDTKQ,"{""P47386"": 6}"
YIIPTGGLY,"{""P47662"": 27}"
YIIPTGGLX,"{""P47662"": 1}"
YIIFLLSNG,"{""P55825"": 38}"
YIIWELIPF,"{""Q9ZB71"": 35}"
YIIQDRALP,"{""P47446"": 5}"
YIIQDXALP,"{""P47446"": 5}"
YIXXXXXXX,"{""P47335"": 107, ""P47271"": 115, ""P47655"": 13, ""P35888"": 79}"
YIXDPEXLI,"{""P47655"": 74}"
YIXDPEXXX,"{""P47655"": 12}"
YIXDPEKLI,"{""P47655"": 6}"
YIXDINRFV,"{""P35888"": 19}"
YIXDINXFV,"{""P35888"": 5}"
YIXDLENSD,"{""Q49436"": 7}"
YIXIXXXXX,"{""P47300"": 24}"
YIXQSGGRG,"{""P47335"": 9}"
YIXQSGGXG,"{""P47335"": 3}"
YIWFDLDXX,"{""P47655"": 106}"
YIWFDLDXK,"{""P47655"": 4}"
YIWFDLDKX,"{""P47655"": 4}"
YIWFDLDKK,"{""P47655"": 1}"
YILQGXIXX,"{""P47597"": 83}"
YILQGXIXK,"{""P47597"": 5}"
YILQGXIKK,"{""P47597"": 1}"
YILQGXIKX,"{""P47597"": 3}"
YILQGXXXX,"{""P47597"": 18}"
YILQGKIXX,"{""P47597"": 5}"
YILXIAQSI,"{""P47591"": 90}"
YILXXXXXX,"{""P47323"": 111, ""P47591"": 14}"
YILAIDFGL,"{""Q9ZB76"": 142}"
YILDQNQGN,"{""P47549"": 120}"
YILNDQQIQ,"{""P47369"": 19}"
YILKIAQSI,"{""P47591"": 4}"
YIGQAINEL,"{""P47299"": 115}"
YIALIGHLN,"{""P47684"": 119}"
YIVAMQXDG,"{""P47481"": 93}"
YIVAMQXXX,"{""P47481"": 16}"
YIVAMQKDG,"{""P47481"": 5}"
YIKDPEXLI,"{""P47655"": 3}"
YTXXXXXXX,"{""P47368"": 456, ""P47540"": 469, ""P47473"": 20, ""P47347"": 83, ""Q9ZB77"": 13}"
YTXXXEEVV,"{""P47540"": 6}"
YTXXGNEXF,"{""P47368"": 24}"
YTXXGNEXX,"{""P47368"": 6}"
YTXDLXXXX,"{""P47438"": 17}"
YTXDLXRXX,"{""P47438"": 4}"
YTXDVYGLN,"{""Q9ZB77"": 98}"
YTXDVXGLN,"{""Q9ZB77"": 10}"
YTXNTPGYF,"{""P47347"": 475}"
YTXNTPGXF,"{""P47347"": 21}"
YTXVASDFW,"{""P47473"": 92}"
YTXRGNEXF,"{""P47368"": 77}"
YTXRGNEXX,"{""P47368"": 13}"
YTXRGNEKF,"{""P47368"": 1}"
YTXRXXXXX,"{""P47540"": 58}"
YTXRXEEVV,"{""P47540"": 19}"
YTXQVFDGL,"{""P47442"": 7}"
YTXLFDLFQ,"{""P47551"": 5}"
YTDNFSXSS,"{""P20796"": 98}"
YTDNFSXXX,"{""P20796"": 19}"
YTDNFSKSS,"{""P20796"": 7}"
YTDPSNVLV,"{""P47540"": 591}"
YTDVTNLLD,"{""P47264"": 108}"
YTETRLSLY,"{""P47446"": 113}"
YTETRLSLX,"{""P47446"": 3}"
YTETXLSLY,"{""P47446"": 32}"
YTEARLSXL,"{""P47250"": 105}"
YTEARLSXX,"{""P47250"": 23}"
YTEAXLSKL,"{""P47250"": 3}"
YTEAXLSXL,"{""P47250"": 28}"
YTEAXLSXX,"{""P47250"": 3}"
YTEXXXXXX,"{""P47453"": 453}"
YTEXLERIE,"{""P47453"": 82}"
YTEXLEXIE,"{""P47453"": 22}"
YTEKLERIE,"{""P47453"": 4}"
YTEKLEXIE,"{""P47453"": 1}"
YTNVXMTPT,"{""P47668"": 110}"
YTNVXXXXX,"{""P47668"": 17}"
YTNVKMTPT,"{""P47668"": 6}"
YTNYLXNXQ,"{""P47429"": 26}"
YTNYLXNXX,"{""P47429"": 6}"
YTNYLXNKQ,"{""P47429"": 1}"
YTNYLYNXX,"{""P47429"": 76}"
YTNYLYNXQ,"{""P47429"": 442}"
YTNYLYNKQ,"{""P47429"": 18}"
YTNFWNXLV,"{""P47576"": 461}"
YTNFWNXXX,"{""P47576"": 87}"
YTNFWNKLV,"{""P47576"": 25}"
YTNXQNYFD,"{""P47582"": 106}"
YTNXQNXFD,"{""P47582"": 6}"
YTNXXXXXX,"{""P47582"": 14, ""P47635"": 21}"
YTNXTDITK,"{""P47635"": 8}"
YTNXTDITX,"{""P47635"": 87}"
YTNXLYNXQ,"{""P47429"": 21}"
YTNXLYNXX,"{""P47429"": 5}"
YTNLLDLXE,"{""P47460"": 23}"
YTNLLDLXX,"{""P47460"": 92}"
YTNLLDLKE,"{""P47460"": 1}"
YTNGFXSIL,"{""Q49329"": 85}"
YTNGFXXXX,"{""Q49329"": 19}"
YTNGFKSIL,"{""Q49329"": 4}"
YTNKQNYFD,"{""P47582"": 6}"
YTNKTDITX,"{""P47635"": 4}"
YTGSIFXXX,"{""P47553"": 105}"
YTGSIFXRS,"{""P47553"": 2}"
YTGAYSISN,"{""P47429"": 114}"
YTGAXSISN,"{""P47429"": 9}"
YTGFRVGIG,"{""P47582"": 31}"
YTGFXVGIG,"{""P47582"": 4}"
YTSDNGAMI,"{""P47292"": 118}"
YTTVVCATA,"{""P47641"": 113}"
YTTVVXATA,"{""P47641"": 10}"
YTYDLXXXX,"{""P47438"": 428}"
YTYDLXXKX,"{""P47438"": 1}"
YTYDLXRXX,"{""P47438"": 96}"
YTYDLXRXK,"{""P47438"": 1}"
YTYDLXRKX,"{""P47438"": 1}"
YTYDLKXXX,"{""P47438"": 1}"
YTYDLKRXX,"{""P47438"": 3}"
YTYDLKRKX,"{""P47438"": 1}"
YTYLFDLFQ,"{""P47551"": 93}"
YTYPSIFSE,"{""P47314"": 24}"
YTQNVASII,"{""P47678"": 549}"
YTQASLIEE,"{""P47368"": 524}"
YTQWIFSEL,"{""P47508"": 129}"
YTQRRICSI,"{""P47411"": 3}"
YTQXXICSI,"{""P47411"": 1}"
YTQXRICSI,"{""P47411"": 1}"
YTVTNQIXE,"{""P47265"": 101}"
YTVTNQIXX,"{""P47265"": 13}"
YTVTNQIKE,"{""P47265"": 3}"
YTVFGHXLX,"{""P47366"": 100}"
YTVFGHXXX,"{""P47366"": 23}"
YTVFGHKLX,"{""P47366"": 3}"
YTVRYFLXX,"{""P47437"": 4}"
YTVRYFLXN,"{""P47437"": 14}"
YTVRYFLKN,"{""P47437"": 2}"
YTVRXFLXX,"{""P47437"": 1}"
YTVNFVQNI,"{""P47495"": 105}"
YTVAGQSNT,"{""Q49411"": 102}"
YTVXYFLXN,"{""P47437"": 2}"
YTIANHHNX,"{""P47376"": 108}"
YTIANHHNK,"{""P47376"": 2}"
YTIVGTLEA,"{""P47524"": 111}"
YTINFRGLH,"{""P47583"": 2}"
YTLNSSLAX,"{""P22747"": 130}"
YTLNSSLAK,"{""P22747"": 2}"
YTLQFNXXX,"{""P47640"": 114}"
YTPQTLTXX,"{""P47314"": 112}"
YTPQTLTXD,"{""P47314"": 7}"
YTPQTLTKD,"{""P47314"": 1}"
YTKNTPGYF,"{""P47347"": 20}"
YTKDVYGLN,"{""Q9ZB77"": 3}"
YTKVASDFW,"{""P47473"": 9}"
YTKRGNEKF,"{""P47368"": 1}"
YTKRGNEXF,"{""P47368"": 5}"
YTKRXEEVV,"{""P47540"": 1}"
YTKRXXXXX,"{""P47540"": 1}"
YTKRKEEVV,"{""P47540"": 1}"
YTKXGNEXF,"{""P47368"": 2}"
YTKXGNEXX,"{""P47368"": 1}"
YTKXXXXXX,"{""P47540"": 2}"
YTRQVFDGL,"{""P47442"": 24}"
YDSDLIXXX,"{""P47632"": 87}"
YDSDLIXER,"{""P47632"": 1}"
YDSDLIXEX,"{""P47632"": 1}"
YDSDLIKEX,"{""P47632"": 1}"
YDSDLIKER,"{""P47632"": 1}"
YDSMLXXXX,"{""P47248"": 83}"
YDSMLXVND,"{""P47248"": 28}"
YDSAHGELX,"{""P47543"": 114}"
YDSLFYLNV,"{""P47637"": 28}"
YDSLFXLNV,"{""P47637"": 3}"
YDNNGRALY,"{""P20796"": 116}"
YDNNGRALX,"{""P20796"": 5}"
YDNNGXALY,"{""P20796"": 33}"
YDNNGXALX,"{""P20796"": 2}"
YDNLVEXTM,"{""P47380"": 84}"
YDNLVEXXX,"{""P47380"": 24}"
YDNLVEKTM,"{""P47380"": 4}"
YDEGSCINH,"{""P47534"": 543}"
YDEGSXINH,"{""P47534"": 26}"
YDEIDXAPE,"{""P13927"": 458}"
YDEIDXXXX,"{""P13927"": 147}"
YDEIDKAPE,"{""P13927"": 19}"
YDEIXXINI,"{""P47685"": 77}"
YDEIXXXXX,"{""P47685"": 39}"
YDEIXKINI,"{""P47685"": 4}"
YDEIKXXXX,"{""P47685"": 3}"
YDEIKXINI,"{""P47685"": 6}"
YDFFSLFQE,"{""P47607"": 113}"
YDFGXXXXX,"{""P47310"": 512}"
YDFGXLEFQ,"{""P47310"": 22}"
YDFGKLEFQ,"{""P47310"": 1}"
YDFLYEPSX,"{""Q49410"": 537}"
YDFLYEPSK,"{""Q49410"": 5}"
YDFLXEPSX,"{""Q49410"": 27}"
YDFLXEPSK,"{""Q49410"": 1}"
YDFVLCDTS,"{""P47539"": 17}"
YDFVLXDTS,"{""P47539"": 1}"
YDFIVYPTN,"{""P47458"": 5}"
YDLXAIYGL,"{""P47277"": 108}"
YDLXAIXGL,"{""P47277"": 5}"
YDLXXXXXX,"{""P47277"": 20}"
YDLDXLFXD,"{""P47395"": 81}"
YDLDXLFXX,"{""P47395"": 19}"
YDLDXLFKD,"{""P47395"": 5}"
YDLDXXXXX,"{""P47395"": 12}"
YDLISNNFG,"{""P47702"": 40}"
YDLLYTXAX,"{""P47483"": 83}"
YDLLYTXAK,"{""P47483"": 2}"
YDLLYTXXX,"{""P47483"": 21}"
YDLLYTKAX,"{""P47483"": 4}"
YDLLXTXAX,"{""P47483"": 3}"
YDLLXTXXX,"{""P47483"": 1}"
YDLKAIYGL,"{""P47277"": 4}"
YDAIIFDYY,"{""P47306"": 536}"
YDAIIFDYX,"{""P47306"": 37}"
YDAIIFDXY,"{""P47306"": 23}"
YDAIIFDXX,"{""P47306"": 3}"
YDARQXAAY,"{""P47426"": 22}"
YDARQXXXX,"{""P47426"": 5}"
YDARQKAAY,"{""P47426"": 2}"
YDAXQXAAY,"{""P47426"": 3}"
YDAXQXXXX,"{""P47426"": 1}"
YDYLIEVNX,"{""P47484"": 576}"
YDYLIEVNK,"{""P47484"": 10}"
YDYHLMESY,"{""P47305"": 106}"
YDYHLMESX,"{""P47305"": 5}"
YDYXTFEXX,"{""P47512"": 21}"
YDYXTFEXL,"{""P47512"": 63}"
YDYXTFEKL,"{""P47512"": 1}"
YDYXXXXXX,"{""P47512"": 19}"
YDYKTFEXL,"{""P47512"": 2}"
YDITAVLND,"{""P47666"": 37}"
YDIYFXEVC,"{""Q9ZB70"": 82}"
YDIYFXEVX,"{""Q9ZB70"": 1}"
YDIYFXXXX,"{""Q9ZB70"": 18}"
YDIYFKEVC,"{""Q9ZB70"": 1}"
YDIYFKEVX,"{""Q9ZB70"": 1}"
YDIXFXEVC,"{""Q9ZB70"": 5}"
YDIXFXXXX,"{""Q9ZB70"": 2}"
YDDVIEFSA,"{""P47277"": 148}"
YDDIDHLGN,"{""P47583"": 111}"
YDDLLNQYE,"{""Q49419"": 112}"
YDDLLNQXE,"{""Q49419"": 6}"
YDQLEXHLN,"{""P20796"": 8}"
YDQLEXXXX,"{""P20796"": 107}"
YDXSYWXVD,"{""P47592"": 357}"
YDXSYWXXX,"{""P47592"": 75}"
YDXSYWKVD,"{""P47592"": 25}"
YDXSXWXXX,"{""P47592"": 3}"
YDXSXWXVD,"{""P47592"": 20}"
YDXXXXXXX,"{""P47447"": 116, ""P47395"": 33, ""P47592"": 84}"
YDXXTFEXL,"{""P47512"": 2}"
YDXEELDII,"{""P47395"": 79}"
YDXHLMESY,"{""P47305"": 7}"
YDXLIEVNX,"{""P47484"": 23}"
YDXLIEVNK,"{""P47484"": 2}"
YDXLVTGEV,"{""P47612"": 7}"
YDXFIFLPL,"{""P47568"": 9}"
YDXKTFEXL,"{""P47512"": 1}"
YDPITPFIV,"{""P47315"": 118}"
YDPNSYFTF,"{""P47534"": 125}"
YDPNSXFTF,"{""P47534"": 5}"
YDMSGAAIV,"{""P47631"": 107}"
YDGGLVEXI,"{""P47249"": 6}"
YDGGLVEYI,"{""P47249"": 127}"
YDKSYWXVD,"{""P47592"": 22}"
YDKSYWXXX,"{""P47592"": 2}"
YDKSXWXVD,"{""P47592"": 1}"
YDKEELDII,"{""P47395"": 2}"
YDKXXXXXX,"{""P47447"": 3}"
YDRFIFLPL,"{""P47568"": 20}"
YDCLVTGEV,"{""P47612"": 103}"
YSGLYAWQL,"{""P20796"": 568}"
YSGLXAWQL,"{""P20796"": 37}"
YSITPIVDP,"{""P47582"": 614}"
YSDXXXXXX,"{""P47276"": 503}"
YSDXIRVGH,"{""P47276"": 23}"
YSDXIXVGH,"{""P47276"": 3}"
YSDXAVYGH,"{""P47293"": 1}"
YSDIHSLNN,"{""P47278"": 120}"
YSDPLYSDT,"{""Q57081"": 26}"
YSDYAVYGH,"{""P47293"": 130}"
YSDYAVXGH,"{""P47293"": 3}"
YSDNYXXXX,"{""P47653"": 97}"
YSDNYXQII,"{""P47653"": 20}"
YSDNXXXXX,"{""P47653"": 2}"
YSDNXXQII,"{""P47653"": 1}"
YSDKIRVGH,"{""P47276"": 1}"
YSELAFYEX,"{""P47520"": 537}"
YSELAFYEK,"{""P47520"": 25}"
YSELAFXEX,"{""P47520"": 36}"
YSELAFXEK,"{""P47520"": 1}"
YSEXFLXAP,"{""Q49460"": 395}"
YSEXFLXXX,"{""Q49460"": 81}"
YSEXFLKAP,"{""Q49460"": 18}"
YSEXXXXXX,"{""Q49460"": 89}"
YSEFSNPXP,"{""P47368"": 95}"
YSEFSNPXX,"{""P47368"": 18}"
YSEFSNPKP,"{""P47368"": 1}"
YSEKFLXXX,"{""Q49460"": 2}"
YSEKFLXAP,"{""Q49460"": 15}"
YSEKFLKAP,"{""Q49460"": 1}"
YSFGQNVLS,"{""P47376"": 600}"
YSFYAINYP,"{""Q49412"": 536}"
YSFYAINXP,"{""Q49412"": 23}"
YSFXAINYP,"{""Q49412"": 34}"
YSFXAINXP,"{""Q49412"": 3}"
YSFAMSXSP,"{""P47371"": 87}"
YSFAMSXXX,"{""P47371"": 20}"
YSFAMSKSP,"{""P47371"": 3}"
YSPSXTIXE,"{""P47595"": 347}"
YSPSXTIXX,"{""P47595"": 109}"
YSPSXTIKE,"{""P47595"": 18}"
YSPSXXXXX,"{""P47595"": 92}"
YSPSKTIXE,"{""P47595"": 18}"
YSPSKTIXX,"{""P47595"": 4}"
YSPLLVXXX,"{""P47624"": 114}"
YSPLLVXXK,"{""P47624"": 3}"
YSPLLVXKX,"{""P47624"": 9}"
YSPLLVKXX,"{""P47624"": 9}"
YSPLLVKKX,"{""P47624"": 1}"
YSPTATRRY,"{""P47583"": 12}"
YSPTATRXY,"{""P47583"": 4}"
YSPTATRXX,"{""P47583"": 1}"
YSPTATXRY,"{""P47583"": 5}"
YSPTATXRX,"{""P47583"": 1}"
YSPTATXXY,"{""P47583"": 1}"
YSSLGVIGS,"{""P47685"": 567}"
YSXXXXXXX,"{""P47641"": 41, ""P47249"": 526, ""P47615"": 33, ""P47632"": 40}"
YSXXIFNSE,"{""P47641"": 77}"
YSXXINTNE,"{""P47632"": 74}"
YSXIVIMTD,"{""P47249"": 24}"
YSXKINTNE,"{""P47632"": 1}"
YSXKIFNSE,"{""P47641"": 5}"
YSXKXXXXX,"{""P47615"": 2}"
YSXAVNYLX,"{""P47256"": 4}"
YSYXXXXXX,"{""P47615"": 555}"
YSYKXXXXX,"{""P47615"": 16}"
YSYIFWITT,"{""Q49401"": 26}"
YSTYPNGVX,"{""P47590"": 541}"
YSTYPNGVK,"{""P47590"": 26}"
YSTNQPQXL,"{""P47483"": 101}"
YSTNQPQXX,"{""P47483"": 12}"
YSTNQPQKL,"{""P47483"": 6}"
YSTFSSTTV,"{""P47582"": 120}"
YSTFIPNPF,"{""P47645"": 33}"
YSTXPNGVX,"{""P47590"": 21}"
YSTXIIALX,"{""P47532"": 8}"
YSTRIIALX,"{""P47532"": 25}"
YSTRIIALK,"{""P47532"": 1}"
YSLEXXXXX,"{""P47667"": 98}"
YSLEXQNTV,"{""P47667"": 19}"
YSLIQFXXX,"{""P47610"": 91}"
YSLIQFXNR,"{""P47610"": 17}"
YSLIQFXNX,"{""P47610"": 6}"
YSNISYFEX,"{""P47271"": 104}"
YSNISYFEK,"{""P47271"": 1}"
YSNISXFEX,"{""P47271"": 10}"
YSNDYRXLL,"{""Q49426"": 21}"
YSNDYRXXX,"{""Q49426"": 5}"
YSNDYXXLL,"{""Q49426"": 2}"
YSNDYXXXX,"{""Q49426"": 2}"
YSNDXXXLL,"{""Q49426"": 1}"
YSNDXXXXX,"{""Q49426"": 1}"
YSNDXRXLL,"{""Q49426"": 1}"
YSASXVLIS,"{""P47580"": 107}"
YSASXXXXX,"{""P47580"": 29}"
YSASKVLIS,"{""P47580"": 4}"
YSARDIVXA,"{""P47658"": 19}"
YSARDIVXX,"{""P47658"": 3}"
YSAXDIVXA,"{""P47658"": 6}"
YSQVXXDNQ,"{""Q9ZB77"": 68}"
YSQVXXXXX,"{""Q9ZB77"": 45}"
YSQVXKDNQ,"{""Q9ZB77"": 4}"
YSQVKXDNQ,"{""Q9ZB77"": 2}"
YSVQFQXXX,"{""P47523"": 97}"
YSVQFQXLE,"{""P47523"": 26}"
YSVQFQKLE,"{""P47523"": 1}"
YSMXXXXXX,"{""P47514"": 23}"
YSMXISYFA,"{""P47514"": 96}"
YSMXISXFA,"{""P47514"": 6}"
YSMKISYFA,"{""P47514"": 2}"
YSRAVNYLX,"{""P47256"": 19}"
YSKXIFNSE,"{""P47641"": 4}"
YSKXINTNE,"{""P47632"": 3}"
YSKXXXXXX,"{""P47632"": 2}"
YSWTMYDYR,"{""P47527"": 4}"
YSWTMYDYX,"{""P47527"": 1}"
YGFEIXDFT,"{""P47282"": 509}"
YGFEIXXXX,"{""P47282"": 94}"
YGFEIKDFT,"{""P47282"": 23}"
YGFHGTSYX,"{""P47599"": 540}"
YGFHGTSYK,"{""P47599"": 21}"
YGFHGTSXX,"{""P47599"": 42}"
YGFHGTSXK,"{""P47599"": 1}"
YGFWXXXXX,"{""Q49429"": 82}"
YGFWXNHTW,"{""Q49429"": 23}"
YGFWKNHTW,"{""Q49429"": 1}"
YGFDGVDGE,"{""P47442"": 130}"
YGFLTLHGE,"{""P47310"": 127}"
YGFSGGINI,"{""P47299"": 126}"
YGELVLXGX,"{""P47612"": 440}"
YGELVLXGK,"{""P47612"": 4}"
YGELVLXXX,"{""P47612"": 127}"
YGELVLKGX,"{""P47612"": 21}"
YGENYLDXT,"{""P47455"": 87}"
YGENYLDXX,"{""P47455"": 24}"
YGENYLDKT,"{""P47455"": 1}"
YGENXLDXT,"{""P47455"": 4}"
YGENXLDXX,"{""P47455"": 3}"
YGEIAYIAY,"{""P47549"": 116}"
YGEIAYIAX,"{""P47549"": 2}"
YGEIAXIAY,"{""P47549"": 3}"
YGXNLPXLI,"{""P47277"": 375}"
YGXNLPXXX,"{""P47277"": 105}"
YGXNLPKLI,"{""P47277"": 16}"
YGXXXXXXX,"{""Q49405"": 85, ""P47445"": 87, ""P47277"": 96, ""Q49435"": 102, ""P47297"": 16, ""P47520"": 3}"
YGXXNLQNX,"{""P47520"": 28}"
YGXXNLQNK,"{""P47520"": 1}"
YGXFDETGD,"{""P47442"": 30}"
YGXGAFCXT,"{""P47297"": 75}"
YGXGAFCXX,"{""P47297"": 13}"
YGXGAFCKT,"{""P47297"": 6}"
YGXGAFXKT,"{""P47297"": 1}"
YGXGAFXXX,"{""P47297"": 1}"
YGXGAFXXT,"{""P47297"": 3}"
YGXENXAQI,"{""Q49405"": 2}"
YGXENCAQI,"{""Q49405"": 25}"
YGXIIIMTD,"{""P47445"": 28}"
YGXHTXHQF,"{""P47564"": 6}"
YGXKNLQNX,"{""P47520"": 2}"
YGYFDETGD,"{""P47442"": 575}"
YGVAYCLSY,"{""Q49409"": 534}"
YGVAYCLSX,"{""Q49409"": 29}"
YGVAYXLSY,"{""Q49409"": 20}"
YGVAYXLSX,"{""Q49409"": 3}"
YGVANXGIL,"{""P47415"": 97}"
YGVANXXXX,"{""P47415"": 21}"
YGVANKGIL,"{""P47415"": 3}"
YGVAXCLSY,"{""Q49409"": 30}"
YGVAXCLSX,"{""Q49409"": 2}"
YGVAXXLSY,"{""Q49409"": 4}"
YGIFVDLXQ,"{""P47365"": 94}"
YGIFVDLXX,"{""P47365"": 20}"
YGIFVDLKQ,"{""P47365"": 3}"
YGIGMWSSY,"{""P47484"": 110}"
YGIGMWSSX,"{""P47484"": 6}"
YGIITPEGD,"{""P47691"": 140}"
YGIDDIXDF,"{""P47436"": 9}"
YGIDDIRDF,"{""P47436"": 16}"
YGNYLIDNL,"{""P47661"": 126}"
YGNDSLEXA,"{""Q49418"": 7}"
YGNDSLERA,"{""Q49418"": 25}"
YGNXXXXXX,"{""P47357"": 448}"
YGNXHYQRV,"{""P47357"": 96}"
YGNXHYQXV,"{""P47357"": 26}"
YGNXHXQRV,"{""P47357"": 8}"
YGNXHXQXV,"{""P47357"": 2}"
YGNXLIDNL,"{""P47661"": 2}"
YGNKHYQXV,"{""P47357"": 1}"
YGNKHYQRV,"{""P47357"": 6}"
YGGGGHNNA,"{""P22746"": 134}"
YGMXWILXN,"{""P47486"": 381}"
YGMXWILXX,"{""P47486"": 70}"
YGMXWILKN,"{""P47486"": 21}"
YGMXXXXXX,"{""P47486"": 105}"
YGMKWILXN,"{""P47486"": 15}"
YGMKWILXX,"{""P47486"": 2}"
YGMKWILKN,"{""P47486"": 1}"
YGHRQPYTX,"{""P47474"": 102}"
YGHRQPYTK,"{""P47474"": 2}"
YGHRQPXTX,"{""P47474"": 1}"
YGHRQPXTK,"{""P47474"": 3}"
YGHXQPYTX,"{""P47474"": 25}"
YGHXQPXTX,"{""P47474"": 1}"
YGSEXVWDC,"{""P47515"": 6}"
YGSESDSEI,"{""P47653"": 114}"
YGSERVWDC,"{""P47515"": 15}"
YGSERVWDX,"{""P47515"": 3}"
YGSIADLYI,"{""P47587"": 14}"
YGSIADLXI,"{""P47587"": 1}"
YGCXNLQNX,"{""P47520"": 470}"
YGCXNLQNK,"{""P47520"": 14}"
YGCXXXXXX,"{""P47520"": 90}"
YGCKNLQNX,"{""P47520"": 22}"
YGCKNLQNK,"{""P47520"": 1}"
YGRHTXHQF,"{""P47564"": 20}"
YGRHTXXXX,"{""P47564"": 5}"
YGRHTKHQF,"{""P47564"": 2}"
YGAFVHRTN,"{""P47299"": 124}"
YGAFVHXTN,"{""P47299"": 33}"
YGPECEXXX,"{""P56723"": 20}"
YGPECEXSF,"{""P56723"": 72}"
YGPECEKSF,"{""P56723"": 7}"
YGPEXEXSF,"{""P56723"": 4}"
YGPEXEXXX,"{""P56723"": 1}"
YGDIXXXXX,"{""P47464"": 20}"
YGDIXHPXP,"{""P47464"": 82}"
YGDIXHPXX,"{""P47464"": 8}"
YGDIXHPKP,"{""P47464"": 3}"
YGDIKHPXP,"{""P47464"": 3}"
YGDIKHPXX,"{""P47464"": 1}"
YGLIDTNTT,"{""P47551"": 107}"
YGLILDQTV,"{""P47365"": 6}"
YGKNLPXXX,"{""P47277"": 6}"
YGKNLPXLI,"{""P47277"": 26}"
YGKNLPKLI,"{""P47277"": 5}"
YGKIIIMTD,"{""P47445"": 2}"
YGKGAFCXT,"{""P47297"": 4}"
YPSWLYEXX,"{""P47356"": 427}"
YPSWLYEXY,"{""P47356"": 103}"
YPSWLYEKY,"{""P47356"": 3}"
YPSWLXEXY,"{""P47356"": 7}"
YPSWLXEXX,"{""P47356"": 26}"
YPSRSYWSX,"{""Q57081"": 101}"
YPSRSXWSX,"{""Q57081"": 5}"
YPSXSYWSX,"{""Q57081"": 22}"
YPSAFHVFE,"{""Q9ZB76"": 131}"
YPFINPXIX,"{""P47492"": 464}"
YPFINPXIK,"{""P47492"": 17}"
YPFINPXXX,"{""P47492"": 88}"
YPFINPKIX,"{""P47492"": 25}"
YPFLXXISN,"{""P47651"": 102}"
YPFLXXXXX,"{""P47651"": 433}"
YPFLXKISN,"{""P47651"": 6}"
YPFLERNPF,"{""P47426"": 26}"
YPFLEXNPF,"{""P47426"": 10}"
YPFLKXXXX,"{""P47651"": 18}"
YPFLKXISN,"{""P47651"": 3}"
YPFLKKISN,"{""P47651"": 1}"
YPFSTASXD,"{""P47483"": 88}"
YPFSTASXX,"{""P47483"": 24}"
YPFSTASKD,"{""P47483"": 1}"
YPXHQNNVL,"{""P47546"": 99}"
YPXNTPXXX,"{""P47344"": 396}"
YPXNTPXIG,"{""P47344"": 28}"
YPXNTPKIG,"{""P47344"": 2}"
YPXXXXXXX,"{""P47344"": 115, ""P47546"": 18}"
YPIISIEDG,"{""P47647"": 124}"
YPINSVSDY,"{""P47429"": 6}"
YPINSVSDX,"{""P47429"": 1}"
YPGFSXLAX,"{""P47399"": 100}"
YPGFSXLAK,"{""P47399"": 4}"
YPGFSXXXX,"{""P47399"": 22}"
YPGFSKLAX,"{""P47399"": 4}"
YPGFSKLAK,"{""P47399"": 1}"
YPGIRNSWS,"{""P47653"": 6}"
YPGIXNSWS,"{""P47653"": 3}"
YPKNTPXXX,"{""P47344"": 16}"
YPKHQNNVL,"{""P47546"": 2}"
YPELXIXXX,"{""P47396"": 16}"
YPELXIXLE,"{""P47396"": 85}"
YPELXIKLE,"{""P47396"": 8}"
YPELXXXXX,"{""P47396"": 25}"
YPELKIXLE,"{""P47396"": 2}"
YPEMCIVAT,"{""P47514"": 23}"
YPEMXIVAT,"{""P47514"": 4}"
YPHNVVLIF,"{""P47353"": 134}"
YPHEFSGGQ,"{""P47326"": 6}"
YPQMIXXLN,"{""P47535"": 78}"
YPQMIXXXX,"{""P47535"": 31}"
YPQMIXKLN,"{""P47535"": 6}"
YPQMIKXLN,"{""P47535"": 6}"
YPDFIPXXX,"{""P47576"": 95}"
YPDFIPXXF,"{""P47576"": 6}"
YPDFIPXRF,"{""P47576"": 17}"
YPDFIPKRF,"{""P47576"": 1}"
YPDLLXATI,"{""P47255"": 108}"
YPDLLXXXX,"{""P47255"": 17}"
YPDLLKATI,"{""P47255"": 5}"
YPDVSVVXA,"{""Q57081"": 10}"
YPDVSVVYA,"{""Q57081"": 144}"
YXXXXXXXX,"{""P47435"": 113, ""P47582"": 492, ""P47660"": 86, ""P47633"": 21, ""Q49460"": 533, ""Q49415"": 441, ""P47583"": 483, ""P47405"": 79, ""P47604"": 509, ""P47445"": 414, ""Q49417"": 208, ""P47283"": 146, ""P47609"": 32, ""P47394"": 85, ""P47249"": 121, ""P47320"": 106, ""P47288"": 86, ""P47470"": 26, ""P47703"": 108, ""P47310"": 101, ""P47362"": 99, ""P47576"": 31, ""P47297"": 25, ""P52271"": 32, ""P47371"": 101, ""Q49409"": 112, ""P47251"": 116, ""P47610"": 117, ""P47591"": 13, ""P47593"": 117, ""P47579"": 35, ""P47344"": 122, ""P47374"": 33, ""P47702"": 24, ""P47294"": 22, ""P47450"": 19, ""P47508"": 13, ""P47614"": 17, ""P47606"": 14, ""P47502"": 22, ""P47706"": 14, ""P47492"": 15, ""P47516"": 19, ""P47286"": 15, ""P47356"": 6, ""P47277"": 12, ""P47326"": 4, ""P47661"": 21, ""P47264"": 28, ""P47493"": 4, ""Q49432"": 18, ""P47653"": 4, ""P47662"": 8, ""Q9ZB82"": 1}"
YXXAXGFNV,"{""P47508"": 20}"
YXXAXXXXX,"{""P47508"": 9}"
YXXADAIGI,"{""P47493"": 21}"
YXXAKGFNV,"{""P47508"": 1}"
YXXLFIVLA,"{""Q49417"": 355}"
YXXLLPYFX,"{""P47326"": 2}"
YXXLLPYFY,"{""P47326"": 4}"
YXXLVWFFF,"{""P47435"": 2}"
YXXVXXXXX,"{""P52271"": 8}"
YXXVXPNYX,"{""P52271"": 53}"
YXXVXPNYK,"{""P52271"": 2}"
YXXVXPNXX,"{""P52271"": 3}"
YXXVVXLWN,"{""P47582"": 19}"
YXXVVXXXX,"{""P47582"": 5}"
YXXVVKLWN,"{""P47582"": 1}"
YXXVKPNYX,"{""P52271"": 1}"
YXXYTQWIF,"{""P47508"": 24}"
YXXPLXSFQ,"{""P47579"": 52}"
YXXPLXXXX,"{""P47579"": 10}"
YXXPLKSFQ,"{""P47579"": 4}"
YXXPHNVSY,"{""P47404"": 2}"
YXXSDTFIF,"{""P47662"": 15}"
YXXDPWFFQ,"{""P47288"": 19}"
YXXDFNEQX,"{""P47653"": 1}"
YXXQCNQXX,"{""Q9ZB82"": 1}"
YXXQCNQXT,"{""Q9ZB82"": 5}"
YXXQXNQXT,"{""Q9ZB82"": 1}"
YXNXNSNTL,"{""P47264"": 21}"
YXNXXXXXX,"{""P47264"": 79}"
YXNSADHEF,"{""P47492"": 94}"
YXNEQTRLM,"{""P47604"": 30}"
YXNEQTXLM,"{""P47604"": 8}"
YXNETSAVI,"{""P47670"": 8}"
YXNTTVFFS,"{""P47362"": 19}"
YXNDVTTPX,"{""P47332"": 3}"
YXNKNSNTL,"{""P47264"": 1}"
YXEINQISD,"{""P47593"": 439}"
YXEIVDFIQ,"{""P47590"": 7}"
YXEDPIVSS,"{""P47543"": 9}"
YXEAARNFI,"{""P47566"": 8}"
YXEAAXNFI,"{""P47566"": 3}"
YXENDVRAM,"{""P47606"": 3}"
YXETINXXX,"{""P47649"": 2}"
YXFCLENSV,"{""P47371"": 451}"
YXFXLENSV,"{""P47371"": 30}"
YXFXVDQIN,"{""P47493"": 2}"
YXFSINGLT,"{""Q49460"": 115}"
YXFSTLLNL,"{""P47371"": 25}"
YXFDFLSCI,"{""P47576"": 87}"
YXFDFLSXI,"{""P47576"": 6}"
YXFGTDQLN,"{""P47369"": 4}"
YXFFSLFVS,"{""P47291"": 1}"
YXGLVFGQF,"{""P47610"": 478}"
YXGLGEMDA,"{""P47249"": 470}"
YXGLGEMNA,"{""P47445"": 128}"
YXGDQFLXV,"{""P47470"": 78}"
YXGDQFLXX,"{""P47470"": 16}"
YXGDQFLKV,"{""P47470"": 5}"
YXGXIETNF,"{""P47583"": 15}"
YXGXXXXXX,"{""P47583"": 1}"
YXGAIDLQS,"{""P47702"": 79}"
YXGNVXNLI,"{""Q49408"": 9}"
YXGKIETNF,"{""P47583"": 2}"
YXLLLXDIN,"{""P47661"": 84}"
YXLLLXXXX,"{""P47661"": 25}"
YXLLLKDIN,"{""P47661"": 3}"
YXLLGLYXX,"{""Q49409"": 432}"
YXLLGLYXA,"{""Q49409"": 18}"
YXLLGLYKA,"{""Q49409"": 1}"
YXLLGLXXX,"{""Q49409"": 16}"
YXLLGLXXA,"{""Q49409"": 2}"
YXLLNYYFC,"{""P47606"": 76}"
YXLLNYYFX,"{""P47606"": 5}"
YXLLNYXFC,"{""P47606"": 4}"
YXLLNXYFC,"{""P47606"": 4}"
YXLLNXXFC,"{""P47606"": 1}"
YXLLSXXTN,"{""P47405"": 7}"
YXLLSRXXX,"{""P47405"": 2}"
YXLLSRXTN,"{""P47405"": 11}"
YXLLSRKTN,"{""P47405"": 1}"
YXLLXXXXX,"{""P47267"": 19}"
YXLLXEMRL,"{""P47267"": 3}"
YXLSLQQIT,"{""P47591"": 118}"
YXLSPTLEV,"{""P47251"": 27}"
YXLFLDCAY,"{""P47450"": 85}"
YXLFLDCAX,"{""P47450"": 4}"
YXLFLDXAY,"{""P47450"": 7}"
YXLFCEFSP,"{""P47609"": 83}"
YXLFXEFSP,"{""P47609"": 1}"
YXLIXSDHP,"{""P47349"": 21}"
YXLIXXXXX,"{""P47349"": 2}"
YXLIDFXXY,"{""P47400"": 1}"
YXLIDFXXX,"{""P47400"": 1}"
YXLTXXNAX,"{""P47250"": 1}"
YXLTXXXXX,"{""P47250"": 5}"
YXLTXRNAX,"{""P47250"": 2}"
YXLTQDYXX,"{""P47362"": 85}"
YXLTQDYXK,"{""P47362"": 1}"
YXLTQDYKX,"{""P47362"": 4}"
YXLTQDXXX,"{""P47362"": 3}"
YXLAVQRNL,"{""P47703"": 20}"
YXLAVQXNL,"{""P47703"": 3}"
YXLAQXXXX,"{""P47264"": 22}"
YXLWFVVGX,"{""P47319"": 6}"
YXLENYEDR,"{""P47473"": 1}"
YXTEINLLD,"{""P47394"": 481}"
YXTEWNSVN,"{""Q49460"": 23}"
YXTLPINIT,"{""P47516"": 111}"
YXTXXXXXX,"{""P47283"": 431}"
YXSSVFSYT,"{""P47320"": 447}"
YXSSVFSXT,"{""P47320"": 20}"
YXSSELPIF,"{""P47286"": 83}"
YXSTDXNXV,"{""P47502"": 71}"
YXSTDXNXX,"{""P47502"": 15}"
YXSTDXNKV,"{""P47502"": 3}"
YXSTDXXXX,"{""P47502"": 18}"
YXSTDKNXV,"{""P47502"": 7}"
YXSMQGLYD,"{""P47583"": 35}"
YXHQALHAY,"{""P47610"": 97}"
YXHQALHAX,"{""P47610"": 9}"
YXHANHQFT,"{""P47344"": 448}"
YXDINNGXN,"{""P47251"": 101}"
YXDINNGXX,"{""P47251"": 347}"
YXDINNGKN,"{""P47251"": 6}"
YXDIGGILM,"{""Q49432"": 98}"
YXDSLGEFE,"{""P47455"": 21}"
YXDVNDXXX,"{""P47542"": 8}"
YXDVNDXGE,"{""P47542"": 24}"
YXDHFLXAT,"{""Q49460"": 3}"
YXDHFLKAT,"{""Q49460"": 1}"
YXIIGFEDV,"{""P47633"": 95}"
YXIFASTTP,"{""P47374"": 77}"
YXILIEQEL,"{""P47277"": 110}"
YXILNXTLH,"{""P47661"": 5}"
YXILNXXXX,"{""P47661"": 24}"
YXILNKTLH,"{""P47661"": 1}"
YXISIDNID,"{""P47310"": 4}"
YXINSAALX,"{""P47686"": 25}"
YXINSAALK,"{""P47686"": 1}"
YXVXIXXXX,"{""Q49415"": 21}"
YXVXIXWIF,"{""Q49415"": 1}"
YXVSRXXXX,"{""P47583"": 97}"
YXVSRXLRL,"{""P47583"": 3}"
YXVSXXXXX,"{""P47583"": 20}"
YXVSXXLRL,"{""P47583"": 2}"
YXVRIXXXX,"{""Q49415"": 71}"
YXVRIXWIF,"{""Q49415"": 8}"
YXVALVHFP,"{""P47451"": 5}"
YXVMLENNV,"{""P47419"": 2}"
YXQXXXXXX,"{""P47294"": 71, ""P47637"": 4}"
YXQXTMLVG,"{""P47294"": 26}"
YXQXSSHID,"{""P47637"": 1}"
YXQFYNXGL,"{""P47582"": 15}"
YXQFYNXXX,"{""P47582"": 52}"
YXQFYNKGL,"{""P47582"": 1}"
YXQFXLIWL,"{""P47614"": 84}"
YXQFXXXXX,"{""P47614"": 14}"
YXQFXNXXX,"{""P47582"": 2}"
YXQFXNXGL,"{""P47582"": 1}"
YXQFKLIWL,"{""P47614"": 2}"
YXQNXSYLD,"{""P47372"": 5}"
YXQNXXXXX,"{""P47372"": 1}"
YXQLGFLRV,"{""P47660"": 15}"
YXQLGFLXV,"{""P47660"": 3}"
YXQKTMLVG,"{""P47294"": 2}"
YXRVVXLWN,"{""P47582"": 69}"
YXRVVXXXX,"{""P47582"": 11}"
YXRVVKLWN,"{""P47582"": 2}"
YXRFLVPNE,"{""P47625"": 9}"
YXRGTYVSY,"{""P47325"": 4}"
YXRGTYVSX,"{""P47325"": 1}"
YXASDIAEI,"{""P47706"": 92}"
YXASIXAEX,"{""P47297"": 87}"
YXASIXXXX,"{""P47297"": 16}"
YXASIKAEX,"{""P47297"": 4}"
YXALNEQXN,"{""P47661"": 23}"
YXALNEQXX,"{""P47661"": 4}"
YXALNEQKN,"{""P47661"": 1}"
YXAVGENPN,"{""P47367"": 31}"
YXPDLYXXX,"{""P47683"": 2}"
YXPDLYXXY,"{""P47683"": 2}"
YXPDLYKXY,"{""P47683"": 1}"
YXPINFXXX,"{""P47658"": 4}"
YXPINFXQT,"{""P47658"": 1}"
YXPSCNSKL,"{""P47496"": 1}"
YXPSCNSXL,"{""P47496"": 5}"
YXKVXPNXX,"{""P52271"": 1}"
YXKVXPNYX,"{""P52271"": 4}"
YXKADAIGI,"{""P47493"": 3}"
YXKAXGFNV,"{""P47508"": 2}"
YXKLFIVLA,"{""Q49417"": 12}"
YXKLLPYFY,"{""P47326"": 1}"
YXKDPWFFQ,"{""P47288"": 2}"
YXKYTQWIF,"{""P47508"": 1}"
YAXXXXXXX,"{""P47446"": 106, ""P47299"": 32, ""P47283"": 98, ""P47333"": 109, ""P47347"": 16, ""P47286"": 24}"
YAXXNNAXX,"{""P47299"": 65}"
YAXXNNAXL,"{""P47299"": 16}"
YAXXNNAKL,"{""P47299"": 1}"
YAXXIIQDX,"{""P47446"": 1}"
YAXLLTXSS,"{""P47286"": 14}"
YAXLLTXXX,"{""P47286"": 80}"
YAXLSTLIX,"{""P47347"": 97}"
YAXLSTLIK,"{""P47347"": 2}"
YAXKNNAXL,"{""P47299"": 1}"
YAXKNNAXX,"{""P47299"": 8}"
YAXYIIQDR,"{""P47446"": 4}"
YAXETADET,"{""P47283"": 1}"
YAVDQILNQ,"{""P47513"": 587}"
YAVLIMMGI,"{""P47307"": 141}"
YAVTFDFES,"{""P47493"": 1}"
YANFMGAFX,"{""P47473"": 598}"
YANFMGAFK,"{""P47473"": 16}"
YANLANFQA,"{""P47460"": 120}"
YANVQFGEH,"{""P47615"": 114}"
YANXXAIDX,"{""P47288"": 74}"
YANXXAIDK,"{""P47288"": 3}"
YANXXXXXX,"{""P47288"": 33}"
YANKXAIDX,"{""P47288"": 3}"
YANKXXXXX,"{""P47288"": 2}"
YANDSNIEX,"{""P47340"": 1}"
YAAPQQGLG,"{""P47549"": 123}"
YAAAFVLDE,"{""Q49428"": 105}"
YAFEVXFNI,"{""P47278"": 488}"
YAFEVXXXX,"{""P47278"": 76}"
YAFEVKFNI,"{""P47278"": 19}"
YAFGVGDII,"{""P47633"": 100}"
YAFLGDVVV,"{""P47407"": 604}"
YAFLISELE,"{""P47394"": 4}"
YAHVTFFFD,"{""P47669"": 124}"
YAHSLGVYE,"{""P47699"": 23}"
YAHSLGVXE,"{""P47699"": 2}"
YAIATKYQM,"{""P47698"": 22}"
YAIATXYQM,"{""P47698"": 449}"
YAIATXXXX,"{""P47698"": 95}"
YAIATXXQM,"{""P47698"": 26}"
YAIAXTLDQ,"{""P47443"": 104}"
YAIAXXXXX,"{""P47443"": 13, ""P47457"": 17}"
YAIAXQLEV,"{""P47457"": 99}"
YAIAKQLEV,"{""P47457"": 5}"
YAIAKTLDQ,"{""P47443"": 2}"
YAIPHININ,"{""P47269"": 118}"
YAIIIAENL,"{""Q9ZB71"": 123}"
YAINQLVTS,"{""P47491"": 35}"
YAIGQVAGI,"{""P47429"": 112}"
YAIXXXXXX,"{""P47509"": 104}"
YATSXXXXX,"{""P47597"": 23}"
YATSXHDLF,"{""P47597"": 88}"
YATSKHDLF,"{""P47597"": 7}"
YAPSPTGYL,"{""P47700"": 135}"
YAPSPTGXL,"{""P47700"": 4}"
YASFLDXDV,"{""P47248"": 90}"
YASFLDXXX,"{""P47248"": 16}"
YASFLDKDV,"{""P47248"": 3}"
YAEGYPSXX,"{""P47634"": 85}"
YAEGYPSXR,"{""P47634"": 17}"
YAEGYPSKR,"{""P47634"": 1}"
YAEGXPSXX,"{""P47634"": 5}"
YAQXXXXXX,"{""P47306"": 78}"
YAQXQRYDA,"{""P47306"": 13}"
YAQXQRXDA,"{""P47306"": 1}"
YAQXQXYDA,"{""P47306"": 6}"
YAQMGARSP,"{""P47695"": 6}"
YAQMGAXSP,"{""P47695"": 2}"
YAKLSTLIX,"{""P47347"": 2}"
YAKLSTLIK,"{""P47347"": 1}"
YAKLLTXXX,"{""P47286"": 2}"
YAKXNNAXX,"{""P47299"": 3}"
YHPHGDSSI,"{""P47446"": 23}"
YHPDVNXXX,"{""P47248"": 120}"
YHPDVNXLG,"{""P47248"": 490}"
YHPDVNKLG,"{""P47248"": 15}"
YHPDRNNAP,"{""P47442"": 30}"
YHPDXNNAP,"{""P47442"": 6}"
YHILSGLLI,"{""P47250"": 590}"
YHIXXXXXX,"{""Q49436"": 98}"
YHIXLRXXX,"{""Q49436"": 5}"
YHIXLRXES,"{""Q49436"": 11}"
YHIXLRKES,"{""Q49436"": 2}"
YHIXLXXES,"{""Q49436"": 1}"
YHIKLRXES,"{""Q49436"": 2}"
YHIVRGTLD,"{""P47333"": 103}"
YHIVXGTLD,"{""P47333"": 33}"
YHIFRNSII,"{""P47323"": 1}"
YHGDNLNLL,"{""P47321"": 112}"
YHGXIAALA,"{""P47413"": 2}"
YHGRIAALA,"{""P47413"": 9}"
YHLDIVXPN,"{""P47282"": 100}"
YHLDIVXXX,"{""P47282"": 9}"
YHLDIVKPN,"{""P47282"": 2}"
YHLQAQXAN,"{""P47545"": 104}"
YHLQAQXXX,"{""P47545"": 18}"
YHLQAQKAN,"{""P47545"": 3}"
YHLFEVVDT,"{""P47264"": 119}"
YHTDSVDND,"{""P47505"": 103}"
YHDXEYQQY,"{""P47635"": 101}"
YHDXEYQQX,"{""P47635"": 8}"
YHDXEXQQY,"{""P47635"": 3}"
YHDXXXXXX,"{""P47635"": 16}"
YHDKEYQQY,"{""P47635"": 5}"
YHWFSXXPX,"{""P47442"": 381}"
YHWFSXXPK,"{""P47442"": 18}"
YHWFSXXXX,"{""P47442"": 166}"
YHWFSXKPX,"{""P47442"": 20}"
YHWFSKXPX,"{""P47442"": 13}"
YHWFSKXPK,"{""P47442"": 1}"
YHWFSKXXX,"{""P47442"": 4}"
YHWFSKKPX,"{""P47442"": 1}"
YHYDNLXXX,"{""P47400"": 108}"
YHYDNLXAT,"{""P47400"": 450}"
YHYDNLKAT,"{""P47400"": 24}"
YHEIPWFNG,"{""Q49434"": 616}"
YHXEIDTLD,"{""P47587"": 110}"
YHXXXXXXX,"{""P47587"": 22}"
YHXDNLXAT,"{""P47400"": 18}"
YHXDNLXXX,"{""P47400"": 3}"
YHXDNLKAT,"{""P47400"": 1}"
YHKEIDTLD,"{""P47587"": 4}"
YHVHNFGEL,"{""P47406"": 7}"
YRXADAIGI,"{""P47493"": 80}"
YRXSDTFIF,"{""P47662"": 94}"
YRXXXXXXX,"{""P47653"": 19, ""P47493"": 25, ""P47662"": 19, ""P47356"": 19, ""P47404"": 3}"
YRXPHNVSY,"{""P47404"": 9}"
YRXPHNVSX,"{""P47404"": 1}"
YRXDFNEQR,"{""P47653"": 4}"
YRXLDLXRR,"{""P47282"": 1}"
YRAVGENPN,"{""P47367"": 120}"
YRFSTLLNL,"{""P47371"": 111}"
YRFRVDQIN,"{""P47493"": 8}"
YRDHFLKAT,"{""Q49460"": 1}"
YRDHFLXAT,"{""Q49460"": 16}"
YRDHFLXXX,"{""Q49460"": 2}"
YRKSDTFIF,"{""P47662"": 6}"
YRKADAIGI,"{""P47493"": 4}"
YRKPHNVSY,"{""P47404"": 2}"
YRKDFNEQR,"{""P47653"": 1}"
YRSMQGLYD,"{""P47583"": 93}"
YRSMQGLXD,"{""P47583"": 6}"
YRLTXXXXX,"{""P47250"": 18}"
YRLTXRNAX,"{""P47250"": 2}"
YRLTKRNAX,"{""P47250"": 1}"
YRLIDFXXX,"{""P47400"": 16}"
YRLIDFXRY,"{""P47400"": 2}"
YRPINFXXX,"{""P47658"": 18}"
YRPDLYXXY,"{""P47683"": 10}"
YRPDLYXXX,"{""P47683"": 6}"
YRQXXXXXX,"{""P47637"": 16}"
YRQXSSHID,"{""P47637"": 6}"
YREIVDFIQ,"{""P47590"": 24}"
YRVMLENNV,"{""P47419"": 16}"
YEELLQAXX,"{""P47540"": 80}"
YEELLQAXF,"{""P47540"": 21}"
YEXXXXXXX,"{""P47636"": 565, ""P47329"": 126, ""P47576"": 19}"
YEXXVSCHS,"{""P47265"": 6}"
YEXXVSXHS,"{""P47265"": 1}"
YEXIALXEN,"{""P47576"": 77}"
YEXIALXXX,"{""P47576"": 17}"
YEXIALKEN,"{""P47576"": 3}"
YEXFNGGVX,"{""Q49434"": 5}"
YEXTRHNAG,"{""P47329"": 5}"
YEXTXHNAG,"{""P47329"": 3}"
YEVPRVIFV,"{""P47335"": 108}"
YEVPXVIFV,"{""P47335"": 23}"
YEVGEGIIX,"{""P47246"": 592}"
YEVGEGIIK,"{""P47246"": 24}"
YEVNVLTES,"{""P47376"": 110}"
YEVNXXXXX,"{""P47446"": 23}"
YEVNXNLNQ,"{""P47446"": 89}"
YEVNKNLNQ,"{""P47446"": 3}"
YEQLVVTTN,"{""P47433"": 598}"
YESSGSNNI,"{""P22747"": 142}"
YESFCXXXX,"{""Q49421"": 17}"
YESFCXAMD,"{""Q49421"": 84}"
YESFCKAMD,"{""Q49421"": 4}"
YESFXXAMD,"{""Q49421"": 5}"
YESFXXXXX,"{""Q49421"": 1}"
YEISXFNRY,"{""P47322"": 114}"
YEISXFNRX,"{""P47322"": 2}"
YEISXFNXY,"{""P47322"": 19}"
YEISXFNXX,"{""P47322"": 1}"
YEISXXXXX,"{""P47322"": 407}"
YEISKFNRY,"{""P47322"": 4}"
YEISKFNXY,"{""P47322"": 2}"
YEISKFNXX,"{""P47322"": 1}"
YEIXXXXXX,"{""P47423"": 109}"
YEIXVNNNQ,"{""P47423"": 1}"
YEILDTDNX,"{""P47300"": 138}"
YEILDTDNK,"{""P47300"": 5}"
YEFVLLDTP,"{""P47706"": 150}"
YEFTINTSL,"{""P47563"": 149}"
YEFLSCGSN,"{""P47661"": 36}"
YETGXXXXX,"{""P47378"": 31}"
YETGXGFGY,"{""P47378"": 107}"
YETGXGFGX,"{""P47378"": 3}"
YETGKGFGY,"{""P47378"": 2}"
YETYXWLXX,"{""P47257"": 48}"
YETYXWLXQ,"{""P47257"": 20}"
YETYXXXXX,"{""P47257"": 36}"
YETYKWLXX,"{""P47257"": 3}"
YETYKWLXQ,"{""P47257"": 2}"
YETXXWLXX,"{""P47257"": 4}"
YETXXWLXQ,"{""P47257"": 1}"
YENETSVEN,"{""P47632"": 606}"
YENEGFPGY,"{""P47321"": 115}"
YENEGFPGX,"{""P47321"": 10}"
YENELNELR,"{""P47460"": 11}"
YENXEVLPS,"{""P47652"": 79}"
YENXXXXXX,"{""P47652"": 20}"
YENPLPVSR,"{""Q49399"": 21}"
YENPLPVSX,"{""Q49399"": 6}"
YENKEVLPS,"{""P47652"": 7}"
YELQNXNNV,"{""P47606"": 95}"
YELQNXXXX,"{""P47606"": 12}"
YELQNKNNV,"{""P47606"": 5}"
YELAVENDF,"{""P47386"": 94}"
YELNNLYFV,"{""P47661"": 115}"
YELNNLXFV,"{""P47661"": 7}"
YELELASXX,"{""P47446"": 96}"
YELELASXR,"{""P47446"": 19}"
YEKIALXEN,"{""P47576"": 3}"
YEKIALKEN,"{""P47576"": 1}"
YEYFNGGVX,"{""Q49434"": 129}"
YEYDRQTGQ,"{""P47593"": 2}"
YEHLILLSG,"{""P47683"": 26}"
YEPLVSGLG,"{""P47289"": 97}"
YERPQNNRF,"{""P47281"": 7}"
YERPQNNXF,"{""P47281"": 2}"
YERXVSCHS,"{""P47265"": 18}"
YERXXXXXX,"{""P47265"": 3}"
YERKVSCHS,"{""P47265"": 1}"
YEGYIXXNE,"{""P47619"": 73}"
YEGYIXXXX,"{""P47619"": 33}"
YEGYIXKNE,"{""P47619"": 3}"
YEGYIKXNE,"{""P47619"": 6}"
YEGXIXXNE,"{""P47619"": 4}"
YEGXIXXXX,"{""P47619"": 1}"
YVXGFLTES,"{""P47668"": 78}"
YVXXXXXXX,"{""P47466"": 99, ""P47312"": 28, ""P47668"": 25, ""P47394"": 13}"
YVXVQIINX,"{""P47394"": 89}"
YVXVQIINK,"{""P47394"": 4}"
YVXVIIXXX,"{""Q49400"": 25}"
YVXVIIKXX,"{""Q49400"": 1}"
YVXNHAHLG,"{""P47312"": 98}"
YVXNHFXTQ,"{""P22746"": 5}"
YVXFXEALN,"{""P47634"": 7}"
YVXFXXXXX,"{""P47634"": 3}"
YVSLNDTVQ,"{""P47639"": 110}"
YVSLASLIT,"{""P47489"": 98}"
YVSXSNYXX,"{""P47605"": 54}"
YVSXSNYXH,"{""P47605"": 21}"
YVSXSNYKH,"{""P47605"": 1}"
YVSXSNXXH,"{""P47605"": 4}"
YVSXSNXXX,"{""P47605"": 2}"
YVSXXXXXX,"{""P47605"": 29}"
YVSKSNXXX,"{""P47605"": 2}"
YVSKSNYXX,"{""P47605"": 2}"
YVLXPSIFX,"{""P47691"": 432}"
YVLXPSIFK,"{""P47691"": 5}"
YVLXXXXXX,"{""P47691"": 104}"
YVLGLLNNL,"{""P47539"": 105}"
YVLVYLLSI,"{""P47681"": 95}"
YVLVXLLSI,"{""P47681"": 7}"
YVLKPSIFX,"{""P47691"": 25}"
YVHDELLEQ,"{""Q49430"": 105}"
YVQIIFYFA,"{""P47344"": 576}"
YVQIIFXFA,"{""P47344"": 30}"
YVQNLVXXX,"{""P47482"": 105}"
YVALAQDGF,"{""P47468"": 130}"
YVAXSCIGF,"{""P47542"": 77}"
YVAXSXIGF,"{""P47542"": 5}"
YVAXXXXXX,"{""P47542"": 16}"
YVAKSCIGF,"{""P47542"": 5}"
YVIPLGMAF,"{""P47561"": 93}"
YVIDRIVDX,"{""P47477"": 17}"
YVIDXIVDX,"{""P47477"": 7}"
YVIDXIVDK,"{""P47477"": 1}"
YVNVDEQFX,"{""P47539"": 585}"
YVNVDEQFK,"{""P47539"": 29}"
YVNTVEXTV,"{""P47314"": 83}"
YVNTVEXXX,"{""P47314"": 28}"
YVNTVEKTV,"{""P47314"": 2}"
YVVVCEISF,"{""P47350"": 133}"
YVVVXEISF,"{""P47350"": 12}"
YVVFDEIDM,"{""P52271"": 581}"
YVVTNXEFD,"{""P47353"": 98}"
YVVTNXXXX,"{""P47353"": 17}"
YVVTNKEFD,"{""P47353"": 2}"
YVVSSDFAQ,"{""P35888"": 23}"
YVEIWNIVF,"{""P47534"": 552}"
YVEIIIRQL,"{""P47582"": 22}"
YVEIIIXQL,"{""P47582"": 4}"
YVTXGASXX,"{""P47575"": 22}"
YVTXGASXG,"{""P47575"": 82}"
YVTXGASKG,"{""P47575"": 3}"
YVTXXXXXX,"{""P47575"": 22}"
YVTKGASXG,"{""P47575"": 4}"
YVYNHFXTQ,"{""P22746"": 97}"
YVYNHFXXX,"{""P22746"": 11}"
YVYNHFKTQ,"{""P22746"": 5}"
YVRVIIXXX,"{""Q49400"": 107}"
YVRVIIKXX,"{""Q49400"": 3}"
YVGNPDYGS,"{""Q49413"": 128}"
YVGNPDXGS,"{""Q49413"": 7}"
YVGYIFQQY,"{""P47311"": 26}"
YVGYIFQQX,"{""P47311"": 1}"
YVGXIFQQY,"{""P47311"": 2}"
YVDLVFEAN,"{""P47620"": 120}"
YVDXNNQXX,"{""P47635"": 86}"
YVDXXXXXX,"{""P47635"": 23}"
YVDKNNQXX,"{""P47635"": 7}"
YVCFXEALN,"{""P47634"": 81}"
YVCFXXXXX,"{""P47634"": 19}"
YVCFKEALN,"{""P47634"": 6}"
YVFAINPXA,"{""P47399"": 102}"
YVFAINPXX,"{""P47399"": 19}"
YVFAINPKA,"{""P47399"": 4}"
YVKVQIINX,"{""P47394"": 5}"
YVKGFLTES,"{""P47668"": 5}"
YVKNHAHLG,"{""P47312"": 3}"
YYLSPTLEV,"{""P47251"": 536}"
YYLENYEDR,"{""P47473"": 25}"
YYLENYEDX,"{""P47473"": 3}"
YYLENXEDX,"{""P47473"": 1}"
YYLAQXXXX,"{""P47264"": 512}"
YYLAQXTNT,"{""P47264"": 3}"
YYGXIETNF,"{""P47583"": 471}"
YYGXXXXXX,"{""P47583"": 93}"
YYGMDRDQR,"{""P47669"": 7}"
YYGMDRDQX,"{""P47669"": 2}"
YYGMDXDQR,"{""P47669"": 1}"
YYGKIETNF,"{""P47583"": 26}"
YYALNEQXN,"{""P47661"": 470}"
YYALNEQXX,"{""P47661"": 82}"
YYALNEQKN,"{""P47661"": 18}"
YYEAARNFI,"{""P47566"": 111}"
YYEAAXNFI,"{""P47566"": 28}"
YYETINXXX,"{""P47649"": 87}"
YYETINXNE,"{""P47649"": 19}"
YYESEDYEM,"{""P47562"": 1}"
YYXYTQWIF,"{""P47508"": 382}"
YYXAXGFNV,"{""P47508"": 349}"
YYXAXXXXX,"{""P47508"": 110}"
YYXAKGFNV,"{""P47508"": 15}"
YYXXXXXXX,"{""P47508"": 232, ""P47326"": 15}"
YYXXTQWIF,"{""P47508"": 21}"
YYXLLPYFY,"{""P47326"": 99}"
YYXLLPYFX,"{""P47326"": 5}"
YYXLLPXFY,"{""P47326"": 7}"
YYXLLPXFX,"{""P47326"": 1}"
YYXGTYVSY,"{""P47325"": 4}"
YYQNXSXLD,"{""P47372"": 8}"
YYQNXSYLD,"{""P47372"": 97}"
YYQNXXXXX,"{""P47372"": 17}"
YYQNKSYLD,"{""P47372"": 2}"
YYNETSAVI,"{""P47670"": 108}"
YYNDVTTPX,"{""P47332"": 113}"
YYRGTYVSY,"{""P47325"": 15}"
YYRGTYVSX,"{""P47325"": 1}"
YYRGTXVSY,"{""P47325"": 2}"
YYKAXGFNV,"{""P47508"": 14}"
YYKAXXXXX,"{""P47508"": 4}"
YYKYTQWIF,"{""P47508"": 18}"
YYKXTQWIF,"{""P47508"": 2}"
YYKLLPYFY,"{""P47326"": 2}"
YYTATGINF,"{""P47251"": 21}"
YYVALVHFP,"{""P47451"": 125}"
YYVLDMFPY,"{""P47508"": 6}"
YYFGTDQLN,"{""P47369"": 121}"
YCDVNDXGE,"{""P47542"": 446}"
YCDVNDXXX,"{""P47542"": 90}"
YCDVNDKGE,"{""P47542"": 22}"
YCDSLGEFE,"{""P47455"": 527}"
YCLIXSDHP,"{""P47349"": 467}"
YCLIXXXXX,"{""P47349"": 78}"
YCLIKSDHP,"{""P47349"": 21}"
YCLLXXXXX,"{""P47267"": 408}"
YCLLXEMRL,"{""P47267"": 89}"
YCLLXEMXL,"{""P47267"": 16}"
YCLLKEMRL,"{""P47267"": 6}"
YCLLKEMXL,"{""P47267"": 3}"
YCLWFVVGX,"{""P47319"": 108}"
YCLWFVVGK,"{""P47319"": 1}"
YCILNXXXX,"{""P47661"": 413}"
YCILNXTLH,"{""P47661"": 113}"
YCILNKTLH,"{""P47661"": 2}"
YCINSAALK,"{""P47686"": 18}"
YCINSAALX,"{""P47686"": 564}"
YCEDPIVSS,"{""P47543"": 110}"
YCENDVRAM,"{""P47606"": 23}"
YCENDVXAM,"{""P47606"": 6}"
YCXFLVPNE,"{""P47625"": 35}"
YCXFCAIGQ,"{""P47338"": 3}"
YCXQCNQXT,"{""Q9ZB82"": 88}"
YCXQCNQXX,"{""Q9ZB82"": 13}"
YCXQCNQKT,"{""Q9ZB82"": 6}"
YCXQXNQXT,"{""Q9ZB82"": 2}"
YCXXXXXXX,"{""Q9ZB82"": 19}"
YCGNVXNLI,"{""Q49408"": 74}"
YCGNVXXXX,"{""Q49408"": 21}"
YCGNVKNLI,"{""Q49408"": 4}"
YCPSCNSXX,"{""P47496"": 20}"
YCPSCNSXL,"{""P47496"": 78}"
YCPSCNSKL,"{""P47496"": 3}"
YCPSXNSXL,"{""P47496"": 3}"
YCFFSLFVS,"{""P47291"": 19}"
YCRFLVPNE,"{""P47625"": 115}"
YCRFCAIGQ,"{""P47338"": 1}"
YCKQCNQXX,"{""Q9ZB82"": 3}"
YCKQCNQXT,"{""Q9ZB82"": 7}"
YWFDXXXXX,"{""P47624"": 513}"
YWFDXIPQT,"{""P47624"": 24}"
YWFDKIPQT,"{""P47624"": 1}"
YWFIALPEN,"{""Q49460"": 598}"
YWNPXXXXX,"{""P47316"": 459}"
YWNPXMGFF,"{""P47316"": 110}"
YWNPKMGFF,"{""P47316"": 7}"
YWANSPXIX,"{""P47558"": 443}"
YWANSPXIK,"{""P47558"": 10}"
YWANSPXXX,"{""P47558"": 94}"
YWANSPKIX,"{""P47558"": 33}"
YWANSPKIK,"{""P47558"": 1}"
YWAXXXXXX,"{""P47323"": 534}"
YWAXLFSFQ,"{""P47323"": 25}"
YWAKLFSFQ,"{""P47323"": 1}"
YWLLLPFFL,"{""P47289"": 105}"
YWGEPFPII,"{""P47508"": 577}"
YWSFHQDLN,"{""Q49427"": 116}"
YWDQFELXX,"{""P47528"": 546}"
YWXXXXXXX,"{""P47330"": 87, ""Q49398"": 38}"
YWXXASXXX,"{""Q49398"": 15}"
YWXXASXLX,"{""Q49398"": 68}"
YWXXASKLX,"{""Q49398"": 6}"
YWXDEIIAL,"{""P47330"": 22}"
YWXKASXLX,"{""Q49398"": 2}"
YWEINNALI,"{""P47492"": 140}"
YWKXASKLX,"{""Q49398"": 1}"
YWKXASXLX,"{""Q49398"": 2}"
YWKXXXXXX,"{""Q49398"": 1}"
YWKDEIIAL,"{""P47330"": 2}"
YMIXXXXXX,"{""P47458"": 445}"
YMIXACRFF,"{""P47458"": 78}"
YMIXACXFF,"{""P47458"": 22}"
YMIXAXRFF,"{""P47458"": 6}"
YMIKACRFF,"{""P47458"": 7}"
YMNNPIYRE,"{""P47520"": 97}"
YMNNPIYXE,"{""P47520"": 30}"
YMNNPIXRE,"{""P47520"": 5}"
YMNNPIXXE,"{""P47520"": 3}"
YMDLIPMIQ,"{""P47592"": 136}"
YMQPLIELG,"{""P47445"": 562}"
YMSGYSVVI,"{""P47269"": 105}"
YMSGXSVVI,"{""P47269"": 6}"
YMSXESTNF,"{""P47315"": 84}"
YMSXXXXXX,"{""P47315"": 24}"
YMSKESTNF,"{""P47315"": 4}"
YMXFLQALM,"{""P47580"": 8}"
YMRFLQALM,"{""P47580"": 20}"
YNFLGCLXV,"{""P47587"": 85}"
YNFLGCLXX,"{""P47587"": 24}"
YNFLGCLKV,"{""P47587"": 2}"
YNFLGXLXV,"{""P47587"": 11}"
YNFLGXLXX,"{""P47587"": 1}"
YNFAEIXVF,"{""P47681"": 446}"
YNFAEIXXX,"{""P47681"": 128}"
YNFAEIKVF,"{""P47681"": 29}"
YNFEMQMQF,"{""P47342"": 594}"
YNFEHSFNT,"{""P47376"": 568}"
YNINSLKXX,"{""P47448"": 24}"
YNINSLKXG,"{""P47448"": 1}"
YNINSLXXX,"{""P47448"": 558}"
YNINSLXXG,"{""P47448"": 24}"
YNINSLXKG,"{""P47448"": 2}"
YNIFRXDIN,"{""P47627"": 87}"
YNIFRXXXX,"{""P47627"": 22}"
YNIFRKDIN,"{""P47627"": 2}"
YNIFXXDIN,"{""P47627"": 26}"
YNIFXXXXX,"{""P47627"": 3}"
YNIFXKDIN,"{""P47627"": 1}"
YNILGXXIW,"{""P47285"": 9}"
YNILGXKIW,"{""P47285"": 1}"
YNILGRXIW,"{""P47285"": 17}"
YNILGRXXX,"{""P47285"": 6}"
YNILGRKIW,"{""P47285"": 1}"
YNIXPLTNP,"{""P47277"": 94}"
YNIXXXXXX,"{""P47349"": 75, ""P47277"": 19}"
YNIXISRSG,"{""P47349"": 15}"
YNIXISXSG,"{""P47349"": 6}"
YNIKISRSG,"{""P47349"": 1}"
YNIKPLTNP,"{""P47277"": 4}"
YNNXXXXXX,"{""Q49429"": 121}"
YNNXGEWIW,"{""Q49429"": 460}"
YNNKGEWIW,"{""Q49429"": 19}"
YNDLSLIDG,"{""Q49460"": 596}"
YNDLXXXXX,"{""P47264"": 15}"
YNDLXNQDN,"{""P47264"": 101}"
YNDLKNQDN,"{""P47264"": 2}"
YNDTXDPGD,"{""P47502"": 104}"
YNDTXXXXX,"{""P47502"": 21}"
YNDTKDPGD,"{""P47502"": 6}"
YNEIFKLSG,"{""P47606"": 5}"
YNEIFXXXX,"{""P47606"": 19}"
YNEIFXLSG,"{""P47606"": 102}"
YNEIIASEN,"{""P47336"": 102}"
YNEGLLTRT,"{""P47607"": 23}"
YNEGLLTXT,"{""P47607"": 3}"
YNQIGEIDI,"{""Q49411"": 571}"
YNQQDNSIX,"{""P47551"": 105}"
YNQQDNSIK,"{""P47551"": 5}"
YNQNNNRXI,"{""P47563"": 17}"
YNQNNNRXX,"{""P47563"": 2}"
YNQNNNXXI,"{""P47563"": 6}"
YNLXSIELX,"{""P47342"": 465}"
YNLXSIELK,"{""P47342"": 5}"
YNLXXXXXX,"{""P47342"": 121}"
YNLLXXXXX,"{""P47445"": 17}"
YNLLXEXXX,"{""P47445"": 25}"
YNLLXEXDX,"{""P47445"": 86}"
YNLLXEKDX,"{""P47445"": 5}"
YNLLNGVFL,"{""P47544"": 99}"
YNLLKEXDX,"{""P47445"": 8}"
YNLLKEXXX,"{""P47445"": 2}"
YNLIELLSA,"{""P47705"": 548}"
YNLSNAGRY,"{""P47583"": 88}"
YNLSNAGRX,"{""P47583"": 4}"
YNLSNAGXY,"{""P47583"": 25}"
YNLSNAGXX,"{""P47583"": 2}"
YNLKSIELK,"{""P47342"": 1}"
YNLKSIELX,"{""P47342"": 21}"
YNGWYNVHW,"{""P47342"": 112}"
YNGWXNVHW,"{""P47342"": 10}"
YNSQTLEIX,"{""P47660"": 123}"
YNSQTLEIK,"{""P47660"": 7}"
YNSQXXXXX,"{""P47431"": 82}"
YNSQXDPND,"{""P47431"": 23}"
YNSQKDPND,"{""P47431"": 2}"
YNSYVWIWS,"{""P47379"": 116}"
YNSLYWFDQ,"{""P47253"": 104}"
YNSLTSGIF,"{""P47498"": 112}"
YNSLXWFDQ,"{""P47253"": 4}"
YNSXVWIWS,"{""P47379"": 8}"
YNTNLPDNI,"{""P47527"": 104}"
YNVQTREGL,"{""P47278"": 26}"
YNVQTXEGL,"{""P47278"": 8}"
YNALPPLDY,"{""P47310"": 100}"
YNALPPLDX,"{""P47310"": 5}"
YNMQFQQIG,"{""P35888"": 121}"
YNMVNDVNI,"{""P47458"": 122}"
YNRLLYIEI,"{""P47647"": 24}"
YNRLLXIEI,"{""P47647"": 2}"
YNRLENSQX,"{""P47326"": 22}"
YNRLENSQK,"{""P47326"": 1}"
YNRVIVNEI,"{""P47257"": 28}"
YNHYSLSLL,"{""P47311"": 122}"
YNHXSLSLL,"{""P47311"": 10}"
YNXISGXXI,"{""P47273"": 70}"
YNXISGXXX,"{""P47273"": 25}"
YNXISGXKI,"{""P47273"": 2}"
YNXISGKXI,"{""P47273"": 5}"
YNXISGKXX,"{""P47273"": 1}"
YNXISGKKI,"{""P47273"": 1}"
YNXLENSQX,"{""P47326"": 1}"
YNXLLYIEI,"{""P47647"": 7}"
YNXXXXXXX,"{""P47273"": 20}"
YNXVIVNEI,"{""P47257"": 2}"
YNKISGXXI,"{""P47273"": 3}"
YNKISGXXX,"{""P47273"": 1}"
YQTTMIIVT,"{""P47311"": 617}"
YQTEVLNLT,"{""P47658"": 120}"
YQTEINXLR,"{""P47460"": 2}"
YQTEINRLX,"{""P47460"": 1}"
YQTEINRLR,"{""P47460"": 5}"
YQTINQELX,"{""P47661"": 88}"
YQTINQELK,"{""P47661"": 2}"
YQTYPVVNM,"{""Q49398"": 102}"
YQTXPVVNM,"{""Q49398"": 3}"
YQXDMQTGE,"{""P47595"": 113}"
YQXXXXXXX,"{""P47264"": 26, ""P47595"": 477, ""P47357"": 39, ""P52271"": 13, ""P47686"": 47, ""P47471"": 1}"
YQXXLEXLP,"{""P47471"": 5}"
YQXXLEXXX,"{""P47471"": 2}"
YQXXVDQIH,"{""P47357"": 75}"
YQXXSEAEL,"{""P47686"": 67}"
YQXQQIQNL,"{""P52271"": 88}"
YQXEGVXXX,"{""P47264"": 73}"
YQXEGVXWI,"{""P47264"": 16}"
YQXEGVKWI,"{""P47264"": 1}"
YQXWNFFXE,"{""P47645"": 26}"
YQXWNFFXX,"{""P47645"": 5}"
YQXKVDQIH,"{""P47357"": 4}"
YQXKSEAEL,"{""P47686"": 1}"
YQXRLDIEE,"{""P47705"": 2}"
YQLXGVINN,"{""P47612"": 91}"
YQLXXXXXX,"{""P47612"": 23}"
YQLDSETLX,"{""P47619"": 112}"
YQLDSETLK,"{""P47619"": 6}"
YQLDVPNVS,"{""P22747"": 128}"
YQLNLIIAN,"{""P47488"": 132}"
YQLAIGSEI,"{""P47310"": 122}"
YQLKGVINN,"{""P47612"": 3}"
YQLSFLFYV,"{""Q49430"": 30}"
YQIXTTXCF,"{""P47448"": 71}"
YQIXTTXXX,"{""P47448"": 12}"
YQIXTTXXF,"{""P47448"": 5}"
YQIXTTKCF,"{""P47448"": 5}"
YQIXXXXXX,"{""P47448"": 16}"
YQIEXLLNR,"{""P47355"": 17}"
YQIEXLLNX,"{""P47355"": 3}"
YQIEXXXXX,"{""P47355"": 100}"
YQIEKLLNR,"{""P47355"": 5}"
YQIDPXXXX,"{""P47408"": 12}"
YQIDPXTXX,"{""P47408"": 22}"
YQIDPXTXQ,"{""P47408"": 71}"
YQIDPXTKQ,"{""P47408"": 4}"
YQIDPKTXX,"{""P47408"": 1}"
YQIDPKTXQ,"{""P47408"": 5}"
YQIVDDTTQ,"{""P47576"": 23}"
YQIKTTXXF,"{""P47448"": 2}"
YQIKTTXCF,"{""P47448"": 1}"
YQQVISNIE,"{""P47448"": 109}"
YQQTQTLFH,"{""P47562"": 33}"
YQMSSXXXX,"{""P47698"": 20}"
YQMSSXDVQ,"{""P47698"": 105}"
YQMSSKDVQ,"{""P47698"": 5}"
YQFYENDRF,"{""P47625"": 109}"
YQFYENDXF,"{""P47625"": 24}"
YQFILGQDE,"{""P47313"": 110}"
YQFFAVCVN,"{""P47296"": 106}"
YQFFAVXVN,"{""P47296"": 8}"
YQFXXXXXX,"{""P47497"": 23}"
YQFXNNGVC,"{""P47497"": 82}"
YQFXNNGVX,"{""P47497"": 3}"
YQFXENDRF,"{""P47625"": 10}"
YQFXENDXF,"{""P47625"": 3}"
YQFLSFIIS,"{""P47366"": 94}"
YQFVXVEVY,"{""Q49432"": 83}"
YQFVXVEVX,"{""Q49432"": 4}"
YQFVXXXXX,"{""Q49432"": 25}"
YQFVKVEVY,"{""Q49432"": 6}"
YQFKNNGVC,"{""P47497"": 2}"
YQFKNNGVX,"{""P47497"": 1}"
YQNLTRIFL,"{""P47627"": 115}"
YQNLTXIFL,"{""P47627"": 31}"
YQNFLXNLS,"{""P47614"": 88}"
YQNFLXXXX,"{""P47614"": 15}"
YQNFLKNLS,"{""P47614"": 2}"
YQNNCNTIN,"{""P47510"": 33}"
YQNNSLVFA,"{""P47624"": 5}"
YQNNXNTIN,"{""P47510"": 1}"
YQVXIPTQE,"{""P47473"": 86}"
YQVXXXXXX,"{""P47473"": 18}"
YQVSVXCVF,"{""P47525"": 4}"
YQVSVRCVF,"{""P47525"": 21}"
YQVSVRXVF,"{""P47525"": 2}"
YQVKIPTQE,"{""P47473"": 2}"
YQGGYXLTG,"{""P47530"": 87}"
YQGGYXXXX,"{""P47530"": 19}"
YQGGYKLTG,"{""P47530"": 6}"
YQGGXKLTG,"{""P47530"": 1}"
YQGGXXLTG,"{""P47530"": 6}"
YQGFXPEVV,"{""P47429"": 91}"
YQGFXXXXX,"{""P47429"": 14}"
YQGFKPEVV,"{""P47429"": 8}"
YQRXLEXLP,"{""P47471"": 10}"
YQRXLEXXX,"{""P47471"": 2}"
YQRXXXXXX,"{""P47471"": 4}"
YQRWNFFXE,"{""P47645"": 92}"
YQRWNFFXX,"{""P47645"": 13}"
YQRWNFFKE,"{""P47645"": 4}"
YQRRLDIEE,"{""P47705"": 6}"
YQPSFQTXK,"{""P47280"": 5}"
YQPSFQTXX,"{""P47280"": 116}"
YQPSFQTKX,"{""P47280"": 8}"
YQELXXXXX,"{""P47606"": 77}"
YQELXINQI,"{""P47606"": 22}"
YQEWNLPVV,"{""P47251"": 21}"
YQWIGAICS,"{""P47367"": 4}"
YQSRNYLAX,"{""P47464"": 20}"
YQSXNYLAX,"{""P47464"": 6}"
YQKQQIQNL,"{""P52271"": 3}"
YQKDMQTGE,"{""P47595"": 9}"
YQKEGVXXX,"{""P47264"": 2}"
YQKXVDQIH,"{""P47357"": 3}"
YQKXXXXXX,"{""P47686"": 1}"
YQKXSEAEL,"{""P47686"": 1}"
YKIFASTTP,"{""P47374"": 3}"
YKIIGFEDV,"{""P47633"": 6}"
YKILIEQEL,"{""P47277"": 4}"
YKDIGGILM,"{""Q49432"": 5}"
YKDINNGXX,"{""P47251"": 23}"
YKDINNGXN,"{""P47251"": 3}"
YKTXXXXXX,"{""P47283"": 21}"
YKTLPINIT,"{""P47516"": 8}"
YKTEINLLD,"{""P47394"": 22}"
YKTEWNSVN,"{""Q49460"": 2}"
YKQFXLIWL,"{""P47614"": 4}"
YKQFYNXXX,"{""P47582"": 1}"
YKQFYNXGL,"{""P47582"": 1}"
YKQXXXXXX,"{""P47294"": 1}"
YKQXTMLVG,"{""P47294"": 1}"
YKXLFIVLA,"{""Q49417"": 17}"
YKXXXXXXX,"{""P47288"": 1, ""Q49417"": 6, ""P47435"": 1, ""P52271"": 1}"
YKXVXXXXX,"{""P52271"": 3}"
YKXVXPNYX,"{""P52271"": 1}"
YKXVVXLWN,"{""P47582"": 1}"
YKXPLXSFQ,"{""P47579"": 4}"
YKXPLXXXX,"{""P47579"": 1}"
YKXDPWFFQ,"{""P47288"": 1}"
YKVSXXXXX,"{""P47583"": 3}"
YKVSRXXXX,"{""P47583"": 3}"
YKVRIXXXX,"{""Q49415"": 3}"
YKVRIXWIF,"{""Q49415"": 1}"
YKVXIXXXX,"{""Q49415"": 3}"
YKLLLXDIN,"{""P47661"": 4}"
YKLLLXXXX,"{""P47661"": 1}"
YKLLGLYXX,"{""Q49409"": 18}"
YKLLNYYFC,"{""P47606"": 2}"
YKLFCEFSP,"{""P47609"": 2}"
YKLFLDCAY,"{""P47450"": 6}"
YKLTQDYXX,"{""P47362"": 4}"
YKLSLQQIT,"{""P47591"": 2}"
YKLAVQRNL,"{""P47703"": 2}"
YKSSVFSYT,"{""P47320"": 26}"
YKSSVFSXT,"{""P47320"": 1}"
YKSSELPIF,"{""P47286"": 3}"
YKSTDKNXV,"{""P47502"": 1}"
YKSTDXNXV,"{""P47502"": 3}"
YKSTDXNXX,"{""P47502"": 2}"
YKFDFLSCI,"{""P47576"": 3}"
YKFDFLSXI,"{""P47576"": 2}"
YKFSINGLT,"{""Q49460"": 9}"
YKFCLENSV,"{""P47371"": 23}"
YKFXLENSV,"{""P47371"": 2}"
YKGLGEMDA,"{""P47249"": 24}"
YKGLGEMNA,"{""P47445"": 5}"
YKGLVFGQF,"{""P47610"": 22}"
YKGAIDLQS,"{""P47702"": 2}"
YKEINQISD,"{""P47593"": 22}"
YKHANHQFT,"{""P47344"": 30}"
YKHQALHAY,"{""P47610"": 4}"
YKNSADHEF,"{""P47492"": 3}"
YKNXXXXXX,"{""P47264"": 5}"
YKNXNSNTL,"{""P47264"": 3}"
YKNEQTRLM,"{""P47604"": 5}"
YKNTTVFFS,"{""P47362"": 2}"
YKKLFIVLA,"{""Q49417"": 2}"
YKRVVXLWN,"{""P47582"": 1}"
YKASDIAEI,"{""P47706"": 3}"
YKASIXAEX,"{""P47297"": 1}"
QMFVWFALF,"{""Q9ZB73"": 657}"
QMSHLIFNS,"{""P47669"": 609}"
QMSTDQMTS,"{""P47291"": 133}"
QMVTNPNTI,"{""P47547"": 594}"
QMVNHGHVI,"{""P47553"": 614}"
QMXLELNSN,"{""Q49425"": 103}"
QMXLNRAHL,"{""Q49399"": 3}"
QMXLNXAHL,"{""Q49399"": 2}"
QMXQNQTGX,"{""Q49405"": 93}"
QMXQNQTGK,"{""Q49405"": 4}"
QMXXXXXXX,"{""Q49405"": 14, ""Q49425"": 27}"
QMXDNPPIT,"{""Q49310"": 6}"
QMAFIIXNS,"{""P47653"": 527}"
QMAFIIXXX,"{""P47653"": 77}"
QMAFIIKNS,"{""P47653"": 22}"
QMALLALEM,"{""P47295"": 118}"
QMAQQXFAF,"{""P47332"": 101}"
QMAQQXXXX,"{""P47332"": 31}"
QMAQQKFAF,"{""P47332"": 4}"
QMELMXXXX,"{""P47637"": 26}"
QMELMXNXV,"{""P47637"": 75}"
QMELMXNXX,"{""P47637"": 14}"
QMELMXNKV,"{""P47637"": 2}"
QMELMKNXV,"{""P47637"": 4}"
QMEIXLIPL,"{""P47664"": 102}"
QMEIXXXXX,"{""P47664"": 27}"
QMEIKLIPL,"{""P47664"": 4}"
QMGANIFMS,"{""Q49408"": 115}"
QMLEIPITV,"{""Q49460"": 566}"
QMLLTELGL,"{""Q49408"": 112}"
QMLVICLFE,"{""P47281"": 121}"
QMLVIXLFE,"{""P47281"": 6}"
QMLAFLITE,"{""P47693"": 125}"
QMQLSDQFS,"{""P47542"": 119}"
QMQYENNSL,"{""P47264"": 133}"
QMQXENNSL,"{""P47264"": 8}"
QMRDNPPIT,"{""Q49310"": 27}"
QMRLNRAHL,"{""Q49399"": 11}"
QMRLNXAHL,"{""Q49399"": 8}"
QMKQNQTGX,"{""Q49405"": 7}"
QMKLELNSN,"{""Q49425"": 6}"
QDRKTXXXX,"{""P47304"": 2}"
QDRKTXGRE,"{""P47304"": 2}"
QDRXTXXXX,"{""P47304"": 60}"
QDRXTXGRE,"{""P47304"": 9}"
QDRXTXGXE,"{""P47304"": 3}"
QDRXTKGRE,"{""P47304"": 1}"
QDRXXXXXX,"{""P47304"": 23}"
QDRFNSPVY,"{""P47484"": 1}"
QDINTWQDI,"{""P47437"": 642}"
QDIXPEEAE,"{""P36255"": 110}"
QDIXXXXXX,"{""P55750"": 458, ""P36255"": 24, ""P47460"": 10}"
QDIXXNLNN,"{""P55750"": 22}"
QDIXRNLNN,"{""P55750"": 106}"
QDIXNFFPP,"{""P47460"": 117}"
QDIKNFFPP,"{""P47460"": 3}"
QDIKPEEAE,"{""P36255"": 7}"
QDIKRNLNN,"{""P55750"": 6}"
QDVLXDSED,"{""P47473"": 516}"
QDVLXXXXX,"{""P47473"": 112}"
QDVLKDSED,"{""P47473"": 33}"
QDVVETSNY,"{""Q49413"": 120}"
QDVVETSNX,"{""Q49413"": 3}"
QDVVETSDL,"{""Q49413"": 133}"
QDVAXXXXX,"{""P47339"": 32}"
QDVAXLGXX,"{""P47339"": 77}"
QDVAXLGXR,"{""P47339"": 16}"
QDVAXLGKX,"{""P47339"": 1}"
QDVAKLGXX,"{""P47339"": 5}"
QDVAKLGXR,"{""P47339"": 2}"
QDVEQYTSL,"{""P47386"": 37}"
QDVEQXTSL,"{""P47386"": 1}"
QDESGGXXX,"{""P47260"": 113}"
QDESGGXTI,"{""P47260"": 5}"
QDETLQSEL,"{""P47326"": 28}"
QDEXXXXXX,"{""P47312"": 22}"
QDEXXLXSL,"{""P47312"": 1}"
QDEXYLXSL,"{""P47312"": 91}"
QDEXYLXXX,"{""P47312"": 18}"
QDEXYLKSL,"{""P47312"": 3}"
QDEVLFANI,"{""P47341"": 20}"
QDEKYLXXX,"{""P47312"": 2}"
QDEKYLXSL,"{""P47312"": 3}"
QDEPSLIGR,"{""P47268"": 8}"
QDEPSLIGX,"{""P47268"": 1}"
QDHIPYEID,"{""P47330"": 598}"
QDHIPXEID,"{""P47330"": 26}"
QDXLSTXII,"{""Q49399"": 74}"
QDXLSTXXX,"{""Q49399"": 16}"
QDXLSTKII,"{""Q49399"": 3}"
QDXSTWAMI,"{""P47283"": 91}"
QDXENDNXQ,"{""P47597"": 84}"
QDXENDNXX,"{""P47597"": 17}"
QDXENDNKQ,"{""P47597"": 4}"
QDXEINDIL,"{""P47508"": 7}"
QDXXTXXXX,"{""P47304"": 14}"
QDXXTXGRE,"{""P47304"": 4}"
QDXXTXGXE,"{""P47304"": 1}"
QDXXXXXXX,"{""P47283"": 22, ""Q49399"": 20, ""P47508"": 93, ""P47597"": 19, ""P47304"": 3}"
QDXKTXXXX,"{""P47304"": 3}"
QDQPIXXXX,"{""Q49460"": 500}"
QDQPIXAAD,"{""Q49460"": 110}"
QDQPIKAAD,"{""Q49460"": 9}"
QDQKHFSLF,"{""P47658"": 11}"
QDQKENELL,"{""P47460"": 10}"
QDQXHFSLF,"{""P47658"": 118}"
QDQXENELL,"{""P47460"": 96}"
QDQXXXXXX,"{""P47460"": 16, ""P47658"": 16}"
QDQVNRFVG,"{""P47341"": 34}"
QDQVNXFVG,"{""P47341"": 6}"
QDLTDLAFV,"{""P47350"": 638}"
QDLPDIDID,"{""Q49405"": 588}"
QDLEXLMIF,"{""P47669"": 93}"
QDLEXXXXX,"{""P47669"": 27}"
QDLEKLMIF,"{""P47669"": 7}"
QDLELVLNQ,"{""P47488"": 31}"
QDLDQVGQD,"{""P47297"": 132}"
QDLNQAXII,"{""Q9ZB73"": 100}"
QDLNQAXXX,"{""Q9ZB73"": 18}"
QDLNQAKII,"{""Q9ZB73"": 5}"
QDLSYXXXX,"{""P47661"": 41}"
QDLSYXXDQ,"{""P47661"": 81}"
QDLSYXKDQ,"{""P47661"": 3}"
QDLSYKXDQ,"{""P47661"": 6}"
QDLSYKXXX,"{""P47661"": 1}"
QDLSXXXDQ,"{""P47661"": 3}"
QDLSXXXXX,"{""P47661"": 2}"
QDGTHLXFH,"{""P47407"": 519}"
QDGTHLXXX,"{""P47407"": 99}"
QDGTHLKFH,"{""P47407"": 22}"
QDGIIXYLP,"{""Q49412"": 93}"
QDGIIXXXX,"{""Q49412"": 16}"
QDGIIXXLP,"{""Q49412"": 6}"
QDGIIKYLP,"{""Q49412"": 3}"
QDAMVFIQT,"{""P47313"": 125}"
QDATDDEII,"{""P47261"": 574}"
QDAFIEWAC,"{""P47353"": 113}"
QDAFIEWAX,"{""P47353"": 8}"
QDALXXXXX,"{""P47429"": 20}"
QDALXVLDL,"{""P47429"": 135}"
QDALKVLDL,"{""P47429"": 3}"
QDDXLFIAY,"{""P47313"": 98}"
QDDXLFIAX,"{""P47313"": 7}"
QDDXXXXXX,"{""P47313"": 22}"
QDDAGTILF,"{""P47621"": 137}"
QDDKLFIAY,"{""P47313"": 1}"
QDTNVELIL,"{""P47653"": 116}"
QDTVQAQLE,"{""P47460"": 33}"
QDSELLKTQ,"{""P47281"": 8}"
QDSELLXXX,"{""P47281"": 28}"
QDSELLXTQ,"{""P47281"": 106}"
QDSLEQLQX,"{""P47416"": 115}"
QDSTFFNSA,"{""P47390"": 123}"
QDSXLNFGI,"{""Q49460"": 28}"
QDSXXXXXX,"{""Q49460"": 103}"
QDPSNPEFT,"{""P47382"": 31}"
QDPSRFVXX,"{""P47678"": 5}"
QDPSRFVXA,"{""P47678"": 24}"
QDPSXFVXA,"{""P47678"": 4}"
QDPSXFVXX,"{""P47678"": 2}"
QDKLSTXII,"{""Q49399"": 9}"
QDKLSTKII,"{""Q49399"": 1}"
QDKENDNKQ,"{""P47597"": 1}"
QDKENDNXQ,"{""P47597"": 4}"
QDKSTWAMI,"{""P47283"": 4}"
QDFFARSXX,"{""P47393"": 23}"
QDFFAXSXX,"{""P47393"": 4}"
QNNLSYFNN,"{""P47658"": 125}"
QNNLSXFNN,"{""P47658"": 6}"
QNNLQFXXX,"{""P47653"": 81}"
QNNLQFXXV,"{""P47653"": 3}"
QNNLQFXRV,"{""P47653"": 22}"
QNNLQFKXV,"{""P47653"": 1}"
QNNLLLXXX,"{""P47637"": 179}"
QNNLLLXXT,"{""P47637"": 417}"
QNNLLLXKT,"{""P47637"": 26}"
QNNLLLKXT,"{""P47637"": 16}"
QNNLLLKXX,"{""P47637"": 4}"
QNNLPFNNA,"{""Q49406"": 27}"
QNNQTINFE,"{""P47534"": 116}"
QNNQPVXXX,"{""P47563"": 22}"
QNNQPVXLS,"{""P47563"": 79}"
QNNQPVKLS,"{""P47563"": 5}"
QNNTHLYQM,"{""P47314"": 599}"
QNNTHLXQM,"{""P47314"": 34}"
QNNTRTFVT,"{""P47319"": 112}"
QNNTXTFVT,"{""P47319"": 24}"
QNNPDEVLP,"{""P47653"": 613}"
QNNPLLNEW,"{""P47386"": 5}"
QNNXSEIGI,"{""P20796"": 96}"
QNNXXXXXX,"{""P20796"": 24}"
QNNIXPIIG,"{""Q49405"": 99}"
QNNIXXXXX,"{""Q49405"": 18}"
QNNIKPIIG,"{""Q49405"": 4}"
QNNMFVYLG,"{""P47465"": 118}"
QNNMFVXLG,"{""P47465"": 3}"
QNNGYLYFY,"{""P47448"": 97}"
QNNGYLYFX,"{""P47448"": 7}"
QNNGYLXFY,"{""P47448"": 9}"
QNNGXLYFY,"{""P47448"": 2}"
QNNKSEIGI,"{""P20796"": 4}"
QNNSFIFSE,"{""P47587"": 3}"
QNILQIDRX,"{""P47543"": 20}"
QNILQIDRK,"{""P47543"": 1}"
QNILQIDXX,"{""P47543"": 7}"
QNILQIDXK,"{""P47543"": 1}"
QNILSAVTL,"{""P47568"": 129}"
QNIAIANNV,"{""Q49460"": 126}"
QNIVLINAA,"{""Q49412"": 131}"
QNINLVNFX,"{""P47534"": 118}"
QNINLVNFK,"{""P47534"": 3}"
QNIQMVFQD,"{""P47326"": 137}"
QNXXYFLSF,"{""P47249"": 390}"
QNXXXXXXX,"{""P47249"": 172, ""P47408"": 16, ""P47539"": 123, ""P47369"": 17, ""P47591"": 21, ""P47431"": 12, ""P47259"": 19, ""P47587"": 20, ""P47467"": 23, ""P47546"": 16}"
QNXXXFLSF,"{""P47249"": 27}"
QNXXGEFQN,"{""P47467"": 109}"
QNXXVLLVA,"{""P47539"": 2}"
QNXTFLAFT,"{""P47431"": 109}"
QNXGXQIXI,"{""P47587"": 75}"
QNXGXQIXX,"{""P47587"": 8}"
QNXGXQIKI,"{""P47587"": 4}"
QNXGXXXXX,"{""P47587"": 11}"
QNXGKQIXI,"{""P47587"": 4}"
QNXAIVEGI,"{""P47408"": 115}"
QNXQLXEXL,"{""P47591"": 62}"
QNXQLXEXX,"{""P47591"": 19}"
QNXQLXEKL,"{""P47591"": 1}"
QNXQLXXXX,"{""P47591"": 17}"
QNXQLKEXX,"{""P47591"": 1}"
QNXQLKEXL,"{""P47591"": 3}"
QNXIVINIT,"{""P47546"": 93}"
QNXKYFLSF,"{""P47249"": 16}"
QNXKGEFQN,"{""P47467"": 2}"
QNXKXFLSF,"{""P47249"": 2}"
QNXLCGDIN,"{""P47259"": 83}"
QNXLXGDIN,"{""P47259"": 9}"
QNXNNXXYI,"{""P47369"": 21}"
QNXNNXXXX,"{""P47369"": 63}"
QNXNNKXXX,"{""P47369"": 1}"
QNXRVLLVA,"{""P47539"": 6}"
QNXFLTVNS,"{""P47257"": 9}"
QNXFDSADQ,"{""P47582"": 8}"
QNXPDTLEG,"{""P47637"": 34}"
QNXVHIIAA,"{""P47264"": 4}"
QNXVLVSNE,"{""P47571"": 3}"
QNXSXXXXX,"{""P47702"": 5}"
QNDVGEYEG,"{""P47386"": 565}"
QNDVGEXEG,"{""P47386"": 28}"
QNDLLVLAQ,"{""P47365"": 30}"
QNLFFNFDS,"{""P47597"": 112}"
QNLFQQQFQ,"{""P47460"": 146}"
QNLYQSIHT,"{""P47520"": 27}"
QNLINTENL,"{""P35888"": 120}"
QNLIEYLVS,"{""P47492"": 590}"
QNLIEXLVS,"{""P47492"": 37}"
QNLLEFSHQ,"{""P47298"": 617}"
QNLQAXXXX,"{""P47551"": 96}"
QNLQAXLSX,"{""P47551"": 8}"
QNLQAXLSR,"{""P47551"": 24}"
QNLQAKLSR,"{""P47551"": 2}"
QNLXTSIRA,"{""P47701"": 21}"
QNLXTSIXA,"{""P47701"": 4}"
QNLXXXXXX,"{""P47701"": 93}"
QNLXQSIHT,"{""P47520"": 2}"
QNLTFAEEF,"{""P47302"": 130}"
QNLDXXXXX,"{""P47351"": 95}"
QNLDXXNFF,"{""P47351"": 23}"
QNLDXKNFF,"{""P47351"": 1}"
QNLDKXNFF,"{""P47351"": 1}"
QNLDKXXXX,"{""P47351"": 6}"
QNLVERAQR,"{""P47319"": 5}"
QNLVERAQX,"{""P47319"": 1}"
QNLVEXAQR,"{""P47319"": 3}"
QNLVEXAQX,"{""P47319"": 1}"
QNLKTSIRA,"{""P47701"": 1}"
QNAMEAATX,"{""P47640"": 604}"
QNAMEAATK,"{""P47640"": 19}"
QNAQHVEDX,"{""P47460"": 146}"
QNAQHVEDK,"{""P47460"": 3}"
QNANXXXXX,"{""P47467"": 117}"
QNANGTSSS,"{""Q49409"": 121}"
QNANDLTXX,"{""P47316"": 123}"
QNANDLTKX,"{""P47316"": 3}"
QNAGNDVFI,"{""P47497"": 28}"
QNEVXQHFQ,"{""P47460"": 119}"
QNEVXXXXX,"{""P47460"": 16}"
QNEVKQHFQ,"{""P47460"": 5}"
QNEGIGXXX,"{""Q9ZB73"": 102}"
QNEGIGXVR,"{""Q9ZB73"": 14}"
QNEGIGXVX,"{""Q9ZB73"": 5}"
QNEPQGIXX,"{""Q49425"": 476}"
QNEPQGIXS,"{""Q49425"": 116}"
QNEPQGIKS,"{""Q49425"": 8}"
QNEEXFXXX,"{""P47265"": 19}"
QNEEXFXEV,"{""P47265"": 62}"
QNEEXFKEV,"{""P47265"": 1}"
QNEEXXXXX,"{""P47265"": 17}"
QNEEKFXXX,"{""P47265"": 1}"
QNEEKFXEV,"{""P47265"": 5}"
QNENNLDXE,"{""P47429"": 101}"
QNENNLDXX,"{""P47429"": 13}"
QNENNLDKE,"{""P47429"": 2}"
QNPXAVXLF,"{""P47369"": 90}"
QNPXAVXXX,"{""P47369"": 20}"
QNPXAVKLF,"{""P47369"": 4}"
QNPXXXXXX,"{""P47369"": 19}"
QNPQSFSWX,"{""P47249"": 117}"
QNPQSFSWK,"{""P47249"": 6}"
QNPKAVXLF,"{""P47369"": 1}"
QNYFDSADQ,"{""P47582"": 127}"
QNYPDTLEG,"{""P47637"": 605}"
QNYSXXXXX,"{""P47702"": 120}"
QNYTILDVX,"{""P47318"": 1}"
QNYTILDVC,"{""P47318"": 3}"
QNTDANIIS,"{""P47565"": 160}"
QNTVLNTPE,"{""P47667"": 36}"
QNSXXXXXX,"{""P47391"": 17}"
QNSXFEPMV,"{""P47391"": 90}"
QNSSVEFID,"{""P47575"": 137}"
QNSFYLDLS,"{""P47497"": 116}"
QNSFXLDLS,"{""P47497"": 6}"
QNSKFEPMV,"{""P47391"": 2}"
QNQXELXDY,"{""P47326"": 72}"
QNQXELXDX,"{""P47326"": 5}"
QNQXELXXX,"{""P47326"": 11}"
QNQXELKDY,"{""P47326"": 6}"
QNQXXXXXX,"{""P47326"": 17}"
QNQXSNLDX,"{""P47588"": 5}"
QNQYSNLDX,"{""P47588"": 109}"
QNQLVVYLX,"{""P47349"": 98}"
QNQLVVYLK,"{""P47349"": 1}"
QNQLVVXLX,"{""P47349"": 7}"
QNQLXXXXX,"{""P47302"": 28}"
QNQLXNYLS,"{""P47302"": 98}"
QNQLXNXLS,"{""P47302"": 7}"
QNQLLPNEN,"{""P47571"": 108}"
QNQLKNYLS,"{""P47302"": 3}"
QNQLKNXLS,"{""P47302"": 1}"
QNQTGXITT,"{""Q49405"": 106}"
QNQTGXXXX,"{""Q49405"": 20}"
QNQTGKITT,"{""Q49405"": 3}"
QNQIRIPIW,"{""P47588"": 7}"
QNQKELXDX,"{""P47326"": 1}"
QNQKELXDY,"{""P47326"": 4}"
QNMQLTDDI,"{""P47326"": 131}"
QNRVLVSNE,"{""P47571"": 7}"
QNRFLTVNS,"{""P47257"": 26}"
QNCVHIIAA,"{""P47264"": 107}"
QNVXXXXXX,"{""P47312"": 94}"
QNVXVRILS,"{""P47312"": 24}"
QNVXVXILS,"{""P47312"": 5}"
QNFDIEXXX,"{""P47460"": 108}"
QNFDIEXQR,"{""P47460"": 18}"
QNFDIEXQX,"{""P47460"": 4}"
QNKGXQIXX,"{""P47587"": 1}"
QNKGXQIXI,"{""P47587"": 4}"
QNKGXQIKI,"{""P47587"": 1}"
QNKGXXXXX,"{""P47587"": 2}"
QNKXYFLSF,"{""P47249"": 17}"
QNKXXXXXX,"{""P47249"": 4, ""P47467"": 1}"
QNKXGEFQN,"{""P47467"": 6}"
QNKIVINIT,"{""P47546"": 5}"
QNKAIVEGI,"{""P47408"": 7}"
QNKNNXXXX,"{""P47369"": 1}"
QNKNNXXYI,"{""P47369"": 1}"
QNKQLXEXL,"{""P47591"": 3}"
QNKQLXXXX,"{""P47591"": 1}"
QNKTFLAFT,"{""P47431"": 6}"
QNKLCGDIN,"{""P47259"": 5}"
QNKLXGDIN,"{""P47259"": 1}"
QNKKYFLSF,"{""P47249"": 1}"
QNGFYARLX,"{""P47261"": 20}"
QNGFYAXLX,"{""P47261"": 3}"
QNGFXARLX,"{""P47261"": 1}"
QFWTNFXSD,"{""P47368"": 106}"
QFWTNFXXX,"{""P47368"": 15}"
QFWTNFKSD,"{""P47368"": 4}"
QFNYQLFFV,"{""P47356"": 130}"
QFNYQTVSL,"{""P47455"": 108}"
QFNSPDYLQ,"{""P47437"": 129}"
QFNSPDXLQ,"{""P47437"": 2}"
QFNDASTAD,"{""P47341"": 120}"
QFNVVDLGP,"{""P47636"": 118}"
QFNXXXXXX,"{""P47398"": 90}"
QFNXVSVRD,"{""P47398"": 21}"
QFNXVSVXD,"{""P47398"": 3}"
QFNXQLFFV,"{""P47356"": 8}"
QFNXQTVSL,"{""P47455"": 6}"
QFNEXTXXX,"{""P47327"": 72}"
QFNEXTXDR,"{""P47327"": 16}"
QFNEXTXDX,"{""P47327"": 5}"
QFNEXTKDR,"{""P47327"": 1}"
QFNEXXXXX,"{""P47327"": 24}"
QFNEKTXXX,"{""P47327"": 2}"
QFNEKTXDX,"{""P47327"": 1}"
QFNKVSVRD,"{""P47398"": 2}"
QFLXXXXXX,"{""P47628"": 124}"
QFLXXRGCT,"{""P47628"": 1}"
QFLXRRGCT,"{""P47628"": 2}"
QFLLTNTXL,"{""P47480"": 489}"
QFLLTNTXX,"{""P47480"": 122}"
QFLLTNTKL,"{""P47480"": 21}"
QFLLEXXXX,"{""P47460"": 28}"
QFLLEXXNF,"{""P47460"": 7}"
QFLLERXXX,"{""P47460"": 92}"
QFLLERXNF,"{""P47460"": 25}"
QFLLFVVNY,"{""P47467"": 5}"
QFLLFRALQ,"{""P47551"": 25}"
QFLLFXALQ,"{""P47551"": 10}"
QFLGDVIIH,"{""P47693"": 118}"
QFLGNSDXP,"{""P47660"": 491}"
QFLGNSDXX,"{""P47660"": 127}"
QFLGNSDKP,"{""P47660"": 26}"
QFLDXXRIV,"{""P52271"": 71}"
QFLDXXXXX,"{""P52271"": 531, ""Q49405"": 18}"
QFLDXXXIV,"{""P52271"": 14}"
QFLDXNQDL,"{""Q49405"": 102}"
QFLDXKXIV,"{""P52271"": 2}"
QFLDXKRIV,"{""P52271"": 1}"
QFLDKNQDL,"{""Q49405"": 5}"
QFLDKXXXX,"{""P52271"": 14}"
QFLDKXXIV,"{""P52271"": 1}"
QFLDKXRIV,"{""P52271"": 6}"
QFLQEXXXX,"{""P47604"": 89}"
QFLQEXNER,"{""P47604"": 23}"
QFLQEXNEX,"{""P47604"": 6}"
QFLQRQFSX,"{""Q49399"": 1}"
QFLQRQFSR,"{""Q49399"": 3}"
QFLQXQFSR,"{""Q49399"": 1}"
QFLVLGLNA,"{""Q49400"": 127}"
QFLMWRAFQ,"{""P47549"": 18}"
QFLMWXAFQ,"{""P47549"": 8}"
QFLAIXXRY,"{""P47311"": 18}"
QFLAIXXRX,"{""P47311"": 3}"
QFLAIXXXX,"{""P47311"": 93}"
QFLAIXXXY,"{""P47311"": 7}"
QFLAIXKXY,"{""P47311"": 1}"
QFLAIXKRY,"{""P47311"": 1}"
QFLAIKXXX,"{""P47311"": 1}"
QFLAIKXRY,"{""P47311"": 1}"
QFLIAYRGY,"{""P47625"": 24}"
QFLIAYRGX,"{""P47625"": 3}"
QFLIAYXGY,"{""P47625"": 1}"
QFLIAXRGY,"{""P47625"": 2}"
QFLIAXXGX,"{""P47625"": 1}"
QFXNFEXVS,"{""P47466"": 96}"
QFXNFEXXX,"{""P47466"": 14}"
QFXNFEKVS,"{""P47466"": 2}"
QFXNXXXXX,"{""P47582"": 2}"
QFXQIXLET,"{""Q9ZB77"": 77}"
QFXQIXXXX,"{""Q9ZB77"": 13}"
QFXQIKLET,"{""Q9ZB77"": 3}"
QFXVTYXDG,"{""P47694"": 345}"
QFXVTYXXX,"{""P47694"": 101}"
QFXVTYKDG,"{""P47694"": 19}"
QFXVTXXDG,"{""P47694"": 12}"
QFXVTXXXX,"{""P47694"": 5}"
QFXVTIGPG,"{""P47450"": 2}"
QFXLIWLTE,"{""P47614"": 103}"
QFXLXEVLS,"{""Q49430"": 27}"
QFXLXXXXX,"{""Q49430"": 3}"
QFXLAVIGM,"{""Q49435"": 9}"
QFXLKEVLS,"{""Q49430"": 2}"
QFXXXXXXX,"{""Q9ZB77"": 19, ""P47694"": 123, ""P47466"": 16, ""P47268"": 19, ""P47614"": 16}"
QFXXLFRFV,"{""P47553"": 1}"
QFXANPFSF,"{""P47268"": 97}"
QFIXXXXXX,"{""Q49433"": 118, ""P47685"": 23, ""P47320"": 553}"
QFIXXXTSV,"{""Q49433"": 3}"
QFIXXRTSV,"{""Q49433"": 4}"
QFIXTVLNI,"{""P47685"": 90}"
QFIXLSLLV,"{""P47320"": 30}"
QFIXEXNLX,"{""P47664"": 2}"
QFIEQXQAX,"{""P47418"": 84}"
QFIEQXQAK,"{""P47418"": 2}"
QFIEQXXXX,"{""P47418"": 19}"
QFIEQKQAX,"{""P47418"": 4}"
QFIDLFQAG,"{""P47296"": 30}"
QFIDTVQYA,"{""P47661"": 29}"
QFIDTVQXA,"{""P47661"": 2}"
QFIAFVFNY,"{""P47468"": 37}"
QFIAFVFNX,"{""P47468"": 2}"
QFIGMXVDN,"{""Q49404"": 123}"
QFIGMXXXX,"{""Q49404"": 20}"
QFIGMKVDN,"{""Q49404"": 4}"
QFINXTALE,"{""P47433"": 121}"
QFINXXXXX,"{""P47433"": 13}"
QFINKTALE,"{""P47433"": 5}"
QFIITLRQX,"{""Q9ZB78"": 9}"
QFIITLRQR,"{""Q9ZB78"": 22}"
QFIITLXQR,"{""Q9ZB78"": 7}"
QFIITLXQX,"{""Q9ZB78"": 1}"
QFIKLSLLV,"{""P47320"": 8}"
QFIKTVLNI,"{""P47685"": 6}"
QFIKXXXXX,"{""Q49433"": 4}"
QFIREXNLX,"{""P47664"": 2}"
QFIRERNLX,"{""P47664"": 4}"
QFFXXXXXX,"{""P47434"": 489}"
QFFXITLPS,"{""P47434"": 124}"
QFFEVSNCG,"{""P47488"": 609}"
QFFEVSNXG,"{""P47488"": 29}"
QFFDXHNLX,"{""Q49412"": 112}"
QFFDXHNLK,"{""Q49412"": 3}"
QFFDXXXXX,"{""Q49412"": 30}"
QFFDKHNLX,"{""Q49412"": 3}"
QFFQQLIXX,"{""P47479"": 128}"
QFFQQLIXK,"{""P47479"": 2}"
QFFQQLIKX,"{""P47479"": 4}"
QFFLXNDFF,"{""P47483"": 115}"
QFFLXXXXX,"{""P47483"": 19}"
QFFLKNDFF,"{""P47483"": 6}"
QFFKITLPS,"{""P47434"": 6}"
QFYLXXXXX,"{""Q49430"": 98}"
QFYLXEVLS,"{""Q49430"": 490}"
QFYLKEVLS,"{""Q49430"": 29}"
QFYNXXXXX,"{""P47582"": 99}"
QFYNXGLLT,"{""P47582"": 23}"
QFYNKGLLT,"{""P47582"": 2}"
QFYVTIGPG,"{""P47450"": 25}"
QFANXTIFC,"{""Q49400"": 100}"
QFANXTIFX,"{""Q49400"": 8}"
QFANXXXXX,"{""Q49400"": 21}"
QFANKTIFC,"{""Q49400"": 4}"
QFANKTIFX,"{""Q49400"": 1}"
QFAXIESDL,"{""P47615"": 94}"
QFAXLTXIE,"{""P47520"": 79}"
QFAXLTXXX,"{""P47520"": 17}"
QFAXLTKIE,"{""P47520"": 4}"
QFAXXXXXX,"{""P47520"": 23, ""P47615"": 18}"
QFAKLTXIE,"{""P47520"": 2}"
QFAKLTXXX,"{""P47520"": 1}"
QFAKIESDL,"{""P47615"": 3}"
QFADLGPVY,"{""P47469"": 120}"
QFADLGPVX,"{""P47469"": 8}"
QFQQELQIT,"{""P47433"": 620}"
QFQIXFDNE,"{""P47637"": 87}"
QFQIXXXXX,"{""P47637"": 24}"
QFQIKFDNE,"{""P47637"": 3}"
QFQGYFAGG,"{""P47523"": 601}"
QFQGXFAGG,"{""P47523"": 31}"
QFQEISLFF,"{""P47640"": 136}"
QFQDPSLRX,"{""P47457"": 21}"
QFQDPSLXX,"{""P47457"": 8}"
QFRLAVIGM,"{""Q49435"": 21}"
QFRRLFRFV,"{""P47553"": 1}"
QFMVXLAXQ,"{""P47425"": 98}"
QFMVXLAXX,"{""P47425"": 18}"
QFMVXLAKQ,"{""P47425"": 7}"
QFMVXXXXX,"{""P47425"": 31}"
QFMVKLAXQ,"{""P47425"": 3}"
QFMVKLAXX,"{""P47425"": 1}"
QFMDQNATF,"{""P47449"": 33}"
QFDXFSLFV,"{""Q49428"": 108}"
QFDXXXXXX,"{""P22746"": 91, ""Q49428"": 26}"
QFDXIVIFH,"{""P22746"": 33}"
QFDSWIXXX,"{""P47326"": 120}"
QFDSNXXXX,"{""P47610"": 534}"
QFDSNXLNF,"{""P47610"": 38}"
QFDSNKLNF,"{""P47610"": 3}"
QFDKFSLFV,"{""Q49428"": 7}"
QFDKIVIFH,"{""P22746"": 1}"
QFDFLXNDM,"{""P47293"": 104}"
QFDFLXXXX,"{""P47293"": 37}"
QFDFLKNDM,"{""P47293"": 1}"
QFDDSVVIF,"{""P47324"": 26}"
QFEVVDLAS,"{""P47304"": 41}"
QFETXVFAT,"{""P47277"": 98}"
QFETXXXXX,"{""P47277"": 19}"
QFETISTAR,"{""P47535"": 17}"
QFETISTAX,"{""P47535"": 4}"
QFETKVFAT,"{""P47277"": 4}"
QFEXEYTDF,"{""P47460"": 98}"
QFEXEXTDF,"{""P47460"": 6}"
QFEXTXAXL,"{""Q49407"": 59}"
QFEXTXAXX,"{""Q49407"": 12}"
QFEXTXAKL,"{""Q49407"": 1}"
QFEXTXXXX,"{""Q49407"": 12}"
QFEXTKAXX,"{""Q49407"": 1}"
QFEXTKAXL,"{""Q49407"": 3}"
QFEXXXXXX,"{""P47460"": 21, ""Q49407"": 22}"
QFELVDXLA,"{""Q49400"": 6}"
QFELVDCLA,"{""Q49400"": 118}"
QFEGYXXXX,"{""P47446"": 119}"
QFEGYXXQF,"{""P47446"": 9}"
QFEGYKXXX,"{""P47446"": 2}"
QFEGXKXXX,"{""P47446"": 2}"
QFEGXXXXX,"{""P47446"": 2}"
QFEKEYTDF,"{""P47460"": 7}"
QFEKTKAXX,"{""Q49407"": 2}"
QFEKTKAXL,"{""Q49407"": 1}"
QFEKTXAXL,"{""Q49407"": 4}"
QFEDIVICV,"{""P47447"": 8}"
QFGTFHLYE,"{""P55825"": 593}"
QFGTFHLXE,"{""P55825"": 21}"
QFGEHXNGQ,"{""P47321"": 99}"
QFGEHXXXX,"{""P47321"": 12}"
QFGEHKNGQ,"{""P47321"": 7}"
QFSNDIISN,"{""P47359"": 120}"
QFSDQFEXE,"{""P47264"": 85}"
QFSDQFEXX,"{""P47264"": 18}"
QFSDQFEKE,"{""P47264"": 4}"
QFSIDELLM,"{""P47298"": 131}"
QFSXMPVVD,"{""Q49399"": 28}"
QFSRMPVVD,"{""Q49399"": 133}"
QFTPLXXLS,"{""P47546"": 90}"
QFTPLXXXX,"{""P47546"": 43}"
QFTPLXKLS,"{""P47546"": 6}"
QFTPLKXLS,"{""P47546"": 3}"
QFTFNEVNG,"{""Q9ZB74"": 124}"
QFHXLITXX,"{""Q49404"": 107}"
QFHXXXXXX,"{""Q49404"": 21}"
QFHKLITXX,"{""Q49404"": 5}"
QFHQQRXSQ,"{""P47446"": 5}"
QFHQQRRSQ,"{""P47446"": 3}"
QFHQQXRSQ,"{""P47446"": 2}"
QFVCYLFSD,"{""P47664"": 113}"
QFVCXLFSD,"{""P47664"": 6}"
QFVENQLGY,"{""P22747"": 128}"
QFVENQLGX,"{""P22747"": 2}"
QFVQTXXXX,"{""P47562"": 112}"
QFVQTXQLS,"{""P47562"": 1}"
QFVXYLFSD,"{""P47664"": 12}"
QFKVTYXDG,"{""P47694"": 12}"
QFKVTYXXX,"{""P47694"": 5}"
QFKVTYKDG,"{""P47694"": 1}"
QFKVTXXXX,"{""P47694"": 1}"
QFKVTXXDG,"{""P47694"": 1}"
QFKLIWLTE,"{""P47614"": 6}"
QFKANPFSF,"{""P47268"": 4}"
QFKNFEXVS,"{""P47466"": 4}"
QFKNFEXXX,"{""P47466"": 1}"
QFKQIXLET,"{""Q9ZB77"": 1}"
QXAALEDLA,"{""P47632"": 461}"
QXAAYYLEM,"{""P47426"": 413}"
QXAAYXLEM,"{""P47426"": 20}"
QXAAALXXX,"{""P47540"": 25}"
QXAAALXXL,"{""P47540"": 68}"
QXAAALXKL,"{""P47540"": 8}"
QXAAALKXL,"{""P47540"": 1}"
QXAAXYLEM,"{""P47426"": 28}"
QXAAXXLEM,"{""P47426"": 2}"
QXANTLYIP,"{""P47705"": 82}"
QXANTLXIP,"{""P47705"": 8}"
QXANNLTVN,"{""P47388"": 102}"
QXAIIXYLS,"{""P47317"": 83}"
QXAIIXXLS,"{""P47317"": 2}"
QXAIIXXXX,"{""P47317"": 16}"
QXAIIKYLS,"{""P47317"": 4}"
QXAIELYQD,"{""P47297"": 111}"
QXAIELXQD,"{""P47297"": 4}"
QXAMDXXXX,"{""P47495"": 72}"
QXAMDXADQ,"{""P47495"": 18}"
QXAVSFFAF,"{""Q49431"": 26}"
QXAVFACLL,"{""P47546"": 7}"
QXAVFAXLL,"{""P47546"": 1}"
QXAXINXXX,"{""Q57081"": 12}"
QXAXINXAY,"{""Q57081"": 66}"
QXAXINXAX,"{""Q57081"": 2}"
QXAXINKAY,"{""Q57081"": 4}"
QXAXXXXXX,"{""Q57081"": 21}"
QXADNEMNI,"{""P47653"": 113}"
QXATNSYIS,"{""P47650"": 81}"
QXATNSXIS,"{""P47650"": 4}"
QXATLYDGI,"{""P47508"": 28}"
QXATLXDGI,"{""P47508"": 1}"
QXALNXHYV,"{""Q49404"": 6}"
QXALNXHXV,"{""Q49404"": 1}"
QXALNXXXX,"{""Q49404"": 1}"
QXALNKHYV,"{""Q49404"": 2}"
QXAKINXAY,"{""Q57081"": 6}"
QXXXXXXXX,"{""P47296"": 21, ""P47312"": 105, ""P47582"": 576, ""P47542"": 87, ""P47492"": 114, ""P47440"": 578, ""Q49431"": 87, ""P47322"": 567, ""P47632"": 126, ""P47336"": 90, ""P47333"": 251, ""P47358"": 573, ""P47311"": 537, ""P47499"": 12, ""P47350"": 454, ""Q49436"": 572, ""Q9ZB71"": 457, ""P47295"": 103, ""P47490"": 26, ""P47520"": 104, ""P47393"": 20, ""P47397"": 22, ""P47629"": 22, ""Q49432"": 102, ""P47368"": 42, ""P47408"": 81, ""P47460"": 144, ""P47653"": 20, ""P47423"": 13, ""P47251"": 38, ""P47365"": 91, ""P47344"": 26, ""P47403"": 31, ""P47662"": 93, ""P47616"": 98, ""Q9ZB77"": 9, ""P47664"": 121, ""P47307"": 117, ""P47551"": 98, ""Q49415"": 95, ""P47540"": 94, ""P47277"": 115, ""P47425"": 77, ""Q49405"": 106, ""P47416"": 131, ""P47513"": 17, ""P47627"": 119, ""P47585"": 21, ""P47617"": 106, ""P47637"": 464, ""P47402"": 145, ""P47553"": 107, ""P47479"": 18, ""P47266"": 98, ""P47361"": 25, ""P47439"": 115, ""P47405"": 44, ""P47549"": 78, ""P47661"": 35, ""P47300"": 13, ""Q49412"": 86, ""P47497"": 182, ""P47264"": 30, ""P47615"": 84, ""P47455"": 105, ""P47691"": 90, ""P47703"": 28, ""P47695"": 17, ""P35888"": 105, ""P47486"": 31, ""P22747"": 26, ""Q49409"": 23, ""P47502"": 20, ""P47651"": 25, ""P47426"": 129, ""P47508"": 110, ""P47483"": 58, ""P47496"": 79, ""P47366"": 52, ""P47294"": 73, ""P47398"": 30, ""P47650"": 41, ""P47427"": 20, ""P47534"": 14, ""P47254"": 20, ""P47448"": 36, ""P47259"": 28, ""P47587"": 91, ""P47256"": 34, ""P47384"": 44, ""Q49410"": 122, ""P47302"": 28, ""P47381"": 38, ""Q49406"": 85, ""P47482"": 22, ""P47491"": 15, ""P47297"": 22, ""P47495"": 24, ""P47356"": 39, ""P47545"": 10, ""P47484"": 43, ""P47363"": 19, ""P57085"": 24, ""P47655"": 28, ""P47705"": 22, ""P47609"": 17, ""P47623"": 19, ""Q49396"": 25, ""P47597"": 77, ""Q57081"": 16, ""P47471"": 25, ""P47387"": 21, ""P47321"": 24, ""P47532"": 17, ""P47687"": 17, ""P47288"": 36, ""P47437"": 18, ""P47388"": 14, ""P47284"": 11, ""P47369"": 9, ""P47317"": 14, ""P47633"": 4, ""P47613"": 5, ""P47433"": 1}"
QXXXVXSXS,"{""P47333"": 196}"
QXXXVXSXX,"{""P47333"": 46}"
QXXXVXSKS,"{""P47333"": 16}"
QXXXVXXXX,"{""P47333"": 56}"
QXXXVKSXS,"{""P47333"": 5}"
QXXXVKSXX,"{""P47333"": 2}"
QXXXNDXTX,"{""P47366"": 70}"
QXXXNDXTK,"{""P47366"": 1}"
QXXXNDXXX,"{""P47366"": 15}"
QXXXNDKTX,"{""P47366"": 1}"
QXXXLLLXD,"{""P47661"": 3}"
QXXXEFRSL,"{""P47440"": 1}"
QXXFVINNS,"{""P47302"": 90}"
QXXFDDINA,"{""P47540"": 7}"
QXXFXXXXX,"{""P47704"": 3}"
QXXTEIFXD,"{""P47484"": 64}"
QXXTEIFXX,"{""P47484"": 17}"
QXXTEIFKD,"{""P47484"": 3}"
QXXTLDALD,"{""P47497"": 405}"
QXXTDFDIV,"{""P47613"": 4}"
QXXISGVLA,"{""P47381"": 85}"
QXXITWIDI,"{""P47427"": 7}"
QXXIXXIFI,"{""P47256"": 52}"
QXXIXXXXX,"{""P47256"": 23}"
QXXIXNFXX,"{""P47426"": 6}"
QXXIXKIFI,"{""P47256"": 1}"
QXXIKXIFI,"{""P47256"": 3}"
QXXIKXXXX,"{""P47256"": 1}"
QXXILIRPE,"{""P47288"": 1}"
QXXGTIDLS,"{""P47350"": 36}"
QXXKVXSXX,"{""P47333"": 1}"
QXXKVXSXS,"{""P47333"": 14}"
QXXKVXSKS,"{""P47333"": 2}"
QXXKVXXXX,"{""P47333"": 2}"
QXXKVKSXS,"{""P47333"": 1}"
QXXKVKSXX,"{""P47333"": 1}"
QXXKNDXTX,"{""P47366"": 2}"
QXXKNDXXX,"{""P47366"": 1}"
QXXVGYIFQ,"{""P47311"": 6}"
QXXVGXIFQ,"{""P47311"": 1}"
QXXVFWNNQ,"{""P47356"": 5}"
QXXVFLNQL,"{""P47433"": 6}"
QXXVELVFH,"{""P47277"": 4}"
QXXVXTXXP,"{""Q49415"": 4}"
QXXVXTXXX,"{""Q49415"": 2}"
QXXVXTPVE,"{""Q49406"": 4}"
QXXQATDAI,"{""P47460"": 8}"
QXXDSLINE,"{""P47597"": 2}"
QXXNMQFQQ,"{""P35888"": 31}"
QXXANXXAI,"{""P47288"": 6}"
QXXANXXXX,"{""P47288"": 1}"
QXXANXKAI,"{""P47288"": 1}"
QXXADXLXX,"{""P47455"": 1}"
QXXADYLXX,"{""P47455"": 3}"
QXXYWEINN,"{""P47492"": 4}"
QXXYSYXXX,"{""P47615"": 2}"
QXXELNELL,"{""P47460"": 7}"
QXXHLRXQA,"{""P47439"": 2}"
QXXLQNDIF,"{""P47330"": 1}"
QXYNMQFQQ,"{""P35888"": 484}"
QXYWGEPFP,"{""P47508"": 26}"
QXYANXXAI,"{""P47288"": 65}"
QXYANXXXX,"{""P47288"": 25}"
QXYANXKAI,"{""P47288"": 4}"
QXYVGYIFQ,"{""P47311"": 119}"
QXYVGXIFQ,"{""P47311"": 6}"
QXYXLLLXD,"{""P47661"": 55}"
QXYXLLLXX,"{""P47661"": 18}"
QXYXLLLKD,"{""P47661"": 4}"
QXYXXXXXX,"{""P47661"": 13}"
QXYDAIIFD,"{""P47306"": 8}"
QXYKLLLXD,"{""P47661"": 3}"
QXYKLLLXX,"{""P47661"": 1}"
QXTDGLXEI,"{""P47264"": 94}"
QXTDGLXXX,"{""P47264"": 15}"
QXTDGLKEI,"{""P47264"": 5}"
QXTMLVGLD,"{""P47294"": 20}"
QXTQVLVTN,"{""Q49432"": 502}"
QXTXVETNQ,"{""P47397"": 91}"
QXTXVFXXX,"{""P47408"": 3}"
QXTXXXXXX,"{""P47397"": 15}"
QXTGLPINP,"{""P47284"": 109}"
QXTRVFXXX,"{""P47408"": 23}"
QXTRVFKXX,"{""P47408"": 1}"
QXTNXLVXT,"{""P47668"": 3}"
QXTNXXXXX,"{""P47668"": 1}"
QXTKVETNQ,"{""P47397"": 2}"
QXSSHDFIG,"{""P47448"": 111}"
QXSSHIDRS,"{""P47637"": 77}"
QXSSHIDXS,"{""P47637"": 23}"
QXSSVVNHD,"{""P47437"": 75}"
QXSSVSNFA,"{""P20796"": 4}"
QXSFXQMAL,"{""P47295"": 410}"
QXSFXXXXX,"{""P47295"": 104}"
QXSFKQMAL,"{""P47295"": 16}"
QXSYFNQLV,"{""P47486"": 80}"
QXSYLDQIP,"{""P47532"": 1}"
QXSVIHNIV,"{""P47483"": 98}"
QXSNEELVX,"{""P47405"": 108}"
QXSNEELVK,"{""P47405"": 3}"
QXSIHQNQX,"{""Q49412"": 3}"
QXSIHQNQR,"{""Q49412"": 17}"
QXSXFNQLV,"{""P47486"": 3}"
QXWLVIXSX,"{""P47651"": 82}"
QXWLVIXSK,"{""P47651"": 3}"
QXWLVIXXX,"{""P47651"": 15}"
QXWLVIKSX,"{""P47651"": 3}"
QXWLXLQLT,"{""P47497"": 22}"
QXWLXXXXX,"{""P47497"": 4}"
QXWQNVVAE,"{""P47483"": 91}"
QXWTGNXYD,"{""Q49410"": 2}"
QXWTGNXXD,"{""Q49410"": 1}"
QXWTGNRYD,"{""Q49410"": 11}"
QXNQDGLGD,"{""P47691"": 517}"
QXNQXTXXX,"{""Q9ZB82"": 5}"
QXNQXXXXX,"{""Q9ZB82"": 1}"
QXNEGIIEI,"{""P47687"": 103}"
QXNTAQGSE,"{""P47502"": 122}"
QXNSVLIPG,"{""Q49396"": 105}"
QXNDLTXSL,"{""P47441"": 2}"
QXNDLTXXX,"{""P47441"": 2}"
QXNITLSNX,"{""P47491"": 106}"
QXNITLSNK,"{""P47491"": 6}"
QXNLLEXXL,"{""P47460"": 29}"
QXNLLEXXX,"{""P47460"": 14}"
QXNLLEXKL,"{""P47460"": 1}"
QXNLLEKXL,"{""P47460"": 1}"
QXNNSYTEX,"{""P47314"": 21}"
QXNNSYTEK,"{""P47314"": 2}"
QXNNSXTEX,"{""P47314"": 1}"
QXNPXQXHL,"{""P47368"": 59}"
QXNPXQXXX,"{""P47368"": 11}"
QXNPXQKHL,"{""P47368"": 2}"
QXNPXXXXX,"{""P47368"": 11}"
QXNPKQXHL,"{""P47368"": 7}"
QXNALXQTS,"{""P47583"": 6}"
QXNALXXXX,"{""P47583"": 2}"
QXNALKQTS,"{""P47583"": 1}"
QXIGYILQX,"{""P47545"": 85}"
QXIGYILQK,"{""P47545"": 6}"
QXIGXILQX,"{""P47545"": 3}"
QXIXAIIDE,"{""P47425"": 426}"
QXIXXXXXX,"{""P47585"": 70, ""P47425"": 74}"
QXIXHEVYS,"{""P47585"": 17}"
QXIXHEVXS,"{""P47585"": 1}"
QXISSXXXX,"{""P47534"": 22}"
QXISSXEIF,"{""P47534"": 78}"
QXISSKEIF,"{""P47534"": 2}"
QXILGITIA,"{""P47629"": 109}"
QXILASFXD,"{""P47617"": 22}"
QXILASFXX,"{""P47617"": 2}"
QXILASFKD,"{""P47617"": 1}"
QXILENNYS,"{""Q49424"": 5}"
QXILEXNXP,"{""P47491"": 1}"
QXILEXNRP,"{""P47491"": 1}"
QXILEXXXX,"{""P47491"": 2}"
QXIQALSVN,"{""P47356"": 103}"
QXIVLDLXA,"{""P47623"": 72}"
QXIVLDLXX,"{""P47623"": 12}"
QXIVLDLKA,"{""P47623"": 2}"
QXIVIAIAV,"{""P47325"": 39}"
QXIIIFGGS,"{""P47482"": 111}"
QXIIIXLSG,"{""P47672"": 30}"
QXIIIXXXX,"{""P47672"": 8}"
QXIIIKLSG,"{""P47672"": 1}"
QXIINETDX,"{""P47326"": 32}"
QXIINETDK,"{""P47326"": 1}"
QXIIXXXXX,"{""P47294"": 6}"
QXIIXGSGR,"{""P47294"": 1}"
QXIIALDEG,"{""P47284"": 3}"
QXIDALSFI,"{""P47384"": 93}"
QXIAQXXXX,"{""P57085"": 83}"
QXIAQXXXR,"{""P57085"": 1}"
QXIAQXXRX,"{""P57085"": 2}"
QXIAQXXRR,"{""P57085"": 1}"
QXIAQKXXX,"{""P57085"": 3}"
QXIADFHND,"{""P47460"": 5}"
QXIAGVSGG,"{""P47330"": 8}"
QXIAIARAL,"{""P47326"": 4}"
QXIAIAXAL,"{""P47326"": 1}"
QXIENLNNA,"{""P47251"": 114}"
QXIELFXTN,"{""P47386"": 2}"
QXIELFXXX,"{""P47386"": 7}"
QXIKAIIDE,"{""P47425"": 23}"
QXITEEFNG,"{""P47641"": 6}"
QXINNVFEE,"{""P47340"": 5}"
QXLNIXXXX,"{""P47266"": 73}"
QXLNIXNWT,"{""P47266"": 440}"
QXLNIKNWT,"{""P47266"": 18}"
QXLNXSEVX,"{""P47695"": 72}"
QXLNXXXXX,"{""P47695"": 22}"
QXLNVNLWT,"{""P47629"": 13}"
QXLNQISIN,"{""Q49405"": 119}"
QXLNTLXNE,"{""P47265"": 7}"
QXLNTLXXX,"{""P47265"": 1}"
QXLNKSEVX,"{""P47695"": 3}"
QXLSTXPES,"{""P47405"": 74}"
QXLSTXXXX,"{""P47405"": 9}"
QXLSTKPES,"{""P47405"": 2}"
QXLSDXXXX,"{""P47460"": 8}"
QXLFNNTHL,"{""P47662"": 524}"
QXLFLQLLX,"{""P47703"": 93}"
QXLFLQLLK,"{""P47703"": 3}"
QXLFDAXXT,"{""P47661"": 5}"
QXLFDAXXX,"{""P47661"": 3}"
QXLIDLXQF,"{""P47356"": 94}"
QXLIDLXXX,"{""P47356"": 14}"
QXLIDLKQF,"{""P47356"": 4}"
QXLIGIXXX,"{""P47277"": 66}"
QXLIGIXXT,"{""P47277"": 3}"
QXLIGIXRT,"{""P47277"": 11}"
QXLIACNTV,"{""P47259"": 106}"
QXLIAXNTV,"{""P47259"": 7}"
QXLIIXTLE,"{""Q49405"": 8}"
QXLIIRTLE,"{""Q49405"": 19}"
QXLXTAPXK,"{""P47448"": 3}"
QXLXTAPXX,"{""P47448"": 80}"
QXLXTAPKX,"{""P47448"": 1}"
QXLXIINVI,"{""P47508"": 100}"
QXLXXCXQX,"{""P47661"": 48}"
QXLXXCXQK,"{""P47661"": 4}"
QXLXXCXXX,"{""P47661"": 12}"
QXLXXCKQX,"{""P47661"": 4}"
QXLXXXXXX,"{""P47448"": 15, ""P47661"": 34, ""P47508"": 17, ""P47433"": 2, ""P47326"": 3, ""P47492"": 2}"
QXLXXHYFX,"{""P47433"": 4}"
QXLXSLQXL,"{""P47326"": 3}"
QXLXSLQXX,"{""P47326"": 1}"
QXLXKCXQX,"{""P47661"": 1}"
QXLXNLXXX,"{""P47492"": 6}"
QXLTWLQXL,"{""P47532"": 65}"
QXLTWLQXX,"{""P47532"": 13}"
QXLTWLQKL,"{""P47532"": 2}"
QXLTDHLTF,"{""P47423"": 120}"
QXLTGSDIE,"{""P47403"": 100}"
QXLQQIQSD,"{""Q9ZB71"": 115}"
QXLDHNLCS,"{""P47587"": 20}"
QXLDHNLXS,"{""P47587"": 4}"
QXLDLASYV,"{""P47469"": 10}"
QXLVHENES,"{""P47474"": 7}"
QXLKTAPXX,"{""P47448"": 6}"
QXLKIINVI,"{""P47508"": 3}"
QXLKXCXQX,"{""P47661"": 3}"
QXLKXXXXX,"{""P47433"": 1}"
QXLPSDEFE,"{""P47368"": 1}"
QXLEAYYET,"{""P47691"": 6}"
QXRGTIDLS,"{""P47350"": 100}"
QXRFXXXXX,"{""P47704"": 6}"
QXRFDDINA,"{""P47540"": 13}"
QXRADYLXX,"{""P47455"": 15}"
QXRADYLKX,"{""P47455"": 1}"
QXRADXLKX,"{""P47455"": 1}"
QXRLFGERS,"{""P47616"": 7}"
QXRLFGEXS,"{""P47616"": 1}"
QXRESVNGY,"{""P47514"": 1}"
QXRVXTXXP,"{""Q49415"": 13}"
QXRVXTXXX,"{""Q49415"": 5}"
QXRVXTPVE,"{""Q49406"": 26}"
QXRVXXXXX,"{""Q49415"": 2, ""Q49406"": 2}"
QXRVELVFH,"{""P47277"": 16}"
QXRVKTPVE,"{""Q49406"": 3}"
QXRYSYXXX,"{""P47615"": 20}"
QXRYSYKXX,"{""P47615"": 2}"
QXRYWEINN,"{""P47492"": 3}"
QXRDSLINE,"{""P47597"": 24}"
QXRHLRXQA,"{""P47439"": 4}"
QXRHLRXXX,"{""P47439"": 1}"
QXRXSYXXX,"{""P47615"": 1}"
QXFXXXXXX,"{""P47393"": 8, ""Q9ZB78"": 7}"
QXFXXLSQX,"{""Q9ZB78"": 21}"
QXFXKLSQX,"{""Q9ZB78"": 3}"
QXFLDELGL,"{""P47270"": 26}"
QXFVITLGE,"{""P47479"": 104}"
QXFVVTTTX,"{""P47451"": 2}"
QXFQADVGI,"{""P47361"": 116}"
QXFHQXXFE,"{""P47609"": 56}"
QXFHQXXXX,"{""P47609"": 34}"
QXFHQXKFE,"{""P47609"": 3}"
QXFHQKXXX,"{""P47609"": 3}"
QXFISFIES,"{""Q9ZB77"": 88}"
QXFEGIRTA,"{""P47617"": 5}"
QXFEGIXTA,"{""P47617"": 2}"
QXFGGVCLN,"{""P47513"": 6}"
QXFGGVXLN,"{""P47513"": 2}"
QXFCEQNNQ,"{""P47465"": 6}"
QXFYESLLA,"{""P47661"": 5}"
QXFNFSWIE,"{""P47576"": 5}"
QXQFFLXND,"{""P47483"": 94}"
QXQFFLXXX,"{""P47483"": 8}"
QXQFFLKND,"{""P47483"": 4}"
QXQFVENQL,"{""P22747"": 107}"
QXQFLMWXA,"{""P47549"": 6}"
QXQFLMWRA,"{""P47549"": 22}"
QXQFLLFRA,"{""P47551"": 17}"
QXQFLLFXA,"{""P47551"": 2}"
QXQIXEDYN,"{""P47312"": 394}"
QXQIXEDXN,"{""P47312"": 22}"
QXQIXXXXX,"{""P47312"": 70}"
QXQIKEDYN,"{""P47312"": 19}"
QXQILSRDG,"{""P47385"": 2}"
QXQAIQXPX,"{""P47300"": 86}"
QXQAIQXPK,"{""P47300"": 5}"
QXQAIQXXX,"{""P47300"": 18}"
QXQAIQKPX,"{""P47300"": 2}"
QXQAVTYSL,"{""P47634"": 8}"
QXQQAAQID,"{""P47311"": 524}"
QXQTWLYVD,"{""P47363"": 98}"
QXQTWLXVD,"{""P47363"": 8}"
QXQNPXAVX,"{""P47369"": 77}"
QXQNPXAVK,"{""P47369"": 1}"
QXQNPXXXX,"{""P47369"": 11}"
QXQNPKAVX,"{""P47369"": 9}"
QXQDQXENE,"{""P47460"": 78}"
QXQDQXXXX,"{""P47460"": 23}"
QXQDQKENE,"{""P47460"": 6}"
QXQEVVDXL,"{""P47513"": 76}"
QXQEVVDXX,"{""P47513"": 15}"
QXQEVVDKL,"{""P47513"": 4}"
QXQEVIGVF,"{""P47537"": 11}"
QXQPEQVAX,"{""P47387"": 101}"
QXQPEQVAK,"{""P47387"": 5}"
QXQLEVDHA,"{""P47393"": 127}"
QXQLVAIXT,"{""P47460"": 12}"
QXQLVAIXX,"{""P47460"": 1}"
QXQXXXXXX,"{""P47402"": 83, ""P47288"": 2}"
QXQXXXTEL,"{""P47288"": 2}"
QXQKXXTEL,"{""P47288"": 1}"
QXHLLSXFE,"{""P47368"": 73}"
QXHLLSXXX,"{""P47368"": 21}"
QXHLLSKFE,"{""P47368"": 3}"
QXHLXNXXX,"{""P47520"": 2}"
QXHLXNXXE,"{""P47520"": 4}"
QXHLXXXXX,"{""P47520"": 1}"
QXHFNYAYS,"{""P47344"": 90}"
QXHFNYAXS,"{""P47344"": 5}"
QXHFNXAYS,"{""P47344"": 5}"
QXHFVVAXD,"{""P47537"": 5}"
QXHFVVAXX,"{""P47537"": 1}"
QXHSHDFLX,"{""P47520"": 101}"
QXHTGXXXX,"{""P47398"": 82}"
QXHTGXARQ,"{""P47398"": 4}"
QXVYEAXIA,"{""P47296"": 79}"
QXVYEAXXX,"{""P47296"": 13}"
QXVYEAKIA,"{""P47296"": 4}"
QXVWGLPIP,"{""P47587"": 39}"
QXVQALAFG,"{""P47542"": 23}"
QXVQEVNND,"{""P47321"": 117}"
QXVIAXETL,"{""P47520"": 73}"
QXVIAXXXX,"{""P47520"": 16}"
QXVIAKETL,"{""P47520"": 2}"
QXVIEFENX,"{""P47288"": 100}"
QXVIEFENK,"{""P47288"": 5}"
QXVXEAXIA,"{""P47296"": 2}"
QXVXEAXXX,"{""P47296"": 2}"
QXVFYDNEW,"{""P47520"": 88}"
QXVFXDNEW,"{""P47520"": 9}"
QXVSNLTVG,"{""P47365"": 28}"
QXVEIAXLF,"{""P47532"": 2}"
QXVEIAXXX,"{""P47532"": 2}"
QXVEIAKLF,"{""P47532"": 1}"
QXVAIASVL,"{""P47425"": 7}"
QXVALARSL,"{""P47288"": 2}"
QXDIXELVD,"{""P47254"": 73}"
QXDIXXXXX,"{""P47254"": 20}"
QXDIKELVD,"{""P47254"": 3}"
QXDLAIDIC,"{""P47499"": 96}"
QXDLAIDIX,"{""P47499"": 2}"
QXDNXXLLA,"{""P47251"": 68}"
QXDNXXXXX,"{""P47251"": 25}"
QXDNXKLLA,"{""P47251"": 3}"
QXDNKXLLA,"{""P47251"": 2}"
QXDNKXXXX,"{""P47251"": 1}"
QXDEFDLNI,"{""P47520"": 86}"
QXDKFLLAN,"{""P47318"": 1}"
QXDPVFSAL,"{""P47495"": 6}"
QXDXFLLAN,"{""P47318"": 7}"
QXDXXXXXX,"{""P47318"": 1}"
QXEMXXXXX,"{""P47471"": 86}"
QXEMXAFVF,"{""P47471"": 21}"
QXEGXXRLX,"{""P47384"": 16}"
QXEGXXRLK,"{""P47384"": 2}"
QXEGXXXXX,"{""P47384"": 86}"
QXEGXXXLX,"{""P47384"": 3}"
QXEGXKRLX,"{""P47384"": 2}"
QXEGKXXXX,"{""P47384"": 5}"
QXELDXXXX,"{""P47460"": 1}"
QXELDXLAE,"{""P47460"": 4}"
QXELDKLAE,"{""P47460"": 1}"
QXEILGXXL,"{""P47460"": 75}"
QXEILGXXX,"{""P47460"": 27}"
QXEILGXKL,"{""P47460"": 5}"
QXEILGKXL,"{""P47460"": 3}"
QXEIEPGDI,"{""P47437"": 3}"
QXENICLIA,"{""P47634"": 25}"
QXENIXLIA,"{""P47634"": 2}"
QXEXELEXX,"{""P47336"": 5}"
QXEXAILXA,"{""P47540"": 3}"
QXEXXXXXX,"{""P47540"": 1}"
QXEQLTXXI,"{""P47460"": 4}"
QXEQLTXXX,"{""P47460"": 2}"
QXEFAENVA,"{""P47460"": 5}"
QXERELEXX,"{""P47336"": 20}"
QXERELEXW,"{""P47336"": 2}"
QXEEFENQR,"{""P47460"": 6}"
QXETVRVXX,"{""P47498"": 1}"
QXGMARLLT,"{""P47496"": 15}"
QXGMAXLLT,"{""P47496"": 11}"
QXGEIXXXX,"{""P47315"": 9}"
QXGEIXVGQ,"{""P47315"": 32}"
QXGEIKVGQ,"{""P47315"": 1}"
QXGTXXXXX,"{""P47476"": 19}"
QXGTXIFAG,"{""P47476"": 6}"
QXGSXDDLX,"{""P47549"": 5}"
QXGSXXXXX,"{""P47549"": 1}"
QXGNLTVNL,"{""P47553"": 2}"
QXGHLVLXV,"{""P47355"": 7}"
QXGXALNLA,"{""P47297"": 3}"
QXGXGFALQ,"{""P47314"": 1}"
QXPSLMDLX,"{""P47490"": 98}"
QXPSLMDLK,"{""P47490"": 4}"
QXPADIDFW,"{""Q49429"": 3}"
QXMIVEIQX,"{""P47582"": 26}"
QXMIVEIQK,"{""P47582"": 1}"
QXMIXNXXX,"{""P47655"": 68}"
QXMIXXXXX,"{""P47655"": 24}"
QXMIKNXXX,"{""P47655"": 5}"
QXMQYMYGI,"{""P47553"": 2}"
QXMQYMXGI,"{""P47553"": 1}"
QXMQIDXXX,"{""P47483"": 5}"
QXMQQVXXX,"{""P47634"": 1}"
QXMQQVXDN,"{""P47634"": 1}"
QXMFDIXLS,"{""P47637"": 27}"
QXMFDIXXX,"{""P47637"": 3}"
QXMRRVIGY,"{""P47582"": 7}"
QXMLNSQQX,"{""P47576"": 6}"
QXKTEIFXD,"{""P47484"": 7}"
QXKTEIFXX,"{""P47484"": 1}"
QXKTLDALD,"{""P47497"": 13}"
QXKXVXSXS,"{""P47333"": 8}"
QXKXVXSXX,"{""P47333"": 2}"
QXKXVXXXX,"{""P47333"": 2}"
QXKXVKSXS,"{""P47333"": 1}"
QXKXXXXXX,"{""P47366"": 3, ""P47333"": 3}"
QXKXNDXTX,"{""P47366"": 1}"
QXKFVINNS,"{""P47302"": 3}"
QXKIXNFXX,"{""P47426"": 1}"
QXKIXXIFI,"{""P47256"": 1}"
QXKIXXXXX,"{""P47256"": 1}"
QXKISGVLA,"{""P47381"": 2}"
QXKELNELL,"{""P47460"": 1}"
QXKVFWNNQ,"{""P47356"": 1}"
QXKKVXSXS,"{""P47333"": 1}"
QIIQNSGVD,"{""P47632"": 598}"
QIIEXTEVA,"{""P47437"": 488}"
QIIEXXXXX,"{""P47437"": 124}"
QIIEKTEVA,"{""P47437"": 23}"
QIIDNFXNT,"{""P47486"": 84}"
QIIDNFXXX,"{""P47486"": 24}"
QIIDNFKNT,"{""P47486"": 5}"
QIIRDNNFH,"{""P47653"": 25}"
QIIRELIIN,"{""P47336"": 4}"
QIINXXQQQ,"{""P47305"": 81}"
QIINXXXXX,"{""P47305"": 37}"
QIINXKQQQ,"{""P47305"": 4}"
QIINLAXXX,"{""P47339"": 96}"
QIINLAXQQ,"{""P47339"": 6}"
QIINTTSMN,"{""Q49460"": 27}"
QIINKXXXX,"{""P47305"": 3}"
QIINKXQQQ,"{""P47305"": 7}"
QIIXXXXXX,"{""P47596"": 124}"
QIIXDNNFH,"{""P47653"": 10}"
QIIYLFPDV,"{""P47381"": 42}"
QIILNRFQP,"{""P47473"": 11}"
QIIKXXXXX,"{""P47596"": 2}"
QIDPXXXXX,"{""P47340"": 119}"
QIDXXXXXX,"{""P47681"": 605}"
QIDDLXENN,"{""Q49419"": 95}"
QIDDLXXXX,"{""Q49419"": 29}"
QIDDLKENN,"{""Q49419"": 4}"
QIDELENNL,"{""P47317"": 26}"
QIXFETFNL,"{""P47364"": 517}"
QIXXIXXXX,"{""P47664"": 73}"
QIXXIXTNP,"{""P47664"": 5}"
QIXXIKTNP,"{""P47664"": 1}"
QIXXXXXXX,"{""P47492"": 14, ""P47364"": 103, ""P47359"": 22, ""P47693"": 31, ""P47258"": 89, ""P47664"": 36, ""P47587"": 19, ""P47312"": 11, ""Q9ZB77"": 19, ""P47265"": 19, ""P22747"": 2}"
QIXXXAYWL,"{""P22747"": 7}"
QIXXXAXWL,"{""P22747"": 2}"
QIXXHVLXV,"{""P47429"": 2}"
QIXSIFQQI,"{""P47703"": 42}"
QIXTLLGPQ,"{""P47258"": 25}"
QIXVXXXXX,"{""P47265"": 21}"
QIXVXXXTC,"{""P47265"": 2}"
QIXVXXXTX,"{""P47265"": 1}"
QIXVXCXXX,"{""P47265"": 42}"
QIXVXCXTC,"{""P47265"": 10}"
QIXVXCKTC,"{""P47265"": 1}"
QIXVKCXXX,"{""P47265"": 1}"
QIXVKXXXX,"{""P47265"": 1}"
QIXEDYNNL,"{""P47312"": 97}"
QIXEDXNNL,"{""P47312"": 5}"
QIXITEIIQ,"{""P47492"": 107}"
QIXILHDGP,"{""P47587"": 130}"
QIXLSGWVX,"{""P47359"": 94}"
QIXLSGWVK,"{""P47359"": 1}"
QIXLETALX,"{""Q9ZB77"": 91}"
QIXLETALK,"{""Q9ZB77"": 6}"
QIXQFLGDV,"{""P47693"": 98}"
QIXATSIXX,"{""P47582"": 8}"
QIXKIXXXX,"{""P47664"": 2}"
QIFCHIIXX,"{""Q49424"": 99}"
QIFCHIIXK,"{""Q49424"": 2}"
QIFCHIIKX,"{""Q49424"": 4}"
QIFANVVEL,"{""P47523"": 134}"
QIFEVVTPX,"{""P47582"": 128}"
QIFEVVTPK,"{""P47582"": 2}"
QIFTXPXQX,"{""P47650"": 88}"
QIFTXPXXX,"{""P47650"": 15}"
QIFTXPKQX,"{""P47650"": 5}"
QIFTXXXXX,"{""P47650"": 22}"
QIFTIVXXE,"{""P47350"": 66}"
QIFTIVXXX,"{""P47350"": 40}"
QIFTIVXKE,"{""P47350"": 5}"
QIFTIVKXE,"{""P47350"": 3}"
QIFTKPXQX,"{""P47650"": 4}"
QIFTKPXXX,"{""P47650"": 1}"
QIFNLLEQI,"{""P47664"": 120}"
QIFXSLXXF,"{""Q49460"": 60}"
QIFXSLXXX,"{""Q49460"": 38}"
QIFXSLXKF,"{""Q49460"": 5}"
QIFXSLKXF,"{""Q49460"": 4}"
QIFXSLKXX,"{""Q49460"": 1}"
QIFXXXXXX,"{""Q49460"": 22}"
QIFXHIIXX,"{""Q49424"": 7}"
QIFKSLXXX,"{""Q49460"": 1}"
QIFKSLXXF,"{""Q49460"": 8}"
QILQLFLLS,"{""Q49430"": 128}"
QILSRDGMF,"{""P47385"": 94}"
QILSSFFDV,"{""P47685"": 29}"
QILSXDGMF,"{""P47385"": 36}"
QILIVNNIS,"{""P47346"": 591}"
QILVSLDNQ,"{""Q9ZB78"": 123}"
QILDXDTHN,"{""P47542"": 100}"
QILDXXXXX,"{""P47542"": 19}"
QILDXMIGF,"{""P47368"": 3}"
QILDVLXXX,"{""P47618"": 106}"
QILDKDTHN,"{""P47542"": 2}"
QILDRMIGF,"{""P47368"": 6}"
QILXIVXXX,"{""P47446"": 16}"
QILXIVXGP,"{""P47446"": 68}"
QILXIVKGP,"{""P47446"": 5}"
QILXXXXXX,"{""P47446"": 17}"
QILKIVXGP,"{""P47446"": 4}"
QILKIVKGP,"{""P47446"": 1}"
QIPCYLVHT,"{""P47619"": 100}"
QIPCXLVHT,"{""P47619"": 5}"
QIPVVTDSY,"{""P47576"": 120}"
QIPVVTDSX,"{""P47576"": 5}"
QIPXYLVHT,"{""P47619"": 7}"
QIVXDGXXX,"{""P47388"": 85}"
QIVXLDXNS,"{""P47376"": 88}"
QIVXLDXXX,"{""P47376"": 12}"
QIVXLDKNS,"{""P47376"": 3}"
QIVXXXXXX,"{""P47376"": 21, ""P47388"": 36}"
QIVLTLVFX,"{""P47435"": 134}"
QIVLVSDXX,"{""P35888"": 106}"
QIVLVSDXA,"{""P35888"": 4}"
QIVLRLAYL,"{""P47264"": 23}"
QIVLXLAYL,"{""P47264"": 11}"
QIVVXXXXX,"{""P47398"": 20}"
QIVVXQFNX,"{""P47398"": 102}"
QIVVTHXXX,"{""P47625"": 19}"
QIVVTHXEN,"{""P47625"": 85}"
QIVVTHKEN,"{""P47625"": 5}"
QIVVKQFNX,"{""P47398"": 6}"
QIVIFDPSS,"{""P47310"": 128}"
QIVDSLNIV,"{""P47549"": 147}"
QIVKDGXXX,"{""P47388"": 6}"
QIVKLDXNS,"{""P47376"": 2}"
QIAQQPNTX,"{""Q49397"": 117}"
QIAQQPNTK,"{""Q49397"": 5}"
QIAIYILAG,"{""P47366"": 581}"
QIAIXILAG,"{""P47366"": 24}"
QIASLXPDA,"{""P47269"": 107}"
QIASLXXXX,"{""P47269"": 22}"
QIASLKPDA,"{""P47269"": 4}"
QIATAISDG,"{""P47348"": 565}"
QIALXLXMT,"{""P47378"": 83}"
QIALXLXXX,"{""P47378"": 16}"
QIALXLKMT,"{""P47378"": 5}"
QIALXXXXX,"{""P47378"": 27}"
QIALKLXMT,"{""P47378"": 4}"
QIALKLXXX,"{""P47378"": 2}"
QIANALETQ,"{""Q49402"": 39}"
QIAXXYFXX,"{""P47516"": 78}"
QIAXXXXXX,"{""P47516"": 29}"
QIAXXXFXX,"{""P47516"": 6}"
QIAXKYFXX,"{""P47516"": 1}"
QIAVYSASY,"{""P47664"": 120}"
QIAVYSASX,"{""P47664"": 5}"
QIAVXSASY,"{""P47664"": 5}"
QIAGIYFGV,"{""P47314"": 36}"
QIAFLNXXX,"{""P47637"": 82}"
QIAFLNXLH,"{""P47637"": 29}"
QIAFLNKLH,"{""P47637"": 1}"
QIAKXYFXX,"{""P47516"": 1}"
QIHQTTTSD,"{""P47549"": 134}"
QINGSTYVT,"{""P47695"": 134}"
QINGSTXVT,"{""P47695"": 5}"
QINQHSSPW,"{""P47437"": 629}"
QINQVNFLN,"{""P47587"": 112}"
QINHHALRN,"{""P47252"": 24}"
QINHHALXN,"{""P47252"": 8}"
QINIFMGEX,"{""P47445"": 128}"
QINIFMGEK,"{""P47445"": 2}"
QINDIXDFT,"{""P47662"": 105}"
QINDIXXXX,"{""P47662"": 14}"
QINDIKDFT,"{""P47662"": 5}"
QINESLFNF,"{""P47326"": 124}"
QINELEAEF,"{""P47433"": 127}"
QINVDSNNX,"{""P47520"": 111}"
QINVDSNNK,"{""P47520"": 3}"
QINPNSLFA,"{""P47537"": 132}"
QINXXXXXX,"{""P47546"": 44}"
QINXXTPSL,"{""P47546"": 61}"
QINXKTPSL,"{""P47546"": 3}"
QINLEDVSM,"{""P47551"": 110}"
QINKXTPSL,"{""P47546"": 3}"
QIENXAIRX,"{""P47491"": 88}"
QIENXAIXX,"{""P47491"": 23}"
QIENXXXXX,"{""P47491"": 463}"
QIENXINEI,"{""P47394"": 7}"
QIENYINEI,"{""P47394"": 127}"
QIENKAIRX,"{""P47491"": 4}"
QIENKAIXX,"{""P47491"": 1}"
QIEAXXXXX,"{""P47460"": 466}"
QIEAXQREL,"{""P47460"": 84}"
QIEAXQXEL,"{""P47460"": 19}"
QIEAKQXEL,"{""P47460"": 2}"
QIEAKQREL,"{""P47460"": 2}"
QIETEAXIA,"{""Q9ZB78"": 110}"
QIETEAXXX,"{""Q9ZB78"": 19}"
QIETEAKIA,"{""Q9ZB78"": 8}"
QIEEIIFDN,"{""P47446"": 103}"
QIEELDFTV,"{""P47423"": 26}"
QIEIEIXYE,"{""P47619"": 108}"
QIEIEIXXX,"{""P47619"": 23}"
QIEIEIXXE,"{""P47619"": 4}"
QIEIEIKYE,"{""P47619"": 3}"
QIYXHVLXV,"{""P47429"": 83}"
QIYXHVLXX,"{""P47429"": 17}"
QIYXHVLKV,"{""P47429"": 2}"
QIYXXAYWL,"{""P22747"": 72}"
QIYXXAXWL,"{""P22747"": 6}"
QIYXXXXXX,"{""P22747"": 32, ""P47429"": 23}"
QIYXKAYWL,"{""P22747"": 6}"
QIYKXAYWL,"{""P22747"": 5}"
QIYKHVLXV,"{""P47429"": 3}"
QIYKHVLXX,"{""P47429"": 1}"
QIQFXAIEA,"{""Q49412"": 93}"
QIQFXXXXX,"{""Q49412"": 30}"
QIQYQINDL,"{""P47433"": 137}"
QIQAVVIAV,"{""P47310"": 138}"
QIQDIIWTX,"{""P47466"": 104}"
QIQDIIWTK,"{""P47466"": 2}"
QIQXQINDL,"{""P47433"": 13}"
QITNLFQAN,"{""P47465"": 134}"
QITNNGIFI,"{""P47664"": 136}"
QITLALDQI,"{""P47261"": 134}"
QICATSIXX,"{""P47582"": 113}"
QICATSIXE,"{""P47582"": 6}"
QIMFSQFEX,"{""P47429"": 554}"
QIMFSQFEK,"{""P47429"": 2}"
QIRSIFQQI,"{""P47703"": 132}"
QISDVVSDC,"{""P22746"": 131}"
QISDVVSDX,"{""P22746"": 4}"
QISIPXXXX,"{""P47660"": 99}"
QISIPXNRH,"{""P47660"": 15}"
QISIPXNXH,"{""P47660"": 4}"
QISANXXXX,"{""P47292"": 94}"
QISANXTRI,"{""P47292"": 22}"
QISANXTXI,"{""P47292"": 5}"
QISANKTRI,"{""P47292"": 2}"
QISXXXXXX,"{""P47411"": 108}"
QISXPGLRI,"{""P47411"": 4}"
QIGVDALLI,"{""P47431"": 137}"
QIGXTFSGF,"{""P47350"": 24}"
QIGXXXXXX,"{""P47350"": 86}"
QIGKTFSGF,"{""P47350"": 3}"
QIKFETFNL,"{""P47364"": 27}"
QIKITEIIQ,"{""P47492"": 8}"
QIKILHDGP,"{""P47587"": 7}"
QIKVXXXXX,"{""P47265"": 2}"
QIKVXCXXX,"{""P47265"": 4}"
QIKXIXXXX,"{""P47664"": 2}"
QIKXIXTNP,"{""P47664"": 1}"
QIKXXXXXX,"{""P47664"": 1}"
QIKLETALX,"{""Q9ZB77"": 6}"
QIKLSGWVX,"{""P47359"": 4}"
QIKLSGWVK,"{""P47359"": 1}"
QIKQFLGDV,"{""P47693"": 8}"
QIKEDYNNL,"{""P47312"": 4}"
QIKTLLGPQ,"{""P47258"": 1}"
QIWMNGLAA,"{""P47551"": 109}"
QVGVPXXXX,"{""P13927"": 121}"
QVGVPXMVV,"{""P13927"": 481}"
QVGVPKMVV,"{""P13927"": 31}"
QVGDQIKID,"{""P47514"": 10}"
QVGDQIXID,"{""P47514"": 98}"
QVGDQIXXX,"{""P47514"": 9}"
QVGIIXXXX,"{""P47407"": 21}"
QVGIIXVLG,"{""P47407"": 98}"
QVGIIKVLG,"{""P47407"": 4}"
QVXTDQLPL,"{""P47496"": 500}"
QVXTEXNLL,"{""P47486"": 87}"
QVXTEXXXX,"{""P47486"": 12}"
QVXTEKNLL,"{""P47486"": 7}"
QVXXXXXXX,"{""P47502"": 82, ""P47525"": 27, ""P47496"": 94, ""P47346"": 131, ""P47483"": 34, ""P47597"": 95, ""P47642"": 41, ""P47325"": 23, ""P47486"": 26, ""P47566"": 25}"
QVXXIYEEC,"{""P47642"": 62}"
QVXXIYEEX,"{""P47642"": 6}"
QVXXIXEEC,"{""P47642"": 4}"
QVXXDLSXE,"{""P47483"": 58}"
QVXXDLSXX,"{""P47483"": 14}"
QVXXDLSKE,"{""P47483"": 1}"
QVXXSSSSS,"{""P47502"": 4}"
QVXEAIYVA,"{""P47325"": 88}"
QVXEAIXVA,"{""P47325"": 2}"
QVXESNGXI,"{""P47597"": 2}"
QVXESNGRI,"{""P47597"": 2}"
QVXALINGE,"{""P47346"": 488}"
QVXAFCESN,"{""P47566"": 102}"
QVXAFXESN,"{""P47566"": 5}"
QVXDADCTL,"{""P47369"": 5}"
QVXLYLFDX,"{""P47525"": 82}"
QVXLYLFDK,"{""P47525"": 3}"
QVXLIAAFL,"{""P47349"": 7}"
QVXLXLFDX,"{""P47525"": 4}"
QVXRSSSSS,"{""P47502"": 23}"
QVXKDLSXE,"{""P47483"": 7}"
QVXKIYEEC,"{""P47642"": 3}"
QVFXXXXXX,"{""P47644"": 98, ""P47558"": 31}"
QVFXXQLPE,"{""P47558"": 80}"
QVFXKQLPE,"{""P47558"": 6}"
QVFXNQLEL,"{""P47484"": 7}"
QVFDGLTNX,"{""P47442"": 617}"
QVFDGLTNK,"{""P47442"": 24}"
QVFSLFSNV,"{""P47448"": 137}"
QVFRNQLEL,"{""P47484"": 20}"
QVFKXXXXX,"{""P47558"": 1}"
QVFKXQLPE,"{""P47558"": 3}"
QVSNWLNXL,"{""P47576"": 111}"
QVSNWLNXX,"{""P47576"": 25}"
QVSNWLNKL,"{""P47576"": 7}"
QVSLLFYGL,"{""Q49432"": 111}"
QVSLLFXGL,"{""Q49432"": 5}"
QVSLLAQAE,"{""P47359"": 118}"
QVSLYEXQV,"{""P47431"": 88}"
QVSLYEXXX,"{""P47431"": 18}"
QVSLYEKQV,"{""P47431"": 1}"
QVSLXEXQV,"{""P47431"": 5}"
QVSVVLNEL,"{""P47540"": 119}"
QVSVTXQSF,"{""P47563"": 107}"
QVSVTXXXX,"{""P47563"": 18}"
QVSVTKQSF,"{""P47563"": 4}"
QVSFEELFN,"{""Q49419"": 121}"
QVSXLDMIV,"{""P47482"": 85}"
QVSXXXXXX,"{""P47482"": 32}"
QVSKLDMIV,"{""P47482"": 3}"
QVQNRYSTY,"{""P47590"": 111}"
QVQNRYSTX,"{""P47590"": 4}"
QVQNRXSTY,"{""P47590"": 7}"
QVQNRXSTX,"{""P47590"": 1}"
QVQNXYSTY,"{""P47590"": 29}"
QVQNXXSTY,"{""P47590"": 1}"
QVQQNSELF,"{""Q49407"": 593}"
QVQQTXAXP,"{""P47461"": 79}"
QVQQTXAXX,"{""P47461"": 15}"
QVQQTXAKP,"{""P47461"": 6}"
QVQQTXXXX,"{""P47461"": 20}"
QVQQTKAXX,"{""P47461"": 1}"
QVQQTKAXP,"{""P47461"": 4}"
QVQALNNSS,"{""P47580"": 35}"
QVCDADCTL,"{""P47369"": 111}"
QVCDADXTL,"{""P47369"": 3}"
QVEAANAIF,"{""P47342"": 146}"
QVERTTDSD,"{""Q57081"": 104}"
QVELRYNIF,"{""P47627"": 12}"
QVEYAXXXX,"{""Q49406"": 92}"
QVEYAXQNN,"{""Q49406"": 23}"
QVEYAKQNN,"{""Q49406"": 2}"
QVEXTTDSD,"{""Q57081"": 32}"
QVEXAXQNN,"{""Q49406"": 1}"
QVEXAXXXX,"{""Q49406"": 3}"
QVPSFSGWS,"{""P47523"": 614}"
QVAKQXDNX,"{""P47251"": 6}"
QVAKQXXXX,"{""P47251"": 2}"
QVAKLNFXN,"{""P47441"": 4}"
QVAKLNFXX,"{""P47441"": 2}"
QVAXXXXXX,"{""P47251"": 32, ""P47441"": 16}"
QVAXLNFXN,"{""P47441"": 73}"
QVAXLNFXX,"{""P47441"": 27}"
QVAXLNFKN,"{""P47441"": 1}"
QVAXQXDNX,"{""P47251"": 81}"
QVAXQXDNK,"{""P47251"": 2}"
QVAXQXXXX,"{""P47251"": 12}"
QVAXQKDNX,"{""P47251"": 4}"
QVADTATVL,"{""P47365"": 26}"
QVAEQYXXI,"{""P47587"": 1}"
QVTPXXXXX,"{""P47387"": 25}"
QVTPXEXEX,"{""P47387"": 79}"
QVTPXEXEK,"{""P47387"": 2}"
QVTPXEXXX,"{""P47387"": 16}"
QVTPXEKEX,"{""P47387"": 9}"
QVTPKEXEX,"{""P47387"": 2}"
QVTPKEXEK,"{""P47387"": 1}"
QVTVIDLLD,"{""Q49408"": 124}"
QVTVXDLTS,"{""Q49408"": 6}"
QVTVRDLTS,"{""Q49408"": 26}"
QVMEGILYX,"{""P47386"": 8}"
QVMEGILYR,"{""P47386"": 22}"
QVMEGILXX,"{""P47386"": 1}"
QVMEGILXR,"{""P47386"": 1}"
QVWXSXWNT,"{""P47341"": 80}"
QVWXSXXXX,"{""P47341"": 23}"
QVWXSKWNT,"{""P47341"": 2}"
QVWXXXXXX,"{""P47341"": 16}"
QVWKSXWNT,"{""P47341"": 6}"
QVLAXXXXX,"{""P47599"": 89}"
QVLAXGLCE,"{""P47599"": 22}"
QVLAXGLXE,"{""P47599"": 3}"
QVLAKGLCE,"{""P47599"": 4}"
QVLFDINLD,"{""P47650"": 129}"
QVVEXSQLE,"{""P47387"": 91}"
QVVEXXXXX,"{""P47387"": 15}"
QVVEKSQLE,"{""P47387"": 5}"
QVVGGLSFW,"{""Q49403"": 135}"
QVVLXEINA,"{""P47534"": 101}"
QVVLXXXXX,"{""P47534"": 11}"
QVVLKEINA,"{""P47534"": 7}"
QVVSTTGAG,"{""Q49396"": 128}"
QVDSNXQIG,"{""P47431"": 103}"
QVDSNXXXX,"{""P47431"": 18}"
QVDSNKQIG,"{""P47431"": 7}"
QVDAHWMSI,"{""P47653"": 127}"
QVDAQVRRN,"{""Q49409"": 11}"
QVDAQVRXN,"{""Q49409"": 1}"
QVDAQVXRN,"{""Q49409"": 1}"
QVDIPVIYA,"{""P47385"": 29}"
QVDIPVIXA,"{""P47385"": 1}"
QVIQFLNNX,"{""P47472"": 132}"
QVINTXVIN,"{""P52271"": 121}"
QVINTXXXX,"{""P52271"": 24}"
QVINTKVIN,"{""P52271"": 6}"
QVILIDFEW,"{""Q49423"": 24}"
QVYLIAAFL,"{""P47349"": 139}"
QVNFXSSKD,"{""P47365"": 5}"
QVNFXSSXD,"{""P47365"": 84}"
QVNFXSSXX,"{""P47365"": 15}"
QVNFXXXXX,"{""P47365"": 20}"
QVNFEANDI,"{""P47562"": 113}"
QVNFKSSXD,"{""P47365"": 4}"
QVNFKSSXX,"{""P47365"": 1}"
QVNAYLLAD,"{""P47634"": 117}"
QVNAXLLAD,"{""P47634"": 4}"
QVNXXXXXX,"{""P47386"": 107}"
QVNXHFRET,"{""P47386"": 7}"
QVNXHFXET,"{""P47386"": 3}"
QVKXIYEEC,"{""P47642"": 7}"
QVKXXXXXX,"{""P47642"": 1, ""P47483"": 1}"
QVKXDLSXE,"{""P47483"": 5}"
QVKALINGE,"{""P47346"": 21}"
QVKAFCESN,"{""P47566"": 2}"
QVKTDQLPL,"{""P47496"": 20}"
QVKTEXNLL,"{""P47486"": 1}"
QVKTEKNLL,"{""P47486"": 1}"
QVKLYLFDX,"{""P47525"": 3}"
QVKEAIYVA,"{""P47325"": 3}"
QLSVXHQQA,"{""P20796"": 72}"
QLSVXXXXX,"{""P20796"": 33}"
QLSVKHQQA,"{""P20796"": 4}"
QLSVIRLTF,"{""P47562"": 1}"
QLSITXFDG,"{""P47464"": 20}"
QLSITXXXX,"{""P47464"": 89}"
QLSITKFDG,"{""P47464"": 2}"
QLSLPQXTF,"{""P47690"": 89}"
QLSLPQXXX,"{""P47690"": 21}"
QLSLPQKTF,"{""P47690"": 3}"
QLSPXXXXX,"{""P47414"": 102}"
QLSPXXVAL,"{""P47414"": 23}"
QLSPXKVAL,"{""P47414"": 1}"
QLSPKXVAL,"{""P47414"": 1}"
QLSPKXXXX,"{""P47414"": 2}"
QLSXLTPSS,"{""P47549"": 22}"
QLSFQDGIT,"{""P47460"": 116}"
QLSAHYYXW,"{""P47336"": 7}"
QLSAHYYRW,"{""P47336"": 16}"
QLSAHYXXW,"{""P47336"": 1}"
QLSAHYXRW,"{""P47336"": 1}"
QLSAHXYRW,"{""P47336"": 3}"
QLSRLTPSS,"{""P47549"": 121}"
QLSTQADLR,"{""P47500"": 18}"
QLSTQADLX,"{""P47500"": 7}"
QLSSTDPQT,"{""P47279"": 2}"
QLFXXLNLL,"{""P47303"": 76}"
QLFXXSXXX,"{""Q9ZB74"": 77}"
QLFXXXXXX,"{""P47303"": 37, ""Q9ZB74"": 34}"
QLFXKSXXX,"{""Q9ZB74"": 6}"
QLFXKLNLL,"{""P47303"": 5}"
QLFXIHLND,"{""P47352"": 5}"
QLFPXNAVE,"{""P47319"": 100}"
QLFPXXXXX,"{""P47319"": 15}"
QLFPKNAVE,"{""P47319"": 6}"
QLFGESEGX,"{""P47357"": 600}"
QLFGESEGK,"{""P47357"": 27}"
QLFGIETSV,"{""P47386"": 122}"
QLFNYVXPG,"{""P47321"": 6}"
QLFNYVRPG,"{""P47321"": 31}"
QLFNLLLTX,"{""Q49404"": 121}"
QLFNLLLTK,"{""Q49404"": 1}"
QLFNXVRPG,"{""P47321"": 2}"
QLFIAIVPP,"{""P47685"": 130}"
QLFIHEXVT,"{""P47699"": 106}"
QLFIHEXXX,"{""P47699"": 19}"
QLFIHEKVT,"{""P47699"": 4}"
QLFIXTXSI,"{""P47587"": 84}"
QLFIXTXXX,"{""P47587"": 13}"
QLFIXTKSI,"{""P47587"": 4}"
QLFIXXXXX,"{""P47587"": 19}"
QLFIKTXSI,"{""P47587"": 2}"
QLFIKTXXX,"{""P47587"": 1}"
QLFIKTKSI,"{""P47587"": 1}"
QLFFNVEXI,"{""P47500"": 88}"
QLFFNVEXX,"{""P47500"": 20}"
QLFFNVEKI,"{""P47500"": 2}"
QLFFNMEQQ,"{""P47480"": 135}"
QLFSXPVNV,"{""Q49460"": 107}"
QLFSXXXXX,"{""Q49460"": 23}"
QLFSKPVNV,"{""Q49460"": 4}"
QLFYIHLND,"{""P47352"": 113}"
QLFKXXXXX,"{""P47303"": 1, ""Q9ZB74"": 1}"
QLFKXSXXX,"{""Q9ZB74"": 4}"
QLFKXLNLL,"{""P47303"": 3}"
QLFKKLNLL,"{""P47303"": 1}"
QLFLTILRF,"{""P47685"": 26}"
QLFLTILXF,"{""P47685"": 6}"
QLFMPIXLI,"{""P47700"": 4}"
QLFMPIRLI,"{""P47700"": 26}"
QLFEQQLQF,"{""P47460"": 4}"
QLQMIVXXX,"{""P47298"": 78}"
QLQMIVXXA,"{""P47298"": 4}"
QLQMIVXRA,"{""P47298"": 18}"
QLQXTTTLX,"{""P47508"": 117}"
QLQXTTTLK,"{""P47508"": 3}"
QLQXLAXXX,"{""P47574"": 81}"
QLQXLAXXI,"{""P47574"": 1}"
QLQXLAXRI,"{""P47574"": 17}"
QLQXLAKRI,"{""P47574"": 1}"
QLQXXXXXX,"{""P47574"": 21, ""P47508"": 15}"
QLQVANGEX,"{""P47286"": 104}"
QLQVANGEK,"{""P47286"": 1}"
QLQSQYQLF,"{""P47372"": 114}"
QLQSQXQLF,"{""P47372"": 4}"
QLQTANSSG,"{""P47580"": 34}"
QLQKLAXXX,"{""P47574"": 3}"
QLQKTTTLK,"{""P47508"": 1}"
QLIWGHXIP,"{""P47576"": 515}"
QLIWGHXXX,"{""P47576"": 102}"
QLIWGHKIP,"{""P47576"": 18}"
QLIGTVVST,"{""P47406"": 124}"
QLIGIEKXX,"{""P47437"": 6}"
QLIGIEKXE,"{""P47437"": 10}"
QLIGIEXXE,"{""P47437"": 412}"
QLIGIEXXX,"{""P47437"": 180}"
QLIGIEXKE,"{""P47437"": 15}"
QLIGQEXLQ,"{""P47348"": 91}"
QLIGQEXXX,"{""P47348"": 20}"
QLIGQEKLQ,"{""P47348"": 5}"
QLIIIFLLI,"{""P47301"": 563}"
QLITLMIET,"{""P47346"": 130}"
QLIELIEDT,"{""P47526"": 122}"
QLIESLXEM,"{""P36255"": 95}"
QLIESLXXX,"{""P36255"": 10}"
QLIESLKEM,"{""P36255"": 1}"
QLIENFSLS,"{""P47700"": 38}"
QLIDVSYGS,"{""P47351"": 37}"
QLIMVEQFL,"{""P47493"": 119}"
QLINLENLQ,"{""P47441"": 132}"
QLIYSYLIY,"{""P47330"": 111}"
QLIYSYLIX,"{""P47330"": 5}"
QLIYSXLIY,"{""P47330"": 6}"
QLIFECSLF,"{""Q49404"": 109}"
QLIFEXSLF,"{""Q49404"": 7}"
QLILNLNHX,"{""P47271"": 110}"
QLILNLNHK,"{""P47271"": 3}"
QLISSDLDT,"{""P47699"": 33}"
QLIASLLSQ,"{""P47429"": 33}"
QLIXSYLIY,"{""P47330"": 5}"
QLIXSXLIY,"{""P47330"": 1}"
QLXXXXXXX,"{""P47264"": 104, ""P47326"": 25, ""P47487"": 114, ""P47587"": 71, ""P47345"": 109, ""P47682"": 32, ""P47433"": 88, ""Q49460"": 35, ""P47291"": 83, ""P47271"": 54, ""P47386"": 179, ""P47277"": 20, ""P55825"": 24, ""P47301"": 89, ""P47520"": 48, ""P47661"": 91, ""P47376"": 12, ""Q49420"": 39, ""P47394"": 18, ""P47460"": 23, ""P47254"": 34, ""P47609"": 26, ""P47321"": 19, ""P47403"": 25, ""P47539"": 20, ""P47311"": 36, ""P47591"": 25, ""Q49413"": 17, ""P47497"": 15, ""P47612"": 15}"
QLXXXQLIL,"{""P47271"": 67}"
QLXXLHDPF,"{""P47254"": 83}"
QLXXLIXVE,"{""P47433"": 5}"
QLXXLIXXX,"{""P47433"": 1}"
QLXXFELXI,"{""Q49460"": 61}"
QLXXFELXX,"{""Q49460"": 7}"
QLXXFELKI,"{""Q49460"": 2}"
QLXXHGIDS,"{""P47587"": 91}"
QLXXQINQV,"{""P47587"": 79}"
QLXXQFKNN,"{""P47497"": 1}"
QLXXQFXNN,"{""P47497"": 3}"
QLXXEYXXX,"{""P47311"": 52}"
QLXXEYXXS,"{""P47311"": 2}"
QLXXEYXRS,"{""P47311"": 13}"
QLXXEYKXS,"{""P47311"": 1}"
QLXXEYKRS,"{""P47311"": 1}"
QLXXEXXXX,"{""P47311"": 1}"
QLXXEXXXS,"{""P47311"": 1}"
QLXXEXXRS,"{""P47311"": 1}"
QLXXKQLIL,"{""P47271"": 4}"
QLXXRFVIG,"{""P47345"": 1}"
QLXXCFFSL,"{""P47291"": 2}"
QLXDELXXX,"{""P47376"": 33}"
QLXDELXXI,"{""P47376"": 64}"
QLXDELXKI,"{""P47376"": 2}"
QLXDELKXI,"{""P47376"": 3}"
QLXDNFLTX,"{""P47394"": 89}"
QLXDNFLTK,"{""P47394"": 7}"
QLXDYLXXX,"{""P47458"": 2}"
QLXDYLXLX,"{""P47458"": 4}"
QLXDLFSQP,"{""Q49416"": 2}"
QLXDLLNIT,"{""P47325"": 4}"
QLXYQFXNN,"{""P47497"": 91}"
QLXYQFXXX,"{""P47497"": 11}"
QLXYQFKNN,"{""P47497"": 5}"
QLXYCFFSL,"{""P47291"": 24}"
QLXYXFFSL,"{""P47291"": 1}"
QLXRLIXVE,"{""P47433"": 21}"
QLXRLIXXX,"{""P47433"": 1}"
QLXRRFVIG,"{""P47345"": 3}"
QLXSDYQLL,"{""P47591"": 35}"
QLXSLEAII,"{""P47321"": 106}"
QLXIEFXAG,"{""P47264"": 435}"
QLXIEFXXX,"{""P47264"": 80}"
QLXIEFKAG,"{""P47264"": 25}"
QLXINIXXX,"{""P47612"": 28}"
QLXINIXXA,"{""P47612"": 64}"
QLXINIXKA,"{""P47612"": 7}"
QLXINIKXA,"{""P47612"": 4}"
QLXINIKXX,"{""P47612"": 1}"
QLXINIKKA,"{""P47612"": 1}"
QLXIIPLYW,"{""P47520"": 105}"
QLXIIPLXW,"{""P47520"": 8}"
QLXIAETEX,"{""P47669"": 7}"
QLXTPTIXX,"{""P47403"": 91}"
QLXTPTIXK,"{""P47403"": 5}"
QLXTPTIKX,"{""P47403"": 2}"
QLXTNFDTQ,"{""P47459"": 6}"
QLXTVYNSC,"{""Q49413"": 80}"
QLXTVYNSX,"{""Q49413"": 3}"
QLXTVXNSC,"{""Q49413"": 4}"
QLXTGLPTI,"{""P47505"": 1}"
QLXHQXINA,"{""P47609"": 88}"
QLXHQXXXX,"{""P47609"": 19}"
QLXHQKINA,"{""P47609"": 5}"
QLXEXLVEA,"{""P47591"": 80}"
QLXEXXXXX,"{""P47591"": 20}"
QLXEXVPEF,"{""P47682"": 4}"
QLXEYVPEF,"{""P47682"": 95}"
QLXEMGINT,"{""P47277"": 112}"
QLXEEVEXQ,"{""P47539"": 72}"
QLXEEVEXX,"{""P47539"": 20}"
QLXEEVEKQ,"{""P47539"": 5}"
QLXEKLVEA,"{""P47591"": 3}"
QLXLSSELF,"{""P47497"": 35}"
QLXLASETE,"{""P47520"": 86}"
QLXLXTEAX,"{""P47301"": 8}"
QLXLXTEAK,"{""P47301"": 1}"
QLXLRTEAX,"{""P47301"": 18}"
QLXLRTEAK,"{""P47301"": 2}"
QLXFMQXEF,"{""Q49420"": 74}"
QLXFMQXXX,"{""Q49420"": 15}"
QLXFMQKEF,"{""Q49420"": 1}"
QLXFLVARD,"{""P47299"": 2}"
QLXQHQADF,"{""P47460"": 99}"
QLXQDVEQY,"{""P47386"": 28}"
QLXQDVEQX,"{""P47386"": 2}"
QLXQEXNTT,"{""P47326"": 68}"
QLXQEXXXX,"{""P47326"": 13}"
QLXQEKNTT,"{""P47326"": 3}"
QLXWFLGFN,"{""P47661"": 23}"
QLXNQFFTD,"{""P55825"": 94}"
QLXNLAXQL,"{""Q49420"": 9}"
QLXNLAYQL,"{""Q49420"": 93}"
QLXNNLXXX,"{""P47637"": 5}"
QLXPANFFQ,"{""P47386"": 21}"
QLXKLHDPF,"{""P47254"": 3}"
QLXKQINQV,"{""P47587"": 4}"
QLXKFELXI,"{""Q49460"": 2}"
QLXKFELXX,"{""Q49460"": 1}"
QLXKEYXXX,"{""P47311"": 1}"
QLXKHGIDS,"{""P47587"": 8}"
QLXKXQLIL,"{""P47271"": 1}"
QLXAIXXXX,"{""P47455"": 1}"
QLXAIXNXQ,"{""P47455"": 3}"
QLXVQXXXX,"{""P47434"": 5}"
QLVASIQXX,"{""P47473"": 86}"
QLVASIQXD,"{""P47473"": 30}"
QLVAIXTQC,"{""P47460"": 457}"
QLVAIXTQX,"{""P47460"": 35}"
QLVAIXXXX,"{""P47460"": 122}"
QLVAIKTQC,"{""P47460"": 25}"
QLVAIKTQX,"{""P47460"": 2}"
QLVLELGCG,"{""P47589"": 115}"
QLVLELGXG,"{""P47589"": 6}"
QLVRTTAXQ,"{""Q49404"": 17}"
QLVRTTAXX,"{""Q49404"": 3}"
QLVRTTAKQ,"{""Q49404"": 1}"
QLVVRISDL,"{""P47423"": 6}"
QLELFSFDP,"{""P47615"": 136}"
QLETISWFR,"{""P47582"": 106}"
QLETISWFX,"{""P47582"": 35}"
QLEXELENL,"{""P47524"": 84}"
QLEXXXXXX,"{""P47524"": 31, ""P47349"": 103}"
QLEXSFTLN,"{""P47349"": 22}"
QLEXLIQQV,"{""P47481"": 9}"
QLEIMSLYX,"{""P47702"": 601}"
QLEIMSLYK,"{""P47702"": 21}"
QLEIMSLXX,"{""P47702"": 29}"
QLEIXFNSS,"{""P47347"": 3}"
QLEIRFNSS,"{""P47347"": 8}"
QLEFSYWLE,"{""Q49412"": 119}"
QLESSLXXX,"{""P47394"": 91}"
QLESSLXLQ,"{""P47394"": 25}"
QLEVFYVXN,"{""P47457"": 80}"
QLEVFYVXX,"{""P47457"": 22}"
QLEVFYVKN,"{""P47457"": 3}"
QLEVFXVXN,"{""P47457"": 8}"
QLEVFXVXX,"{""P47457"": 1}"
QLEVDHANX,"{""P47393"": 103}"
QLEVDHANK,"{""P47393"": 2}"
QLEEIFSAX,"{""P47370"": 118}"
QLEEIFSAK,"{""P47370"": 8}"
QLEELXRXE,"{""P47342"": 1}"
QLEELXXRE,"{""P47342"": 1}"
QLEELRRRE,"{""P47342"": 5}"
QLEELRXRE,"{""P47342"": 1}"
QLEELRXXE,"{""P47342"": 1}"
QLERLIQQV,"{""P47481"": 28}"
QLEKELENL,"{""P47524"": 5}"
QLDQIQDIN,"{""P47507"": 120}"
QLDQHXXXX,"{""P47314"": 141}"
QLDQHXNDN,"{""P47314"": 4}"
QLDALXQXX,"{""P47597"": 82}"
QLDALXQXR,"{""P47597"": 18}"
QLDALXQKX,"{""P47597"": 1}"
QLDALXXXX,"{""P47597"": 33}"
QLDALKQXX,"{""P47597"": 2}"
QLDIITFXX,"{""P47481"": 22}"
QLDIITFXL,"{""P47481"": 97}"
QLDIITFKL,"{""P47481"": 3}"
QLDGFLGVC,"{""P47540"": 114}"
QLDGFLGVX,"{""P47540"": 8}"
QLDYLAXXX,"{""P47538"": 25}"
QLDYLAXVV,"{""P47538"": 91}"
QLDYLAKVV,"{""P47538"": 3}"
QLDDYFQAE,"{""P47589"": 115}"
QLDDXFQAE,"{""P47589"": 5}"
QLDLVLIAP,"{""P47438"": 133}"
QLDXLAXXX,"{""P47538"": 3}"
QLDXLAXVV,"{""P47538"": 3}"
QLDXLAKVV,"{""P47538"": 1}"
QLTNQGSFX,"{""Q49398"": 132}"
QLTNQGSFK,"{""Q49398"": 2}"
QLTNLLQVT,"{""P47582"": 610}"
QLTNINLNV,"{""Q49416"": 25}"
QLTDNAYFN,"{""P47700"": 118}"
QLTDNAXFN,"{""P47700"": 10}"
QLTSSQGSF,"{""P47527"": 126}"
QLTSIYFGS,"{""P47313"": 5}"
QLTXXXXXX,"{""P47319"": 14}"
QLTXEMXXX,"{""P47319"": 67}"
QLTXEMXXA,"{""P47319"": 25}"
QLTXEMKXA,"{""P47319"": 2}"
QLTXEMKXX,"{""P47319"": 7}"
QLTXEMKKA,"{""P47319"": 2}"
QLTQLLSNN,"{""P52271"": 37}"
QLTKEMXXX,"{""P47319"": 4}"
QLTKEMXXA,"{""P47319"": 1}"
QLNELLINN,"{""P47255"": 33}"
QLNELXQIL,"{""Q9ZB78"": 107}"
QLNELXXXX,"{""Q9ZB78"": 17}"
QLNELKQIL,"{""Q9ZB78"": 3}"
QLNEWQXLI,"{""P47273"": 500}"
QLNEWQXXX,"{""P47273"": 112}"
QLNEWQKLI,"{""P47273"": 24}"
QLNXIIAIM,"{""P47642"": 87}"
QLNXINQXX,"{""P47573"": 13}"
QLNXINQXI,"{""P47573"": 80}"
QLNXINQKI,"{""P47573"": 5}"
QLNXXXXXX,"{""P47497"": 77, ""P47642"": 33, ""P47573"": 19, ""P47397"": 21}"
QLNXPXXXX,"{""P47397"": 20}"
QLNXPXQGF,"{""P47397"": 86}"
QLNXPKQGF,"{""P47397"": 4}"
QLNXPTGNW,"{""P47497"": 29}"
QLNLEXXXX,"{""P47620"": 95}"
QLNLEXTVA,"{""P47620"": 26}"
QLNLEKTVA,"{""P47620"": 1}"
QLNDPLVLR,"{""P47525"": 23}"
QLNDPLVLX,"{""P47525"": 3}"
QLNGFSSIX,"{""P47606"": 106}"
QLNGFSSIK,"{""P47606"": 3}"
QLNGETVGY,"{""P47518"": 116}"
QLNGETVGX,"{""P47518"": 10}"
QLNKPTGNW,"{""P47497"": 2}"
QLNKPXQGF,"{""P47397"": 3}"
QLNKPXXXX,"{""P47397"": 1}"
QLNKPKQGF,"{""P47397"": 1}"
QLNKIIAIM,"{""P47642"": 3}"
QLNKINQXI,"{""P47573"": 7}"
QLNKINQKI,"{""P47573"": 1}"
QLLPFEADS,"{""Q49435"": 120}"
QLLIXNVFE,"{""P47685"": 105}"
QLLIXXXXX,"{""P47685"": 17}"
QLLIKNVFE,"{""P47685"": 5}"
QLLLAHXGY,"{""P47535"": 11}"
QLLLAHXGX,"{""P47535"": 1}"
QLLLAHRGY,"{""P47535"": 19}"
QLLLAHRGX,"{""P47535"": 2}"
QLLLNETME,"{""P47252"": 139}"
QLLNNCCEV,"{""P47344"": 114}"
QLLNNCXEV,"{""P47344"": 3}"
QLLNNXCEV,"{""P47344"": 4}"
QLLNDVNNA,"{""P47460"": 22}"
QLLNRXGYF,"{""P47355"": 97}"
QLLNRXGXF,"{""P47355"": 4}"
QLLNRXXXX,"{""P47355"": 16}"
QLLNRKGYF,"{""P47355"": 5}"
QLLNXXXXX,"{""P47355"": 9}"
QLLNXXGYF,"{""P47355"": 23}"
QLLNXKGYF,"{""P47355"": 2}"
QLLTXVQQE,"{""P47668"": 109}"
QLLTXXXXX,"{""P47668"": 29}"
QLLTKVQQE,"{""P47668"": 4}"
QLLTIARAV,"{""P47261"": 35}"
QLLTIAXAV,"{""P47261"": 5}"
QLLEXXXXX,"{""Q9ZB76"": 81}"
QLLEXXFNL,"{""Q9ZB76"": 4}"
QLLEXRFNL,"{""Q9ZB76"": 23}"
QLLEKXFNL,"{""Q9ZB76"": 1}"
QLLEKRFNL,"{""Q9ZB76"": 1}"
QLLMIAGVE,"{""P47282"": 117}"
QLLVQIDXF,"{""P47417"": 4}"
QLLVQIDCF,"{""P47417"": 129}"
QLLVSGQLE,"{""P47310"": 118}"
QLLXXXXXX,"{""P47460"": 99, ""P47513"": 13, ""P47525"": 27, ""Q49404"": 16}"
QLLXQXQEV,"{""P47513"": 78}"
QLLXQXXXX,"{""P47513"": 21}"
QLLXQKQEV,"{""P47513"": 6}"
QLLXMGLAG,"{""Q49404"": 79}"
QLLXGEIEG,"{""P47525"": 91}"
QLLXAQRIV,"{""P47460"": 14}"
QLLXAQXIV,"{""P47460"": 6}"
QLLSLVDEN,"{""P47534"": 120}"
QLLQTPRXX,"{""P47359"": 7}"
QLLQTPRXF,"{""P47359"": 24}"
QLLQTPXXF,"{""P47359"": 4}"
QLLFTCVRC,"{""P47267"": 25}"
QLLFTCVRX,"{""P47267"": 1}"
QLLFTCVXC,"{""P47267"": 2}"
QLLFTXVRC,"{""P47267"": 1}"
QLLKQXQEV,"{""P47513"": 3}"
QLLKMGLAG,"{""Q49404"": 3}"
QLLKGEIEG,"{""P47525"": 4}"
QLYDLFSQP,"{""Q49416"": 120}"
QLYDHSRQE,"{""P56723"": 23}"
QLYDHSXQE,"{""P56723"": 10}"
QLYNNLXXX,"{""P47637"": 90}"
QLYNNLXLS,"{""P47637"": 13}"
QLYNNLKLS,"{""P47637"": 1}"
QLYVQXXXX,"{""P47434"": 99}"
QLGTXIEIX,"{""P47346"": 514}"
QLGTXIEIK,"{""P47346"": 17}"
QLGTXXXXX,"{""P47346"": 110}"
QLGTKIEIX,"{""P47346"": 24}"
QLGTKIEIK,"{""P47346"": 1}"
QLGNSSFEX,"{""P47314"": 104}"
QLGNSSFEK,"{""P47314"": 6}"
QLGLFEXPS,"{""P47545"": 94}"
QLGLFEXXX,"{""P47545"": 17}"
QLGLFEKPS,"{""P47545"": 4}"
QLGFLRVLV,"{""P47660"": 16}"
QLGFLXVLV,"{""P47660"": 5}"
QLHDXXXXX,"{""P47460"": 586}"
QLHDXEMRV,"{""P47460"": 4}"
QLHDXEMXV,"{""P47460"": 2}"
QLHFSISDI,"{""P47264"": 130}"
QLHAIXEAN,"{""Q49407"": 105}"
QLHAIXXXX,"{""Q49407"": 32}"
QLHAIKEAN,"{""Q49407"": 7}"
QLPVDQLVN,"{""P47482"": 125}"
QLPLATVEV,"{""P47276"": 125}"
QLPFITQPE,"{""P47442"": 115}"
QLPSQVLVR,"{""P47537"": 4}"
QLPSQVLVX,"{""P47537"": 4}"
QLPEDNLSL,"{""P47558"": 115}"
QLPRVYDCL,"{""P47639"": 22}"
QLPRVYDXL,"{""P47639"": 2}"
QLPNTSDII,"{""P47471"": 2}"
QLPXVYDCL,"{""P47639"": 2}"
QLPXVYDXL,"{""P47639"": 1}"
QLRSDYQLL,"{""P47591"": 122}"
QLRSDXQLL,"{""P47591"": 10}"
QLRTNFDTQ,"{""P47459"": 18}"
QLRTGLPTI,"{""P47505"": 5}"
QLRLSSELF,"{""P47497"": 111}"
QLRDLLNIT,"{""P47325"": 29}"
QLRDYLXLX,"{""P47458"": 20}"
QLRDYLXXX,"{""P47458"": 2}"
QLRDXLXLX,"{""P47458"": 1}"
QLRIAETEX,"{""P47669"": 16}"
QLRIAETEK,"{""P47669"": 1}"
QLRAIXNXX,"{""P47455"": 2}"
QLRAIXNXQ,"{""P47455"": 14}"
QLRAIXNKQ,"{""P47455"": 1}"
QLRAIXXXX,"{""P47455"": 4}"
QLRAIKNXQ,"{""P47455"": 1}"
QLRFLVARD,"{""P47299"": 3}"
QLASNYPLF,"{""Q57081"": 111}"
QLASNXPLF,"{""Q57081"": 8}"
QLAATLTIS,"{""P47533"": 119}"
QLAIANXXX,"{""P47482"": 27}"
QLAIANXLD,"{""P47482"": 115}"
QLAIANKLD,"{""P47482"": 3}"
QLANSAXXX,"{""P47308"": 24}"
QLANSAXPT,"{""P47308"": 102}"
QLANSAKPT,"{""P47308"": 5}"
QLALXHLXX,"{""P47288"": 85}"
QLALXHLXL,"{""P47288"": 22}"
QLALXHLKL,"{""P47288"": 2}"
QLALXXXXX,"{""P47288"": 30}"
QLALKHLXL,"{""P47288"": 3}"
QLALKHLXX,"{""P47288"": 2}"
QLAXXXXXX,"{""P47706"": 108}"
QLAXXYEFV,"{""P47706"": 1}"
QLAXRYEFV,"{""P47706"": 6}"
QLAXRXEFV,"{""P47706"": 1}"
QLMPLGVLL,"{""P47293"": 126}"
QLKFMQXXX,"{""Q49420"": 1}"
QLKFMQXEF,"{""Q49420"": 1}"
QLKXXXXXX,"{""P47311"": 1, ""P47587"": 2, ""P47271"": 1, ""Q49460"": 1}"
QLKXXQLIL,"{""P47271"": 3}"
QLKXFELXI,"{""Q49460"": 4}"
QLKXFELXX,"{""Q49460"": 3}"
QLKXFELKI,"{""Q49460"": 1}"
QLKXQINQV,"{""P47587"": 7}"
QLKXLHDPF,"{""P47254"": 4}"
QLKXHGIDS,"{""P47587"": 4}"
QLKXEYXXX,"{""P47311"": 3}"
QLKIEFXAG,"{""P47264"": 14}"
QLKIEFXXX,"{""P47264"": 3}"
QLKIEFKAG,"{""P47264"": 1}"
QLKIIPLYW,"{""P47520"": 5}"
QLKINIXXA,"{""P47612"": 2}"
QLKINIXXX,"{""P47612"": 1}"
QLKTPTIXX,"{""P47403"": 3}"
QLKTVYNSC,"{""Q49413"": 4}"
QLKDELXXI,"{""P47376"": 3}"
QLKDELXXX,"{""P47376"": 1}"
QLKDNFLTK,"{""P47394"": 1}"
QLKDNFLTX,"{""P47394"": 5}"
QLKNLAYQL,"{""Q49420"": 3}"
QLKNQFFTD,"{""P55825"": 6}"
QLKYQFXNN,"{""P47497"": 5}"
QLKYCFFSL,"{""P47291"": 1}"
QLKEMGINT,"{""P47277"": 8}"
QLKEXLVEA,"{""P47591"": 7}"
QLKEXXXXX,"{""P47591"": 1}"
QLKEEVEKQ,"{""P47539"": 1}"
QLKEEVEXQ,"{""P47539"": 4}"
QLKEEVEXX,"{""P47539"": 1}"
QLKEYVPEF,"{""P47682"": 5}"
QLKQHQADF,"{""P47460"": 4}"
QLKQEXNTT,"{""P47326"": 7}"
QLKQDVEQY,"{""P47386"": 1}"
QLKLASETE,"{""P47520"": 3}"
QLKLRTEAX,"{""P47301"": 1}"
QLKSLEAII,"{""P47321"": 8}"
QLKWFLGFN,"{""P47661"": 2}"
QLKHQXINA,"{""P47609"": 2}"
QATPTXXXX,"{""P20796"": 24}"
QATPTXPTP,"{""P20796"": 106}"
QATPTKPTP,"{""P20796"": 3}"
QATPSXPVQ,"{""P47388"": 92}"
QATPSXXXX,"{""P47388"": 15}"
QATPSKPVQ,"{""P47388"": 7}"
QATDAILAS,"{""P47460"": 100}"
QATHNETFV,"{""P47437"": 125}"
QATADGVIS,"{""P47522"": 130}"
QATVSNSEL,"{""P47439"": 108}"
QAEXLTXQF,"{""P47293"": 62}"
QAEXLTXXX,"{""P47293"": 10}"
QAEXLTKQF,"{""P47293"": 3}"
QAEXRYGXN,"{""P47277"": 15}"
QAEXRYGXX,"{""P47277"": 3}"
QAEXRYGKN,"{""P47277"": 1}"
QAEXRXGXN,"{""P47277"": 1}"
QAEXXXXXX,"{""P47277"": 105, ""P47293"": 20}"
QAEXXYGXN,"{""P47277"": 1}"
QAEXETKXX,"{""P47380"": 1}"
QAEXETKXK,"{""P47380"": 1}"
QAEXETXXX,"{""P47380"": 39}"
QAEDMIXNQ,"{""P47582"": 478}"
QAEDMIXXX,"{""P47582"": 142}"
QAEDMIKNQ,"{""P47582"": 15}"
QAEVLLMRF,"{""P47580"": 21}"
QAEVLLMXF,"{""P47580"": 6}"
QAERETKXX,"{""P47380"": 6}"
QAERETKXK,"{""P47380"": 3}"
QAERETKKX,"{""P47380"": 1}"
QAERETXXX,"{""P47380"": 109}"
QAERETXXK,"{""P47380"": 4}"
QAERETXKX,"{""P47380"": 4}"
QAEQLFXXL,"{""P47442"": 79}"
QAEQLFXXX,"{""P47442"": 27}"
QAEQLFXKL,"{""P47442"": 5}"
QAEQLFKXL,"{""P47442"": 6}"
QAEKLTXQF,"{""P47293"": 2}"
QAEKRYGXN,"{""P47277"": 1}"
QAIIEKIPL,"{""P47615"": 20}"
QAIIEXIPL,"{""P47615"": 503}"
QAIIEXXXX,"{""P47615"": 117}"
QAINNHXTP,"{""P47700"": 96}"
QAINNHXXX,"{""P47700"": 21}"
QAINNHKTP,"{""P47700"": 5}"
QAISCGXGV,"{""P47486"": 90}"
QAISCGXXX,"{""P47486"": 20}"
QAISCGKGV,"{""P47486"": 7}"
QAISLVDYQ,"{""P47508"": 120}"
QAISLVDXQ,"{""P47508"": 6}"
QAISXGXGV,"{""P47486"": 3}"
QAISXGXXX,"{""P47486"": 2}"
QAIDXSFEX,"{""P47288"": 94}"
QAIDXSFEK,"{""P47288"": 4}"
QAIDXXXXX,"{""P47288"": 19}"
QAIDKSFEX,"{""P47288"": 6}"
QAIDLDXLT,"{""P47551"": 99}"
QAIDLDXXX,"{""P47551"": 21}"
QAIDLDKLT,"{""P47551"": 8}"
QAIQXPXED,"{""P47300"": 85}"
QAIQXPXXX,"{""P47300"": 14}"
QAIQXPKED,"{""P47300"": 3}"
QAIQXXXXX,"{""P47300"": 16}"
QAIQKPXXX,"{""P47300"": 1}"
QAIQKPXED,"{""P47300"": 2}"
QAITXFXVI,"{""P47451"": 81}"
QAITXFXXX,"{""P47451"": 29}"
QAITXFKVI,"{""P47451"": 1}"
QAITXXXXX,"{""P47451"": 16}"
QAITKFXVI,"{""P47451"": 1}"
QAILEENEI,"{""P47481"": 31}"
QALISAALW,"{""P47650"": 538}"
QALIDAVEQ,"{""P47682"": 110}"
QALIQLLSE,"{""Q49406"": 110}"
QALLGDLII,"{""P47386"": 117}"
QALLLAVLD,"{""P47549"": 130}"
QALQEILSN,"{""P47485"": 117}"
QALEQSIXV,"{""P47637"": 101}"
QALEQSIXX,"{""P47637"": 12}"
QALEQSIKV,"{""P47637"": 5}"
QALEXXXXX,"{""P47246"": 19}"
QALEXNNDD,"{""P47246"": 118}"
QALESIGIL,"{""P22747"": 23}"
QALEVYLDH,"{""P47250"": 30}"
QALEVXLDH,"{""P47250"": 2}"
QALEKNNDD,"{""P47246"": 2}"
QALTXXXXX,"{""P47403"": 94}"
QALTXVLXA,"{""P47403"": 352}"
QALTXVLXX,"{""P47403"": 114}"
QALTXVLKA,"{""P47403"": 20}"
QALTKVLXA,"{""P47403"": 27}"
QALTKVLXX,"{""P47403"": 2}"
QALTKVLKA,"{""P47403"": 1}"
QALTELGND,"{""P47563"": 10}"
QALXXXXXX,"{""Q49407"": 39}"
QALXXAYXL,"{""Q49407"": 68}"
QALXXAYXX,"{""Q49407"": 12}"
QALXXAYKL,"{""Q49407"": 1}"
QALXXAXXL,"{""Q49407"": 4}"
QALXSLIXX,"{""P47664"": 3}"
QALXSLIXT,"{""P47664"": 5}"
QALXKAYXL,"{""Q49407"": 4}"
QALXKAYXX,"{""Q49407"": 1}"
QALXNFFIX,"{""P47493"": 7}"
QALYNFFIX,"{""P47493"": 112}"
QALYNFFIK,"{""P47493"": 7}"
QALYSLIKT,"{""P47664"": 3}"
QALYSLIXT,"{""P47664"": 83}"
QALYSLIXX,"{""P47664"": 16}"
QALYIRSWQ,"{""P47580"": 23}"
QALYIXSWQ,"{""P47580"": 3}"
QALVYLGFL,"{""Q49406"": 126}"
QALVXLGFL,"{""Q49406"": 9}"
QALKXXXXX,"{""Q49407"": 1}"
QALKXAYXL,"{""Q49407"": 2}"
QALKXAYXX,"{""Q49407"": 1}"
QAXNPVLXE,"{""P47386"": 406}"
QAXNPVLXX,"{""P47386"": 78}"
QAXNPVLKE,"{""P47386"": 28}"
QAXXXXXXX,"{""P47438"": 167, ""P47299"": 45, ""P47346"": 30, ""P47386"": 98, ""P47246"": 31, ""Q9ZB78"": 113, ""P47418"": 19, ""P47401"": 49, ""P47297"": 28, ""P47326"": 16}"
QAXXXPIXX,"{""P47401"": 62}"
QAXXXPIXT,"{""P47401"": 6}"
QAXXNQTII,"{""P47438"": 447}"
QAXXIYXXX,"{""P47299"": 9}"
QAXXIYXFF,"{""P47299"": 67}"
QAXXIYKFF,"{""P47299"": 3}"
QAXXIXXFF,"{""P47299"": 1}"
QAXXIXXXX,"{""P47299"": 1}"
QAXXIXKFF,"{""P47299"": 1}"
QAXXAFHGX,"{""P47418"": 2}"
QAXXAFHGY,"{""P47418"": 3}"
QAXXKPIXX,"{""P47401"": 2}"
QAXRGFLLL,"{""Q9ZB78"": 2}"
QAXTXQXXX,"{""P47297"": 9}"
QAXTXQXAI,"{""P47297"": 62}"
QAXTXXXXX,"{""P47297"": 10}"
QAXTKQXAI,"{""P47297"": 4}"
QAXTKQXXX,"{""P47297"": 3}"
QAXISXAAW,"{""P47326"": 81}"
QAXISXXXX,"{""P47326"": 17}"
QAXISKAAW,"{""P47326"": 3}"
QAXCAFHGY,"{""P47418"": 93}"
QAXCAFHGX,"{""P47418"": 6}"
QAXQLITLM,"{""P47346"": 102}"
QAXPLIXPY,"{""P47583"": 22}"
QAXPLIXPX,"{""P47583"": 1}"
QAXPLIXXX,"{""P47583"": 3}"
QAXVLXXXX,"{""P47246"": 76}"
QAXVLXFIR,"{""P47246"": 13}"
QAXVLXFIX,"{""P47246"": 1}"
QAXKNQTII,"{""P47438"": 16}"
QAXKIYXFF,"{""P47299"": 1}"
QAXKIYXXX,"{""P47299"": 1}"
QAXKIYKFF,"{""P47299"": 1}"
QAXKXPIXX,"{""P47401"": 4}"
QAXKXXXXX,"{""P47401"": 2}"
QAXLNGIES,"{""P47386"": 4}"
QAXLITLXY,"{""P47482"": 4}"
QAXLITLXX,"{""P47482"": 2}"
QAYPLIXPY,"{""P47583"": 455}"
QAYPLIXPX,"{""P47583"": 21}"
QAYPLIXXX,"{""P47583"": 86}"
QAYPLIKPY,"{""P47583"": 22}"
QAYLNGIES,"{""P47386"": 117}"
QAYLITLXY,"{""P47482"": 77}"
QAYLITLXX,"{""P47482"": 27}"
QAVLEXXXX,"{""P47433"": 23}"
QAVLEXNSV,"{""P47433"": 84}"
QAVLEKNSV,"{""P47433"": 8}"
QAVLNLXXX,"{""P47457"": 103}"
QAVLNLXXR,"{""P47457"": 14}"
QAVLNLXKR,"{""P47457"": 1}"
QAVLNLKXX,"{""P47457"": 4}"
QAVLNLKXR,"{""P47457"": 1}"
QAVLNYIFT,"{""P47587"": 119}"
QAVLNXIFT,"{""P47587"": 7}"
QAVENINVA,"{""P47388"": 132}"
QAVSTSNNG,"{""P47549"": 633}"
QAVINDNNV,"{""P47308"": 125}"
QAVFXXXXX,"{""P47668"": 109}"
QAVFXTQLR,"{""P47668"": 4}"
QAVFXTQLX,"{""P47668"": 1}"
QAVFNLXRX,"{""P47354"": 1}"
QAVFNLXXX,"{""P47354"": 1}"
QAVFNLYRX,"{""P47354"": 22}"
QAVFNLYXX,"{""P47354"": 7}"
QAVFKTQLR,"{""P47668"": 1}"
QAVGDIYNY,"{""P47523"": 1}"
QAFPELQLY,"{""P47266"": 119}"
QAFPELQLX,"{""P47266"": 4}"
QAFCFLNQF,"{""P47637"": 544}"
QAFEERVLT,"{""P47342"": 32}"
QAFEEXVLT,"{""P47342"": 5}"
QAFLFANXX,"{""P47637"": 96}"
QAFLFANXY,"{""P47637"": 20}"
QAFLFANKY,"{""P47637"": 2}"
QAFLNLRXK,"{""P47460"": 1}"
QAFLNLRXX,"{""P47460"": 25}"
QAFLNLXXX,"{""P47460"": 4}"
QAFXFLNQF,"{""P47637"": 32}"
QAQXLTLHL,"{""P47369"": 96}"
QAQXXXXXX,"{""Q49423"": 104, ""P47369"": 20}"
QAQTXSVVE,"{""P47514"": 96}"
QAQTXXXXX,"{""P47514"": 27}"
QAQTKSVVE,"{""P47514"": 5}"
QAQILXAII,"{""P47447"": 478}"
QAQILXXXX,"{""P47447"": 96}"
QAQILKAII,"{""P47447"": 21}"
QAQSXXXXX,"{""P47551"": 76}"
QAQSXTNNS,"{""P47551"": 31}"
QAQVVDSYQ,"{""Q49413"": 243}"
QAQVVDSXQ,"{""Q49413"": 17}"
QAQLTTLLN,"{""P47369"": 119}"
QAQATRGFI,"{""P47544"": 30}"
QAQATXGFI,"{""P47544"": 10}"
QAQKLTLHL,"{""P47369"": 6}"
QAAXXXXXX,"{""P47583"": 12, ""P47327"": 23}"
QAAXLEXGA,"{""P47327"": 78}"
QAAXLEXXX,"{""P47327"": 17}"
QAAXLEKGA,"{""P47327"": 5}"
QAAXNNEIS,"{""P47583"": 102}"
QAAXSFINV,"{""P47425"": 2}"
QAAFNCDVT,"{""P47318"": 35}"
QAAFNXDVT,"{""P47318"": 1}"
QAANALQXX,"{""P47308"": 25}"
QAANALQXQ,"{""P47308"": 99}"
QAANALQKQ,"{""P47308"": 3}"
QAADXXIQW,"{""P47673"": 82}"
QAADXXXXX,"{""P47673"": 35}"
QAADXKIQW,"{""P47673"": 5}"
QAADKXIQW,"{""P47673"": 5}"
QAADKXXXX,"{""P47673"": 2}"
QAACSFINV,"{""P47425"": 20}"
QAAKLEXGA,"{""P47327"": 2}"
QAAKLEXXX,"{""P47327"": 1}"
QAAKNNEIS,"{""P47583"": 4}"
QAGIDYITM,"{""P47488"": 94}"
QAGIDXITM,"{""P47488"": 5}"
QAGIWFPLL,"{""P47651"": 5}"
QAGAEQNQI,"{""P47662"": 136}"
QAHTAVIGV,"{""P47286"": 659}"
QANLVIYLL,"{""P47254"": 132}"
QANLVIXLL,"{""P47254"": 10}"
QANLMIFQA,"{""P47643"": 128}"
QANPSIFGN,"{""P47551"": 126}"
QANPYXFNL,"{""P47342"": 102}"
QANPYXXXX,"{""P47342"": 14}"
QANPYKFNL,"{""P47342"": 5}"
QANPXXFNL,"{""P47342"": 2}"
QANPXXXXX,"{""P47342"": 1}"
QANPXKFNL,"{""P47342"": 1}"
QANELEXXX,"{""P47643"": 120}"
QANELEXQA,"{""P47643"": 3}"
QASGSFGTR,"{""P47440"": 27}"
QASGSFGTX,"{""P47440"": 5}"
QASRYEVPR,"{""P47335"": 19}"
QASRYEVPX,"{""P47335"": 2}"
QASRXEVPR,"{""P47335"": 4}"
QASLWPITL,"{""P47387"": 40}"
QASXXEVPR,"{""P47335"": 1}"
QASXYEVPR,"{""P47335"": 4}"
QAKQLITLM,"{""P47346"": 11}"
QAKXNQTII,"{""P47438"": 27}"
QAKXXPIXX,"{""P47401"": 3}"
QAKXXPIXT,"{""P47401"": 1}"
QAKXXXXXX,"{""P47438"": 4, ""P47401"": 2, ""P47299"": 1}"
QAKXIYXFF,"{""P47299"": 1}"
QAKXAFHGY,"{""P47418"": 1}"
QAKNPVLXE,"{""P47386"": 24}"
QAKNPVLXX,"{""P47386"": 3}"
QAKTXQXAI,"{""P47297"": 2}"
QAKISXAAW,"{""P47326"": 4}"
QAKISXXXX,"{""P47326"": 1}"
QAKKNQTII,"{""P47438"": 2}"
QAKCAFHGY,"{""P47418"": 5}"
QAKVLXXXX,"{""P47246"": 2}"
QADIVVTNP,"{""Q49400"": 118}"
QARNLLEES,"{""P47643"": 7}"
QHLGNFLGV,"{""P47372"": 635}"
QHLELTNDL,"{""P47372"": 135}"
QHTITXILL,"{""P47507"": 88}"
QHTITXXXX,"{""P47507"": 21}"
QHTITKILL,"{""P47507"": 5}"
QHTDQDPVQ,"{""Q49460"": 4}"
QHEXXXXXX,"{""P47289"": 128}"
QHSYQNQAY,"{""P47460"": 92}"
QHSYQNQAX,"{""P47460"": 5}"
QHSXWVNTX,"{""P47687"": 106}"
QHSXWVNTK,"{""P47687"": 3}"
QHSXXXXXX,"{""P47687"": 26}"
QHSXQNQAY,"{""P47460"": 3}"
QHSKWVNTX,"{""P47687"": 3}"
QHFSDYDSL,"{""P47479"": 110}"
QHFSDXDSL,"{""P47479"": 9}"
QHFSYEXXX,"{""P47433"": 94}"
QHFSYEXQR,"{""P47433"": 30}"
QHFSYEXQX,"{""P47433"": 4}"
QHFSXEXXX,"{""P47433"": 6}"
QHFSXEXQR,"{""P47433"": 2}"
QHFQNLEYA,"{""P47460"": 114}"
QHFQNLEXA,"{""P47460"": 3}"
QHFHYFLVG,"{""P47534"": 106}"
QHFHXFLVG,"{""P47534"": 4}"
QHFNHDQIL,"{""P47346"": 28}"
QHYPXXFXF,"{""P47530"": 32}"
QHYPXXFXX,"{""P47530"": 4}"
QHYPXXFKF,"{""P47530"": 1}"
QHYPXXXXX,"{""P47530"": 6}"
QHYPXKFXF,"{""P47530"": 2}"
QHYPYXFXX,"{""P47530"": 65}"
QHYPYXFXF,"{""P47530"": 364}"
QHYPYXFKF,"{""P47530"": 18}"
QHYPYXXXX,"{""P47530"": 75}"
QHYPYKFXX,"{""P47530"": 6}"
QHYPYKFXF,"{""P47530"": 23}"
QHYNVFLAN,"{""P47274"": 555}"
QHYAFLIXX,"{""P47658"": 85}"
QHYAFLIXA,"{""P47658"": 30}"
QHYAFLIKA,"{""P47658"": 1}"
QHNQVICVA,"{""P47458"": 121}"
QHNQVIXVA,"{""P47458"": 6}"
QHNQXIINW,"{""P47343"": 83}"
QHNQXXXXX,"{""P47343"": 30}"
QHNQKIINW,"{""P47343"": 3}"
QHNYFQHFE,"{""P47528"": 32}"
QHNXFQHFE,"{""P47528"": 3}"
QHIINLFFE,"{""P47382"": 125}"
QHDGXPYGS,"{""P47339"": 101}"
QHDGXPXGS,"{""P47339"": 6}"
QHDGXXXXX,"{""P47339"": 21}"
QHDGKPYGS,"{""P47339"": 9}"
QHDNANVLC,"{""P47636"": 135}"
QHDNANVLX,"{""P47636"": 10}"
QHXNVFLAN,"{""P47274"": 28}"
QHXNALQLI,"{""P47661"": 88}"
QHXXXXXXX,"{""P47352"": 98, ""P47661"": 17}"
QHXGYVIXS,"{""P47352"": 5}"
QHXGYVIRS,"{""P47352"": 18}"
QHXGXVIRS,"{""P47352"": 3}"
QHXGXVIXS,"{""P47352"": 1}"
QHXPYXFXF,"{""P47530"": 24}"
QHXPYXFXX,"{""P47530"": 3}"
QHXPYXFKF,"{""P47530"": 1}"
QHXPYXXXX,"{""P47530"": 6}"
QHXPYKFXX,"{""P47530"": 1}"
QHXPXXFXX,"{""P47530"": 1}"
QHXAFLIXX,"{""P47658"": 3}"
QHGFVFQSS,"{""P47493"": 134}"
QHQADFENE,"{""P47460"": 126}"
QHQEFSXXX,"{""P47493"": 124}"
QHQEFSKXX,"{""P47493"": 7}"
QHQREHQQI,"{""P47580"": 20}"
QHQXEHQQI,"{""P47580"": 1}"
QHKNALQLI,"{""P47661"": 5}"
QYEIEPGDI,"{""P47437"": 114}"
QYEXAILXX,"{""P47540"": 20}"
QYEXAILXA,"{""P47540"": 84}"
QYEXAILKA,"{""P47540"": 3}"
QYEXXXXXX,"{""P47540"": 19}"
QYEKAILXA,"{""P47540"": 5}"
QYMIVEIQX,"{""P47582"": 565}"
QYMIVEIQK,"{""P47582"": 11}"
QYMQQVXDN,"{""P47634"": 101}"
QYMQQVXXX,"{""P47634"": 23}"
QYMQQVKDN,"{""P47634"": 3}"
QYMQIDXXX,"{""P47483"": 75}"
QYMQIDXFI,"{""P47483"": 31}"
QYMQIDKFI,"{""P47483"": 2}"
QYMFDIXXX,"{""P47637"": 93}"
QYMFDIXLS,"{""P47637"": 498}"
QYMFDIKLS,"{""P47637"": 17}"
QYMLNSQQX,"{""P47576"": 101}"
QYMLNSQQK,"{""P47576"": 4}"
QYNDLTXSL,"{""P47441"": 97}"
QYNDLTXXX,"{""P47441"": 12}"
QYNDLTKSL,"{""P47441"": 2}"
QYNNSYTEX,"{""P47314"": 554}"
QYNNSYTEK,"{""P47314"": 21}"
QYNNSXTEX,"{""P47314"": 32}"
QYNALXQTS,"{""P47583"": 104}"
QYNALXXXX,"{""P47583"": 22}"
QYNALKQTS,"{""P47583"": 4}"
QYLDLASYV,"{""P47469"": 107}"
QYLDLASXV,"{""P47469"": 5}"
QYLXSLQXX,"{""P47326"": 16}"
QYLXSLQXL,"{""P47326"": 70}"
QYLXSLQKL,"{""P47326"": 4}"
QYLXXXXXX,"{""P47326"": 15}"
QYLVHENES,"{""P47474"": 126}"
QYLKSLQXL,"{""P47326"": 3}"
QYLKSLQXX,"{""P47326"": 1}"
QYLNTLXXX,"{""P47265"": 26}"
QYLNTLXNE,"{""P47265"": 83}"
QYLNTLKNE,"{""P47265"": 3}"
QYLNVNLWT,"{""P47629"": 128}"
QYLPSDEFE,"{""P47368"": 33}"
QYXXXXXXX,"{""P47427"": 428, ""P47613"": 75, ""P47288"": 87, ""P47433"": 16}"
QYXITWIDI,"{""P47427"": 104}"
QYXILIRPE,"{""P47288"": 20}"
QYXILIXPE,"{""P47288"": 4}"
QYXVFLNQL,"{""P47433"": 94}"
QYXVHISPQ,"{""P47402"": 6}"
QYXPNHHHD,"{""P47321"": 9}"
QYXTDFDIV,"{""P47613"": 25}"
QYXESVNGY,"{""P47514"": 4}"
QYXGYLGWI,"{""Q49430"": 5}"
QYXLQNDIF,"{""P47330"": 3}"
QYDPVFSAL,"{""P47495"": 117}"
QYFLDELGL,"{""P47270"": 609}"
QYFGGVCLN,"{""P47513"": 111}"
QYFGGVXLN,"{""P47513"": 12}"
QYFNFSWIE,"{""P47576"": 144}"
QYFXESLLA,"{""P47661"": 5}"
QYFYESLLA,"{""P47661"": 120}"
QYGSXDDLX,"{""P47549"": 98}"
QYGSXDDLK,"{""P47549"": 4}"
QYGSXXXXX,"{""P47549"": 20}"
QYGSKDDLX,"{""P47549"": 5}"
QYGHLVLXV,"{""P47355"": 106}"
QYGHLVLXX,"{""P47355"": 18}"
QYGHLVLKV,"{""P47355"": 5}"
QYGXGFALQ,"{""P47314"": 7}"
QYGXLANRM,"{""P47495"": 2}"
QYGXLANXM,"{""P47495"": 1}"
QYGRGFALQ,"{""P47314"": 28}"
QYGYLANRM,"{""P47495"": 22}"
QYGYLANXM,"{""P47495"": 7}"
QYQEVIGVF,"{""P47537"": 123}"
QYQXXXTEL,"{""P47288"": 67}"
QYQXXXXXX,"{""P47288"": 38}"
QYQXXKTEL,"{""P47288"": 4}"
QYQXKXTEL,"{""P47288"": 7}"
QYQAVTXSL,"{""P47634"": 7}"
QYQAVTYSL,"{""P47634"": 113}"
QYQKXXXXX,"{""P47288"": 2}"
QYQKXXTEL,"{""P47288"": 5}"
QYILENNYS,"{""Q49424"": 112}"
QYILENNXS,"{""Q49424"": 6}"
QYIAGVSGG,"{""P47330"": 115}"
QYIIALDEG,"{""P47284"": 36}"
QYRPNHHHD,"{""P47321"": 32}"
QYRVHISPQ,"{""P47402"": 18}"
QYRLQNDIF,"{""P47330"": 27}"
QYRESVNGY,"{""P47514"": 19}"
QYRESVNGX,"{""P47514"": 2}"
QYRGYLGWI,"{""Q49430"": 24}"
QYRGXLGWI,"{""Q49430"": 3}"
QYTNXLVXT,"{""P47668"": 83}"
QYTNXLVXX,"{""P47668"": 17}"
QYTNXLVKT,"{""P47668"": 2}"
QYTNXXXXX,"{""P47668"": 20}"
QYTNKLVXT,"{""P47668"": 3}"
QYTNKLVXX,"{""P47668"": 1}"
QYTNKLVKT,"{""P47668"": 1}"
QYTVINAQE,"{""P47566"": 3}"
QYKILIRPE,"{""P47288"": 1}"
QYKITWIDI,"{""P47427"": 4}"
QYKTDFDIV,"{""P47613"": 3}"
QYKVFLNQL,"{""P47433"": 1}"
QGLNAIIXX,"{""P47445"": 107}"
QGLNAIIXV,"{""P47445"": 517}"
QGLNAIIKV,"{""P47445"": 26}"
QGLLPGFVV,"{""P47308"": 635}"
QGLEGLYMS,"{""P47530"": 135}"
QGLEGLXMS,"{""P47530"": 9}"
QGLFRHNLL,"{""P47582"": 23}"
QGLFXHNLL,"{""P47582"": 7}"
QGLIRLEGX,"{""P47270"": 19}"
QGLIRLEGK,"{""P47270"": 2}"
QGLIXLEGX,"{""P47270"": 5}"
QGFSQXDEX,"{""P47540"": 488}"
QGFSQXDEK,"{""P47540"": 17}"
QGFSQXXXX,"{""P47540"": 103}"
QGFSQKDEK,"{""P47540"": 2}"
QGFSQKDEX,"{""P47540"": 25}"
QGFFSXLXX,"{""P47397"": 23}"
QGFFSXLXL,"{""P47397"": 85}"
QGFFSXLKL,"{""P47397"": 3}"
QGFFSXXXX,"{""P47397"": 30}"
QGFFSKLXL,"{""P47397"": 1}"
QGFFSKLXX,"{""P47397"": 1}"
QGFITXVIE,"{""P47256"": 117}"
QGFITXXXX,"{""P47256"": 18}"
QGFITKVIE,"{""P47256"": 5}"
QGFDLIWQS,"{""P47317"": 36}"
QGTMMXXXX,"{""P47540"": 90}"
QGTMMXXDM,"{""P47540"": 28}"
QGTMMXCDM,"{""P47540"": 483}"
QGTMMKCDM,"{""P47540"": 18}"
QGTMMKXDM,"{""P47540"": 4}"
QGTHSTLTX,"{""P47398"": 608}"
QGTHSTLTK,"{""P47398"": 18}"
QGTAIAVFA,"{""Q49402"": 151}"
QGETIPCII,"{""P47327"": 620}"
QGETIPXII,"{""P47327"": 32}"
QGEXXXXXX,"{""P20796"": 98}"
QGEXLSETT,"{""P20796"": 17}"
QGEXTXLXS,"{""P47315"": 9}"
QGEYTXLXX,"{""P47315"": 12}"
QGEYTXLXS,"{""P47315"": 85}"
QGEYTXLKS,"{""P47315"": 5}"
QGEYTXXXX,"{""P47315"": 16}"
QGEYTKLXS,"{""P47315"": 5}"
QGEYTKLKS,"{""P47315"": 1}"
QGEDVRQSI,"{""P47582"": 27}"
QGEDVXQSI,"{""P47582"": 6}"
QGEKLSETT,"{""P20796"": 1}"
QGQMPIQTL,"{""P47270"": 137}"
QGIVXTXVX,"{""P47272"": 384}"
QGIVXTXVK,"{""P47272"": 2}"
QGIVXTXXX,"{""P47272"": 123}"
QGIVXTKVX,"{""P47272"": 13}"
QGIVXXXXX,"{""P47272"": 108}"
QGIVKTXVX,"{""P47272"": 14}"
QGIVKTXVK,"{""P47272"": 2}"
QGIVKTXXX,"{""P47272"": 4}"
QGIVKTKVX,"{""P47272"": 1}"
QGIALIFND,"{""P47661"": 132}"
QGILXISVY,"{""P47371"": 87}"
QGILXISVX,"{""P47371"": 4}"
QGILXXXXX,"{""P47371"": 22}"
QGILKISVY,"{""P47371"": 4}"
QGSICVGXF,"{""Q49420"": 511}"
QGSICVGXX,"{""Q49420"": 92}"
QGSICVGKF,"{""Q49420"": 15}"
QGSIXVGXF,"{""Q49420"": 29}"
QGSIXVGXX,"{""Q49420"": 7}"
QGSIXVGKF,"{""Q49420"": 1}"
QGSIXNPHY,"{""P47398"": 23}"
QGSIRNPHY,"{""P47398"": 128}"
QGSIRNPHX,"{""P47398"": 7}"
QGSDGETIN,"{""P47286"": 25}"
QGSFFAYIA,"{""P47635"": 26}"
QGSFFAXIA,"{""P47635"": 1}"
QGXXXXXXX,"{""P47599"": 97, ""P22747"": 12, ""P47412"": 28, ""P47425"": 36}"
QGXXVISIT,"{""P47425"": 5}"
QGXXVVSXX,"{""P47634"": 1}"
QGXGXXXXX,"{""P22747"": 18}"
QGXGXDSSG,"{""P22747"": 86}"
QGXGKDSSG,"{""P22747"": 5}"
QGXGFTSFL,"{""P47423"": 1}"
QGXCVISIT,"{""P47425"": 86}"
QGXTAEGXX,"{""P47412"": 88}"
QGXPVEVFT,"{""P47425"": 90}"
QGXSLNTSM,"{""P47599"": 23}"
QGXRVVSXG,"{""P47634"": 1}"
QGGNVVFAN,"{""P47315"": 132}"
QGGIVYNGD,"{""P47291"": 138}"
QGGIVXNGD,"{""P47291"": 6}"
QGGETRLQL,"{""P47698"": 26}"
QGGETXLQL,"{""P47698"": 9}"
QGGENRLNV,"{""P47386"": 6}"
QGGENXLNV,"{""P47386"": 2}"
QGGAXNSFD,"{""P47566"": 98}"
QGGAXXXXX,"{""P47566"": 17}"
QGGAKNSFD,"{""P47566"": 3}"
QGDXGETXF,"{""P47318"": 413}"
QGDXGETXX,"{""P47318"": 102}"
QGDXGETKF,"{""P47318"": 17}"
QGDXXXXXX,"{""P47318"": 92}"
QGDKGETXF,"{""P47318"": 21}"
QGDKGETXX,"{""P47318"": 3}"
QGDKGETKF,"{""P47318"": 1}"
QGAGAVYLH,"{""P47473"": 568}"
QGAGAVXLH,"{""P47473"": 28}"
QGALNYVXN,"{""Q49409"": 5}"
QGALNYVRN,"{""Q49409"": 7}"
QGNDIGTQY,"{""P47648"": 130}"
QGNDIGTQX,"{""P47648"": 14}"
QGPHTTSDD,"{""P47516"": 153}"
QGKCVISIT,"{""P47425"": 2}"
QGKTAEGXX,"{""P47412"": 6}"
QGKGXXXXX,"{""P22747"": 2}"
QGKGXDSSG,"{""P22747"": 5}"
QGKPVEVFT,"{""P47425"": 2}"
QGKSLNTSM,"{""P47599"": 1}"
QGYRVVSXG,"{""P47634"": 14}"
QGYRVVSXX,"{""P47634"": 1}"
QGYRVVSKG,"{""P47634"": 1}"
QGYXVVSXG,"{""P47634"": 4}"
QGYXVVSXX,"{""P47634"": 1}"
QGRGFTSFL,"{""P47423"": 9}"
QSGAFXSAQ,"{""P47534"": 91}"
QSGAFXXXX,"{""P47534"": 23}"
QSGAFKSAQ,"{""P47534"": 3}"
QSGGRGQYG,"{""P47335"": 21}"
QSGGRGQXG,"{""P47335"": 1}"
QSGGXGQYG,"{""P47335"": 7}"
QSEEXXXXX,"{""P47540"": 100}"
QSEEXIVDL,"{""P47540"": 5}"
QSEFSXVES,"{""P47460"": 103}"
QSEFSXXXX,"{""P47460"": 25}"
QSEFSKVES,"{""P47460"": 7}"
QSEIASLNS,"{""P47360"": 136}"
QSESEIIQM,"{""Q49407"": 139}"
QSETFFDYQ,"{""P47458"": 111}"
QSETFFDXQ,"{""P47458"": 6}"
QSILXHQII,"{""P47582"": 525}"
QSILXXXXX,"{""P47582"": 107}"
QSILKHQII,"{""P47582"": 21}"
QSISIXADL,"{""P47605"": 109}"
QSISIXXXX,"{""P47605"": 22}"
QSISIKADL,"{""P47605"": 3}"
QSIXXXXXX,"{""P47488"": 98}"
QSIXLFCTG,"{""P47488"": 24}"
QSIXLFXTG,"{""P47488"": 2}"
QSLLAKQVA,"{""P47251"": 3}"
QSLLAXQVA,"{""P47251"": 106}"
QSLLAXXXX,"{""P47251"": 17}"
QSLSASDSE,"{""Q49419"": 119}"
QSLNNTTPQ,"{""P47274"": 25}"
QSLFQTNNX,"{""P47539"": 117}"
QSLFQTNNK,"{""P47539"": 6}"
QSLDQXIEF,"{""P47620"": 7}"
QSLDQYIEF,"{""P47620"": 122}"
QSLTTFFDE,"{""P47278"": 132}"
QSLIDYGFR,"{""P47319"": 9}"
QSXNWIEXG,"{""P47438"": 67}"
QSXNWIEXX,"{""P47438"": 25}"
QSXNWIEKG,"{""P47438"": 4}"
QSXSLAALM,"{""P47526"": 99}"
QSXXELXPL,"{""P47326"": 83}"
QSXXELXXX,"{""P47326"": 9}"
QSXXEXLEX,"{""P47597"": 6}"
QSXXEXLEK,"{""P47597"": 1}"
QSXXEYLEX,"{""P47597"": 77}"
QSXXEYLEK,"{""P47597"": 2}"
QSXXXXXXX,"{""P47476"": 101, ""P47597"": 32, ""P47526"": 19, ""P47362"": 18, ""P47461"": 22, ""P47326"": 34, ""P47438"": 12}"
QSXPXSXQV,"{""P47461"": 68}"
QSXPXSXXX,"{""P47461"": 15}"
QSXPXSKQV,"{""P47461"": 2}"
QSXPXXXXX,"{""P47461"": 12}"
QSXPNXXXX,"{""P47410"": 8}"
QSXPKSXQV,"{""P47461"": 2}"
QSXPKSXXX,"{""P47461"": 1}"
QSXPKSKQV,"{""P47461"": 1}"
QSXAYEVQY,"{""P47362"": 96}"
QSXAYEVQX,"{""P47362"": 8}"
QSXAXEVQY,"{""P47362"": 5}"
QSXEATAPI,"{""P47278"": 31}"
QSXTXVNII,"{""P47476"": 4}"
QSXTRVNII,"{""P47476"": 20}"
QSXKELXPL,"{""P47326"": 2}"
QSXKEYLEX,"{""P47597"": 1}"
QSXKEYLEK,"{""P47597"": 1}"
QSSIHASGI,"{""Q49405"": 651}"
QSSDYTXLX,"{""P47433"": 107}"
QSSDYTXLK,"{""P47433"": 7}"
QSSDYTXXX,"{""P47433"": 15}"
QSSDYTKLX,"{""P47433"": 5}"
QSSDYTKLK,"{""P47433"": 1}"
QSSDXTXLX,"{""P47433"": 1}"
QSALIDINX,"{""P47460"": 584}"
QSALIDINK,"{""P47460"": 20}"
QSFDNNXIV,"{""P47573"": 529}"
QSFDNNXXX,"{""P47573"": 80}"
QSFDNNKIV,"{""P47573"": 22}"
QSFIHLNDF,"{""Q49413"": 124}"
QSFISALKX,"{""P47563"": 8}"
QSFISALXX,"{""P47563"": 111}"
QSFISALXK,"{""P47563"": 5}"
QSFILCFGG,"{""P47624"": 126}"
QSFILXFGG,"{""P47624"": 6}"
QSFXXXXXX,"{""P47429"": 132}"
QSFKXXXXX,"{""P47429"": 6}"
QSDFNNFLN,"{""P47310"": 132}"
QSDLLXIFE,"{""P47568"": 501}"
QSDLLXXXX,"{""P47568"": 96}"
QSDLLKIFE,"{""P47568"": 30}"
QSDLIXXXX,"{""P47631"": 128}"
QSDLIXXXM,"{""P47631"": 4}"
QSDLIXKXX,"{""P47631"": 5}"
QSDLIKXXM,"{""P47631"": 1}"
QSDLIKXXX,"{""P47631"": 1}"
QSDXTNLFD,"{""P47486"": 100}"
QSDXXXXXX,"{""P47312"": 76, ""P47486"": 17}"
QSDXPTFIE,"{""P47312"": 22}"
QSDSLLXLE,"{""P47460"": 83}"
QSDSLLXXX,"{""P47460"": 22}"
QSDSLLKLE,"{""P47460"": 5}"
QSDKTNLFD,"{""P47486"": 3}"
QSDKPTFIE,"{""P47312"": 2}"
QSHLDEVFX,"{""P47492"": 117}"
QSHLDEVFK,"{""P47492"": 5}"
QSVEDXSEL,"{""Q49413"": 110}"
QSVEDXXXX,"{""Q49413"": 22}"
QSVEDKSEL,"{""Q49413"": 7}"
QSVXXIXXX,"{""P47651"": 310}"
QSVXXIXVN,"{""P47651"": 74}"
QSVXXIKVN,"{""P47651"": 5}"
QSVXXXXXX,"{""P47651"": 199}"
QSVXKIXXX,"{""P47651"": 16}"
QSVXKIXVN,"{""P47651"": 5}"
QSVFEEXNY,"{""Q49413"": 89}"
QSVFEEXNX,"{""Q49413"": 6}"
QSVFEEXXX,"{""Q49413"": 20}"
QSVFEEKNY,"{""Q49413"": 5}"
QSVKXXXXX,"{""P47651"": 5}"
QSVKXIXVN,"{""P47651"": 3}"
QSVKXIXXX,"{""P47651"": 13}"
QSVKKIXXX,"{""P47651"": 1}"
QSYEATAPI,"{""P47278"": 605}"
QSNNLYVHE,"{""P47661"": 125}"
QSNNLXVHE,"{""P47661"": 8}"
QSNPNXGVF,"{""P47248"": 90}"
QSNPNXXXX,"{""P47248"": 25}"
QSNPNKGVF,"{""P47248"": 6}"
QSMEFPVIV,"{""P47258"": 120}"
QSQTTLVSF,"{""Q49411"": 108}"
QSWRSALFF,"{""P47562"": 24}"
QSWXSALFF,"{""P47562"": 11}"
QSKXXXXXX,"{""P47326"": 2}"
QSKXEYLEK,"{""P47597"": 1}"
QSKXEYLEX,"{""P47597"": 6}"
QSKXELXPL,"{""P47326"": 1}"
QSKNWIEXG,"{""P47438"": 3}"
QSKNWIEXX,"{""P47438"": 2}"
QSKPXSXQV,"{""P47461"": 2}"
QSKPXXXXX,"{""P47461"": 3}"
QSKKELXPL,"{""P47326"": 1}"
QSKSLAALM,"{""P47526"": 3}"
QSKAYEVQY,"{""P47362"": 1}"
QSKTRVNII,"{""P47476"": 1}"
QSTANFPXT,"{""P47313"": 1}"
QSTANFPRT,"{""P47313"": 6}"
QSRPNXXXX,"{""P47410"": 12}"
QEVVDLFAH,"{""P47575"": 117}"
QEVVDXLVA,"{""P47513"": 106}"
QEVVDXXXX,"{""P47513"": 17}"
QEVVDKLVA,"{""P47513"": 9}"
QEVXXXXXX,"{""P47405"": 32}"
QEVXXVEAX,"{""P47405"": 79}"
QEVXXVEAK,"{""P47405"": 3}"
QEVXKVEAX,"{""P47405"": 3}"
QEVKXVEAK,"{""P47405"": 1}"
QEVKXVEAX,"{""P47405"": 4}"
QEVKXXXXX,"{""P47405"": 2}"
QEAGSAGXQ,"{""P47251"": 456}"
QEAGSAGXX,"{""P47251"": 119}"
QEAGSAGKQ,"{""P47251"": 27}"
QEIEXXXXX,"{""P47643"": 556}"
QEIEXERRS,"{""P47643"": 17}"
QEIEXERXS,"{""P47643"": 7}"
QEIEXEXRS,"{""P47643"": 4}"
QEIEXEXXS,"{""P47643"": 1}"
QEIEKEXXS,"{""P47643"": 1}"
QEIEKERRS,"{""P47643"": 1}"
QEIPSDYXT,"{""P47515"": 28}"
QEIPSDYYT,"{""P47515"": 550}"
QEIPSDXYT,"{""P47515"": 31}"
QEIPSDXXT,"{""P47515"": 1}"
QEIPANFDX,"{""P47541"": 597}"
QEIPANFDK,"{""P47541"": 26}"
QEILDLTEV,"{""P56723"": 612}"
QEILQHXHG,"{""P47312"": 119}"
QEILQHXXX,"{""P47312"": 21}"
QEILQHKHG,"{""P47312"": 4}"
QEILLNNWF,"{""P47311"": 39}"
QEIVQEYHH,"{""P47366"": 108}"
QEIVQEXHH,"{""P47366"": 2}"
QEISILSDV,"{""P47705"": 142}"
QEIISQIQL,"{""Q49425"": 131}"
QEITVDIYS,"{""Q49406"": 34}"
QEITVDIXS,"{""Q49406"": 2}"
QEENDYLXY,"{""Q49413"": 108}"
QEENDYLXX,"{""Q49413"": 23}"
QEENDYLKY,"{""Q49413"": 2}"
QEENDXLKY,"{""Q49413"": 1}"
QEENDXLXY,"{""Q49413"": 4}"
QEENDXLXX,"{""Q49413"": 1}"
QEESXFDFE,"{""P47655"": 86}"
QEESXXXXX,"{""P47655"": 16}"
QEESKFDFE,"{""P47655"": 3}"
QEEEEGMXS,"{""P47516"": 107}"
QEEEEGMXX,"{""P47516"": 25}"
QEEEEGMKS,"{""P47516"": 2}"
QEEELXXXX,"{""P47530"": 99}"
QEEELXXXE,"{""P47530"": 4}"
QEEELXRXX,"{""P47530"": 7}"
QEEELXRXE,"{""P47530"": 13}"
QEEELXRKE,"{""P47530"": 2}"
QEEEXARIL,"{""P47278"": 11}"
QEEERARIL,"{""P47278"": 22}"
QEEERAXIL,"{""P47278"": 7}"
QELISFLXN,"{""P47619"": 106}"
QELISFLXX,"{""P47619"": 18}"
QELISFLKN,"{""P47619"": 4}"
QELIVATTR,"{""P47576"": 25}"
QELIVATTX,"{""P47576"": 5}"
QELSYHDLP,"{""P47525"": 30}"
QELSXHDLP,"{""P47525"": 4}"
QELVDXXXX,"{""P47460"": 95}"
QELVDXESA,"{""P47460"": 22}"
QELVDKESA,"{""P47460"": 1}"
QELVXXTLV,"{""P47264"": 83}"
QELVXXXXX,"{""P47264"": 46}"
QELVXKTLV,"{""P47264"": 3}"
QELVKXTLV,"{""P47264"": 4}"
QELAHFKXT,"{""P47470"": 2}"
QELAHFKXX,"{""P47470"": 7}"
QELAHFXXX,"{""P47470"": 102}"
QELAHFXXT,"{""P47470"": 21}"
QELEXIADT,"{""P47350"": 97}"
QELEXXXXX,"{""P47350"": 23}"
QELEGTIEE,"{""P47581"": 32}"
QELEKIADT,"{""P47350"": 1}"
QELPAAYAC,"{""P47308"": 99}"
QELPAAYAX,"{""P47308"": 6}"
QELPAAXAC,"{""P47308"": 6}"
QELQEXVNY,"{""P47319"": 3}"
QELQERVNY,"{""P47319"": 20}"
QELQERVNX,"{""P47319"": 1}"
QEWLMILVG,"{""P56723"": 125}"
QEWIDNFES,"{""P47282"": 116}"
QEQEXXXXX,"{""P47483"": 118}"
QEQEXLLVR,"{""P47483"": 1}"
QEQEXLLVX,"{""P47483"": 1}"
QEQEEYYDD,"{""P47561"": 3}"
QEQEEXYDD,"{""P47561"": 1}"
QEQEKLLVR,"{""P47483"": 1}"
QEQQNPNYV,"{""P47551"": 108}"
QEQQNPNXV,"{""P47551"": 9}"
QEQQAXXXX,"{""P47695"": 16}"
QEQQAXQXL,"{""P47695"": 81}"
QEQQAXQXX,"{""P47695"": 13}"
QEQQAXQKL,"{""P47695"": 4}"
QEQQAKQXL,"{""P47695"": 4}"
QEQQAKQXX,"{""P47695"": 2}"
QEQPEINLD,"{""P47442"": 128}"
QEQWSGGIE,"{""P47482"": 133}"
QEQYRDNSI,"{""P47582"": 1}"
QEXXXXXXX,"{""P47655"": 104, ""Q49419"": 24, ""P47326"": 25, ""P47363"": 91, ""P47668"": 22}"
QEXNTTXXQ,"{""P47326"": 72}"
QEXNTTXXX,"{""P47326"": 24}"
QEXNTTXKQ,"{""P47326"": 3}"
QEXNTTKXQ,"{""P47326"": 2}"
QEXELESNF,"{""P47668"": 100}"
QEXALLSDQ,"{""Q49419"": 103}"
QEXTLNFIR,"{""P47655"": 21}"
QEXTLNFIX,"{""P47655"": 4}"
QEXLPVSVA,"{""P47363"": 29}"
QEXDXXXXX,"{""Q9ZB77"": 5}"
QEXDXPNIT,"{""Q9ZB77"": 1}"
QETILQENN,"{""P47480"": 118}"
QETIDVNAV,"{""P47481"": 128}"
QETXXAEVX,"{""P47405"": 160}"
QETXXAEVK,"{""P47405"": 11}"
QETXXXXXX,"{""P47405"": 212}"
QETXXVEVX,"{""P47405"": 73}"
QETXXVEVK,"{""P47405"": 3}"
QETXXVEAX,"{""P47405"": 5}"
QETXXVEAR,"{""P47405"": 12}"
QETXKVEVX,"{""P47405"": 5}"
QETXKVEAR,"{""P47405"": 1}"
QETXKAEVX,"{""P47405"": 5}"
QETXKAEVK,"{""P47405"": 1}"
QETKXVEAR,"{""P47405"": 2}"
QETKXVEVK,"{""P47405"": 2}"
QETKXVEVX,"{""P47405"": 2}"
QETKXAEVX,"{""P47405"": 10}"
QETKXXXXX,"{""P47405"": 3}"
QETEPFDFI,"{""P47247"": 111}"
QENEXXXXX,"{""P47563"": 547}"
QENEXPIPA,"{""P47563"": 7}"
QENLCLEXL,"{""Q49416"": 468}"
QENLCLEXX,"{""Q49416"": 103}"
QENLCLEKL,"{""Q49416"": 20}"
QENLXLEXL,"{""Q49416"": 26}"
QENLXLEXX,"{""Q49416"": 6}"
QENLXLEKL,"{""Q49416"": 1}"
QENISLFVE,"{""P47694"": 133}"
QEHGANFLP,"{""P47317"": 634}"
QEHLEXXXX,"{""P47252"": 108}"
QEPHNLSGG,"{""P47425"": 116}"
QEYDXXXXX,"{""Q9ZB77"": 91}"
QEYDXPNIT,"{""Q9ZB77"": 30}"
QEYDKPNIT,"{""Q9ZB77"": 1}"
QEFSNVEGV,"{""P47423"": 132}"
QEDNPQVFS,"{""P47359"": 110}"
QESEQTQXE,"{""P47460"": 105}"
QESEQTQXX,"{""P47460"": 12}"
QESEQTQKE,"{""P47460"": 3}"
QESSWQQNF,"{""P47343"": 27}"
QEKNTTXXQ,"{""P47326"": 7}"
QEKNTTXXX,"{""P47326"": 1}"
QEKALLSDQ,"{""Q49419"": 3}"
QEKLPVSVA,"{""P47363"": 2}"
QEKTLNFIX,"{""P47655"": 1}"
QEKELESNF,"{""P47668"": 5}"
QQQIVVPYN,"{""P47265"": 594}"
QQQIVVPXN,"{""P47265"": 28}"
QQQIAQLNA,"{""P47460"": 119}"
QQQEQYQXX,"{""P47339"": 84}"
QQQEQYQXN,"{""P47339"": 30}"
QQQEQXQXN,"{""P47339"": 1}"
QQQEQXQXX,"{""P47339"": 3}"
QQQSLSVIP,"{""P47305"": 115}"
QQQRTVFMI,"{""P47426"": 29}"
QQQXXXXXX,"{""P47580"": 78}"
QQQXPVYVR,"{""P47580"": 19}"
QQQXPVYVX,"{""P47580"": 5}"
QQQXTVFMI,"{""P47426"": 7}"
QQQKPVYVR,"{""P47580"": 2}"
QQITAYXSL,"{""P47495"": 80}"
QQITAYXXX,"{""P47495"": 27}"
QQITAYKSL,"{""P47495"": 5}"
QQITAXXSL,"{""P47495"": 2}"
QQIQNLLIN,"{""P52271"": 120}"
QQIXXXXXX,"{""P47493"": 22, ""P47299"": 26}"
QQIXELNES,"{""P47299"": 97}"
QQIXQALYN,"{""P47493"": 99}"
QQIXQALXN,"{""P47493"": 8}"
QQILALIIL,"{""Q49411"": 124}"
QQINSLENA,"{""Q49419"": 118}"
QQIKELNES,"{""P47299"": 5}"
QQIKQALYN,"{""P47493"": 2}"
QQLXAXXXX,"{""Q49435"": 103}"
QQLXAXGLL,"{""Q49435"": 382}"
QQLXAKGLL,"{""Q49435"": 17}"
QQLXXXXXX,"{""P47465"": 24, ""Q49435"": 113, ""P47520"": 105, ""Q49404"": 19}"
QQLXXILAQ,"{""P47520"": 19}"
QQLXXYFIE,"{""Q49404"": 6}"
QQLXNXLRL,"{""P47465"": 21}"
QQLXNXLXL,"{""P47465"": 3}"
QQLXNXXXX,"{""P47465"": 72}"
QQLXNKLRL,"{""P47465"": 2}"
QQLXCYFIE,"{""Q49404"": 98}"
QQLXCXFIE,"{""Q49404"": 4}"
QQLXKILAQ,"{""P47520"": 1}"
QQLKAXGLL,"{""Q49435"": 23}"
QQLKAXXXX,"{""Q49435"": 7}"
QQLKAKGLL,"{""Q49435"": 1}"
QQLKXXXXX,"{""P47520"": 4}"
QQLKXILAQ,"{""P47520"": 2}"
QQLKXYFIE,"{""Q49404"": 1}"
QQLKNXLRL,"{""P47465"": 1}"
QQLKNXXXX,"{""P47465"": 3}"
QQLKCYFIE,"{""Q49404"": 2}"
QQLEXXXXX,"{""P47500"": 95}"
QQLNNFNEL,"{""P47443"": 118}"
QQLSLQXXX,"{""P47336"": 17}"
QQLSLQXLT,"{""P47336"": 92}"
QQLSLQKLT,"{""P47336"": 5}"
QQLTPGXXX,"{""P47319"": 108}"
QQLTPGXFR,"{""P47319"": 3}"
QQLTPGXFX,"{""P47319"": 3}"
QQLQETSDE,"{""P47484"": 34}"
QQLDQRVIT,"{""P47492"": 22}"
QQLDQXVIT,"{""P47492"": 2}"
QQLIXXEMQ,"{""P47344"": 3}"
QQLIRXEMQ,"{""P47344"": 15}"
QQLIRXXXX,"{""P47344"": 4}"
QQLLFRIQE,"{""P47460"": 30}"
QQLLFXIQE,"{""P47460"": 4}"
QQVSAVLSY,"{""P47424"": 593}"
QQVSAVLSX,"{""P47424"": 23}"
QQVLLGATG,"{""P47319"": 124}"
QQVTDFSNL,"{""P36263"": 130}"
QQVQXTFQD,"{""P47267"": 109}"
QQVQXXXXX,"{""P47267"": 21}"
QQVQKTFQD,"{""P47267"": 6}"
QQEYINLTX,"{""P47637"": 126}"
QQEYINLTK,"{""P47637"": 2}"
QQEVTMISQ,"{""P47340"": 600}"
QQEIQDALX,"{""Q49424"": 105}"
QQEIQDALK,"{""Q49424"": 4}"
QQELFEAXX,"{""P47460"": 75}"
QQELFEAXH,"{""P47460"": 23}"
QQELFEAKH,"{""P47460"": 1}"
QQERXHILS,"{""P47250"": 1}"
QQERYHILS,"{""P47250"": 20}"
QQEXINLTX,"{""P47637"": 4}"
QQEXYHILS,"{""P47250"": 6}"
QQEXXHILS,"{""P47250"": 1}"
QQNPIXXXX,"{""P47321"": 88}"
QQNPIXDIR,"{""P47321"": 26}"
QQNPIXDIX,"{""P47321"": 5}"
QQNPIKDIX,"{""P47321"": 1}"
QQNDXXXXX,"{""P47687"": 470}"
QQNDXDWSF,"{""P47687"": 128}"
QQNDKDWSF,"{""P47687"": 6}"
QQNLALXXX,"{""P47326"": 43}"
QQNLALXXA,"{""P47326"": 88}"
QQNLALXKA,"{""P47326"": 4}"
QQNLALKXA,"{""P47326"": 4}"
QQNLHNLDL,"{""P47530"": 30}"
QQNAISVLT,"{""P47477"": 115}"
QQFFTLPLT,"{""P47478"": 120}"
QQFSEQLIY,"{""P56723"": 28}"
QQFSEQLIX,"{""P56723"": 1}"
QQFSEXXXX,"{""P47468"": 89}"
QQFSEXQFI,"{""P47468"": 32}"
QQFSEKQFI,"{""P47468"": 3}"
QQFLSTIXL,"{""Q49427"": 8}"
QQFLSTIRL,"{""Q49427"": 21}"
QQFLRARSM,"{""P47362"": 5}"
QQFLXARSM,"{""P47362"": 2}"
QQFLXAXSM,"{""P47362"": 1}"
QQTDSLXNL,"{""P47321"": 95}"
QQTDSLXXX,"{""P47321"": 19}"
QQTDSLKNL,"{""P47321"": 4}"
QQTNNDPQX,"{""Q49460"": 136}"
QQTNNDPQK,"{""Q49460"": 2}"
QQTGSLXLE,"{""P47641"": 98}"
QQTGSLXXX,"{""P47641"": 25}"
QQTGSLKLE,"{""P47641"": 8}"
QQTIGXIXX,"{""P47408"": 28}"
QQTIGXIXY,"{""P47408"": 71}"
QQTIGXIKY,"{""P47408"": 5}"
QQTIGXIKX,"{""P47408"": 2}"
QQTIGXXXX,"{""P47408"": 21}"
QQTIGKIXY,"{""P47408"": 3}"
QQTIGKIXX,"{""P47408"": 1}"
QQTSAXQLQ,"{""P47574"": 110}"
QQTSAXXXX,"{""P47574"": 22}"
QQTSAKQLQ,"{""P47574"": 6}"
QQXSAYGAX,"{""P47333"": 30}"
QQXSAXGAX,"{""P47333"": 3}"
QQXXXXXXX,"{""P47492"": 89, ""P47254"": 88, ""Q9ZB78"": 114, ""P47572"": 19}"
QQXXXPLNF,"{""Q9ZB78"": 17}"
QQXXXLFFD,"{""P47254"": 3}"
QQXXYLFFD,"{""P47254"": 24}"
QQXXKPLNF,"{""Q9ZB78"": 3}"
QQXLAENXX,"{""P47572"": 65}"
QQXLAENXN,"{""P47572"": 19}"
QQXLAENKN,"{""P47572"": 1}"
QQXLDLQRF,"{""P47339"": 1}"
QQXQRLXNL,"{""P47492"": 9}"
QQXQRLXXX,"{""P47492"": 2}"
QQXQRLKNL,"{""P47492"": 2}"
QQXQXLXNL,"{""P47492"": 5}"
QQXELKXSL,"{""P47445"": 1}"
QQXELXXSL,"{""P47445"": 4}"
QQXELXXXX,"{""P47445"": 2}"
QQXDFYLRE,"{""P47481"": 5}"
QQXDFXLRE,"{""P47481"": 1}"
QQXKXXXXX,"{""Q9ZB78"": 1}"
QQXKYLFFD,"{""P47254"": 2}"
QQSCLFGVX,"{""P47494"": 569}"
QQSCLFGVK,"{""P47494"": 23}"
QQSNFQXEA,"{""P47291"": 104}"
QQSNFQXXX,"{""P47291"": 22}"
QQSNFQKEA,"{""P47291"": 3}"
QQSXLFGVX,"{""P47494"": 22}"
QQSXLFGVK,"{""P47494"": 1}"
QQDFNNSLS,"{""P47580"": 124}"
QQDFLVNND,"{""P47605"": 124}"
QQDQVDXIR,"{""P47250"": 25}"
QQDQVDXIX,"{""P47250"": 2}"
QQDQVDXXX,"{""P47250"": 89}"
QQDQVDKIX,"{""P47250"": 1}"
QQAFFESEV,"{""P47576"": 121}"
QQALNLDYQ,"{""Q49419"": 123}"
QQALNLDXQ,"{""Q49419"": 8}"
QQAAQIDDQ,"{""P47311"": 136}"
QQRSAYGAX,"{""P47333"": 110}"
QQRSAYGAK,"{""P47333"": 4}"
QQRSAXGAX,"{""P47333"": 3}"
QQRDFYLRE,"{""P47481"": 14}"
QQRDFYLXE,"{""P47481"": 4}"
QQRELXXXX,"{""P47445"": 5}"
QQRELXXSL,"{""P47445"": 20}"
QQRELKXSL,"{""P47445"": 1}"
QQRLDLQRF,"{""P47339"": 1}"
QQRLDLQXF,"{""P47339"": 2}"
QQGVDAILI,"{""P47502"": 119}"
QQGEFENNL,"{""P47527"": 120}"
QQGYLPEAL,"{""P47700"": 115}"
QQGXLPEAL,"{""P47700"": 2}"
QQWPILTTL,"{""P47497"": 110}"
QQKLAENXN,"{""P47572"": 2}"
QQKLAENXX,"{""P47572"": 4}"
QQKXYLFFD,"{""P47254"": 2}"
QQKXXXXXX,"{""Q9ZB78"": 1, ""P47254"": 3}"
QPLXSIDNT,"{""P47312"": 497}"
QPLXXXXXX,"{""P47312"": 99}"
QPLELXLXQ,"{""P47359"": 75}"
QPLELXLXX,"{""P47359"": 18}"
QPLELXLKQ,"{""P47359"": 8}"
QPLELXXXX,"{""P47359"": 17}"
QPLELKLXX,"{""P47359"": 1}"
QPLELKLXQ,"{""P47359"": 1}"
QPLIVXFXE,"{""P47500"": 95}"
QPLIVXFXX,"{""P47500"": 13}"
QPLIVXFKE,"{""P47500"": 1}"
QPLIVXXXX,"{""P47500"": 19}"
QPLIVKFXE,"{""P47500"": 8}"
QPLIVKFXX,"{""P47500"": 1}"
QPLQQRTVY,"{""P47313"": 3}"
QPLQQXTVY,"{""P47313"": 1}"
QPLQRLIIN,"{""Q9ZB82"": 22}"
QPLQXLIIN,"{""Q9ZB82"": 3}"
QPLKSIDNT,"{""P47312"": 24}"
QPYTXLXXX,"{""P47474"": 425}"
QPYTXXXXX,"{""P47474"": 153}"
QPYTKLXXX,"{""P47474"": 18}"
QPYSGFLLV,"{""P47661"": 124}"
QPNVAVTMI,"{""P47516"": 107}"
QPNGXXXXX,"{""P47641"": 20}"
QPNGXPXSQ,"{""P47641"": 6}"
QPNGXPYSQ,"{""P47641"": 108}"
QPNGKPYSQ,"{""P47641"": 3}"
QPESVVDQP,"{""Q49413"": 383}"
QPESVEDNY,"{""Q49413"": 234}"
QPESVEDNX,"{""Q49413"": 18}"
QPESTTDSY,"{""Q49413"": 235}"
QPESTTDSX,"{""Q49413"": 16}"
QPEHTQIDF,"{""P47282"": 613}"
QPEXAMQXX,"{""P47664"": 104}"
QPEXAMQXQ,"{""P47664"": 396}"
QPEXAMQKQ,"{""P47664"": 16}"
QPEXXXXXX,"{""P47664"": 94}"
QPEQVAXQV,"{""P47387"": 106}"
QPEQVAXXX,"{""P47387"": 23}"
QPEQVAKQV,"{""P47387"": 7}"
QPEVXHVPH,"{""Q57081"": 111}"
QPEVXXXXX,"{""Q57081"": 21}"
QPEVKHVPH,"{""Q57081"": 4}"
QPEFANQEX,"{""P47447"": 110}"
QPEFANQEK,"{""P47447"": 3}"
QPEKAMQXQ,"{""P47664"": 16}"
QPEKAMQXX,"{""P47664"": 4}"
QPEKAMQKQ,"{""P47664"": 1}"
QPTDENYGF,"{""Q49413"": 239}"
QPTDENXGF,"{""Q49413"": 15}"
QPDNDEEFN,"{""P47614"": 102}"
QPDLIIAAS,"{""P47312"": 121}"
QPDEITERL,"{""P47390"": 28}"
QPDEITEXL,"{""P47390"": 6}"
QPAGVVFPX,"{""P47390"": 125}"
QPAGVVFPK,"{""P47390"": 5}"
QPPXIVLDM,"{""P47696"": 113}"
QPPXXXXXX,"{""P47696"": 18}"
QPPKIVLDM,"{""P47696"": 5}"
QPXQQFSEX,"{""P47468"": 75}"
QPXQQFSEK,"{""P47468"": 2}"
QPXTXXXXX,"{""P47474"": 8}"
QPXTXLXXX,"{""P47474"": 33}"
QPXTKLXXX,"{""P47474"": 1}"
QPXXXXXXX,"{""P47468"": 21}"
QPXSGFLLV,"{""P47661"": 8}"
QPXINEAPX,"{""Q49429"": 32}"
QPXINEAPK,"{""Q49429"": 3}"
QPRINEAPX,"{""Q49429"": 112}"
QPRINEAPK,"{""Q49429"": 7}"
QPCFIIRST,"{""Q49404"": 28}"
QPCFIIXST,"{""Q49404"": 4}"
QPKQQFSEX,"{""P47468"": 6}"
QTLXNQXXX,"{""P47264"": 76}"
QTLXNQXID,"{""P47264"": 24}"
QTLXNQKID,"{""P47264"": 2}"
QTLXEAXXX,"{""P47572"": 35}"
QTLXEAXXV,"{""P47572"": 63}"
QTLXEAXKV,"{""P47572"": 4}"
QTLXEAKXV,"{""P47572"": 5}"
QTLXQINEL,"{""P47433"": 96}"
QTLXXXXXX,"{""P47264"": 27, ""P47572"": 23, ""P47433"": 16}"
QTLLIFDQL,"{""P47264"": 628}"
QTLVENLXX,"{""P47433"": 17}"
QTLVENLXL,"{""P47433"": 96}"
QTLVENLKL,"{""P47433"": 3}"
QTLKEAXXV,"{""P47572"": 4}"
QTLKEAXXX,"{""P47572"": 1}"
QTLKQINEL,"{""P47433"": 5}"
QTLKNQXID,"{""P47264"": 1}"
QTLKNQXXX,"{""P47264"": 3}"
QTLGQESIR,"{""P47658"": 19}"
QTLGQESIX,"{""P47658"": 5}"
QTQTTSVIS,"{""P47276"": 619}"
QTQDPLTXR,"{""P47310"": 19}"
QTQDPLTXX,"{""P47310"": 94}"
QTQDPLTKR,"{""P47310"": 2}"
QTNIVXXXX,"{""P47280"": 463}"
QTNIVXSRN,"{""P47280"": 87}"
QTNIVXSXN,"{""P47280"": 24}"
QTNIVKSRN,"{""P47280"": 5}"
QTNILEFGF,"{""P47299"": 145}"
QTNNDPYLV,"{""P47382"": 121}"
QTNNDPXLV,"{""P47382"": 10}"
QTNPTTXEA,"{""P47408"": 96}"
QTNPTTXXX,"{""P47408"": 22}"
QTNPTTKEA,"{""P47408"": 3}"
QTNKSNFPI,"{""Q49422"": 2}"
QTNCFILVG,"{""P47497"": 123}"
QTNXSNFPI,"{""Q49422"": 84}"
QTNXXXXXX,"{""Q49422"": 22}"
QTNXFILVG,"{""P47497"": 4}"
QTNFXNHQV,"{""P47455"": 82}"
QTNFXXXXX,"{""P47455"": 19}"
QTNFKNHQV,"{""P47455"": 3}"
QTNWLYDLQ,"{""P47391"": 29}"
QTGXTAIAI,"{""P47641"": 510}"
QTGXXXXXX,"{""P47641"": 95}"
QTGQIRVDR,"{""P47593"": 28}"
QTGQIRVDX,"{""P47593"": 5}"
QTGQIXVDX,"{""P47593"": 2}"
QTGQIXVDR,"{""P47593"": 4}"
QTGKTAIAI,"{""P47641"": 25}"
QTXILHGTF,"{""P47412"": 101}"
QTXNTTDFV,"{""P47365"": 108}"
QTXGTIRLH,"{""P47251"": 22}"
QTXGTIXLH,"{""P47251"": 8}"
QTXQFHXXX,"{""Q49404"": 18}"
QTXQFHXLI,"{""Q49404"": 80}"
QTXQFHKLI,"{""Q49404"": 5}"
QTXQMLAFL,"{""P47693"": 99}"
QTXQQXXXX,"{""P47325"": 2}"
QTXQQXIXP,"{""P47325"": 3}"
QTXPXQSKP,"{""P47461"": 5}"
QTXPXQSXP,"{""P47461"": 76}"
QTXPXQSXX,"{""P47461"": 18}"
QTXPXXXXX,"{""P47461"": 11}"
QTXPKQSXP,"{""P47461"": 6}"
QTXXXXXXX,"{""P47412"": 22, ""P47365"": 14, ""P47436"": 101, ""P47251"": 95, ""P47693"": 20, ""Q49432"": 23, ""P47307"": 22, ""P47461"": 23, ""Q49404"": 25}"
QTXWIEILG,"{""P47436"": 19}"
QTXENMSLT,"{""P47307"": 85}"
QTXHGTENX,"{""Q49432"": 100}"
QTHLWNXIQ,"{""P47313"": 107}"
QTHLWNXXX,"{""P47313"": 28}"
QTHLWNKIQ,"{""P47313"": 2}"
QTHALLDXX,"{""P47273"": 106}"
QTWLDYFAX,"{""P47534"": 573}"
QTWLDYFAK,"{""P47534"": 27}"
QTWLDXFAX,"{""P47534"": 24}"
QTWLDXFAK,"{""P47534"": 1}"
QTWLYVDQL,"{""P47363"": 127}"
QTWLXVDQL,"{""P47363"": 4}"
QTVTISIDQ,"{""P47441"": 640}"
QTVVFAHGF,"{""Q49421"": 134}"
QTVIQASXX,"{""P47440"": 117}"
QTVIVSXLQ,"{""P47249"": 6}"
QTVIVSRLQ,"{""P47249"": 25}"
QTVILLLDP,"{""P47303"": 132}"
QTVIEXQXQ,"{""P47312"": 8}"
QTVIEXQXX,"{""P47312"": 1}"
QTVIERQXQ,"{""P47312"": 22}"
QTVIERQXX,"{""P47312"": 6}"
QTVFNSVXX,"{""P47515"": 134}"
QTVFNSVXK,"{""P47515"": 2}"
QTVFNSVKX,"{""P47515"": 4}"
QTVLXXXXX,"{""P47286"": 29}"
QTVLXQLQV,"{""P47286"": 92}"
QTVLVAGLL,"{""P47699"": 119}"
QTVLKQLQV,"{""P47286"": 6}"
QTVHGRAEX,"{""P47499"": 23}"
QTVHGRAEK,"{""P47499"": 1}"
QTVHGXAEX,"{""P47499"": 6}"
QTFLIIQDF,"{""P47382"": 647}"
QTFQFXXXX,"{""P47364"": 99}"
QTFQFXITX,"{""P47364"": 2}"
QTFQFXITR,"{""P47364"": 21}"
QTFQFKITR,"{""P47364"": 1}"
QTPFFLYGN,"{""P47364"": 104}"
QTPFFLXGN,"{""P47364"": 9}"
QTPFCIPLA,"{""P47306"": 107}"
QTPFXIPLA,"{""P47306"": 8}"
QTPLQQLIA,"{""P47571"": 149}"
QTPIXSGVE,"{""P47433"": 90}"
QTPIXXXXX,"{""P47433"": 17}"
QTPIQPDSL,"{""P47580"": 26}"
QTPIKSGVE,"{""P47433"": 9}"
QTPVTDNMG,"{""P22747"": 20}"
QTSPNDSSL,"{""P47583"": 112}"
QTMLCEIGH,"{""P47267"": 115}"
QTMLXEIGH,"{""P47267"": 8}"
QTMEVDAIX,"{""P47460"": 121}"
QTMEVDAIK,"{""P47460"": 1}"
QTMRESANV,"{""P47481"": 33}"
QTMXESANV,"{""P47481"": 10}"
QTTRXGQYL,"{""P47285"": 18}"
QTTRXXXXX,"{""P47285"": 2}"
QTTRIVIVS,"{""P47545"": 24}"
QTTDXYDSD,"{""P47632"": 86}"
QTTDXXDSD,"{""P47632"": 2}"
QTTDXXXXX,"{""P47632"": 26}"
QTTDKYDSD,"{""P47632"": 2}"
QTTXXGQYL,"{""P47285"": 5}"
QTTXXXXXX,"{""P47285"": 1}"
QTTXIVIVS,"{""P47545"": 6}"
QTAXXXXXX,"{""P47437"": 84}"
QTAXXFLIN,"{""P47437"": 2}"
QTAXRFLIN,"{""P47437"": 20}"
QTAVLIVTS,"{""P47548"": 146}"
QTALISYPX,"{""P47368"": 1}"
QTALISYPR,"{""P47368"": 6}"
QTAKRFLIN,"{""P47437"": 1}"
QTKNTTDFV,"{""P47365"": 7}"
QTKENMSLT,"{""P47307"": 6}"
QTKQFHXLI,"{""Q49404"": 3}"
QTKQMLAFL,"{""P47693"": 4}"
QTKPXQSXP,"{""P47461"": 4}"
QTKPXXXXX,"{""P47461"": 1}"
QTKHGTENX,"{""Q49432"": 5}"
QTKWIEILG,"{""P47436"": 1}"
QTKILHGTF,"{""P47412"": 5}"
QTEEAISHA,"{""P47388"": 127}"
QTELVVVSR,"{""P47446"": 26}"
QTELVVVSX,"{""P47446"": 6}"
QTYQQXIXX,"{""P47325"": 13}"
QTYQQXIXP,"{""P47325"": 93}"
QTYQQXIKP,"{""P47325"": 6}"
QTYQQXXXX,"{""P47325"": 17}"
QTYQQKIXX,"{""P47325"": 1}"
QTYQQKIXP,"{""P47325"": 6}"
QTISEHDGV,"{""P47537"": 30}"
QTILMVTHD,"{""P47705"": 6}"
QRIINETDX,"{""P47326"": 111}"
QRIINETDK,"{""P47326"": 4}"
QRIIIXLSG,"{""P47672"": 97}"
QRIIIXXXX,"{""P47672"": 16}"
QRIIIKLSG,"{""P47672"": 5}"
QRIIXXXXX,"{""P47294"": 17}"
QRIIXGSGX,"{""P47294"": 1}"
QRIIXGSGR,"{""P47294"": 1}"
QRIADFHND,"{""P47460"": 21}"
QRIAIAXAL,"{""P47326"": 4}"
QRIAIARAL,"{""P47326"": 25}"
QRIVIAIAV,"{""P47325"": 104}"
QRINNVFEE,"{""P47340"": 34}"
QRILEXNRP,"{""P47491"": 2}"
QRILEXNXP,"{""P47491"": 1}"
QRILEXXXX,"{""P47491"": 20}"
QRILASFXD,"{""P47617"": 120}"
QRILASFXX,"{""P47617"": 15}"
QRILASFKD,"{""P47617"": 7}"
QRIELFXXX,"{""P47386"": 13}"
QRIELFXTN,"{""P47386"": 2}"
QRIELFKTN,"{""P47386"": 1}"
QRIENDIIR,"{""P47389"": 1}"
QRITEEFNG,"{""P47641"": 13}"
QRPADIDFW,"{""Q49429"": 5}"
QRVEIAKLF,"{""P47532"": 2}"
QRVEIAXLF,"{""P47532"": 26}"
QRVEIAXXX,"{""P47532"": 3}"
QRVWGLPIP,"{""P47587"": 122}"
QRVAIASVL,"{""P47425"": 32}"
QRVAIARTL,"{""P47260"": 6}"
QRVAIARAI,"{""P47705"": 4}"
QRVAIAXAI,"{""P47705"": 1}"
QRVALARSL,"{""P47288"": 11}"
QRVALAXSL,"{""P47288"": 2}"
QRXXXXXXX,"{""Q49409"": 119, ""P47633"": 24, ""P47426"": 2, ""P47460"": 12}"
QRXIXNFXX,"{""P47426"": 18}"
QRXIXNFKX,"{""P47426"": 2}"
QRXIXXXXX,"{""P47426"": 7}"
QRXIKNFXX,"{""P47426"": 1}"
QRXFXXXXX,"{""P47704"": 8}"
QRXELNELL,"{""P47460"": 14}"
QRXWGEPFP,"{""P47508"": 7}"
QRXQATDAI,"{""P47460"": 17}"
QRXDAIIFD,"{""P47306"": 3}"
QRENICLIA,"{""P47634"": 107}"
QRENIXLIA,"{""P47634"": 6}"
QREQLTXXI,"{""P47460"": 16}"
QREQLTXXX,"{""P47460"": 8}"
QREQLTKXX,"{""P47460"": 1}"
QREFAENVA,"{""P47460"": 21}"
QRELDXLAE,"{""P47460"": 15}"
QRELDXXXX,"{""P47460"": 3}"
QRELDKLAE,"{""P47460"": 2}"
QRETVRVXX,"{""P47498"": 7}"
QREEFENQR,"{""P47460"": 18}"
QREEFENQX,"{""P47460"": 4}"
QRLXXHYFX,"{""P47433"": 17}"
QRLXXXXXX,"{""P47492"": 9, ""P47433"": 3}"
QRLXNLXXX,"{""P47492"": 17}"
QRLSDXXXX,"{""P47460"": 19}"
QRLSDXHQA,"{""P47460"": 4}"
QRLFDAXXT,"{""P47661"": 11}"
QRLFDAXXX,"{""P47661"": 9}"
QRLFDAXKT,"{""P47661"": 1}"
QRLFDAKXT,"{""P47661"": 7}"
QRLFDAKXX,"{""P47661"": 1}"
QRLKNLXXX,"{""P47492"": 2}"
QRGTXXXXX,"{""P47476"": 101}"
QRGTXIFAG,"{""P47476"": 24}"
QRGEIXVGQ,"{""P47315"": 105}"
QRGEIXXXX,"{""P47315"": 22}"
QRGXALNLA,"{""P47297"": 25}"
QRGXXXXXX,"{""P47297"": 4}"
QRGKALNLA,"{""P47297"": 1}"
QRFXXLSQX,"{""Q9ZB78"": 67}"
QRFXXLSQK,"{""Q9ZB78"": 2}"
QRFXXXXXX,"{""Q9ZB78"": 21, ""P47393"": 15}"
QRFXKLSQX,"{""Q9ZB78"": 6}"
QRFXKLSQK,"{""Q9ZB78"": 1}"
QRFXQDFFA,"{""P47393"": 3}"
QRFCEQNNQ,"{""P47465"": 16}"
QRFKXLSQX,"{""Q9ZB78"": 2}"
QRNLLEXXL,"{""P47460"": 74}"
QRNLLEXXX,"{""P47460"": 38}"
QRNLLEXKL,"{""P47460"": 4}"
QRNLLEKXL,"{""P47460"": 3}"
QRNLLEKXX,"{""P47460"": 1}"
QRNRGSFRQ,"{""P47315"": 1}"
QRQLVAIXT,"{""P47460"": 19}"
QRQLVAIXX,"{""P47460"": 2}"
QRQILSRDG,"{""P47385"": 6}"
QRAVFACLL,"{""P47546"": 23}"
QRAVFAXLL,"{""P47546"": 1}"
QRALNXHYV,"{""Q49404"": 16}"
QRALNXXXX,"{""Q49404"": 4}"
QRSSVSNFA,"{""P20796"": 22}"
QRHFVVAXD,"{""P47537"": 17}"
QRHFVVAXX,"{""P47537"": 1}"
QRHLKNXXE,"{""P47520"": 1}"
QRHLXNXXE,"{""P47520"": 19}"
QRHLXNXXX,"{""P47520"": 4}"
QRHLXXXXX,"{""P47520"": 5}"
QRMQXMYGI,"{""P47553"": 3}"
QRMQYMYGI,"{""P47553"": 17}"
QRDQIDSSR,"{""P47572"": 5}"
QRDXFLLAN,"{""P47318"": 12}"
QRDXXXXXX,"{""P47318"": 3}"
QRYDAIIFD,"{""P47306"": 22}"
QRYWGEPFP,"{""P47508"": 96}"
QRTGLXIHF,"{""P47357"": 14}"
QRTGLXXXX,"{""P47357"": 1}"
QRRFXXXXX,"{""P47704"": 25}"
QRKIXNFXX,"{""P47426"": 1}"
QRKELNELL,"{""P47460"": 1}"
QWNLINIWI,"{""P47386"": 634}"
QWIHPLVXX,"{""P52271"": 91}"
QWIHPLVXH,"{""P52271"": 14}"
QWIHPLVKH,"{""P52271"": 3}"
QWIRQFQQE,"{""P47433"": 107}"
QWIXQFQQE,"{""P47433"": 27}"
QWVGXLSNG,"{""P47315"": 514}"
QWVGXXXXX,"{""P47315"": 101}"
QWVGKLSNG,"{""P47315"": 28}"
QWVLXITTF,"{""P47508"": 100}"
QWVLXXXXX,"{""P47508"": 16}"
QWVLKITTF,"{""P47508"": 3}"
QWXXXXXXX,"{""P47290"": 569, ""P47496"": 94}"
QWXFPVSDT,"{""P47496"": 20}"
QWXEIVAPM,"{""P47622"": 5}"
QWXNFNGVD,"{""P47469"": 6}"
QWFVDLPXL,"{""P47576"": 92}"
QWFVDLPXX,"{""P47576"": 11}"
QWFVDLPKL,"{""P47576"": 4}"
QWLXXTSNL,"{""P47573"": 89}"
QWLXXXXXX,"{""P47573"": 32}"
QWLXKTSNL,"{""P47573"": 7}"
QWLKXTSNL,"{""P47573"": 7}"
QWLKXXXXX,"{""P47573"": 1}"
QWRNFNGVD,"{""P47469"": 28}"
QWREIVAPM,"{""P47622"": 27}"
QWTNLDANG,"{""Q49460"": 129}"
QWKFPVSDT,"{""P47496"": 1}"
QCWLXLQLT,"{""P47497"": 468}"
QCWLXXXXX,"{""P47497"": 94}"
QCWLKLQLT,"{""P47497"": 31}"
QCXVFWNNQ,"{""P47356"": 84}"
QCXXXXXXX,"{""P47356"": 23}"
QCLEAYYET,"{""P47691"": 108}"
QCLEAYXET,"{""P47691"": 1}"
QCLEAXYET,"{""P47691"": 12}"
QCSXLDQIP,"{""P47532"": 3}"
QCSYLDQIP,"{""P47532"": 23}"
QCNQXTXXX,"{""Q9ZB82"": 90}"
QCNQXXXXX,"{""Q9ZB82"": 26}"
QCNQKTXXX,"{""Q9ZB82"": 5}"
QCFVVTTTX,"{""P47451"": 108}"
QCFNQRRXM,"{""P47701"": 7}"
QCFNQRRXX,"{""P47701"": 1}"
QCKVFWNNQ,"{""P47356"": 3}"
QKQXXXXXX,"{""P47402"": 5}"
QKQFFLXXX,"{""P47483"": 2}"
QKQFFLXND,"{""P47483"": 5}"
QKQFFLKND,"{""P47483"": 1}"
QKQFVENQL,"{""P22747"": 6}"
QKQFLMWXA,"{""P47549"": 2}"
QKQFLMWRA,"{""P47549"": 2}"
QKQFLLFRA,"{""P47551"": 2}"
QKQIXEDXN,"{""P47312"": 1}"
QKQIXEDYN,"{""P47312"": 17}"
QKQIXXXXX,"{""P47312"": 1}"
QKQIKEDYN,"{""P47312"": 1}"
QKQLEVDHA,"{""P47393"": 2}"
QKQQAAQID,"{""P47311"": 22}"
QKQPEQVAX,"{""P47387"": 3}"
QKQTWLXVD,"{""P47363"": 1}"
QKQTWLYVD,"{""P47363"": 5}"
QKQAIQXPX,"{""P47300"": 2}"
QKQNPXAVX,"{""P47369"": 10}"
QKQDQXENE,"{""P47460"": 5}"
QKQDQXXXX,"{""P47460"": 1}"
QKQEVVDXL,"{""P47513"": 6}"
QKQEVVDKL,"{""P47513"": 2}"
QKIAQXXXX,"{""P57085"": 8}"
QKIENLNNA,"{""P47251"": 6}"
QKIXXXXXX,"{""P47585"": 3, ""P47425"": 5}"
QKIXAIIDE,"{""P47425"": 12}"
QKIXHEVYS,"{""P47585"": 1}"
QKIDALSFI,"{""P47384"": 3}"
QKISSXEIF,"{""P47534"": 4}"
QKISSXXXX,"{""P47534"": 1}"
QKIGYILQX,"{""P47545"": 7}"
QKIIIFGGS,"{""P47482"": 6}"
QKIQALSVN,"{""P47356"": 4}"
QKILGITIA,"{""P47629"": 6}"
QKIVLDLXA,"{""P47623"": 4}"
QKIVLDLXX,"{""P47623"": 2}"
QKFHQXXFE,"{""P47609"": 2}"
QKFHQXXXX,"{""P47609"": 1}"
QKFHQXKFE,"{""P47609"": 1}"
QKFVITLGE,"{""P47479"": 4}"
QKFISFIES,"{""Q9ZB77"": 4}"
QKFQADVGI,"{""P47361"": 2}"
QKLIACNTV,"{""P47259"": 2}"
QKLIGIXRT,"{""P47277"": 1}"
QKLIGIXXX,"{""P47277"": 3}"
QKLIGIXXT,"{""P47277"": 1}"
QKLIDLXXX,"{""P47356"": 2}"
QKLIDLXQF,"{""P47356"": 3}"
QKLIIRTLE,"{""Q49405"": 1}"
QKLFNNTHL,"{""P47662"": 26}"
QKLFLQLLX,"{""P47703"": 6}"
QKLTDHLTF,"{""P47423"": 7}"
QKLTWLQXL,"{""P47532"": 11}"
QKLTWLQXX,"{""P47532"": 1}"
QKLTWLQKL,"{""P47532"": 1}"
QKLTGSDIE,"{""P47403"": 4}"
QKLNXSEVX,"{""P47695"": 7}"
QKLNIXNWT,"{""P47266"": 16}"
QKLNQISIN,"{""Q49405"": 8}"
QKLSTXPES,"{""P47405"": 5}"
QKLSTXXXX,"{""P47405"": 4}"
QKLXXCXQX,"{""P47661"": 2}"
QKLXXXXXX,"{""P47661"": 2, ""P47508"": 1}"
QKLXTAPXX,"{""P47448"": 3}"
QKLXIINVI,"{""P47508"": 6}"
QKLQQIQSD,"{""Q9ZB71"": 6}"
QKLDHNLCS,"{""P47587"": 2}"
QKYNMQFQQ,"{""P35888"": 23}"
QKYXLLLXD,"{""P47661"": 4}"
QKYXLLLXX,"{""P47661"": 1}"
QKYANXXXX,"{""P47288"": 2}"
QKYANXXAI,"{""P47288"": 3}"
QKYVGYIFQ,"{""P47311"": 1}"
QKAALEDLA,"{""P47632"": 20}"
QKAAYYLEM,"{""P47426"": 19}"
QKAAYXLEM,"{""P47426"": 2}"
QKAAALXXL,"{""P47540"": 2}"
QKAAALXXX,"{""P47540"": 2}"
QKANTLYIP,"{""P47705"": 11}"
QKANTLXIP,"{""P47705"": 1}"
QKANNLTVN,"{""P47388"": 7}"
QKAIIXYLS,"{""P47317"": 5}"
QKAIIXXXX,"{""P47317"": 1}"
QKAIELYQD,"{""P47297"": 8}"
QKADNEMNI,"{""P47653"": 1}"
QKAVSFFAF,"{""Q49431"": 2}"
QKAMDXADQ,"{""P47495"": 2}"
QKAXINXAY,"{""Q57081"": 2}"
QKATNSYIS,"{""P47650"": 6}"
QKATLYDGI,"{""P47508"": 1}"
QKSSHDFIG,"{""P47448"": 10}"
QKSSHIDRS,"{""P47637"": 6}"
QKSSHIDXS,"{""P47637"": 1}"
QKSSVVNHD,"{""P47437"": 6}"
QKSNEELVX,"{""P47405"": 5}"
QKSYFNQLV,"{""P47486"": 1}"
QKSFXQMAL,"{""P47295"": 9}"
QKSFXXXXX,"{""P47295"": 7}"
QKSXFNQLV,"{""P47486"": 1}"
QKSVIHNIV,"{""P47483"": 2}"
QKSIHQNQR,"{""Q49412"": 1}"
QKXTLDALD,"{""P47497"": 13}"
QKXTEIFXD,"{""P47484"": 2}"
QKXTEIFXX,"{""P47484"": 4}"
QKXXVXSXS,"{""P47333"": 14}"
QKXXVXSXX,"{""P47333"": 2}"
QKXXVXSKS,"{""P47333"": 1}"
QKXXVXXXX,"{""P47333"": 2}"
QKXXXXXXX,"{""P47440"": 18, ""P47333"": 7, ""P47381"": 1, ""P47256"": 1, ""P47497"": 7, ""P47302"": 2, ""P47366"": 2}"
QKXXNDXTX,"{""P47366"": 1}"
QKXISGVLA,"{""P47381"": 2}"
QKXIXXXXX,"{""P47256"": 2}"
QKXIXXIFI,"{""P47256"": 4}"
QKXFVINNS,"{""P47302"": 6}"
QKXNMQFQQ,"{""P35888"": 1}"
QKNPXQXHL,"{""P47368"": 6}"
QKNQDGLGD,"{""P47691"": 23}"
QKNSVLIPG,"{""Q49396"": 4}"
QKNITLSNX,"{""P47491"": 5}"
QKNEGIIEI,"{""P47687"": 7}"
QKNTAQGSE,"{""P47502"": 4}"
QKWQNVVAE,"{""P47483"": 3}"
QKWLVIXSX,"{""P47651"": 6}"
QKWLVIXXX,"{""P47651"": 2}"
QKEILGXXL,"{""P47460"": 5}"
QKEILGXXX,"{""P47460"": 2}"
QKEILGXKL,"{""P47460"": 1}"
QKEMXXXXX,"{""P47471"": 2}"
QKEGXXRLX,"{""P47384"": 1}"
QKEGXXXXX,"{""P47384"": 3}"
QKRGTIDLS,"{""P47350"": 5}"
QKRDSLINE,"{""P47597"": 2}"
QKRVELVFH,"{""P47277"": 2}"
QKRVXXXXX,"{""Q49415"": 1}"
QKVIAXETL,"{""P47520"": 7}"
QKVIAXXXX,"{""P47520"": 1}"
QKVIEFENX,"{""P47288"": 8}"
QKVYEAXIA,"{""P47296"": 2}"
QKVYEAXXX,"{""P47296"": 1}"
QKVQEVNND,"{""P47321"": 3}"
QKVQALAFG,"{""P47542"": 3}"
QKVFYDNEW,"{""P47520"": 8}"
QKVSNLTVG,"{""P47365"": 4}"
QKHTGXXXX,"{""P47398"": 11}"
QKHFNYAYS,"{""P47344"": 6}"
QKHLLSXFE,"{""P47368"": 4}"
QKHSHDFLX,"{""P47520"": 2}"
QKTQVLVTN,"{""Q49432"": 21}"
QKTXXXXXX,"{""P47397"": 1}"
QKTXVETNQ,"{""P47397"": 1}"
QKTGLPINP,"{""P47284"": 7}"
QKTMLVGLD,"{""P47294"": 1}"
QKTDGLXEI,"{""P47264"": 1}"
QKTRVFXXX,"{""P47408"": 1}"
QKMIXNXXX,"{""P47655"": 1}"
QKMIXXXXX,"{""P47655"": 3}"
QKPSLMDLX,"{""P47490"": 3}"
QKDEFDLNI,"{""P47520"": 8}"
QKDIXELVD,"{""P47254"": 2}"
QKDLAIDIC,"{""P47499"": 5}"
QKDNXXLLA,"{""P47251"": 2}"
QKDNXXXXX,"{""P47251"": 1}"
QKKTLDALD,"{""P47497"": 2}"
QKKFVINNS,"{""P47302"": 1}"
MSFDGXLXX,"{""P47259"": 21}"
MSFDGXLXA,"{""P47259"": 118}"
MSFDGXLKA,"{""P47259"": 3}"
MSFDGXXXX,"{""P47259"": 21}"
MSFDGKLXA,"{""P47259"": 5}"
MSFLGEDIA,"{""P47277"": 635}"
MSFIITVIG,"{""P47619"": 177}"
MSFXXXXXX,"{""P47380"": 143}"
MSFXXIAEM,"{""P47380"": 2}"
MSFNIFIAS,"{""P47636"": 156}"
MSFKXIAEM,"{""P47380"": 1}"
MSFKXXXXX,"{""P47380"": 4}"
MSXXXXXXX,"{""P47267"": 84, ""P47515"": 145, ""P47576"": 105, ""P47412"": 111, ""P47495"": 106, ""P47587"": 33, ""P47584"": 28, ""P47686"": 19, ""P47372"": 12, ""P47476"": 19, ""P47508"": 31}"
MSXXQXXXX,"{""P47686"": 2}"
MSXXQXXSE,"{""P47686"": 4}"
MSXNSYCYQ,"{""P47476"": 103}"
MSXNSYCXQ,"{""P47476"": 7}"
MSXNSYXYQ,"{""P47476"": 7}"
MSXNSXCYQ,"{""P47476"": 12}"
MSXNSXCXQ,"{""P47476"": 1}"
MSXDQXXXX,"{""P47584"": 99}"
MSXDQXSLI,"{""P47584"": 29}"
MSXDQKSLI,"{""P47584"": 1}"
MSXYQXXSE,"{""P47686"": 67}"
MSXYQXXXX,"{""P47686"": 33}"
MSXYQXKSE,"{""P47686"": 3}"
MSXYQKXSE,"{""P47686"": 5}"
MSXYQKXXX,"{""P47686"": 1}"
MSXSLNNGI,"{""P47576"": 9}"
MSXSLNNVI,"{""P47267"": 28}"
MSXSLGNIV,"{""P47587"": 110}"
MSXSLQNFL,"{""P47495"": 6}"
MSXSXXXXX,"{""P47508"": 105}"
MSXSNPDQN,"{""P47372"": 106}"
MSXSSXXGA,"{""P47401"": 6}"
MSXSSXXXX,"{""P47401"": 2}"
MSXSSKXGA,"{""P47401"": 1}"
MSXINXEGX,"{""P47424"": 5}"
MSXINXXXX,"{""P47424"": 3}"
MSXIGNRSI,"{""P47412"": 24}"
MSXIGNXSI,"{""P47412"": 4}"
MSXIQVNNI,"{""P47515"": 6}"
MSXTVDLXX,"{""P47335"": 8}"
MSXTVDLXN,"{""P47335"": 1}"
MSDTNTEXP,"{""P47316"": 115}"
MSDTNTEXX,"{""P47316"": 31}"
MSDTNTEKP,"{""P47316"": 5}"
MSDXLLTID,"{""P47357"": 132}"
MSDXLNDQA,"{""P47382"": 3}"
MSDXLALIE,"{""P47520"": 8}"
MSDXXXXXX,"{""P47357"": 21}"
MSDLTXFNX,"{""P47694"": 127}"
MSDLTXFNK,"{""P47694"": 3}"
MSDLTXXXX,"{""P47694"": 31}"
MSDLTKFNX,"{""P47694"": 4}"
MSDYLALIE,"{""P47520"": 127}"
MSDWLRWAL,"{""P47278"": 119}"
MSDWLXWAL,"{""P47278"": 21}"
MSDRLNDQA,"{""P47382"": 8}"
MSDKLLTID,"{""P47357"": 3}"
MSWXXXXXX,"{""P47655"": 137}"
MSWXXXLXW,"{""P47655"": 1}"
MSWXXYLXW,"{""P47655"": 7}"
MSWXRYLXW,"{""P47655"": 16}"
MSWXRYLXX,"{""P47655"": 3}"
MSWKRYLXW,"{""P47655"": 1}"
MSAAILAIL,"{""P47435"": 102}"
MSAIXFNPS,"{""Q49420"": 24}"
MSAIXXXXX,"{""Q49420"": 113}"
MSADNGLII,"{""P47547"": 37}"
MSTDXXXXX,"{""P47491"": 38}"
MSTDXXTLG,"{""P47491"": 107}"
MSTDXKTLG,"{""P47491"": 7}"
MSTDKXTLG,"{""P47491"": 7}"
MSTDKXXXX,"{""P47491"": 1}"
MSTDKKTLG,"{""P47491"": 2}"
MSIALSXLA,"{""P47335"": 95}"
MSIALSXXX,"{""P47335"": 26}"
MSIALSKLA,"{""P47335"": 5}"
MSIIAXTVF,"{""P47537"": 146}"
MSIIAXXXX,"{""P47537"": 20}"
MSIIAKTVF,"{""P47537"": 3}"
MSLQQASAV,"{""P47254"": 115}"
MSQXSNFFQ,"{""P47583"": 118}"
MSQXXXXXX,"{""P47583"": 34}"
MSQSWXXXX,"{""P47446"": 556}"
MSQSWXNNW,"{""P47446"": 26}"
MSQSWKNNW,"{""P47446"": 1}"
MSQKSNFFQ,"{""P47583"": 8}"
MSGHYGHEQ,"{""P47397"": 129}"
MSGHXGHEQ,"{""P47397"": 11}"
MSSVNLSSF,"{""P47609"": 40}"
MSVIDIFXX,"{""P47541"": 148}"
MSVIDIFXK,"{""P47541"": 5}"
MSVIDIFKX,"{""P47541"": 6}"
MSVSFLXSX,"{""P47679"": 7}"
MSVSFLRSX,"{""P47679"": 33}"
MSVSFLRSK,"{""P47679"": 1}"
MSYINXEGX,"{""P47424"": 115}"
MSYINXXXX,"{""P47424"": 31}"
MSYINKEGX,"{""P47424"": 2}"
MSPREIVLX,"{""P47645"": 29}"
MSPREIVLK,"{""P47645"": 2}"
MSPXEIVLX,"{""P47645"": 9}"
MSPXEIVLK,"{""P47645"": 1}"
MSEQXXXXX,"{""P47444"": 125}"
MSEQXRRTI,"{""P47444"": 4}"
MSEQXRXTI,"{""P47444"": 1}"
MSHXXXXXX,"{""P47585"": 123}"
MSHXINDQT,"{""P47585"": 26}"
MSHKINDQT,"{""P47585"": 2}"
MSRTVDLXN,"{""P47335"": 5}"
MSRTVDLXX,"{""P47335"": 17}"
MSRSSXXGA,"{""P47401"": 14}"
MSRSSXXXX,"{""P47401"": 6}"
MSRSSXKGA,"{""P47401"": 4}"
MSRSSKXGA,"{""P47401"": 2}"
MSKSNPDQN,"{""P47372"": 4}"
MSKSXXXXX,"{""P47508"": 4}"
MSKSLNNVI,"{""P47267"": 2}"
MSKSLGNIV,"{""P47587"": 2}"
MSKSLQNFL,"{""P47495"": 1}"
MSKYQXXSE,"{""P47686"": 3}"
MSKYQXXXX,"{""P47686"": 1}"
MSKDQXXXX,"{""P47584"": 5}"
MSKNSYCYQ,"{""P47476"": 2}"
MSKNSYXYQ,"{""P47476"": 1}"
MSKIGNRSI,"{""P47412"": 1}"
MAAXNRTIX,"{""P47543"": 20}"
MAAXNXTIX,"{""P47543"": 4}"
MAAXXXXXX,"{""P47543"": 106}"
MAAGXXXXX,"{""P47265"": 120}"
MAAGXXDYY,"{""P47265"": 7}"
MAAGXRDYY,"{""P47265"": 14}"
MAAGXRDXY,"{""P47265"": 1}"
MAAGXRDXX,"{""P47265"": 1}"
MAAGKXDYX,"{""P47265"": 1}"
MAANNXXYF,"{""P47471"": 105}"
MAANNXXXX,"{""P47471"": 58}"
MAANNXXXF,"{""P47471"": 2}"
MAANNXKYF,"{""P47471"": 5}"
MAANNKXYF,"{""P47471"": 4}"
MAANNKXXX,"{""P47471"": 1}"
MAANNKXXF,"{""P47471"": 2}"
MAAKNRTIX,"{""P47543"": 2}"
MAAILNVQR,"{""P47527"": 6}"
MAVSGVXXX,"{""P20796"": 468}"
MAVSGVXWV,"{""P20796"": 94}"
MAVSGVKWV,"{""P20796"": 8}"
MAVXXXXXX,"{""P47567"": 129}"
MAVXXSTRL,"{""P47567"": 1}"
MAVXRSTXL,"{""P47567"": 1}"
MAVXRSTRL,"{""P47567"": 3}"
MAVDXXXXX,"{""Q49419"": 18}"
MAVDXELEI,"{""Q49419"": 117}"
MAVDKELEI,"{""Q49419"": 5}"
MAVQQRRSS,"{""P47603"": 3}"
MAVQQRXSS,"{""P47603"": 2}"
MAVKRSTRL,"{""P47567"": 1}"
MAVKXSTXL,"{""P47567"": 1}"
MATAXXXXX,"{""P47446"": 152}"
MATAXXLPV,"{""P47446"": 441}"
MATAXKLPV,"{""P47446"": 22}"
MATAQGRXX,"{""P47704"": 98}"
MATAQGRXV,"{""P47704"": 5}"
MATAQGXXX,"{""P47704"": 31}"
MATAQGXXV,"{""P47704"": 1}"
MATAKXLPV,"{""P47446"": 19}"
MATAKXXXX,"{""P47446"": 3}"
MATAKKLPV,"{""P47446"": 1}"
MATNLXSIA,"{""P47617"": 118}"
MATNLXXXX,"{""P47617"": 18}"
MATNLKSIA,"{""P47617"": 6}"
MATSETXAX,"{""P47279"": 83}"
MATSETXAK,"{""P47279"": 6}"
MATSETXXX,"{""P47279"": 22}"
MATSETKAX,"{""P47279"": 2}"
MATXIELIX,"{""P47246"": 118}"
MATXIELIK,"{""P47246"": 3}"
MATXXXXXX,"{""P47246"": 41, ""P47358"": 110}"
MATXVVFSL,"{""P47358"": 24}"
MATIQEIEC,"{""P47520"": 161}"
MATIQEIEX,"{""P47520"": 7}"
MATIAQLIR,"{""P47333"": 27}"
MATIAQLIX,"{""P47333"": 11}"
MATKIELIX,"{""P47246"": 4}"
MATKVVFSL,"{""P47358"": 2}"
MAXVYNQEV,"{""P47493"": 123}"
MAXVXNQEV,"{""P47493"": 4}"
MAXNXXXXX,"{""Q49413"": 24}"
MAXNXQSVF,"{""Q49413"": 88}"
MAXNKQSVF,"{""Q49413"": 4}"
MAXQQDQVD,"{""P47250"": 118}"
MAXELIFGX,"{""P47632"": 130}"
MAXELIFGK,"{""P47632"": 1}"
MAXEXXXXX,"{""P13927"": 6}"
MAXEXFDXS,"{""P13927"": 1}"
MAXIXFFAL,"{""P47662"": 27}"
MAXIXXXXX,"{""P47662"": 103}"
MAXILGIDI,"{""P47421"": 6}"
MAXLTTNTF,"{""P47548"": 131}"
MAXLXVIQF,"{""P47398"": 95}"
MAXLXXXXX,"{""P47398"": 15}"
MAXLKVIQF,"{""P47398"": 10}"
MAXXXXXXX,"{""P47665"": 141, ""Q49421"": 35, ""P47327"": 138, ""P47410"": 49, ""P47398"": 22, ""P47422"": 79, ""P47662"": 38, ""P47250"": 34, ""P47632"": 20, ""P47548"": 19, ""P47493"": 22, ""Q49413"": 20}"
MAXXXXINV,"{""P47422"": 53}"
MAXXXKINV,"{""P47422"": 3}"
MAXXSLXVX,"{""P47410"": 74}"
MAXXSLXVK,"{""P47410"": 2}"
MAXXSLXXX,"{""P47410"": 18}"
MAXXSLKVX,"{""P47410"": 6}"
MAXXTVTXI,"{""P47327"": 5}"
MAXXTVTRI,"{""P47327"": 22}"
MAXXLSNNI,"{""Q49421"": 84}"
MAXXKXINV,"{""P47422"": 2}"
MAXXDQLTL,"{""P47665"": 3}"
MAXYLGIVS,"{""P47428"": 8}"
MAXKLSNNI,"{""Q49421"": 4}"
MAXKXXINV,"{""P47422"": 2}"
MAXKXXXXX,"{""P47422"": 1}"
MAXKSLXVX,"{""P47410"": 3}"
MAXKSLXXX,"{""P47410"": 1}"
MASEXXXXX,"{""P47330"": 26}"
MASEXQYIA,"{""P47330"": 125}"
MASEXQXIA,"{""P47330"": 6}"
MASETFHAL,"{""P47647"": 124}"
MASEKQYIA,"{""P47330"": 9}"
MASTLVLGI,"{""P47354"": 590}"
MASNHGYQX,"{""P47357"": 120}"
MASNHGYQK,"{""P47357"": 1}"
MASNHGXQX,"{""P47357"": 3}"
MASYRXXXX,"{""P47389"": 27}"
MASYXXXXX,"{""P47389"": 9}"
MASXRXXXX,"{""P47389"": 1}"
MASXRXQRI,"{""P47389"": 1}"
MANNXSAIE,"{""P47433"": 119}"
MANNXXXXX,"{""P47433"": 23}"
MANNVASQT,"{""P47551"": 122}"
MANNKSAIE,"{""P47433"": 7}"
MANIXSNEX,"{""P55750"": 113}"
MANIXSNEK,"{""P55750"": 1}"
MANIXXXXX,"{""P55750"": 27}"
MANIKSNEX,"{""P55750"": 7}"
MANFXAMFQ,"{""Q49421"": 548}"
MANFXXXXX,"{""Q49421"": 96}"
MANFKAMFQ,"{""Q49421"": 28}"
MANEFXFTD,"{""P47514"": 129}"
MANEFXXXX,"{""P47514"": 33}"
MANEFKFTD,"{""P47514"": 9}"
MANSTPYSI,"{""P47319"": 572}"
MANSTPXSI,"{""P47319"": 36}"
MALETVAKL,"{""P47428"": 8}"
MALETVAXX,"{""P47428"": 20}"
MALETVAXL,"{""P47428"": 87}"
MALNQITSL,"{""P47276"": 623}"
MALNFDGVN,"{""P47502"": 125}"
MALXXXXXX,"{""P47325"": 118}"
MALXXSNFF,"{""P47325"": 6}"
MALXRSNFF,"{""P47325"": 22}"
MALIXXTVA,"{""P47692"": 3}"
MALIXXXXX,"{""P47692"": 5}"
MALIYXXXX,"{""P47692"": 100}"
MALIYXTVA,"{""P47692"": 30}"
MALIYKTVA,"{""P47692"": 3}"
MALAPCHSL,"{""P47469"": 109}"
MALAPXHSL,"{""P47469"": 7}"
MALKRSNFF,"{""P47325"": 1}"
MAKXTVTRI,"{""P47327"": 1}"
MAKXTVTXI,"{""P47327"": 1}"
MAKXXXXXX,"{""P47327"": 7, ""P47665"": 6, ""P47410"": 2, ""P47422"": 2, ""Q49421"": 1}"
MAKXXXINV,"{""P47422"": 1}"
MAKXSLXXX,"{""P47410"": 2}"
MAKXSLXVX,"{""P47410"": 2}"
MAKXLSNNI,"{""Q49421"": 2}"
MAKLTTNTF,"{""P47548"": 4}"
MAKLXVIQF,"{""P47398"": 6}"
MAKLXXXXX,"{""P47398"": 1}"
MAKQQDQVD,"{""P47250"": 7}"
MAKKXXINV,"{""P47422"": 1}"
MAKELIFGX,"{""P47632"": 4}"
MAKNXQSVF,"{""Q49413"": 4}"
MAKNXXXXX,"{""Q49413"": 2}"
MAKVYNQEV,"{""P47493"": 2}"
MAKVXNQEV,"{""P47493"": 1}"
MAKIXXXXX,"{""P47662"": 3}"
MAKIXFFAL,"{""P47662"": 1}"
MAQXEIINX,"{""P47581"": 112}"
MAQXEIINK,"{""P47581"": 6}"
MAQXXXXXX,"{""P47581"": 25}"
MAQKEIINX,"{""P47581"": 6}"
MAFIQEIXX,"{""P47640"": 134}"
MAFIQEIXR,"{""P47640"": 6}"
MAFLSYSTL,"{""P47541"": 142}"
MAFLSXSTL,"{""P47541"": 9}"
MAFXFAVDC,"{""Q49427"": 7}"
MAFXFAVDX,"{""Q49427"": 1}"
MAFRFAVDC,"{""Q49427"": 23}"
MAEMIEAXX,"{""P47272"": 112}"
MAEMIEAXN,"{""P47272"": 36}"
MAEMIEAKN,"{""P47272"": 2}"
MAEQXXXXX,"{""P47442"": 111}"
MAEQXXDYY,"{""P47442"": 5}"
MAEQXXDYX,"{""P47442"": 1}"
MAEQXXDXY,"{""P47442"": 2}"
MAEQXRDYY,"{""P47442"": 19}"
MAEQXRDXY,"{""P47442"": 2}"
MAENLTEYL,"{""P47319"": 119}"
MAENLTEXL,"{""P47319"": 7}"
MAEANXXXX,"{""P47334"": 137}"
MAIFNFLXL,"{""P47318"": 124}"
MAIFNFLXX,"{""P47318"": 37}"
MAIFNFLKL,"{""P47318"": 5}"
MAILIXNXV,"{""P47516"": 93}"
MAILIXNXX,"{""P47516"": 31}"
MAILIXNKV,"{""P47516"": 6}"
MAILIXXXX,"{""P47516"": 22}"
MAILIKNXV,"{""P47516"": 4}"
MAILIKNXX,"{""P47516"": 1}"
MAITVXXXX,"{""P47273"": 30}"
MAITVXGLT,"{""P47273"": 112}"
MAITVKGLT,"{""P47273"": 8}"
MAITDYCEC,"{""P47624"": 38}"
MAITDYCEX,"{""P47624"": 1}"
MAITDYXEC,"{""P47624"": 1}"
MAITDXCEC,"{""P47624"": 1}"
MAIXXXXXX,"{""P47400"": 142}"
MAIXXIISR,"{""P47400"": 24}"
MAIXXIISX,"{""P47400"": 6}"
MAIXIXXXX,"{""P47293"": 5}"
MAIXKIISR,"{""P47400"": 2}"
MAIRIXXXX,"{""P47293"": 32}"
MAIRIXSTX,"{""P47293"": 1}"
MAIKXXXXX,"{""P47400"": 6}"
MAIKXIISR,"{""P47400"": 1}"
MAREXXXXX,"{""P13927"": 25}"
MAREXFDRS,"{""P13927"": 6}"
MARILGIDI,"{""P47421"": 24}"
MARYLGIVS,"{""P47428"": 31}"
MARXLGIVS,"{""P47428"": 6}"
MAPGXHGMN,"{""P47299"": 6}"
MAPGYHGMN,"{""P47299"": 105}"
MADXXXXXX,"{""P47641"": 32}"
MADXLNEYV,"{""P47641"": 109}"
MADXLNEXV,"{""P47641"": 6}"
MADKLNEYV,"{""P47641"": 9}"
MADKLNEXV,"{""P47641"": 1}"
MAMQRLXXX,"{""P47547"": 19}"
MAMQRLXEA,"{""P47547"": 5}"
MAMQRLKEA,"{""P47547"": 1}"
MAMQXLXXX,"{""P47547"": 9}"
MAMQXLXEA,"{""P47547"": 1}"
MAMQXLKEA,"{""P47547"": 1}"
MAHXFXXXX,"{""P47580"": 14}"
MAHRFXRWS,"{""P47580"": 3}"
MAHRFXXXX,"{""P47580"": 21}"
MDQXARIXI,"{""P47303"": 29}"
MDQXARIXX,"{""P47303"": 4}"
MDQXAXIXI,"{""P47303"": 4}"
MDQXAXIXX,"{""P47303"": 2}"
MDQXXXXXX,"{""P47303"": 126, ""P47446"": 14}"
MDQXNNNLF,"{""P47446"": 134}"
MDQSNQXNT,"{""P47464"": 496}"
MDQSNQXXX,"{""P47464"": 98}"
MDQSNQKNT,"{""P47464"": 25}"
MDQNFXXXX,"{""P47518"": 28}"
MDQNFXLLD,"{""P47518"": 111}"
MDQNFKLLD,"{""P47518"": 6}"
MDQKARIXI,"{""P47303"": 1}"
MDQKARIXX,"{""P47303"": 1}"
MDQKNNNLF,"{""P47446"": 4}"
MDAHFLKSA,"{""P47577"": 6}"
MDAHFLXSA,"{""P47577"": 129}"
MDAHFLXXX,"{""P47577"": 31}"
MDAGPIWXQ,"{""P47605"": 107}"
MDAGPIWXX,"{""P47605"": 24}"
MDAGPIWKQ,"{""P47605"": 9}"
MDXNXSFDP,"{""P47324"": 10}"
MDXNXXXXX,"{""P47324"": 1}"
MDXNIFQLV,"{""P47363"": 118}"
MDXFLIDVI,"{""P47593"": 121}"
MDXXXXXXX,"{""Q9ZB73"": 21, ""P47299"": 151, ""P47666"": 145, ""P47335"": 114, ""P47656"": 136, ""P47593"": 16, ""P47363"": 31, ""P47388"": 21, ""Q49402"": 31, ""P47457"": 27, ""P47614"": 2}"
MDXXXDITA,"{""P47666"": 1}"
MDXXSFYGL,"{""P47656"": 8}"
MDXXYDITA,"{""P47666"": 12}"
MDXXIVVLD,"{""P47614"": 9}"
MDXIAILTS,"{""P47457"": 119}"
MDXLFXXXX,"{""Q49402"": 113}"
MDXLFXTSF,"{""Q49402"": 8}"
MDXLRLEVE,"{""P47299"": 7}"
MDXLVSILV,"{""Q9ZB73"": 117}"
MDXLLRDAY,"{""P47699"": 7}"
MDXLLRDAX,"{""P47699"": 1}"
MDXLXLEVE,"{""P47299"": 2}"
MDXPTANPD,"{""P47388"": 94}"
MDXDLIILG,"{""P47513"": 6}"
MDXQXIXAL,"{""P47447"": 19}"
MDXQXIXXX,"{""P47447"": 3}"
MDXQXXXXX,"{""P47447"": 6}"
MDXTGANFE,"{""P47335"": 9}"
MDXKYDITA,"{""P47666"": 1}"
MDYQXIXAL,"{""P47447"": 387}"
MDYQXIXXX,"{""P47447"": 75}"
MDYQXIKAL,"{""P47447"": 21}"
MDYQXXXXX,"{""P47447"": 82}"
MDYQKIXAL,"{""P47447"": 21}"
MDYQKIXXX,"{""P47447"": 3}"
MDYQKIKAL,"{""P47447"": 2}"
MDYLLRDAY,"{""P47699"": 114}"
MDYLLRDAX,"{""P47699"": 2}"
MDYLLXDAY,"{""P47699"": 15}"
MDYLLXDAX,"{""P47699"": 4}"
MDYDLIILG,"{""P47513"": 161}"
MDTYTSAXI,"{""Q49435"": 148}"
MDTYTSAXX,"{""Q49435"": 30}"
MDTYTSAKI,"{""Q49435"": 5}"
MDTXTSAXI,"{""Q49435"": 4}"
MDENNFDGL,"{""P47350"": 651}"
MDENETQFN,"{""P47466"": 154}"
MDEXGILVA,"{""P47622"": 119}"
MDEXXXXXX,"{""P47622"": 37}"
MDELNXLMX,"{""P47294"": 97}"
MDELNXLMK,"{""P47294"": 2}"
MDELNXXXX,"{""P47294"": 16}"
MDEKGILVA,"{""P47622"": 4}"
MDFDXQLFF,"{""P47500"": 139}"
MDFDXXXXX,"{""P47500"": 32}"
MDFDKQLFF,"{""P47500"": 6}"
MDFEVDYEG,"{""P47530"": 180}"
MDFEVDXEG,"{""P47530"": 7}"
MDFFSLNXI,"{""P47311"": 125}"
MDFFSLNXX,"{""P47311"": 28}"
MDFFSLNKI,"{""P47311"": 4}"
MDISNVDAS,"{""P47310"": 613}"
MDIRAXTXI,"{""P47579"": 1}"
MDIRARTXI,"{""P47579"": 10}"
MDIXARTXI,"{""P47579"": 2}"
MDLXXAVAF,"{""Q49423"": 116}"
MDLXXTLLM,"{""P47587"": 108}"
MDLXXXXXX,"{""P47284"": 115, ""P47587"": 43, ""Q49423"": 33}"
MDLXXQYII,"{""P47284"": 24}"
MDLXXQXII,"{""P47284"": 3}"
MDLXKAVAF,"{""Q49423"": 5}"
MDLXKTLLM,"{""P47587"": 2}"
MDLLSPXLL,"{""P47661"": 91}"
MDLLSPXXX,"{""P47661"": 21}"
MDLLSPKLL,"{""P47661"": 9}"
MDLEDLLIY,"{""P47294"": 122}"
MDLEDLLIX,"{""P47294"": 8}"
MDLKXQYII,"{""P47284"": 1}"
MDLKXTLLM,"{""P47587"": 4}"
MDLKXAVAF,"{""Q49423"": 6}"
MDLKXXXXX,"{""P47284"": 4, ""P47587"": 2, ""Q49423"": 1}"
MDLKKAVAF,"{""Q49423"": 1}"
MDWXTSEML,"{""P47360"": 138}"
MDWXXXXXX,"{""P47360"": 22}"
MDWKTSEML,"{""P47360"": 7}"
MDGSAXXXX,"{""P47539"": 18}"
MDGSAXGGI,"{""P47539"": 108}"
MDGSAKGGI,"{""P47539"": 3}"
MDGGQQGSF,"{""P47604"": 162}"
MDGXLTGVV,"{""P20796"": 103}"
MDGXXXXXX,"{""P20796"": 24}"
MDGKLTGVV,"{""P20796"": 7}"
MDVTNILLX,"{""P47399"": 146}"
MDVTNILLK,"{""P47399"": 10}"
MDVRTERLN,"{""P47256"": 6}"
MDVRGIFGV,"{""P47397"": 27}"
MDVXGIFGV,"{""P47397"": 10}"
MDVXTERLN,"{""P47256"": 4}"
MDKIAILTS,"{""P47457"": 9}"
MDKFLIDVI,"{""P47593"": 8}"
MDKLFXXXX,"{""Q49402"": 7}"
MDKLFXTSF,"{""Q49402"": 1}"
MDKLVSILV,"{""Q9ZB73"": 4}"
MDKXXXXXX,"{""P47666"": 3, ""P47656"": 3}"
MDKXYDITA,"{""P47666"": 1}"
MDKNIFQLV,"{""P47363"": 4}"
MDKPTANPD,"{""P47388"": 5}"
MDKTGANFE,"{""P47335"": 1}"
MDSTFHELG,"{""P47664"": 171}"
MDSFVQXYT,"{""Q49329"": 116}"
MDSFVQXXX,"{""Q49329"": 27}"
MDSFVQXXT,"{""Q49329"": 5}"
MDSFVQKYT,"{""Q49329"": 4}"
MDSAPSGLT,"{""Q49399"": 39}"
MDSVITERA,"{""P47583"": 19}"
MDSVITEXA,"{""P47583"": 7}"
MDNXNPQXL,"{""P47453"": 20}"
MDNXNPQXX,"{""P47453"": 91}"
MDNXNPQKL,"{""P47453"": 1}"
MDNXXXXXX,"{""P47453"": 38}"
MDNIXVLFL,"{""P47488"": 122}"
MDNIXXXXX,"{""P47488"": 31}"
MDNIKVLFL,"{""P47488"": 5}"
MDNFINGYI,"{""P47427"": 40}"
MDNFINGXI,"{""P47427"": 2}"
MDNKNPQXX,"{""P47453"": 2}"
MDNKNPQXL,"{""P47453"": 1}"
MDRNXSFDP,"{""P47324"": 19}"
MDRNXXXXX,"{""P47324"": 6}"
MDRXXXXXX,"{""P47614"": 7}"
MDRXIVVLD,"{""P47614"": 19}"
MDRKIVVLD,"{""P47614"": 1}"
MDPQNXXXX,"{""P47390"": 26}"
MDPQNXSPX,"{""P47390"": 128}"
MDPQNXSPK,"{""P47390"": 2}"
MDPQNKSPX,"{""P47390"": 4}"
MIXXXXXXX,"{""P47372"": 133, ""P47639"": 55, ""P47653"": 462, ""P47449"": 102, ""P47368"": 31, ""P47405"": 23, ""P47475"": 26, ""P47385"": 19, ""P47276"": 47, ""P47655"": 22, ""P47621"": 22}"
MIXXENLTY,"{""P47639"": 98}"
MIXXENLTX,"{""P47639"": 3}"
MIXXVQHAL,"{""P47276"": 114}"
MIXXAITGI,"{""P47372"": 7}"
MIXINISQN,"{""P47475"": 116}"
MIXNLVVIE,"{""P47368"": 132}"
MIXNXXXXX,"{""P47655"": 87}"
MIXPTPEDV,"{""P47653"": 122}"
MIXKENLTY,"{""P47639"": 5}"
MIXKVQHAL,"{""P47276"": 1}"
MIXDFNPGD,"{""P47385"": 140}"
MIXDAEANX,"{""P47547"": 7}"
MIXTXEXXX,"{""P47405"": 93}"
MIXTXEKXX,"{""P47405"": 1}"
MIXTXXXXX,"{""P47405"": 14}"
MIXTKEXXX,"{""P47405"": 3}"
MIXLGWASF,"{""P47621"": 117}"
MIXLLXXXX,"{""P47521"": 10}"
MIXLLXXLA,"{""P47521"": 1}"
MIXLXXXXX,"{""P47418"": 1}"
MIXLXSANE,"{""P47418"": 6}"
MIXLKSANE,"{""P47418"": 1}"
MIXVLVIAD,"{""P47449"": 42}"
MIXVDNXXX,"{""P47491"": 3}"
MIXVDNXVQ,"{""P47491"": 2}"
MIXRAITGI,"{""P47372"": 7}"
MITSIFGXV,"{""Q49424"": 135}"
MITSIFGXX,"{""Q49424"": 34}"
MITSIFGKV,"{""Q49424"": 1}"
MITIATIQL,"{""P47615"": 116}"
MITXXXXXX,"{""P47606"": 38, ""P47533"": 23}"
MITXSFFLX,"{""P47606"": 114}"
MITXSFFLK,"{""P47606"": 1}"
MITXLFFHQ,"{""P47533"": 134}"
MITLYAYAQ,"{""P47623"": 532}"
MITLYAXAQ,"{""P47623"": 38}"
MITLNXALI,"{""P47666"": 82}"
MITLNXXXX,"{""P47666"": 24}"
MITLNKALI,"{""P47666"": 2}"
MITLXAYAQ,"{""P47623"": 34}"
MITKLFFHQ,"{""P47533"": 5}"
MITKSFFLX,"{""P47606"": 6}"
MIVACLVNL,"{""P47428"": 583}"
MIVAXLVNL,"{""P47428"": 31}"
MIVTTXXXX,"{""Q49411"": 51}"
MIVTTXXGF,"{""Q49411"": 111}"
MIVTTXKGF,"{""Q49411"": 6}"
MIVTTKXGF,"{""Q49411"": 8}"
MIVDSVSQX,"{""P47495"": 121}"
MIVDSVSQK,"{""P47495"": 5}"
MIVSVSMYV,"{""P47681"": 108}"
MIVSVSMXV,"{""P47681"": 4}"
MIDLLGLDL,"{""P47371"": 154}"
MIDQNXLIT,"{""P47436"": 116}"
MIDQNXXXX,"{""P47436"": 21}"
MIDQNKLIT,"{""P47436"": 6}"
MIDHLXXXX,"{""P47458"": 112}"
MIDHLXXTX,"{""P47458"": 5}"
MIDHLXRTX,"{""P47458"": 22}"
MIDHLKRTX,"{""P47458"": 1}"
MIINXVPXA,"{""P47411"": 96}"
MIINXVPXX,"{""P47411"": 25}"
MIINXVPKA,"{""P47411"": 6}"
MIINXXXXX,"{""P47411"": 25}"
MIINAIKNH,"{""P47482"": 7}"
MIINAIXNH,"{""P47482"": 102}"
MIINAIXXX,"{""P47482"": 14}"
MIINKVPXA,"{""P47411"": 4}"
MIINKVPXX,"{""P47411"": 3}"
MIINKVPKA,"{""P47411"": 1}"
MIISFVNNX,"{""P47706"": 143}"
MIISFVNNK,"{""P47706"": 2}"
MINSTXXXX,"{""P47562"": 22}"
MINSTXGYI,"{""P47562"": 116}"
MINSTXGXI,"{""P47562"": 7}"
MINSTKGYI,"{""P47562"": 6}"
MINAPXGVX,"{""P47688"": 100}"
MINAPXXXX,"{""P47688"": 34}"
MINAPKGVX,"{""P47688"": 6}"
MINAQAFGT,"{""P47642"": 172}"
MINANRGML,"{""Q49422"": 9}"
MINANXGML,"{""Q49422"": 3}"
MINXPNQFL,"{""P47479"": 126}"
MINXXXXXX,"{""P47479"": 24}"
MINTFTYFE,"{""Q49426"": 144}"
MINTFTXFE,"{""Q49426"": 12}"
MINFEAIIG,"{""P47346"": 155}"
MINDFEXEV,"{""Q49410"": 105}"
MINDFEXXX,"{""Q49410"": 36}"
MINDFEKEV,"{""Q49410"": 3}"
MINKPNQFL,"{""P47479"": 9}"
MISXCHFSN,"{""P47356"": 108}"
MISXXXXXX,"{""P47356"": 20}"
MISXXHFSN,"{""P47356"": 5}"
MISXFXSGL,"{""P35888"": 24}"
MISXFXXXX,"{""P35888"": 5}"
MISELQQXI,"{""P47566"": 124}"
MISELQQXX,"{""P47566"": 18}"
MISELQQKI,"{""P47566"": 5}"
MISIDPQFI,"{""Q49428"": 166}"
MISRFXSGL,"{""P35888"": 114}"
MISRFXXXX,"{""P35888"": 16}"
MISRFKSGL,"{""P35888"": 2}"
MISLIFDXS,"{""P47455"": 110}"
MISLIFDXX,"{""P47455"": 17}"
MISLIFDKS,"{""P47455"": 8}"
MISKCHFSN,"{""P47356"": 4}"
MIYLXSANE,"{""P47418"": 140}"
MIYLXXXXX,"{""P47418"": 27}"
MIYLKSANE,"{""P47418"": 6}"
MIYVDNXXX,"{""P47491"": 91}"
MIYVDNXVQ,"{""P47491"": 16}"
MIYVDNKVQ,"{""P47491"": 1}"
MIKXVQHAL,"{""P47276"": 6}"
MIKXENLTX,"{""P47639"": 1}"
MIKXENLTY,"{""P47639"": 9}"
MIKTXEXXX,"{""P47405"": 6}"
MIKTXXXXX,"{""P47405"": 3}"
MIKDFNPGD,"{""P47385"": 5}"
MIKNLVVIE,"{""P47368"": 6}"
MIKNXXXXX,"{""P47655"": 3}"
MIKPTPEDV,"{""P47653"": 6}"
MIKINISQN,"{""P47475"": 3}"
MIKLGWASF,"{""P47621"": 4}"
MIKVLVIAD,"{""P47449"": 1}"
MIAFAXQYR,"{""P47402"": 21}"
MIAFAXQYX,"{""P47402"": 7}"
MIAFAXQXR,"{""P47402"": 1}"
MIAFAXXXX,"{""P47402"": 121}"
MIAFAKQYR,"{""P47402"": 1}"
MIAFAKQYX,"{""P47402"": 1}"
MIAYVDASY,"{""P47352"": 109}"
MIAYVDASX,"{""P47352"": 9}"
MIAIFNQXI,"{""P47387"": 99}"
MIAIFNQXX,"{""P47387"": 21}"
MIAIFNQKI,"{""P47387"": 5}"
MIANLVEHX,"{""P47455"": 125}"
MIANLVEHK,"{""P47455"": 1}"
MIASDNQFA,"{""P47458"": 120}"
MIAXVDASY,"{""P47352"": 3}"
MIQLAQNAX,"{""P47438"": 152}"
MIQLAQNAK,"{""P47438"": 3}"
MIQXXXXXX,"{""P47483"": 39}"
MIQXEMEIY,"{""P47483"": 129}"
MIQXEMEIX,"{""P47483"": 6}"
MIQVSICSS,"{""P47353"": 156}"
MIQVSIXSS,"{""P47353"": 8}"
MIQIIVGRX,"{""P47403"": 18}"
MIQIIVGRK,"{""P47403"": 1}"
MIQIIVGXX,"{""P47403"": 8}"
MIQIIVGXK,"{""P47403"": 2}"
MILLSSNFH,"{""P47625"": 119}"
MILDENGMP,"{""P47613"": 121}"
MILEXLXLQ,"{""P47510"": 90}"
MILEXLXXX,"{""P47510"": 14}"
MILEXLKLQ,"{""P47510"": 4}"
MILEXXXXX,"{""P47510"": 28}"
MILEKLXLQ,"{""P47510"": 5}"
MILEKLXXX,"{""P47510"": 2}"
MIMNLVEXL,"{""P47282"": 108}"
MIMNLVEXX,"{""P47282"": 21}"
MIMNLVEKL,"{""P47282"": 4}"
MIGAXTRVA,"{""P47364"": 32}"
MIGAXTXVA,"{""P47364"": 6}"
MIGAXXXXX,"{""P47364"": 99}"
MIGAKTRVA,"{""P47364"": 1}"
MIGFRLSRL,"{""P47368"": 27}"
MIGFRLSXL,"{""P47368"": 8}"
MIGFXLSRL,"{""P47368"": 5}"
MIEVXPDFD,"{""Q49424"": 109}"
MIEVXXXXX,"{""Q49424"": 23}"
MIEVKPDFD,"{""Q49424"": 7}"
MIFSISXXX,"{""P47528"": 113}"
MIFSISXRX,"{""P47528"": 24}"
MIRDAEANX,"{""P47547"": 21}"
MIRLLXXXX,"{""P47521"": 21}"
MIRLLXXLA,"{""P47521"": 9}"
MIRLLKXXX,"{""P47521"": 1}"
MLISXXTLG,"{""P47437"": 97}"
MLISXXXXX,"{""P47437"": 31}"
MLISXKTLG,"{""P47437"": 3}"
MLISKXTLG,"{""P47437"": 6}"
MLISKXXXX,"{""P47437"": 1}"
MLIIFXDLN,"{""P47690"": 153}"
MLIIFXXXX,"{""P47690"": 23}"
MLIIFKDLN,"{""P47690"": 8}"
MLIAIWAMT,"{""P47470"": 149}"
MLIAIVGXP,"{""P47506"": 106}"
MLIAIVGXX,"{""P47506"": 27}"
MLIAIVGKP,"{""P47506"": 8}"
MLINNLXHF,"{""P47701"": 102}"
MLINNLXXX,"{""P47701"": 19}"
MLINNLKHF,"{""P47701"": 7}"
MLILVNNPX,"{""P47305"": 132}"
MLILVNNPK,"{""P47305"": 10}"
MLSSLNRIE,"{""P47437"": 120}"
MLSSLNXIE,"{""P47437"": 38}"
MLSLAQLES,"{""P47367"": 32}"
MLSEWSLXV,"{""P47558"": 100}"
MLSEWSLXX,"{""P47558"": 19}"
MLSEWSLKV,"{""P47558"": 6}"
MLSAGIVGL,"{""P47270"": 148}"
MLSTDAFSA,"{""P47693"": 32}"
MLSXTQXXX,"{""P47318"": 8}"
MLSRTQXXX,"{""P47318"": 13}"
MLNNQQIHQ,"{""P47464"": 148}"
MLNNILQFL,"{""P47693"": 155}"
MLNFXTLQA,"{""P47542"": 112}"
MLNFXXXXX,"{""P47542"": 30}"
MLNFAPNLG,"{""P47516"": 9}"
MLNFKTLQA,"{""P47542"": 10}"
MLNCVFLEG,"{""P47616"": 160}"
MLNSRFPVS,"{""P47703"": 29}"
MLNSXFPVS,"{""P47703"": 8}"
MLNLIXXXX,"{""P47310"": 99}"
MLNLIXNVI,"{""P47310"": 42}"
MLNLIKNVI,"{""P47310"": 3}"
MLNXVFLEG,"{""P47616"": 7}"
MLVAMXXXX,"{""P47545"": 94}"
MLVAMXQTT,"{""P47545"": 21}"
MLVAMKQTT,"{""P47545"": 3}"
MLVVANXID,"{""P47624"": 89}"
MLVVANXXX,"{""P47624"": 24}"
MLVVANKID,"{""P47624"": 2}"
MLVXXFIST,"{""P47641"": 3}"
MLVXXXXXX,"{""P47641"": 102}"
MLVXRFIST,"{""P47641"": 21}"
MLVNFXLML,"{""P47269"": 123}"
MLVNFXXXX,"{""P47269"": 24}"
MLVNFKLML,"{""P47269"": 8}"
MLVFLILLP,"{""P47637"": 40}"
MLVWQRAGX,"{""P47516"": 23}"
MLVWQXAGX,"{""P47516"": 5}"
MLVTXNXXX,"{""P47486"": 88}"
MLVTXNXNL,"{""P47486"": 5}"
MLVTXXXXX,"{""P47486"": 25}"
MLVTKNXXX,"{""P47486"": 3}"
MLLFLNDWY,"{""P47483"": 623}"
MLLFLNDWX,"{""P47483"": 28}"
MLLNLNNNS,"{""P47369"": 169}"
MLLGTFNLT,"{""P47463"": 133}"
MLLLRALFL,"{""P47393"": 37}"
MLLLXALFL,"{""P47393"": 8}"
MLLVGGGVS,"{""P47292"": 30}"
MLWSFNNHF,"{""Q9ZB77"": 140}"
MLANPLIDV,"{""Q49398"": 130}"
MLAGVLLLQ,"{""P47615"": 161}"
MLFXXFTWV,"{""Q49410"": 103}"
MLFXXXXXX,"{""Q49410"": 43}"
MLFXKFTWV,"{""Q49410"": 6}"
MLFNSFFET,"{""P47576"": 628}"
MLFKXFTWV,"{""Q49410"": 9}"
MLFKXXXXX,"{""Q49410"": 1}"
MLFKKFTWV,"{""Q49410"": 1}"
MLXVNADFL,"{""P47348"": 148}"
MLXAXLWEN,"{""P47500"": 10}"
MLXAXXXXX,"{""P47500"": 1}"
MLXXXXXXX,"{""P47661"": 139, ""P47379"": 129, ""P47652"": 107, ""Q9ZB74"": 56, ""P47571"": 16, ""P47635"": 29, ""P47348"": 21}"
MLXXXNQFD,"{""Q9ZB74"": 100}"
MLXXSIGIF,"{""P47379"": 28}"
MLXXISLFD,"{""P47661"": 21}"
MLXXKNQFD,"{""Q9ZB74"": 5}"
MLXIDMWFX,"{""P47635"": 103}"
MLXIDMWFK,"{""P47635"": 6}"
MLXLHFXXX,"{""P47571"": 24}"
MLXLHFXHL,"{""P47571"": 71}"
MLXLHFKHL,"{""P47571"": 1}"
MLXFXNFFX,"{""P47652"": 6}"
MLXFXNFFK,"{""P47652"": 1}"
MLXFRNFFX,"{""P47652"": 27}"
MLXFRNFFK,"{""P47652"": 1}"
MLXKXNQFD,"{""Q9ZB74"": 3}"
MLXKXXXXX,"{""Q9ZB74"": 1}"
MLXKKNQFD,"{""Q9ZB74"": 1}"
MLXKSIGIF,"{""P47379"": 1}"
MLXRFWXXX,"{""P47313"": 2}"
MLTSXVXXX,"{""P47478"": 5}"
MLTSXVXVL,"{""P47478"": 1}"
MLTSNXNTL,"{""Q49418"": 126}"
MLTSNXXXX,"{""Q49418"": 21}"
MLTSNKNTL,"{""Q49418"": 7}"
MLTSYVXXX,"{""P47478"": 116}"
MLTSYVXVL,"{""P47478"": 28}"
MLTSYVKVL,"{""P47478"": 2}"
MLTFLXNAX,"{""P47398"": 92}"
MLTFLXNAK,"{""P47398"": 10}"
MLTFLXXXX,"{""P47398"": 19}"
MLTFLKNAX,"{""P47398"": 5}"
MLTFLKNAK,"{""P47398"": 1}"
MLTLLNQSX,"{""Q49396"": 133}"
MLTLLNQSK,"{""Q49396"": 6}"
MLTTTHALL,"{""P47253"": 38}"
MLPTXXXXX,"{""P47425"": 118}"
MLPTXQAAC,"{""P47425"": 37}"
MLPTXQAAX,"{""P47425"": 2}"
MLPTKQAAC,"{""P47425"": 1}"
MLPANFSVS,"{""P47294"": 144}"
MLDPNXXXX,"{""P47251"": 92}"
MLDPNXLXN,"{""P47251"": 8}"
MLDPNXLRN,"{""P47251"": 20}"
MLDLLNIDC,"{""P47302"": 113}"
MLDLLNIDX,"{""P47302"": 6}"
MLDDNEYAA,"{""P47458"": 106}"
MLDDNEXAA,"{""P47458"": 9}"
MLDFESEQR,"{""P47491"": 27}"
MLDFESEQX,"{""P47491"": 5}"
MLQPXXXXX,"{""P47404"": 132}"
MLQPXXTXX,"{""P47404"": 3}"
MLQPXXTXY,"{""P47404"": 2}"
MLQPXRTXY,"{""P47404"": 3}"
MLQPXRTXX,"{""P47404"": 18}"
MLQVXNLSF,"{""P47546"": 107}"
MLQVXXXXX,"{""P47546"": 20}"
MLQVKNLSF,"{""P47546"": 2}"
MLRAXLWEN,"{""P47500"": 19}"
MLRAXXXXX,"{""P47500"": 8}"
MLRAKLWEN,"{""P47500"": 1}"
MLEXXXXXX,"{""P47318"": 111}"
MLEXFVQQF,"{""P47318"": 21}"
MLEKFVQQF,"{""P47318"": 1}"
MLYRFWXXX,"{""P47313"": 26}"
MLYRFWXTG,"{""P47313"": 1}"
MLYXFWXXX,"{""P47313"": 2}"
MLKIDMWFX,"{""P47635"": 7}"
MLKLHFXHL,"{""P47571"": 4}"
MLKVNADFL,"{""P47348"": 2}"
MLKFRNFFX,"{""P47652"": 2}"
MLKXXXXXX,"{""P47379"": 3, ""P47661"": 6}"
MLKXXNQFD,"{""Q9ZB74"": 4}"
MLKXSIGIF,"{""P47379"": 1}"
MNXXXXXXX,"{""P47668"": 462, ""P47252"": 22}"
MNXNVSXLY,"{""P47668"": 4}"
MNXNVSYLY,"{""P47668"": 106}"
MNXNVSYLX,"{""P47668"": 5}"
MNXGVFVVI,"{""P47252"": 124}"
MNXVFLFGX,"{""P47337"": 7}"
MNXPSWSTA,"{""P47332"": 8}"
MNIGQIFET,"{""P47583"": 595}"
MNIINLINX,"{""P47297"": 177}"
MNIINLINK,"{""P47297"": 3}"
MNITPIHDN,"{""P47633"": 162}"
MNINFTPAG,"{""P47597"": 8}"
MNTVXXXXX,"{""P47640"": 100}"
MNTVXSTIX,"{""P47640"": 480}"
MNTVXSTIK,"{""P47640"": 23}"
MNTVKSTIX,"{""P47640"": 24}"
MNTXLNVXG,"{""P47266"": 121}"
MNTXLNVXX,"{""P47266"": 19}"
MNTXLNVKG,"{""P47266"": 7}"
MNTXXXXXX,"{""P47266"": 22}"
MNTKLNVXG,"{""P47266"": 4}"
MNEVQGXLA,"{""P47702"": 91}"
MNEVQGXXX,"{""P47702"": 28}"
MNEVQGKLA,"{""P47702"": 2}"
MNEXAXQFI,"{""Q49433"": 103}"
MNEXAXXXX,"{""Q49433"": 21}"
MNEXAKQFI,"{""Q49433"": 6}"
MNEXXXXXX,"{""Q49433"": 33}"
MNEHSLIEI,"{""P47288"": 144}"
MNEQQXQAI,"{""P47486"": 139}"
MNEQQXXXX,"{""P47486"": 25}"
MNEQQKQAI,"{""P47486"": 4}"
MNEKAXQFI,"{""Q49433"": 10}"
MNEKAXXXX,"{""Q49433"": 1}"
MNSSTSSMM,"{""P47395"": 119}"
MNSFFPSRX,"{""P47701"": 40}"
MNSFFPSXX,"{""P47701"": 7}"
MNSAVXYPE,"{""P47396"": 112}"
MNSAVXXXX,"{""P47396"": 30}"
MNSAVXXPE,"{""P47396"": 5}"
MNSAVKYPE,"{""P47396"": 3}"
MNSILXIAN,"{""P47618"": 36}"
MNSILRIAN,"{""P47618"": 116}"
MNSXXXXXX,"{""P47685"": 140}"
MNSXRDXFE,"{""P47685"": 1}"
MNSXRDRFE,"{""P47685"": 4}"
MNSWTGLSE,"{""P47317"": 156}"
MNGNXXXXX,"{""Q9ZB72"": 19}"
MNGNXLVFL,"{""Q9ZB72"": 127}"
MNGNKLVFL,"{""Q9ZB72"": 8}"
MNGFXNIFF,"{""P47264"": 90}"
MNGFXXXXX,"{""P47264"": 13}"
MNGFKNIFF,"{""P47264"": 6}"
MNAQTNETQ,"{""P47431"": 140}"
MNNLEXTYX,"{""P47409"": 133}"
MNNLEXTYK,"{""P47409"": 8}"
MNNLEXTXX,"{""P47409"": 7}"
MNNLEXXXX,"{""P47409"": 20}"
MNNLEKTXX,"{""P47409"": 1}"
MNNLEKTYX,"{""P47409"": 2}"
MNNANFEXY,"{""P47620"": 124}"
MNNANFEXX,"{""P47620"": 31}"
MNNANFEKY,"{""P47620"": 2}"
MNNNITNSI,"{""P47376"": 47}"
MNNVIISNN,"{""P47247"": 108}"
MNNFDYYRD,"{""Q49407"": 2}"
MNDXQXAXX,"{""Q57081"": 18}"
MNDXQXAXI,"{""Q57081"": 84}"
MNDXQXAKI,"{""Q57081"": 9}"
MNDXQXXXX,"{""Q57081"": 27}"
MNDXQKAXI,"{""Q57081"": 6}"
MNDXXXXXX,"{""Q57081"": 18}"
MNDQXTTNT,"{""P47414"": 121}"
MNDQXXXXX,"{""P47414"": 23}"
MNDQKTTNT,"{""P47414"": 4}"
MNDWQWLXN,"{""P47386"": 41}"
MNDWQWLXX,"{""P47386"": 109}"
MNDWQWLKN,"{""P47386"": 2}"
MNDLALALG,"{""Q49310"": 149}"
MNDKQXAXI,"{""Q57081"": 4}"
MNDKQXAXX,"{""Q57081"": 1}"
MNLYDLLEL,"{""P47248"": 149}"
MNLYGAGIV,"{""P47271"": 126}"
MNLXGAGIV,"{""P47271"": 7}"
MNLXDLLEL,"{""P47248"": 8}"
MNWTTDXXX,"{""P47534"": 108}"
MNWTTDXVX,"{""P47534"": 6}"
MNWTTDXVR,"{""P47534"": 24}"
MNWTTDKVX,"{""P47534"": 1}"
MNWTTDKVR,"{""P47534"": 1}"
MNWQIAIDG,"{""P47572"": 156}"
MNVILSVML,"{""Q49398"": 157}"
MNFLQXXXX,"{""P47281"": 112}"
MNFLQXPRG,"{""P47281"": 29}"
MNFLQXPXG,"{""P47281"": 7}"
MNFLYXDGN,"{""P47272"": 87}"
MNFLYXXXX,"{""P47272"": 20}"
MNFLYKDGN,"{""P47272"": 3}"
MNFLXXDGN,"{""P47272"": 5}"
MNQASAIAI,"{""P47489"": 148}"
MNRPSWSTA,"{""P47332"": 33}"
MNRVFLFGX,"{""P47337"": 35}"
MNRVFLFGK,"{""P47337"": 1}"
MNKNVSYLY,"{""P47668"": 5}"
MNKNVSXLY,"{""P47668"": 1}"
MNKGVFVVI,"{""P47252"": 4}"
MNPNMQRPG,"{""Q49417"": 4}"
MQISLVXXX,"{""P47315"": 107}"
MQISLVXIR,"{""P47315"": 25}"
MQISLVXIX,"{""P47315"": 4}"
MQISLVKIR,"{""P47315"": 2}"
MQIXVINET,"{""P47485"": 128}"
MQIXXXXXX,"{""P47485"": 26}"
MQIKVINET,"{""P47485"": 3}"
MQXXXXXXX,"{""P47252"": 490, ""P47459"": 453, ""P47657"": 27, ""P47319"": 71, ""P47544"": 29, ""P47651"": 49}"
MQXXIXXXX,"{""P47651"": 98}"
MQXXIXXXL,"{""P47651"": 7}"
MQXXIXXRL,"{""P47651"": 10}"
MQXXIXKRL,"{""P47651"": 1}"
MQXXIKXXX,"{""P47651"": 5}"
MQXXIKXRL,"{""P47651"": 1}"
MQXXGNDNL,"{""P47252"": 22}"
MQXTSFLNX,"{""P47544"": 121}"
MQXTSFLNK,"{""P47544"": 4}"
MQXTSMLTX,"{""P47657"": 132}"
MQXTSMLTK,"{""P47657"": 3}"
MQXLTRNFE,"{""P47459"": 110}"
MQXLTXNFE,"{""P47459"": 16}"
MQXRGNDNL,"{""P47252"": 92}"
MQXEAQNQI,"{""P47443"": 37}"
MQXMYGITD,"{""P47553"": 17}"
MQXMXGITD,"{""P47553"": 2}"
MQXVIYVSA,"{""P47319"": 21}"
MQXKIXXXX,"{""P47651"": 4}"
MQAVTXXXX,"{""P47328"": 84}"
MQAVTXLID,"{""P47328"": 524}"
MQAVTKLID,"{""P47328"": 21}"
MQALLAFEX,"{""P47369"": 599}"
MQALLAFEK,"{""P47369"": 22}"
MQALVEXXX,"{""P47609"": 34}"
MQALVEXXY,"{""P47609"": 66}"
MQALVEXKY,"{""P47609"": 4}"
MQALVEKXX,"{""P47609"": 3}"
MQALVEKXY,"{""P47609"": 4}"
MQASELTPX,"{""P47300"": 168}"
MQASELTPK,"{""P47300"": 7}"
MQAANDHFF,"{""P47354"": 145}"
MQHYXPADF,"{""P47441"": 114}"
MQHYXXXXX,"{""P47441"": 17}"
MQHYKPADF,"{""P47441"": 5}"
MQHXXPADF,"{""P47441"": 4}"
MQHXKPADF,"{""P47441"": 1}"
MQTPQIXLD,"{""P47545"": 112}"
MQTPQIXXX,"{""P47545"": 36}"
MQTPQIKLD,"{""P47545"": 6}"
MQTHEILLX,"{""P47529"": 139}"
MQTHEILLK,"{""P47529"": 9}"
MQTNXQPXQ,"{""P47468"": 102}"
MQTNXQPXX,"{""P47468"": 22}"
MQTNXQPKQ,"{""P47468"": 1}"
MQTNXXXXX,"{""P47468"": 30}"
MQTNKQPXQ,"{""P47468"": 3}"
MQTNKQPXX,"{""P47468"": 2}"
MQTVSSPXQ,"{""P47416"": 122}"
MQTVSSPXX,"{""P47416"": 22}"
MQTVSSPKQ,"{""P47416"": 5}"
MQTIDVLIV,"{""P47285"": 156}"
MQTXLFYFF,"{""P47558"": 113}"
MQTXLFXFF,"{""P47558"": 8}"
MQTXXXXXX,"{""P47558"": 22}"
MQTFIITSP,"{""P47512"": 44}"
MQTLNYLVI,"{""P47381"": 37}"
MQTKLFYFF,"{""P47558"": 6}"
MQLIFXFVF,"{""P47702"": 12}"
MQLIFYFVF,"{""P47702"": 96}"
MQLITRLCL,"{""Q2MHT0"": 9}"
MQLITXLCL,"{""Q2MHT0"": 1}"
MQLDAXXXA,"{""P47330"": 3}"
MQLDAXXXX,"{""P47330"": 101}"
MQLDAXXRA,"{""P47330"": 17}"
MQLDAKXXX,"{""P47330"": 1}"
MQLXATEMG,"{""P47294"": 105}"
MQLXXPHFQ,"{""P47510"": 110}"
MQLXXXXXX,"{""P47510"": 36, ""P47294"": 19}"
MQLXVGLGS,"{""Q49436"": 3}"
MQLXKPHFQ,"{""P47510"": 6}"
MQLTTDGXA,"{""P47583"": 95}"
MQLTTDGXX,"{""P47583"": 12}"
MQLTTDGKA,"{""P47583"": 1}"
MQLEYLNLI,"{""P47268"": 148}"
MQLEXLNLI,"{""P47268"": 6}"
MQLRVGLGS,"{""Q49436"": 35}"
MQLKATEMG,"{""P47294"": 3}"
MQLKXPHFQ,"{""P47510"": 4}"
MQFSLGYEL,"{""P47477"": 124}"
MQFSLGXEL,"{""P47477"": 4}"
MQFSSSIRQ,"{""P52271"": 31}"
MQFSSSIXQ,"{""P52271"": 3}"
MQFNSINIE,"{""P47623"": 117}"
MQFXXXXXX,"{""P47523"": 50}"
MQFXXHXNS,"{""P47523"": 73}"
MQFXXHXXX,"{""P47523"": 14}"
MQFXXHKNS,"{""P47523"": 9}"
MQFXKHXNS,"{""P47523"": 3}"
MQFKXXXXX,"{""P47523"": 2}"
MQFKXHXNS,"{""P47523"": 7}"
MQYSALIPL,"{""P47377"": 33}"
MQYMYGITD,"{""P47553"": 518}"
MQYMXGITD,"{""P47553"": 29}"
MQSHXILVV,"{""P47599"": 129}"
MQSHXXXXX,"{""P47599"": 24}"
MQSHKILVV,"{""P47599"": 12}"
MQSMSTSFF,"{""P47261"": 26}"
MQREAQNQI,"{""P47443"": 137}"
MQRIRXXXX,"{""P47408"": 2}"
MQRIRXGDX,"{""P47408"": 3}"
MQGSANNHN,"{""P47329"": 102}"
MQGFELGXX,"{""P47397"": 105}"
MQGFELGKX,"{""P47397"": 6}"
MQGFELGKK,"{""P47397"": 1}"
MQGFSINWI,"{""P47576"": 124}"
MQNRPFIIY,"{""P47662"": 25}"
MQNRPFIIX,"{""P47662"": 2}"
MQNXPFIIY,"{""P47662"": 5}"
MQQTFFXDP,"{""P47699"": 137}"
MQQTFFXXX,"{""P47699"": 26}"
MQQTFFKDP,"{""P47699"": 4}"
MQKXIXXXX,"{""P47651"": 3}"
MQKXIXXXL,"{""P47651"": 1}"
MQKXGNDNL,"{""P47252"": 2}"
MQKXXXXXX,"{""P47651"": 1}"
MQKLTRNFE,"{""P47459"": 11}"
MQKLTXNFE,"{""P47459"": 3}"
MQKTSMLTX,"{""P47657"": 3}"
MQKTSMLTK,"{""P47657"": 1}"
MQKTSFLNX,"{""P47544"": 4}"
MQKRGNDNL,"{""P47252"": 7}"
MPAVQXLVE,"{""P47547"": 512}"
MPAVQXXXX,"{""P47547"": 106}"
MPAVQKLVE,"{""P47547"": 24}"
MPVIAINQV,"{""P47582"": 137}"
MPVVDKTTN,"{""Q49399"": 25}"
MPVVDXTTN,"{""Q49399"": 498}"
MPVVDXXXX,"{""Q49399"": 100}"
MPVTXXXXX,"{""P47481"": 164}"
MPVTKXXXX,"{""P47481"": 2}"
MPLTSELKS,"{""P47386"": 27}"
MPLTSELXX,"{""P47386"": 110}"
MPLTSELXS,"{""P47386"": 503}"
MPLEXXDSN,"{""Q49405"": 386}"
MPLEXXXXX,"{""Q49405"": 195}"
MPLEXKDSN,"{""Q49405"": 22}"
MPLEKXXXX,"{""Q49405"": 4}"
MPLEKXDSN,"{""Q49405"": 16}"
MPLVAXXXX,"{""P47283"": 85}"
MPLVAXIHE,"{""P47283"": 24}"
MPLVAKIHE,"{""P47283"": 1}"
MPLISLAQV,"{""P47673"": 28}"
MPXXXXXXX,"{""P57085"": 20, ""Q49429"": 17, ""P47477"": 34}"
MPXXHLIAN,"{""P47574"": 6}"
MPXLLGSFI,"{""P47477"": 111}"
MPXIEVXND,"{""P57085"": 118}"
MPXIEVXXX,"{""P57085"": 18}"
MPXIEVKND,"{""P57085"": 2}"
MPXTTXNXN,"{""Q49429"": 76}"
MPXTTXNXX,"{""Q49429"": 13}"
MPXTTXNKN,"{""Q49429"": 5}"
MPXTTXXXX,"{""Q49429"": 17}"
MPXTTKNXN,"{""Q49429"": 6}"
MPTYXLIVG,"{""P47329"": 114}"
MPTYXXXXX,"{""P47329"": 26}"
MPTYKLIVG,"{""P47329"": 5}"
MPTXXLIVG,"{""P47329"": 5}"
MPTXXXXXX,"{""P47329"": 1}"
MPSAVGYQP,"{""P47639"": 572}"
MPSAVGXQP,"{""P47639"": 40}"
MPSXYLFTV,"{""P47271"": 126}"
MPSXXXXXX,"{""P47271"": 25}"
MPSXXLFTV,"{""P47271"": 4}"
MPSKYLFTV,"{""P47271"": 2}"
MPMGGGIXX,"{""P47515"": 95}"
MPMGGGIXA,"{""P47515"": 498}"
MPMGGGIKA,"{""P47515"": 24}"
MPFVXXXXX,"{""P47409"": 138}"
MPIXXXXXX,"{""P47702"": 25}"
MPIXLAQTN,"{""P47702"": 111}"
MPIKLAQTN,"{""P47702"": 6}"
MPENISDSH,"{""P47276"": 121}"
MPELPEVTT,"{""P55825"": 148}"
MPDSNFGIV,"{""P47356"": 154}"
MPRXHLIAN,"{""P47574"": 28}"
MPRXXXXXX,"{""P47574"": 4}"
MPRKHLIAN,"{""P47574"": 1}"
MPKTTXNXN,"{""Q49429"": 5}"
MPKIEVXND,"{""P57085"": 9}"
MPKIEVXXX,"{""P57085"": 1}"
MPKLLGSFI,"{""P47477"": 3}"
MGHIALVSP,"{""P47582"": 635}"
MGXTSSGAL,"{""P47693"": 118}"
MGXTXNXXX,"{""P56723"": 81}"
MGXTXNXSD,"{""P56723"": 25}"
MGXTXXXXX,"{""P56723"": 22}"
MGXTGRNNH,"{""P47664"": 5}"
MGXTGXNNH,"{""P47664"": 1}"
MGXTKNXXX,"{""P56723"": 5}"
MGXLLFGXX,"{""P47286"": 19}"
MGXLLFGXL,"{""P47286"": 103}"
MGXLLFGKL,"{""P47286"": 4}"
MGXLDXXQL,"{""P36255"": 80}"
MGXLDXXXX,"{""P36255"": 32}"
MGXLDXKQL,"{""P36255"": 3}"
MGXLDKXQL,"{""P36255"": 4}"
MGXLDKXXX,"{""P36255"": 1}"
MGXXXXXXX,"{""P56723"": 24, ""P47257"": 28, ""P36255"": 28, ""P47286"": 33, ""Q9ZB71"": 36, ""P47280"": 25, ""P47693"": 19}"
MGXXLSETQ,"{""Q49310"": 2}"
MGXXQPSFQ,"{""P47280"": 11}"
MGXIXLXNR,"{""P47257"": 29}"
MGXIXLXNX,"{""P47257"": 2}"
MGXIXLXXX,"{""P47257"": 73}"
MGXIXXXXX,"{""P47257"": 15}"
MGXIKLXNR,"{""P47257"": 1}"
MGXIKLXXX,"{""P47257"": 3}"
MGXEIEPIF,"{""Q9ZB71"": 126}"
MGXYQPSFQ,"{""P47280"": 122}"
MGXVEXXXX,"{""P47573"": 12}"
MGXVHYPLY,"{""P47684"": 1}"
MGXVHXPLY,"{""P47684"": 1}"
MGLAGIVNT,"{""Q49404"": 135}"
MGLVLXXXX,"{""P47260"": 39}"
MGLVLXEFN,"{""P47260"": 96}"
MGLVLKEFN,"{""P47260"": 10}"
MGLLLGVNQ,"{""P47631"": 6}"
MGIXSIVIN,"{""P47696"": 126}"
MGIXXXXXX,"{""P47696"": 19}"
MGIKSIVIN,"{""P47696"": 6}"
MGFAPTRXX,"{""P47553"": 90}"
MGFAPTRXS,"{""P47553"": 26}"
MGFAPTRKS,"{""P47553"": 1}"
MGFAPTXXX,"{""P47553"": 27}"
MGFAPTXXS,"{""P47553"": 7}"
MGFLSKLIA,"{""P47539"": 9}"
MGFLSXLIA,"{""P47539"": 124}"
MGFLSXXXX,"{""P47539"": 25}"
MGFIXXXXX,"{""P47613"": 25}"
MGFIXQYXX,"{""P47613"": 85}"
MGFIXQYXT,"{""P47613"": 22}"
MGFIXQYKT,"{""P47613"": 1}"
MGFIXQXXX,"{""P47613"": 4}"
MGFIXQXXT,"{""P47613"": 1}"
MGFIKQYXX,"{""P47613"": 6}"
MGFFIEPER,"{""P47316"": 31}"
MGFFIEPEX,"{""P47316"": 13}"
MGEIXXXXX,"{""P47344"": 26}"
MGEIXNTAP,"{""P47344"": 143}"
MGEIKNTAP,"{""P47344"": 3}"
MGRVEXXXX,"{""P47573"": 32}"
MGRVEKFXF,"{""P47573"": 1}"
MGRVHYPLY,"{""P47684"": 3}"
MGRDRIFQA,"{""P47445"": 1}"
MGRTGXNNH,"{""P47664"": 6}"
MGRTGRNNH,"{""P47664"": 17}"
MGRXLSETQ,"{""Q49310"": 19}"
MGRXXXXXX,"{""Q49310"": 4}"
MGQQTSFXX,"{""P47340"": 143}"
MGQQTSFXY,"{""P47340"": 2}"
MGQXXXXXX,"{""P47403"": 110}"
MGQXVNSNG,"{""P47403"": 27}"
MGQINXXFS,"{""P47467"": 5}"
MGQINRXFS,"{""P47467"": 11}"
MGQINRXXX,"{""P47467"": 4}"
MGQINRKFS,"{""P47467"": 1}"
MGSGXGNPE,"{""P47404"": 492}"
MGSGXXXXX,"{""P47404"": 98}"
MGSGKGNPE,"{""P47404"": 24}"
MGSSNLNIN,"{""P47647"": 138}"
MGSVSSLIX,"{""P47294"": 114}"
MGSVSSLIK,"{""P47294"": 6}"
MGGQAEGFN,"{""P47491"": 139}"
MGNXXIIPF,"{""P47286"": 81}"
MGNXXXXXX,"{""P47286"": 36}"
MGNXKIIPF,"{""P47286"": 4}"
MGNKXXXXX,"{""P47286"": 1}"
MGKEIEPIF,"{""Q9ZB71"": 7}"
MGKTXNXXX,"{""P56723"": 4}"
MGKTXXXXX,"{""P56723"": 1}"
MGKTSSGAL,"{""P47693"": 5}"
MGKLDXXXX,"{""P36255"": 3}"
MGKLDXXQL,"{""P36255"": 5}"
MGKLDXKQL,"{""P36255"": 1}"
MGKLDKKQL,"{""P36255"": 1}"
MGKLLFGXL,"{""P47286"": 9}"
MGKLLFGXX,"{""P47286"": 1}"
MGKLLFGKL,"{""P47286"": 1}"
MGKYQPSFQ,"{""P47280"": 3}"
MGKIXLXXX,"{""P47257"": 3}"
MGKIXXXXX,"{""P47257"": 2}"
MHEALXXXX,"{""P47647"": 14}"
MHEALXMAS,"{""P47647"": 105}"
MHEALKMAS,"{""P47647"": 9}"
MHIXXXYWL,"{""P47289"": 88}"
MHIXXXXXX,"{""P47289"": 47}"
MHIXXXXWL,"{""P47289"": 4}"
MHIXXKYWL,"{""P47289"": 4}"
MHIXXKXWL,"{""P47289"": 1}"
MHIXKXYWL,"{""P47289"": 4}"
MHIKXXXXX,"{""P47289"": 1}"
MHQVFYQXX,"{""P47658"": 125}"
MHQVFYQXY,"{""P47658"": 36}"
MHQVFXQXX,"{""P47658"": 4}"
MHQVFXQXY,"{""P47658"": 2}"
MHQPXXXXX,"{""P20796"": 133}"
MHQPXXXLA,"{""P20796"": 4}"
MHQPXXRLA,"{""P20796"": 19}"
MHQPKXRLA,"{""P20796"": 1}"
MHQPKXXXX,"{""P20796"": 6}"
MHPIQIVMF,"{""P58061"": 35}"
MHPHVDIFL,"{""P47276"": 105}"
MHAIVVCGA,"{""P47474"": 156}"
MHAIVVXGA,"{""P47474"": 4}"
MHAQNRNEI,"{""P47335"": 6}"
MHAQNXNEI,"{""P47335"": 2}"
MHVLIXSLV,"{""P47548"": 1}"
MHVLIYSLV,"{""P47548"": 34}"
MHVTDVSNA,"{""P47284"": 33}"
MHXDIXLVX,"{""P47472"": 94}"
MHXDIXLVK,"{""P47472"": 2}"
MHXDIXXXX,"{""P47472"": 40}"
MHXDIKLVX,"{""P47472"": 5}"
MHXSNNXXX,"{""P47672"": 97}"
MHXSNNXIR,"{""P47672"": 4}"
MHXSNNXIX,"{""P47672"": 2}"
MHXXXXXXX,"{""P47669"": 129, ""P47672"": 29, ""P47472"": 26}"
MHXXVLLAI,"{""P47669"": 24}"
MHXNIILLV,"{""P47336"": 12}"
MHXKVLLAI,"{""P47669"": 1}"
MHFNSNFXE,"{""P47498"": 131}"
MHFNSNFXX,"{""P47498"": 21}"
MHFNSNFKE,"{""P47498"": 7}"
MHNXXXXXX,"{""P47535"": 98}"
MHNXQLLLA,"{""P47535"": 30}"
MHNKQLLLA,"{""P47535"": 2}"
MHKSNNXXX,"{""P47672"": 7}"
MHKSNNXIR,"{""P47672"": 1}"
MHKDIXLVX,"{""P47472"": 6}"
MHKDIKLVX,"{""P47472"": 1}"
MHKXXXXXX,"{""P47669"": 4}"
MHKXVLLAI,"{""P47669"": 1}"
MHLXXXXXX,"{""P47302"": 122}"
MHYNIILLV,"{""P47336"": 139}"
MHHFNRAXX,"{""Q49400"": 32}"
MHHFNRAXK,"{""Q49400"": 2}"
MHHFNRAKX,"{""Q49400"": 4}"
MHHFNXAKX,"{""Q49400"": 2}"
MHHFNXAXX,"{""Q49400"": 11}"
MXXTDQIDP,"{""P47297"": 443}"
MXXTAIITD,"{""P47568"": 95}"
MXXTXILPG,"{""P47419"": 5}"
MXXTXXXXX,"{""P47419"": 1}"
MXXTGSIFX,"{""P47553"": 6}"
MXXTYQPSX,"{""P47704"": 4}"
MXXXXXXXX,"{""Q49408"": 116, ""P47463"": 584, ""P47490"": 119, ""P47456"": 33, ""P47274"": 154, ""P47653"": 107, ""P47362"": 153, ""Q9ZB81"": 29, ""P47267"": 126, ""Q49426"": 90, ""P47395"": 111, ""P47551"": 133, ""P47592"": 17, ""P47628"": 151, ""P47420"": 120, ""P47683"": 30, ""P22747"": 123, ""Q49421"": 114, ""Q49434"": 97, ""P47704"": 104, ""P47335"": 489, ""P47346"": 28, ""P47549"": 45, ""P47278"": 23, ""P47296"": 124, ""P47469"": 22, ""P47494"": 128, ""P47339"": 27, ""P47426"": 69, ""P47297"": 156, ""P47431"": 38, ""P47565"": 115, ""P47677"": 97, ""P47254"": 121, ""P47406"": 146, ""Q49406"": 117, ""Q49401"": 110, ""P47622"": 126, ""P47638"": 115, ""P47291"": 48, ""P47625"": 9, ""P47419"": 144, ""P47663"": 23, ""P47629"": 23, ""P47568"": 46, ""P47648"": 23, ""P47460"": 163, ""P47695"": 124, ""P47705"": 31, ""P47575"": 140, ""P47287"": 35, ""Q49397"": 20, ""P47432"": 23, ""P47590"": 123, ""P47328"": 52, ""P47258"": 42, ""Q9ZB76"": 26, ""P47681"": 31, ""P47319"": 25, ""P47538"": 24, ""P47248"": 98, ""P47388"": 139, ""Q49430"": 24, ""P47502"": 27, ""P47682"": 45, ""P47302"": 44, ""P47447"": 130, ""P47347"": 26, ""P47505"": 24, ""P47304"": 27, ""P47387"": 27, ""P47627"": 27, ""P47306"": 24, ""P47451"": 43, ""P22746"": 53, ""P47553"": 34, ""P47275"": 49, ""P47667"": 22, ""P47563"": 29, ""P47290"": 34, ""P47373"": 35, ""P47668"": 42, ""Q49425"": 18, ""P47499"": 43, ""P47480"": 17, ""P47484"": 33, ""P47391"": 22, ""P47312"": 27, ""P47439"": 26, ""P47341"": 22, ""P47298"": 23, ""P47331"": 25, ""P47321"": 22, ""P47588"": 10, ""P47374"": 25, ""P47260"": 24, ""P47660"": 31, ""P47350"": 25, ""P47247"": 15, ""P47607"": 27, ""P47508"": 22, ""P47342"": 27, ""P47576"": 27, ""Q49403"": 3, ""P47429"": 39, ""Q49432"": 21, ""P47482"": 23, ""P47691"": 29, ""P47698"": 25, ""P47445"": 16, ""P47334"": 6, ""P47359"": 26, ""P47394"": 28, ""Q9ZB82"": 3}"
MXXXIVPIN,"{""P47426"": 72}"
MXXXIFAST,"{""P47374"": 6}"
MXXXISTIA,"{""P47490"": 7}"
MXXXIIFVC,"{""Q9ZB82"": 2}"
MXXXNXGLV,"{""P47695"": 2}"
MXXXNXXXX,"{""P47695"": 1}"
MXXXYITTP,"{""P47267"": 1}"
MXXXLAIXX,"{""P47607"": 1}"
MXXXLAIXP,"{""P47607"": 2}"
MXXVIVIGI,"{""Q49408"": 21}"
MXXVIIVDA,"{""P47575"": 27}"
MXXVXVQII,"{""P47394"": 6}"
MXXVXXXXX,"{""P47394"": 1}"
MXXINVVYN,"{""P47258"": 107}"
MXXINVVXN,"{""P47258"": 2}"
MXXINXQAL,"{""P47682"": 89}"
MXXINXXXX,"{""P47682"": 9}"
MXXINKQAL,"{""P47682"": 3}"
MXXILVIVY,"{""P47275"": 83}"
MXXILVIVX,"{""P47275"": 7}"
MXXILAIDF,"{""Q9ZB76"": 5}"
MXXIIGIGV,"{""P47668"": 114}"
MXXPXQQSC,"{""P47494"": 6}"
MXXPXNINS,"{""P47465"": 10}"
MXXPRQQSC,"{""P47494"": 15}"
MXXPRQQSX,"{""P47494"": 1}"
MXXAGXXNS,"{""P47373"": 73}"
MXXAGXXXX,"{""P47373"": 25}"
MXXAGXKNS,"{""P47373"": 2}"
MXXAGKXNS,"{""P47373"": 2}"
MXXAGKXXX,"{""P47373"": 1}"
MXXAIHFQS,"{""P47499"": 96}"
MXXAILIDG,"{""Q49406"": 29}"
MXXADFCII,"{""P47565"": 3}"
MXXAFDALX,"{""P47618"": 1}"
MXXLNXQFL,"{""P47628"": 91}"
MXXLNXXXX,"{""P47628"": 17}"
MXXLNKQFL,"{""P47628"": 3}"
MXXLLXXSX,"{""P47549"": 59}"
MXXLLXXSK,"{""P47549"": 4}"
MXXLLXXXX,"{""P47549"": 37}"
MXXLLXKSX,"{""P47549"": 1}"
MXXLLKXSX,"{""P47549"": 4}"
MXXLSXRMQ,"{""P47328"": 19}"
MXXLSXXXX,"{""P47328"": 67}"
MXXLSXXMQ,"{""P47328"": 5}"
MXXLYATQH,"{""P47312"": 9}"
MXXLEXAQA,"{""Q49403"": 2}"
MXXLEXXXX,"{""Q49403"": 1}"
MXXLFWNLX,"{""P47590"": 10}"
MXXLXATQH,"{""P47312"": 2}"
MXXHFXXXX,"{""P47290"": 24}"
MXXHFXNLI,"{""P47290"": 74}"
MXXHFKNLI,"{""P47290"": 3}"
MXXQLXXXX,"{""P47291"": 64}"
MXXQLXYXF,"{""P47291"": 3}"
MXXQLXYCF,"{""P47291"": 18}"
MXXQLKYCF,"{""P47291"": 1}"
MXXQFLIAY,"{""P47625"": 1}"
MXXGNXXXX,"{""P47705"": 14}"
MXXGNXTVW,"{""P47705"": 79}"
MXXGNKTVW,"{""P47705"": 6}"
MXXGSITEA,"{""P22746"": 86}"
MXXYSNDYX,"{""Q49426"": 4}"
MXXYSNDYR,"{""Q49426"": 10}"
MXXFQAVIX,"{""P47287"": 102}"
MXXFSDLNQ,"{""Q49421"": 5}"
MXXFLHRVX,"{""P47551"": 1}"
MXXNWRQHX,"{""P47274"": 1}"
MXXNXAFNQ,"{""P47388"": 7}"
MXXNRAFNQ,"{""P47388"": 24}"
MXXNRALXX,"{""P47334"": 2}"
MXXNADLIL,"{""P47622"": 1}"
MXXNQXXXX,"{""P47406"": 1}"
MXXDXXXXX,"{""P47653"": 2}"
MXXDRXXXX,"{""P47653"": 19}"
MXXKIVPIN,"{""P47426"": 4}"
MXXKIFAST,"{""P47374"": 1}"
MXXKLAIXP,"{""P47607"": 1}"
MXXEFXXXX,"{""P47335"": 19}"
MXXEFXVEV,"{""P47335"": 10}"
MXXRNXGLV,"{""P47695"": 14}"
MXXRNXXXX,"{""P47695"": 4}"
MXXRISTIA,"{""P47490"": 17}"
MXXCYITTP,"{""P47267"": 4}"
MXXCXITTP,"{""P47267"": 1}"
MXXSVINIV,"{""P47588"": 1}"
MXNQTXSNS,"{""P47319"": 93}"
MXNQTXXXX,"{""P47319"": 18}"
MXNQTKSNS,"{""P47319"": 7}"
MXNQGLENN,"{""P47645"": 7}"
MXNDXLFLT,"{""P47419"": 91}"
MXNDXXXXX,"{""P47419"": 27}"
MXNDKLFLT,"{""P47419"": 6}"
MXNSYXWDL,"{""P47429"": 77}"
MXNSYXXXX,"{""P47429"": 17}"
MXNSYKWDL,"{""P47429"": 5}"
MXNSXXWDL,"{""P47429"": 5}"
MXNSXXXXX,"{""P47429"": 1}"
MXNSXKWDL,"{""P47429"": 1}"
MXNEIXYLY,"{""P47505"": 96}"
MXNEIXYLX,"{""P47505"": 7}"
MXNEIXXXX,"{""P47505"": 14}"
MXNEIXXLY,"{""P47505"": 2}"
MXNEIKYLY,"{""P47505"": 8}"
MXNEIKXLY,"{""P47505"": 1}"
MXNNISDVX,"{""P47667"": 144}"
MXNNISDVK,"{""P47667"": 3}"
MXNLTPRQA,"{""P47447"": 24}"
MXNLTPXQA,"{""P47447"": 8}"
MXNXVLXLX,"{""P47607"": 77}"
MXNXVLXLK,"{""P47607"": 4}"
MXNXVLXXX,"{""P47607"": 11}"
MXNXVLKLX,"{""P47607"": 4}"
MXNXXXXXX,"{""P47607"": 27}"
MXNKVLXLX,"{""P47607"": 7}"
MXNKVLKLX,"{""P47607"": 1}"
MXNHNLIEE,"{""P47508"": 9}"
MXHLTVXXX,"{""P47331"": 19}"
MXHLTVXAL,"{""P47331"": 96}"
MXHLTVKAL,"{""P47331"": 4}"
MXQPEXAMQ,"{""P47664"": 31}"
MXQPEXXXX,"{""P47664"": 8}"
MXQCFVVTT,"{""P47451"": 118}"
MXQXIIIFG,"{""P47482"": 113}"
MXQXILGIT,"{""P47629"": 103}"
MXQXXXXXX,"{""P47482"": 19, ""P47629"": 16}"
MXQXFVVTT,"{""P47451"": 13}"
MXQXLDLAS,"{""P47469"": 5}"
MXQWVLXIT,"{""P47508"": 79}"
MXQWVLXXX,"{""P47508"": 15}"
MXQWVLKIT,"{""P47508"": 5}"
MXQYLDLAS,"{""P47469"": 125}"
MXQFIXXXX,"{""P47320"": 4}"
MXQKIIIFG,"{""P47482"": 3}"
MXQKILGIT,"{""P47629"": 2}"
MXSDDSPFL,"{""Q49434"": 522}"
MXSLFIGXF,"{""P47391"": 4}"
MXSLFIGYF,"{""P47391"": 134}"
MXSLSSLVV,"{""P47427"": 2}"
MXSNYSATN,"{""P47445"": 135}"
MXSNXSATN,"{""P47445"": 6}"
MXSNILSLR,"{""P47345"": 1}"
MXSSFSINS,"{""P47628"": 27}"
MXSVTVXXX,"{""P47359"": 88}"
MXSVTVXQL,"{""P47359"": 22}"
MXSVTVKQL,"{""P47359"": 2}"
MXSEINIFA,"{""P47254"": 29}"
MXSYLFIPL,"{""P47653"": 4}"
MXLSVIIPT,"{""P47306"": 146}"
MXLSTITTI,"{""P47321"": 127}"
MXLSIDNXK,"{""P47304"": 8}"
MXLSIDNXX,"{""P47304"": 134}"
MXLSIDNKX,"{""P47304"": 4}"
MXLXGFLAV,"{""P47502"": 87}"
MXLXGTGXG,"{""P47422"": 2}"
MXLXGTGRG,"{""P47422"": 1}"
MXLXXXXXX,"{""P47563"": 94, ""P47502"": 21, ""P47341"": 16, ""P47677"": 3, ""P47422"": 3}"
MXLXXXYLL,"{""P47563"": 6}"
MXLXXRYLL,"{""P47563"": 11}"
MXLXXRXLL,"{""P47563"": 2}"
MXLXXTXFF,"{""Q49401"": 2}"
MXLXXTXXX,"{""Q49401"": 2}"
MXLXXIFLL,"{""P47677"": 7}"
MXLXXVLNS,"{""P47480"": 7}"
MXLXFYXLP,"{""P47341"": 84}"
MXLXFYXXX,"{""P47341"": 8}"
MXLXFYKLP,"{""P47341"": 5}"
MXLXFXXLP,"{""P47341"": 2}"
MXLXFXXXX,"{""P47341"": 1}"
MXLXKVLNS,"{""P47480"": 1}"
MXLXKRYLL,"{""P47563"": 2}"
MXLXRSLXX,"{""P47395"": 1}"
MXLAEQXXX,"{""P47460"": 416}"
MXLAEQXXQ,"{""P47460"": 2}"
MXLAEQXYQ,"{""P47460"": 23}"
MXLAEQKYQ,"{""P47460"": 1}"
MXLYXVLNS,"{""P47480"": 97}"
MXLYXSLXX,"{""P47395"": 4}"
MXLYXXXXX,"{""P47480"": 13}"
MXLYRSLXX,"{""P47395"": 16}"
MXLYKVLNS,"{""P47480"": 7}"
MXLLRFLVL,"{""P47638"": 25}"
MXLLXFLVL,"{""P47638"": 8}"
MXLQIXPPN,"{""Q49425"": 107}"
MXLQIXXXX,"{""Q49425"": 27}"
MXLQIKPPN,"{""Q49425"": 5}"
MXLRXTXXX,"{""Q49401"": 6}"
MXLRXTXFF,"{""Q49401"": 8}"
MXLRXIFLL,"{""P47677"": 18}"
MXLRXXXXX,"{""Q49401"": 1, ""P47677"": 7, ""P47589"": 2}"
MXLRKTXFF,"{""Q49401"": 1}"
MXLKXRYLL,"{""P47563"": 1}"
MXLKFYXXX,"{""P47341"": 2}"
MXLKFYXLP,"{""P47341"": 8}"
MXLKGFLAV,"{""P47502"": 4}"
MXLEYNRII,"{""P47296"": 19}"
MXLEYNXII,"{""P47296"": 9}"
MXLEXNRII,"{""P47296"": 3}"
MXLEXNXII,"{""P47296"": 1}"
MXLEIENGL,"{""Q49412"": 6}"
MXLFRFLFX,"{""P47561"": 2}"
MXITFISGQ,"{""P47387"": 125}"
MXITVLTLF,"{""P47683"": 125}"
MXIIYQEQQ,"{""Q49430"": 116}"
MXIILXQDV,"{""P47339"": 105}"
MXIILXXXX,"{""P47339"": 37}"
MXIILKQDV,"{""P47339"": 6}"
MXIIXQEQQ,"{""Q49430"": 6}"
MXIDXEQII,"{""P47663"": 122}"
MXIDXXXXX,"{""P47663"": 14}"
MXIDKEQII,"{""P47663"": 7}"
MXISPDQKD,"{""P47592"": 2}"
MXISPDQXD,"{""P47592"": 114}"
MXISPDQXX,"{""P47592"": 17}"
MXILINXSE,"{""P47247"": 105}"
MXILINXXX,"{""P47247"": 15}"
MXILINKSE,"{""P47247"": 6}"
MXIGYNSSE,"{""P47373"": 33}"
MXIGMPPYN,"{""P47491"": 24}"
MXIGXNSSE,"{""P47373"": 1}"
MXIAFLVDS,"{""P47688"": 5}"
MXIANXFLV,"{""P47610"": 8}"
MXIANXXXX,"{""P47610"": 2}"
MXINXPFSD,"{""P47631"": 5}"
MXTXXXXXX,"{""P47439"": 27, ""P47691"": 81}"
MXTXSAAVX,"{""P47439"": 97}"
MXTXSAAVK,"{""P47439"": 1}"
MXTXIRXXX,"{""P47691"": 14}"
MXTXIRXAV,"{""P47691"": 1}"
MXTXIXXXX,"{""P47691"": 6}"
MXTXIXXAV,"{""P47691"": 3}"
MXTLXXXXX,"{""P47302"": 100}"
MXTLXVVAT,"{""P47302"": 17}"
MXTLKVVAT,"{""P47302"": 1}"
MXTQXNIFX,"{""P47342"": 112}"
MXTQXNIFK,"{""P47342"": 7}"
MXTQXXXXX,"{""P47342"": 15}"
MXTQKNIFX,"{""P47342"": 5}"
MXTTINIAT,"{""P47456"": 116}"
MXTMXXQIY,"{""P22747"": 7}"
MXTMXKQIY,"{""P22747"": 1}"
MXTMRXQIY,"{""P22747"": 24}"
MXTMRXQIX,"{""P22747"": 2}"
MXTMRXXXX,"{""P22747"": 3}"
MXTMRKQIY,"{""P22747"": 2}"
MXTIHKLFL,"{""P47278"": 6}"
MXTIHXXXX,"{""P47278"": 14}"
MXTIHXLFL,"{""P47278"": 89}"
MXTVTNXXX,"{""P47346"": 70}"
MXTVTNXLV,"{""P47346"": 20}"
MXTVTNKLV,"{""P47346"": 2}"
MXTKSAAVX,"{""P47439"": 3}"
MXTKIRXXX,"{""P47691"": 1}"
MXTKIRXAV,"{""P47691"": 1}"
MXTSYLXXI,"{""P47461"": 7}"
MXFFNNLFX,"{""P47681"": 128}"
MXFFNNLFK,"{""P47681"": 9}"
MXFNXXXXX,"{""P47484"": 77}"
MXFNXLNLS,"{""P47484"": 29}"
MXFNQRILI,"{""P47282"": 1}"
MXFXXXXXX,"{""P47431"": 78, ""Q49409"": 8}"
MXFXXXFSL,"{""Q49409"": 1}"
MXFXXRFSL,"{""Q49409"": 1}"
MXFXLFFLS,"{""P47431"": 22}"
MXFLEQNXX,"{""P47655"": 7}"
MXFLSQNQX,"{""P47653"": 4}"
MXFGXEIAK,"{""P47347"": 3}"
MXFGXEIAX,"{""P47347"": 98}"
MXFGXXXXX,"{""P47347"": 17}"
MXFGKEIAX,"{""P47347"": 5}"
MXFQNSTQL,"{""P47279"": 9}"
MXFKLFFLS,"{""P47431"": 1}"
MXYVXVQII,"{""P47394"": 96}"
MXYVXXXXX,"{""P47394"": 24}"
MXYVKVQII,"{""P47394"": 1}"
MXYTGSIFX,"{""P47553"": 116}"
MXYILAIDF,"{""Q9ZB76"": 109}"
MXYXIFAST,"{""P47374"": 81}"
MXYXXXXXX,"{""P47374"": 27}"
MXYLYATQH,"{""P47312"": 123}"
MXYLXATQH,"{""P47312"": 4}"
MXYKIFAST,"{""P47374"": 4}"
MXVNLEWII,"{""P47298"": 124}"
MXVNRVADY,"{""P47599"": 2}"
MXVNRVADX,"{""P47599"": 1}"
MXVVNXVNX,"{""P47248"": 366}"
MXVVNXXXX,"{""P47248"": 127}"
MXVVNKVNX,"{""P47248"": 19}"
MXVFXXXXX,"{""Q9ZB81"": 87}"
MXVFXXLHN,"{""Q9ZB81"": 16}"
MXVFXKLHN,"{""Q9ZB81"": 3}"
MXVFKXXXX,"{""Q9ZB81"": 3}"
MXVLXXXXX,"{""P47627"": 15}"
MXVLXVGVL,"{""P47627"": 116}"
MXVLTELQX,"{""P47350"": 113}"
MXVLTELQK,"{""P47350"": 6}"
MXVLKVGVL,"{""P47627"": 5}"
MXVXXXXXX,"{""P47440"": 7}"
MXVXASVXP,"{""P47420"": 6}"
MXVRASVXP,"{""P47420"": 13}"
MXVRASVXX,"{""P47420"": 1}"
MXPEWXXXX,"{""P47660"": 104}"
MXPEWXNND,"{""P47660"": 23}"
MXPFDXXPS,"{""P47460"": 71}"
MXPFDXXXX,"{""P47460"": 47}"
MXPFDXKPS,"{""P47460"": 6}"
MXPFDKXPS,"{""P47460"": 5}"
MXPFDKXXX,"{""P47460"": 1}"
MXPQLIAFX,"{""P47538"": 128}"
MXPQLIAFK,"{""P47538"": 5}"
MXGPXXXXX,"{""P47698"": 103}"
MXGPXIAIV,"{""P47698"": 31}"
MXGPKIAIV,"{""P47698"": 1}"
MXGFLXXXX,"{""P47432"": 25}"
MXGFLXPNF,"{""P47432"": 93}"
MXGFLKPNF,"{""P47432"": 5}"
MXESQXXXX,"{""P47260"": 89}"
MXEIYFGGG,"{""P47648"": 116}"
MXEIXFGGG,"{""P47648"": 9}"
MXEVGIPAL,"{""P47582"": 8}"
MXEXSQTIX,"{""P47443"": 7}"
MXEXXXXXX,"{""P47443"": 2}"
MXEKSQTIX,"{""P47443"": 1}"
MXDXFSFQX,"{""P47576"": 91}"
MXDXFSFQK,"{""P47576"": 3}"
MXDXNIXIS,"{""Q49432"": 25}"
MXDXNIXXX,"{""Q49432"": 72}"
MXDXXXXXX,"{""Q49432"": 29, ""P47576"": 21}"
MXDKFSFQX,"{""P47576"": 4}"
MXDKNIXXX,"{""Q49432"": 3}"
MXDKNIXIS,"{""Q49432"": 1}"
MXDEIERXX,"{""P47460"": 1}"
MXDNYFXFL,"{""P47429"": 100}"
MXDNYFXXX,"{""P47429"": 13}"
MXDNYFKFL,"{""P47429"": 5}"
MXDNXFXXX,"{""P47429"": 2}"
MXDNXFXFL,"{""P47429"": 4}"
MXMXXXXXX,"{""P47419"": 75}"
MXMXXTXXX,"{""P47419"": 1}"
MXMXXTXIL,"{""P47419"": 2}"
MXMXRTXIL,"{""P47419"": 15}"
MXMXRTXXX,"{""P47419"": 2}"
MXMKRTXIL,"{""P47419"": 1}"
MXRTXXXXX,"{""P47419"": 1}"
MXRTXILPG,"{""P47419"": 16}"
MXRTYQPSX,"{""P47704"": 20}"
MXRTLNIGI,"{""P47362"": 7}"
MXRTKILPG,"{""P47419"": 1}"
MXREFXXXX,"{""P47335"": 61}"
MXREFXVEV,"{""P47335"": 15}"
MXREFKVEV,"{""P47335"": 1}"
MXRLFWNLX,"{""P47590"": 23}"
MXRCYITTP,"{""P47267"": 26}"
MXRCXITTP,"{""P47267"": 3}"
MXRFSDLNQ,"{""Q49421"": 30}"
MXRFLHRVX,"{""P47551"": 5}"
MXRNADLIL,"{""P47622"": 2}"
MXRNQRXQL,"{""P47406"": 2}"
MXRNQRXXX,"{""P47406"": 1}"
MXRNWRQHY,"{""P47274"": 1}"
MXRNWXQHY,"{""P47274"": 1}"
MXRADFCII,"{""P47565"": 6}"
MXWLLWLGY,"{""Q49397"": 131}"
MXWLLWLGX,"{""Q49397"": 5}"
MXKSVINIV,"{""P47588"": 1}"
MXKGNXTVW,"{""P47705"": 5}"
MXKGNXXXX,"{""P47705"": 1}"
MXKGSITEA,"{""P22746"": 4}"
MXKTDQIDP,"{""P47297"": 16}"
MXKTAIITD,"{""P47568"": 8}"
MXKINVVYN,"{""P47258"": 4}"
MXKINXQAL,"{""P47682"": 4}"
MXKILVIVY,"{""P47275"": 5}"
MXKIIGIGV,"{""P47668"": 4}"
MXKHFXNLI,"{""P47290"": 2}"
MXKHFXXXX,"{""P47290"": 2}"
MXKAGXXNS,"{""P47373"": 3}"
MXKAGXXXX,"{""P47373"": 2}"
MXKAGXKNS,"{""P47373"": 1}"
MXKAIHFQS,"{""P47499"": 6}"
MXKLLXXSX,"{""P47549"": 3}"
MXKLLXXXX,"{""P47549"": 1}"
MXKLLKXXX,"{""P47549"": 1}"
MXKLNXQFL,"{""P47628"": 1}"
MXKXIVPIN,"{""P47426"": 7}"
MXKQLXXXX,"{""P47291"": 5}"
MXKFQAVIX,"{""P47287"": 1}"
MXKRISTIA,"{""P47490"": 2}"
MXKRNXGLV,"{""P47695"": 1}"
MXKPRQQSX,"{""P47494"": 1}"
MXKDRXXXX,"{""P47653"": 1}"
MXCAFDALX,"{""P47618"": 34}"
MEIIELTSY,"{""P47481"": 598}"
MEIIELTSX,"{""P47481"": 23}"
MELYQQTIQ,"{""P47417"": 594}"
MELXNIIFD,"{""P47507"": 117}"
MELXQQTIQ,"{""P47417"": 28}"
MELXXXXXX,"{""P47507"": 21}"
MELHQLXSV,"{""P47415"": 121}"
MELHQLXXX,"{""P47415"": 35}"
MELHQLKSV,"{""P47415"": 2}"
MELNXNYLT,"{""P47524"": 130}"
MELNXNXLT,"{""P47524"": 6}"
MELNXXXXX,"{""P47524"": 23}"
MELNSEDVL,"{""P47612"": 40}"
MELNGFLRY,"{""Q49417"": 25}"
MELNGFLXY,"{""Q49417"": 4}"
MELNKNYLT,"{""P47524"": 4}"
MELKNIIFD,"{""P47507"": 11}"
MENALXLAQ,"{""P47438"": 89}"
MENALXXXX,"{""P47438"": 21}"
MENALKLAQ,"{""P47438"": 6}"
MENXSQXXV,"{""P47307"": 91}"
MENXSQXXX,"{""P47307"": 38}"
MENXSQXKV,"{""P47307"": 4}"
MENXSQKXV,"{""P47307"": 5}"
MENXSQKKV,"{""P47307"": 1}"
MENXPILSF,"{""P47532"": 109}"
MENXXXXXX,"{""P47307"": 24, ""P47532"": 27}"
MENINYQIL,"{""P47649"": 132}"
MENINXQIL,"{""P47649"": 5}"
MENQNTXXX,"{""P47326"": 60}"
MENQNTXXP,"{""P47326"": 101}"
MENQNTXKP,"{""P47326"": 6}"
MENQNTKXP,"{""P47326"": 6}"
MENKPILSF,"{""P47532"": 6}"
MENKSQXXV,"{""P47307"": 6}"
MENKSQXKV,"{""P47307"": 1}"
MENPSTVQX,"{""P20796"": 7}"
MENPSTVQR,"{""P20796"": 16}"
MERFLXEXL,"{""P47583"": 23}"
MERFLXEXX,"{""P47583"": 67}"
MERFLXEKL,"{""P47583"": 1}"
MERFLXXXX,"{""P47583"": 30}"
MERFLKEXX,"{""P47583"": 3}"
MEELIXXQI,"{""P47662"": 77}"
MEELIXXXX,"{""P47662"": 47}"
MEELIXKQI,"{""P47662"": 2}"
MEELIKXXX,"{""P47662"": 3}"
MEELIKXQI,"{""P47662"": 3}"
MEENNXXXX,"{""P47249"": 35}"
MEENNXANI,"{""P47249"": 102}"
MEENNKANI,"{""P47249"": 6}"
MEXXXXXXX,"{""P47459"": 114, ""P47423"": 23, ""P47700"": 151, ""P47301"": 40, ""P47650"": 25, ""P47368"": 26, ""P47365"": 26, ""P47378"": 23, ""P47595"": 34}"
MEXXLPFSF,"{""P47301"": 94}"
MEXSLDEIA,"{""P47368"": 103}"
MEXTSNTSX,"{""P47595"": 123}"
MEXTSNTSK,"{""P47595"": 4}"
MEXFLXYEI,"{""P47423"": 116}"
MEXFLXXXX,"{""P47423"": 29, ""P47583"": 6}"
MEXFLXXEI,"{""P47423"": 7}"
MEXFLXEXX,"{""P47583"": 15}"
MEXFLXEXL,"{""P47583"": 5}"
MEXFLKYEI,"{""P47423"": 5}"
MEXFLKEXL,"{""P47583"": 1}"
MEXFDAHCH,"{""P47255"": 8}"
MEXVAFKME,"{""P47365"": 6}"
MEXVAFXME,"{""P47365"": 108}"
MEXVAFXXX,"{""P47365"": 12}"
MEXNIXALW,"{""P47650"": 111}"
MEXNIXXXX,"{""P47650"": 15}"
MEXNIKALW,"{""P47650"": 5}"
MEXNTTSSC,"{""P47378"": 118}"
MEXNTTSSX,"{""P47378"": 3}"
MEXNXSAFQ,"{""P47459"": 8}"
MEXNRSAFQ,"{""P47459"": 25}"
MEXKLPFSF,"{""P47301"": 6}"
MEXEQLTNT,"{""P47540"": 5}"
MEGXYFFEE,"{""P55825"": 114}"
MEGXXXXXX,"{""P55825"": 452}"
MEGXXFFEE,"{""P55825"": 6}"
MEGSWSYXX,"{""P47261"": 149}"
MEGSWSYXL,"{""P47261"": 4}"
MEGSWSXXX,"{""P47261"": 9}"
MEGKXFFEE,"{""P55825"": 1}"
MEGKYFFEE,"{""P55825"": 2}"
MESNXXXXX,"{""Q49402"": 89}"
MESNXXLXE,"{""Q49402"": 3}"
MESNXXLXX,"{""Q49402"": 1}"
MESNXRLXE,"{""Q49402"": 18}"
MESNXRLXX,"{""Q49402"": 5}"
MESNSSQAQ,"{""P47580"": 645}"
MESNKRLXE,"{""Q49402"": 1}"
MESENQIAI,"{""P47497"": 158}"
MEWSXELCD,"{""P47284"": 105}"
MEWSXELXD,"{""P47284"": 6}"
MEWSXXXXX,"{""P47284"": 18}"
MEWSKELCD,"{""P47284"": 4}"
MEHVNEILA,"{""P47644"": 170}"
MEHISXXXX,"{""P47365"": 21}"
MEHISXSFD,"{""P47365"": 97}"
MEHISKSFD,"{""P47365"": 3}"
MEAXXXXXX,"{""P47581"": 477}"
MEAXXVELL,"{""P47581"": 19}"
MEAXRVELL,"{""P47581"": 89}"
MEAILXXXX,"{""P47355"": 28}"
MEAILXIGD,"{""P47355"": 113}"
MEAILKIGD,"{""P47355"": 11}"
MEAKRVELL,"{""P47581"": 4}"
MEAKXVELL,"{""P47581"": 2}"
MEDSVLYSF,"{""P47591"": 37}"
MEDSVLXSF,"{""P47591"": 4}"
MEQXXXXXX,"{""P47384"": 115}"
MEQXNIRNF,"{""P47384"": 22}"
MEQXNIXNF,"{""P47384"": 6}"
MEQNNIXXX,"{""P47596"": 131}"
MEQNNIXEQ,"{""P47596"": 7}"
MEQNNIKEQ,"{""P47596"": 1}"
MEQFNAFXS,"{""P35888"": 112}"
MEQFNAFXX,"{""P35888"": 30}"
MEQFNAFKS,"{""P35888"": 11}"
MEQPLCVLG,"{""P47292"": 135}"
MEQPLXVLG,"{""P47292"": 10}"
MEQKNIXNF,"{""P47384"": 1}"
MEQKNIRNF,"{""P47384"": 3}"
MEYFDAHCH,"{""P47255"": 155}"
MEYFDAHXH,"{""P47255"": 12}"
MEYEQLTNT,"{""P47540"": 128}"
MEVVLEQPX,"{""P47632"": 111}"
MEVVLEQPK,"{""P47632"": 3}"
MEKTSNTSX,"{""P47595"": 4}"
MEKXLPFSF,"{""P47301"": 7}"
MEKXXXXXX,"{""P47301"": 2}"
MEKNTTSSC,"{""P47378"": 4}"
MEKNRSAFQ,"{""P47459"": 2}"
MEKNIXALW,"{""P47650"": 10}"
MEKSLDEIA,"{""P47368"": 7}"
MEKFLXYEI,"{""P47423"": 2}"
MEKFLXXXX,"{""P47423"": 1}"
MEKVAFXME,"{""P47365"": 9}"
METEVTHEN,"{""P47388"": 29}"
MVHLEETDT,"{""P47495"": 621}"
MVXAXXLVF,"{""P47643"": 96}"
MVXAXXXXX,"{""P47643"": 38}"
MVXAXKLVF,"{""P47643"": 3}"
MVXAGLNCW,"{""P47588"": 32}"
MVXAGLNXW,"{""P47588"": 2}"
MVXAKXLVF,"{""P47643"": 5}"
MVXAKXXXX,"{""P47643"": 1}"
MVXLTTWLX,"{""P47564"": 124}"
MVXLTTWLK,"{""P47564"": 5}"
MVXXXXXXX,"{""P47684"": 151, ""P47653"": 427, ""P47564"": 21, ""P47643"": 18}"
MVXTIFDRS,"{""P47653"": 96}"
MVXTIFDXS,"{""P47653"": 30}"
MVXEHFADG,"{""P47304"": 1}"
MVRAGLNCW,"{""P47588"": 100}"
MVRAGLNXW,"{""P47588"": 8}"
MVLXXXXXX,"{""Q9ZB70"": 31, ""P47350"": 100}"
MVLXTXENX,"{""Q9ZB70"": 108}"
MVLXTXENK,"{""Q9ZB70"": 3}"
MVLXTXXXX,"{""Q9ZB70"": 17}"
MVLXTKENX,"{""Q9ZB70"": 6}"
MVLXGXXTN,"{""P47350"": 4}"
MVLXGXXXX,"{""P47350"": 2}"
MVLXGXKTN,"{""P47350"": 2}"
MVLXGRXXX,"{""P47350"": 3}"
MVLXGRXTN,"{""P47350"": 10}"
MVLXGRKTN,"{""P47350"": 1}"
MVLETINHF,"{""P47617"": 564}"
MVLNQNXXX,"{""P47322"": 31}"
MVLNQNXNS,"{""P47322"": 132}"
MVLNQNKNS,"{""P47322"": 8}"
MVLGTAXXX,"{""P47327"": 121}"
MVLGSLITA,"{""P47678"": 37}"
MVLDTPVSV,"{""P47516"": 129}"
MVLKTXENX,"{""Q9ZB70"": 7}"
MVLKTXXXX,"{""Q9ZB70"": 2}"
MVLKGRXTN,"{""P47350"": 1}"
MVNNEYQQL,"{""Q9ZB78"": 134}"
MVNNEXQQL,"{""Q9ZB78"": 8}"
MVNKSNSLD,"{""P47492"": 5}"
MVNXSNSLD,"{""P47492"": 123}"
MVNXXXXXX,"{""P47492"": 23}"
MVDXYFXXX,"{""P47658"": 84}"
MVDXNSLRX,"{""P47487"": 25}"
MVDXNSLRK,"{""P47487"": 4}"
MVDXNSLXX,"{""P47487"": 4}"
MVDXXXXXX,"{""P47487"": 118, ""P47658"": 28}"
MVDXXFXXX,"{""P47658"": 7}"
MVDSXXNXX,"{""P36263"": 85}"
MVDSXXNXK,"{""P36263"": 4}"
MVDSXXNKX,"{""P36263"": 4}"
MVDSXXXXX,"{""P36263"": 47}"
MVDSXKNXX,"{""P36263"": 5}"
MVDSKXNXX,"{""P36263"": 5}"
MVDSKXNXK,"{""P36263"": 1}"
MVDKYFXXX,"{""P47658"": 4}"
MVDKNSLXX,"{""P47487"": 1}"
MVDKXFXXX,"{""P47658"": 1}"
MVAQFNXFI,"{""P47417"": 128}"
MVAQFNXXX,"{""P47417"": 19}"
MVAQFNKFI,"{""P47417"": 5}"
MVFNLENEX,"{""P47277"": 157}"
MVFNLENEK,"{""P47277"": 3}"
MVFLXXXXX,"{""P47540"": 130}"
MVFLXRFRA,"{""P47540"": 3}"
MVIAXITIN,"{""P47668"": 520}"
MVIAXXXXX,"{""P47668"": 96}"
MVIAKITIN,"{""P47668"": 30}"
MVIFINRFS,"{""P47522"": 21}"
MVIFINXFS,"{""P47522"": 6}"
MVSFMTRLN,"{""P47407"": 28}"
MVSFMTXLN,"{""P47407"": 9}"
MVSCVLPSW,"{""P47343"": 153}"
MVSIYGXXX,"{""Q49425"": 26}"
MVSIYGXQM,"{""Q49425"": 92}"
MVSIYGKQM,"{""Q49425"": 5}"
MVSIXGXQM,"{""Q49425"": 5}"
MVSRAXFIX,"{""P47640"": 23}"
MVSRAXXXX,"{""P47640"": 5}"
MVSRAKFIX,"{""P47640"": 2}"
MVSXAXFIX,"{""P47640"": 4}"
MVSXAKFIX,"{""P47640"": 1}"
MVSXVLPSW,"{""P47343"": 5}"
MVENYPPSW,"{""P20796"": 119}"
MVENXPPSW,"{""P20796"": 8}"
MVEXXXXXX,"{""P47664"": 89}"
MVEXITDNR,"{""P47664"": 16}"
MVEXITDNX,"{""P47664"": 3}"
MVVNILLFI,"{""P47351"": 155}"
MVVFLNXXX,"{""P13927"": 95}"
MVVFLNXXD,"{""P13927"": 5}"
MVVFLNXCD,"{""P13927"": 26}"
MVVGIGIDV,"{""Q9ZB79"": 151}"
MVPSLQFEN,"{""P47285"": 11}"
MVTEIRSLX,"{""P47370"": 33}"
MVTEIRSLK,"{""P47370"": 1}"
MVTEIXSLX,"{""P47370"": 8}"
MVKAXXXXX,"{""P47643"": 2}"
MVKAXXLVF,"{""P47643"": 4}"
MVKLTTWLX,"{""P47564"": 6}"
MVKLTTWLK,"{""P47564"": 1}"
MVKTIFDRS,"{""P47653"": 6}"
MVKTIFDXS,"{""P47653"": 1}"
MVCEHFADG,"{""P47304"": 8}"
MVMDDLFQR,"{""P47343"": 8}"
MVMDDLFQX,"{""P47343"": 1}"
MFNVLGEPI,"{""P47639"": 617}"
MFNWNNRXV,"{""Q49431"": 28}"
MFNWNNRXX,"{""Q49431"": 12}"
MFNWNNRKV,"{""Q49431"": 1}"
MFNWNNXXV,"{""Q49431"": 6}"
MFNWNNXXX,"{""Q49431"": 2}"
MFNEXGIAF,"{""P47545"": 112}"
MFNEXXXXX,"{""P47545"": 23}"
MFNEKGIAF,"{""P47545"": 5}"
MFVNLHTNS,"{""Q49405"": 165}"
MFVEHNGVL,"{""P47277"": 137}"
MFEFGLXLF,"{""P47362"": 492}"
MFEFGLXXX,"{""P47362"": 92}"
MFEFGLKLF,"{""P47362"": 27}"
MFLTIEFNT,"{""P47264"": 123}"
MFLGXMDLE,"{""P47294"": 108}"
MFLGXXXXX,"{""P47294"": 19}"
MFLGKMDLE,"{""P47294"": 5}"
MFSFFXQIF,"{""Q49460"": 112}"
MFSFFXXXX,"{""Q49460"": 39}"
MFSFFTGWN,"{""P47467"": 169}"
MFSFFKQIF,"{""Q49460"": 3}"
MFSXXXXXX,"{""P47634"": 119, ""P47346"": 111}"
MFSXVRLLL,"{""P47634"": 19}"
MFSXVXLLL,"{""P47634"": 8}"
MFSXAPNXV,"{""P47346"": 5}"
MFSXAPNRV,"{""P47346"": 15}"
MFXXXXXXX,"{""P47652"": 123, ""P47435"": 121, ""P47308"": 129, ""P47294"": 124, ""P47323"": 33, ""P47434"": 31, ""P47372"": 7, ""P47605"": 18}"
MFXXILXXX,"{""P47323"": 7}"
MFXYILXXX,"{""P47323"": 111}"
MFXIVFFGT,"{""P47605"": 136}"
MFXNLLXPS,"{""P47308"": 5}"
MFXNLLRPS,"{""P47308"": 24}"
MFXNNLRFT,"{""P47435"": 18}"
MFXNNLXFT,"{""P47435"": 3}"
MFXNEGVDT,"{""P47382"": 7}"
MFXWLLXHH,"{""P47434"": 109}"
MFXWLLXXX,"{""P47434"": 22}"
MFXWLLKHH,"{""P47434"": 6}"
MFXAMLSSI,"{""P47294"": 29}"
MFXPYEHQR,"{""P47266"": 1}"
MFXPYEHQX,"{""P47266"": 1}"
MFYXXXXXX,"{""P47372"": 124}"
MFYPYEHQR,"{""P47266"": 20}"
MFYPYEHQX,"{""P47266"": 2}"
MFDISXXXX,"{""P47687"": 133}"
MFDISXDFV,"{""P47687"": 24}"
MFDISKDFV,"{""P47687"": 2}"
MFPYYPLRL,"{""Q49414"": 27}"
MFPYYPLXL,"{""Q49414"": 3}"
MFPYXPLRL,"{""Q49414"": 1}"
MFPXYPLRL,"{""Q49414"": 1}"
MFTVAIIGR,"{""P47571"": 30}"
MFTVAIIGX,"{""P47571"": 10}"
MFTTNPLSI,"{""P20796"": 40}"
MFANLIAEX,"{""P47361"": 136}"
MFANLIAEK,"{""P47361"": 8}"
MFFLSXYXL,"{""P47450"": 75}"
MFFLSXYXX,"{""P47450"": 20}"
MFFLSXYKL,"{""P47450"": 1}"
MFFLSXXXX,"{""P47450"": 16}"
MFFLSXXXL,"{""P47450"": 6}"
MFFLSKYXL,"{""P47450"": 5}"
MFFIINDLX,"{""P47618"": 154}"
MFFIINDLK,"{""P47618"": 3}"
MFRNEGVDT,"{""P47382"": 31}"
MFKWLLXHH,"{""P47434"": 1}"
MFKWLLXXX,"{""P47434"": 1}"
MFKYILXXX,"{""P47323"": 3}"
MFKIVFFGT,"{""P47605"": 5}"
MFKNLLRPS,"{""P47308"": 2}"
MFKAMLSSI,"{""P47294"": 1}"
MTPXLXLNN,"{""Q49434"": 98}"
MTPXLXXXX,"{""Q49434"": 25}"
MTPXLKLNN,"{""Q49434"": 2}"
MTPXXXXXX,"{""Q49434"": 27}"
MTPSSFSCG,"{""P47525"": 27}"
MTPSSFSXG,"{""P47525"": 2}"
MTPTQAXXX,"{""P47668"": 40}"
MTPTQAXXL,"{""P47668"": 73}"
MTPTQAXKL,"{""P47668"": 3}"
MTPTQAKXX,"{""P47668"": 2}"
MTPTQAKXL,"{""P47668"": 2}"
MTPHISAXX,"{""P47295"": 137}"
MTPHISAXK,"{""P47295"": 7}"
MTPHISAKX,"{""P47295"": 7}"
MTPKLXLNN,"{""Q49434"": 2}"
MTPKLXXXX,"{""Q49434"": 2}"
MTFSTQIXA,"{""P47349"": 118}"
MTFSTQIXX,"{""P47349"": 23}"
MTFSTQIKA,"{""P47349"": 3}"
MTFSEILTX,"{""Q49415"": 134}"
MTFSEILTK,"{""Q49415"": 1}"
MTFVLTDLE,"{""P47479"": 619}"
MTFTNXEXN,"{""P47526"": 107}"
MTFTNXEXX,"{""P47526"": 21}"
MTFTNXEKN,"{""P47526"": 1}"
MTFTNXXXX,"{""P47526"": 26}"
MTFTNKEXX,"{""P47526"": 1}"
MTFTNKEXN,"{""P47526"": 6}"
MTFQPTXTW,"{""P47352"": 140}"
MTFQPTXXX,"{""P47352"": 18}"
MTFQPTKTW,"{""P47352"": 12}"
MTLYEFFLN,"{""Q49404"": 149}"
MTLLFXLVX,"{""P47509"": 118}"
MTLLFXLVK,"{""P47509"": 3}"
MTLLFXXXX,"{""P47509"": 29}"
MTLLFKLVX,"{""P47509"": 6}"
MTLXPSGLN,"{""P47378"": 122}"
MTLXXXXXX,"{""P47378"": 15}"
MTLXEFFLN,"{""Q49404"": 6}"
MTLKPSGLN,"{""P47378"": 7}"
MTXAVEGLV,"{""P47523"": 525}"
MTXAHYIDF,"{""P47673"": 123}"
MTXAHXIDF,"{""P47673"": 3}"
MTXXTQDLT,"{""P47525"": 91}"
MTXXXXXXX,"{""P47523"": 93, ""P47525"": 38, ""P47673"": 21}"
MTXNDXXXX,"{""P47413"": 14}"
MTXKTQDLT,"{""P47525"": 4}"
MTQFXTXXX,"{""P47372"": 166}"
MTQFXTXXL,"{""P47372"": 313}"
MTQFXTXKL,"{""P47372"": 8}"
MTQFXTKXL,"{""P47372"": 15}"
MTQFXTKXX,"{""P47372"": 2}"
MTQFXTKKL,"{""P47372"": 1}"
MTQFXXXXX,"{""P47372"": 99}"
MTQFKTXXL,"{""P47372"": 12}"
MTQFKTXXX,"{""P47372"": 11}"
MTQFKTKXX,"{""P47372"": 2}"
MTSXEXIPT,"{""P47473"": 94}"
MTSXEXXXX,"{""P47473"": 20}"
MTSXEKIPT,"{""P47473"": 3}"
MTSXXXXXX,"{""P47662"": 115, ""P47473"": 18}"
MTSSNQGYP,"{""P47481"": 115}"
MTSSNQGXP,"{""P47481"": 5}"
MTSKEXIPT,"{""P47473"": 2}"
MTMWQFXSX,"{""P47366"": 8}"
MTMWQFXSY,"{""P47366"": 126}"
MTMWQFXXX,"{""P47366"": 20}"
MTMWQFKSY,"{""P47366"": 5}"
MTMEFAIAN,"{""P47540"": 135}"
MTELFISQW,"{""P47566"": 121}"
MTWLQNITX,"{""Q49396"": 155}"
MTWLQNITK,"{""Q49396"": 5}"
MTAFDGIND,"{""P47277"": 128}"
MTADQCARV,"{""P22746"": 102}"
MTADQCAXV,"{""P22746"": 25}"
MTADQXARV,"{""P22746"": 2}"
MTADQXAXV,"{""P22746"": 2}"
MTNLIXXXX,"{""P47623"": 25}"
MTNLIXXLX,"{""P47623"": 8}"
MTNLIXYLX,"{""P47623"": 116}"
MTNLIXYLK,"{""P47623"": 3}"
MTNLIKYLX,"{""P47623"": 8}"
MTNFFLIRS,"{""Q9ZB71"": 34}"
MTNFFLIXS,"{""Q9ZB71"": 6}"
MTGIVGSDN,"{""P47677"": 119}"
MTIIYGQDI,"{""Q49416"": 130}"
MTIIXGQDI,"{""Q49416"": 5}"
MTIAXELXQ,"{""P47405"": 107}"
MTIAXELXX,"{""P47405"": 21}"
MTIAXXXXX,"{""P47405"": 28}"
MTIAKELXQ,"{""P47405"": 4}"
MTTNLXQXX,"{""P47448"": 16}"
MTTNLXQXL,"{""P47448"": 106}"
MTTNLXQKL,"{""P47448"": 2}"
MTTNLXXXX,"{""P47448"": 26}"
MTTNLKQXX,"{""P47448"": 2}"
MTTNLKQXL,"{""P47448"": 3}"
MTTTRRNXX,"{""P47582"": 5}"
MTTTRRNXR,"{""P47582"": 2}"
MTTTRXNXX,"{""P47582"": 1}"
MTVAEIXXX,"{""P47264"": 39}"
MTVAEIXXL,"{""P47264"": 102}"
MTVAEIXKL,"{""P47264"": 4}"
MTVAEIKXL,"{""P47264"": 4}"
MTVYTYTVF,"{""Q9ZB80"": 32}"
MTVXTYTVF,"{""Q9ZB80"": 4}"
MTKAVEGLV,"{""P47523"": 30}"
MTKAHYIDF,"{""P47673"": 5}"
MTKXXXXXX,"{""P47525"": 2}"
MTKXTQDLT,"{""P47525"": 5}"
MTRNDXXXX,"{""P47413"": 24}"
MWSFLEXXX,"{""P47409"": 127}"
MWSFLEXLI,"{""P47409"": 1}"
MWGLPFAMI,"{""Q49398"": 35}"
MWIXIFPHM,"{""P47404"": 8}"
MWIRIFPHM,"{""P47404"": 14}"
MWLNAAYNQ,"{""P47573"": 573}"
MWLNAAXNQ,"{""P47573"": 29}"
MWXNVHNDD,"{""P47705"": 115}"
MWXXXXXXX,"{""P47705"": 17}"
MWKNVHNDD,"{""P47705"": 3}"
MYCAFDALX,"{""P47618"": 531}"
MYCAFDALK,"{""P47618"": 21}"
MYFLSQNQX,"{""P47653"": 115}"
MYFLSQNQK,"{""P47653"": 5}"
MYFLEQNXX,"{""P47655"": 107}"
MYFLEQNXN,"{""P47655"": 5}"
MYFQNSTQL,"{""P47279"": 145}"
MYNHNLIEE,"{""P47508"": 144}"
MYXLEXXXX,"{""Q49403"": 27}"
MYXLEXAQA,"{""Q49403"": 92}"
MYXLEKAQA,"{""Q49403"": 5}"
MYXXXXXXX,"{""P47588"": 116, ""P47465"": 23, ""Q49403"": 18}"
MYXAFDALX,"{""P47618"": 26}"
MYXAFDALK,"{""P47618"": 2}"
MYXAFAYVM,"{""P47572"": 2}"
MYXPXNINS,"{""P47465"": 85}"
MYXPXXXXX,"{""P47465"": 16}"
MYXPKNINS,"{""P47465"": 3}"
MYXSVINIV,"{""P47588"": 27}"
MYLXXXXXX,"{""P47422"": 85}"
MYLXGTGRG,"{""P47422"": 16}"
MYLXGTGXG,"{""P47422"": 3}"
MYLKGTGRG,"{""P47422"": 2}"
MYEVGIPAL,"{""P47582"": 110}"
MYERSDELL,"{""P47510"": 3}"
MYEXSDELL,"{""P47510"": 4}"
MYRAFAYVM,"{""P47572"": 6}"
MYRAFAXVM,"{""P47572"": 1}"
MYVNXVADY,"{""P47599"": 8}"
MYVNRVADY,"{""P47599"": 21}"
MYVNRVADX,"{""P47599"": 2}"
MYIEGNMPL,"{""P47403"": 30}"
MYKLEXAQA,"{""Q49403"": 3}"
MYKLEXXXX,"{""Q49403"": 2}"
MYKPXNINS,"{""P47465"": 10}"
MYKSVINIV,"{""P47588"": 2}"
MMDXXMLVW,"{""P47516"": 94}"
MMDXXXXXX,"{""P47516"": 526, ""P47283"": 119}"
MMDXXTSEI,"{""P47283"": 6}"
MMDXRTSEI,"{""P47283"": 25}"
MMDXKMLVW,"{""P47516"": 3}"
MMDVXLXIQ,"{""P47496"": 101}"
MMDVXLXXX,"{""P47496"": 18}"
MMDVXLKIQ,"{""P47496"": 6}"
MMDVXXXXX,"{""P47496"": 25}"
MMDVKLXXX,"{""P47496"": 3}"
MMDVKLXIQ,"{""P47496"": 2}"
MMDVKLKIQ,"{""P47496"": 1}"
MMDKXXXXX,"{""P47516"": 9}"
MMDKXMLVW,"{""P47516"": 2}"
MMENSPNFP,"{""P47350"": 566}"
MMSXXXXXX,"{""P47581"": 559}"
MMSXGLRRI,"{""P47581"": 22}"
MMSXGLRXI,"{""P47581"": 3}"
MMSXGLXRI,"{""P47581"": 4}"
MMSKGLRRI,"{""P47581"": 1}"
MMSKGLXRI,"{""P47581"": 1}"
MMXTIXNIA,"{""P47385"": 6}"
MMXTIXXXX,"{""P47385"": 1}"
MMFNPXTGA,"{""P47513"": 91}"
MMFNPXXXX,"{""P47513"": 22}"
MMFNPKTGA,"{""P47513"": 2}"
MMINXEQDL,"{""P47338"": 114}"
MMINXXXXX,"{""P47338"": 34}"
MMINKEQDL,"{""P47338"": 4}"
MMRTIKNIA,"{""P47385"": 2}"
MMRTIXNIA,"{""P47385"": 14}"
MMRTIXXXX,"{""P47385"": 5}"
MKLSIDNXX,"{""P47304"": 7}"
MKLSIDNKX,"{""P47304"": 1}"
MKLSVIIPT,"{""P47306"": 10}"
MKLSTITTI,"{""P47321"": 8}"
MKLXFXXLP,"{""P47341"": 1}"
MKLXFYXLP,"{""P47341"": 6}"
MKLXFYXXX,"{""P47341"": 2}"
MKLXFYKLP,"{""P47341"": 1}"
MKLXGFLAV,"{""P47502"": 6}"
MKLXXXXXX,"{""P47563"": 6, ""P47341"": 1}"
MKLYXVLNS,"{""P47480"": 3}"
MKLYRSLXX,"{""P47395"": 1}"
MKLAEQXXX,"{""P47460"": 24}"
MKLQIXPPN,"{""Q49425"": 7}"
MKLQIXXXX,"{""Q49425"": 1}"
MKLLXFLVL,"{""P47638"": 1}"
MKLEYNRII,"{""P47296"": 1}"
MKSDDSPFL,"{""Q49434"": 26}"
MKSNYSATN,"{""P47445"": 7}"
MKSNXSATN,"{""P47445"": 1}"
MKSVTVXXX,"{""P47359"": 5}"
MKSVTVXQL,"{""P47359"": 1}"
MKSLFIGYF,"{""P47391"": 4}"
MKSEINIFA,"{""P47254"": 2}"
MKSSFSINS,"{""P47628"": 1}"
MKDXNIXXX,"{""Q49432"": 4}"
MKDXXXXXX,"{""P47576"": 1, ""Q49432"": 3}"
MKDXFSFQX,"{""P47576"": 5}"
MKDNYFXFL,"{""P47429"": 3}"
MKDNYFXXX,"{""P47429"": 2}"
MKXXXXXXX,"{""Q49426"": 9, ""P47373"": 2, ""P47653"": 8, ""P47388"": 5, ""P47494"": 8, ""P47628"": 2, ""P47258"": 2, ""P47297"": 5, ""P47705"": 2, ""P47290"": 2, ""P47490"": 4, ""P47575"": 2, ""P22746"": 1, ""Q49408"": 3, ""P47668"": 2, ""P47426"": 3, ""Q49406"": 3, ""P47549"": 1, ""P47695"": 4, ""P47275"": 1, ""P47499"": 1, ""P47328"": 1}"
MKXXIVPIN,"{""P47426"": 3}"
MKXLNXXXX,"{""P47628"": 2}"
MKXLNXQFL,"{""P47628"": 3}"
MKXLLXXSX,"{""P47549"": 3}"
MKXLLXXXX,"{""P47549"": 2}"
MKXLLXKSX,"{""P47549"": 1}"
MKXLSXXXX,"{""P47328"": 5}"
MKXLSXRMQ,"{""P47328"": 1}"
MKXLFWNLX,"{""P47590"": 1}"
MKXLYATQH,"{""P47312"": 1}"
MKXQLXXXX,"{""P47291"": 3}"
MKXQLXYCF,"{""P47291"": 1}"
MKXTAIITD,"{""P47568"": 4}"
MKXTDQIDP,"{""P47297"": 18}"
MKXTGSIFX,"{""P47553"": 2}"
MKXTYQPSX,"{""P47704"": 1}"
MKXFQAVIX,"{""P47287"": 7}"
MKXFLHRVX,"{""P47551"": 1}"
MKXFSDLNQ,"{""Q49421"": 1}"
MKXDRXXXX,"{""P47653"": 1}"
MKXINXQAL,"{""P47682"": 1}"
MKXINXXXX,"{""P47682"": 1}"
MKXINVVYN,"{""P47258"": 4}"
MKXILVIVY,"{""P47275"": 9}"
MKXIIGIGV,"{""P47668"": 1}"
MKXGSITEA,"{""P22746"": 4}"
MKXGNXTVW,"{""P47705"": 2}"
MKXAGXXNS,"{""P47373"": 2}"
MKXAGXXXX,"{""P47373"": 1}"
MKXAGXKNS,"{""P47373"": 1}"
MKXADFCII,"{""P47565"": 1}"
MKXAIHFQS,"{""P47499"": 3}"
MKXPRQQSC,"{""P47494"": 3}"
MKXHFXXXX,"{""P47290"": 3}"
MKXHFXNLI,"{""P47290"": 2}"
MKXHFKNLI,"{""P47290"": 1}"
MKXNRAFNQ,"{""P47388"": 2}"
MKXKIVPIN,"{""P47426"": 1}"
MKXYSNDYX,"{""Q49426"": 1}"
MKPQLIAFX,"{""P47538"": 4}"
MKPQLIAFK,"{""P47538"": 1}"
MKPEWXXXX,"{""P47660"": 1}"
MKPFDXXPS,"{""P47460"": 1}"
MKVVNXVNX,"{""P47248"": 20}"
MKVVNXXXX,"{""P47248"": 6}"
MKVLTELQX,"{""P47350"": 6}"
MKVLXVGVL,"{""P47627"": 6}"
MKVLXXXXX,"{""P47627"": 1}"
MKVFXXXXX,"{""Q9ZB81"": 6}"
MKVFXXLHN,"{""Q9ZB81"": 1}"
MKVNLEWII,"{""P47298"": 3}"
MKFGXEIAX,"{""P47347"": 4}"
MKFXXXXXX,"{""P47431"": 2}"
MKFXLFFLS,"{""P47431"": 5}"
MKFNXXXXX,"{""P47484"": 3}"
MKFNKLNLS,"{""P47484"": 1}"
MKFFNNLFX,"{""P47681"": 5}"
MKITVLTLF,"{""P47683"": 6}"
MKITFISGQ,"{""P47387"": 10}"
MKIDXEQII,"{""P47663"": 5}"
MKIDKEQII,"{""P47663"": 1}"
MKISPDQXD,"{""P47592"": 3}"
MKIILXQDV,"{""P47339"": 5}"
MKIIYQEQQ,"{""Q49430"": 4}"
MKILINXSE,"{""P47247"": 4}"
MKYTGSIFX,"{""P47553"": 6}"
MKYVXVQII,"{""P47394"": 8}"
MKYVXXXXX,"{""P47394"": 1}"
MKYXIFAST,"{""P47374"": 2}"
MKYXXXXXX,"{""P47374"": 1}"
MKYILAIDF,"{""Q9ZB76"": 2}"
MKYKIFAST,"{""P47374"": 1}"
MKYLYATQH,"{""P47312"": 3}"
MKRLFWNLX,"{""P47590"": 2}"
MKRTXILPG,"{""P47419"": 1}"
MKREFXXXX,"{""P47335"": 3}"
MKRFSDLNQ,"{""Q49421"": 2}"
MKRFLHRVX,"{""P47551"": 1}"
MKRNWXQHY,"{""P47274"": 1}"
MKGPXXXXX,"{""P47698"": 2}"
MKGPXIAIV,"{""P47698"": 1}"
MKGFLXPNF,"{""P47432"": 8}"
MKGFLXXXX,"{""P47432"": 2}"
MKTXSAAVX,"{""P47439"": 7}"
MKTXXXXXX,"{""P47691"": 1}"
MKTXIXXAV,"{""P47691"": 1}"
MKTQXNIFX,"{""P47342"": 8}"
MKTQXXXXX,"{""P47342"": 1}"
MKTLXXXXX,"{""P47302"": 5}"
MKTIHXLFL,"{""P47278"": 2}"
MKTIHXXXX,"{""P47278"": 2}"
MKTVTNXXX,"{""P47346"": 2}"
MKTVTNXLV,"{""P47346"": 2}"
MKTTINIAT,"{""P47456"": 6}"
MKTMRXQIY,"{""P22747"": 1}"
MKHLTVXAL,"{""P47331"": 4}"
MKQWVLXXX,"{""P47508"": 2}"
MKQWVLXIT,"{""P47508"": 2}"
MKQXILGIT,"{""P47629"": 6}"
MKQXIIIFG,"{""P47482"": 5}"
MKQXXXXXX,"{""P47629"": 1}"
MKQXLDLAS,"{""P47469"": 1}"
MKQXFVVTT,"{""P47451"": 1}"
MKQKIIIFG,"{""P47482"": 1}"
MKQYLDLAS,"{""P47469"": 5}"
MKQCFVVTT,"{""P47451"": 7}"
MKWLLWLGY,"{""Q49397"": 11}"
MKNDXXXXX,"{""P47419"": 3}"
MKNDXLFLT,"{""P47419"": 5}"
MKNEIXYLY,"{""P47505"": 8}"
MKNXVLXXX,"{""P47607"": 1}"
MKNXVLXLX,"{""P47607"": 5}"
MKNXXXXXX,"{""P47607"": 1}"
MKNSYXWDL,"{""P47429"": 3}"
MKNSYXXXX,"{""P47429"": 1}"
MKNSXXWDL,"{""P47429"": 1}"
MKNLTPXQA,"{""P47447"": 1}"
MKNLTPRQA,"{""P47447"": 4}"
MKNQTXSNS,"{""P47319"": 4}"
MKNNISDVK,"{""P47667"": 1}"
MKNNISDVX,"{""P47667"": 4}"
MKEIYFGGG,"{""P47648"": 5}"
MKEIXFGGG,"{""P47648"": 1}"
MKESQXXXX,"{""P47260"": 3}"
MKKINVVYN,"{""P47258"": 1}"
MKMXXXXXX,"{""P47419"": 2}"
MRQPEXAMQ,"{""P47664"": 93}"
MRQPEXXXX,"{""P47664"": 27}"
MRQPEKAMQ,"{""P47664"": 3}"
MRQFIXXXX,"{""P47320"": 22}"
MRQFIXLSL,"{""P47320"": 2}"
MRIGMPPYN,"{""P47491"": 106}"
MRIGMPPXN,"{""P47491"": 9}"
MRIGYNSSE,"{""P47373"": 90}"
MRIGXNSSE,"{""P47373"": 4}"
MRINXPFSD,"{""P47631"": 16}"
MRINXXXXX,"{""P47631"": 2}"
MRINKPFSD,"{""P47631"": 1}"
MRIANXFLV,"{""P47610"": 24}"
MRIANXXXX,"{""P47610"": 4}"
MRIANKFLV,"{""P47610"": 2}"
MRIAFLVDS,"{""P47688"": 31}"
MRFKXXXXX,"{""Q49409"": 2}"
MRFXXXXXX,"{""Q49409"": 30}"
MRFXXXFSL,"{""Q49409"": 2}"
MRFXXRFSL,"{""Q49409"": 2}"
MRFXKRFSL,"{""Q49409"": 1}"
MRVXXXXXX,"{""P47440"": 26}"
MRVALTALT,"{""P47639"": 2}"
MRNQGLENN,"{""P47645"": 27}"
MRSXLFIPL,"{""P47653"": 3}"
MRSYLFIPL,"{""P47653"": 18}"
MRSNILSLX,"{""P47345"": 1}"
MRSNILSLR,"{""P47345"": 3}"
MRSLSSLVV,"{""P47427"": 1}"
MRTSYLXXX,"{""P47461"": 12}"
MRTSYLXXI,"{""P47461"": 23}"
MRTSYLKXI,"{""P47461"": 2}"
MRTSXLXXI,"{""P47461"": 4}"
MRTSXLXXX,"{""P47461"": 2}"
MRTRYLIGN,"{""P47670"": 7}"
MRTXYLIGN,"{""P47670"": 1}"
MRXQFLIAY,"{""P47625"": 8}"
MRXQFLIAX,"{""P47625"": 1}"
MRXXXXXXX,"{""P47625"": 27, ""P47334"": 16, ""Q9ZB82"": 27}"
MRXXIIFVC,"{""Q9ZB82"": 6}"
MRXNRALXX,"{""P47334"": 4}"
MRXNXALXX,"{""P47334"": 1}"
MRDEIERXE,"{""P47460"": 10}"
MRDEIEXXE,"{""P47460"": 1}"
MRLEIENGL,"{""Q49412"": 23}"
MRLFRFLFX,"{""P47561"": 7}"
MRLFXFLFX,"{""P47561"": 3}"
MRLRXVXNA,"{""P47589"": 2}"
MRLRXVKNA,"{""P47589"": 1}"
MRLXXVXNA,"{""P47589"": 1}"
MRRVIGYIF,"{""P47582"": 1}"
MCEXSQTIX,"{""P47443"": 117}"
MCEXXXXXX,"{""P47443"": 35}"
MCEKSQTIX,"{""P47443"": 5}"
MCXXLAIXP,"{""P47607"": 60}"
MCXXLAIXX,"{""P47607"": 6}"
MCXXLAIKP,"{""P47607"": 4}"
MCXXXXXXX,"{""P47607"": 44}"
MCXKLAIXX,"{""P47607"": 1}"
MCXKLAIXP,"{""P47607"": 1}"
MCXKLAIKP,"{""P47607"": 1}"
MCFNQRILI,"{""P47282"": 27}"
MCFNQXILI,"{""P47282"": 5}"
MCKXLAIXP,"{""P47607"": 2}"
MCKXLAIXX,"{""P47607"": 1}"
SHFFQAXNF,"{""P47259"": 98}"
SHFFQAXXX,"{""P47259"": 21}"
SHFFQAKNF,"{""P47259"": 7}"
SHFNRYSFX,"{""Q49412"": 4}"
SHFNRYSFY,"{""Q49412"": 110}"
SHFNRXSFY,"{""Q49412"": 5}"
SHFNXYSFY,"{""Q49412"": 32}"
SHFSRNIAL,"{""P47484"": 24}"
SHFSXNIAL,"{""P47484"": 6}"
SHSXTITRR,"{""P47665"": 28}"
SHSXTITRX,"{""P47665"": 1}"
SHSXTITXX,"{""P47665"": 1}"
SHSXTITXR,"{""P47665"": 6}"
SHSXXXXXX,"{""P47665"": 535}"
SHSSVLMAV,"{""P35888"": 599}"
SHSLXEXXV,"{""P47703"": 1}"
SHSLXERXV,"{""P47703"": 1}"
SHSLRERXX,"{""P47703"": 2}"
SHSLRERXV,"{""P47703"": 3}"
SHSKTITRR,"{""P47665"": 1}"
SHIXSFSEL,"{""P47609"": 99}"
SHIXXXXXX,"{""P47609"": 32}"
SHILFXXXX,"{""P47700"": 21}"
SHILFXNIX,"{""P47700"": 106}"
SHILFXNIK,"{""P47700"": 5}"
SHILFKNIX,"{""P47700"": 5}"
SHILFKNIK,"{""P47700"": 1}"
SHILIRNTA,"{""P47507"": 108}"
SHILIXNTA,"{""P47507"": 41}"
SHIEDLLNG,"{""P47622"": 156}"
SHIENDDTN,"{""P47491"": 132}"
SHIKSFSEL,"{""P47609"": 6}"
SHDFIVILG,"{""P47311"": 113}"
SHDALTLQT,"{""P47603"": 629}"
SHLDQXXXX,"{""P47487"": 20}"
SHLDQXINQ,"{""P47487"": 105}"
SHLDQKINQ,"{""P47487"": 5}"
SHEVIAVGI,"{""P47284"": 29}"
SHAIIPTTV,"{""P47514"": 132}"
SHTMSPLTX,"{""Q49460"": 107}"
SHTNRHLSE,"{""P47359"": 20}"
SHTNXHLSE,"{""P47359"": 5}"
SHNRLAIIE,"{""P47457"": 6}"
SHNXLAIIE,"{""P47457"": 1}"
SEXTPXNDE,"{""P47658"": 85}"
SEXTPXXXX,"{""P47658"": 17}"
SEXTPKNDE,"{""P47658"": 6}"
SEXKLLXLF,"{""P47649"": 20}"
SEXKLLXXX,"{""P47649"": 4}"
SEXKLLKLF,"{""P47649"": 1}"
SEXKDSXGQ,"{""P47451"": 1}"
SEXLDIATI,"{""P47486"": 8}"
SEXLGLXEL,"{""P47336"": 5}"
SEXXXXXXX,"{""P47649"": 179, ""Q49407"": 459, ""P47451"": 109, ""P47583"": 20, ""P47658"": 17, ""P47320"": 23}"
SEXXLLXLF,"{""P47649"": 349}"
SEXXLLXXX,"{""P47649"": 62}"
SEXXLLKLF,"{""P47649"": 18}"
SEXXDSYGQ,"{""P47451"": 13}"
SEXNEHHIL,"{""P47655"": 39}"
SEXVDYNFF,"{""P47320"": 81}"
SEXVDXNFF,"{""P47320"": 8}"
SEXIAXXXX,"{""P47647"": 26}"
SEXIAXYNR,"{""P47647"": 4}"
SEXIAXYNX,"{""P47647"": 2}"
SEXERLXRI,"{""Q49407"": 12}"
SEXERLXXX,"{""Q49407"": 80}"
SEXERLXXI,"{""Q49407"": 3}"
SEXEALEXL,"{""P47583"": 69}"
SEXEALEXX,"{""P47583"": 24}"
SEXEALEKL,"{""P47583"": 4}"
SEXEXLXXX,"{""Q49407"": 17}"
SEXEXLXXI,"{""Q49407"": 1}"
SEXEXLXRI,"{""Q49407"": 4}"
SEXEXLKRI,"{""Q49407"": 1}"
SEXEIIXXV,"{""P47423"": 4}"
SEXEIIXXX,"{""P47423"": 2}"
SEXEIIXKV,"{""P47423"": 1}"
SEREIIXXV,"{""P47423"": 16}"
SEREIIXXX,"{""P47423"": 6}"
SEREIIKXV,"{""P47423"": 2}"
SERIAXYNR,"{""P47647"": 15}"
SERIAXYNX,"{""P47647"": 4}"
SERIAXXXX,"{""P47647"": 92}"
SERIAXXNR,"{""P47647"": 1}"
SELNXILXX,"{""P47247"": 99}"
SELNXILXK,"{""P47247"": 2}"
SELNXILKX,"{""P47247"": 1}"
SELNXXXXX,"{""P47247"": 17}"
SELNXDETV,"{""P47350"": 3}"
SELNPDSIF,"{""P47685"": 625}"
SELNCDETV,"{""P47350"": 125}"
SELNKILXX,"{""P47247"": 5}"
SELPAGINE,"{""P47553"": 557}"
SELDNFNXX,"{""Q49413"": 101}"
SELDNFNXK,"{""Q49413"": 7}"
SELDNFNKX,"{""Q49413"": 6}"
SELDNFNKK,"{""Q49413"": 1}"
SELDCYHIL,"{""P47520"": 94}"
SELDCXHIL,"{""P47520"": 5}"
SELDXYHIL,"{""P47520"": 4}"
SELDXXHIL,"{""P47520"": 1}"
SELQNAXXX,"{""P47460"": 448}"
SELQNAXQR,"{""P47460"": 102}"
SELQNAXQX,"{""P47460"": 24}"
SELQNAKQR,"{""P47460"": 4}"
SELQNAKQX,"{""P47460"": 1}"
SELQSRLXX,"{""Q49420"": 5}"
SELQSRLXP,"{""Q49420"": 15}"
SELQSRLKP,"{""Q49420"": 1}"
SELQSXLXP,"{""Q49420"": 6}"
SELQSXLXX,"{""Q49420"": 3}"
SELIFSNQP,"{""P47693"": 626}"
SELIXXXXX,"{""P47259"": 25}"
SELIXLSNQ,"{""P47259"": 111}"
SELIKLSNQ,"{""P47259"": 5}"
SELVDEITF,"{""Q49429"": 118}"
SELEILFTX,"{""P47340"": 119}"
SELEXVLSL,"{""P47534"": 112}"
SELEXXXXX,"{""P47534"": 15}"
SELEKVLSL,"{""P47534"": 6}"
SELALGQNV,"{""P47583"": 29}"
SELXLVAPS,"{""P47287"": 122}"
SELXXXXXX,"{""P47287"": 25}"
SELXRLCLV,"{""P47393"": 1}"
SELFLEATQ,"{""P47639"": 10}"
SELYXLCLV,"{""P47393"": 3}"
SELYRLCLV,"{""P47393"": 5}"
SELKLVAPS,"{""P47287"": 1}"
SEFQXXXXX,"{""P47264"": 21}"
SEFQXFAPH,"{""P47264"": 110}"
SEFQXNQAN,"{""Q49329"": 10}"
SEFQYNQAN,"{""Q49329"": 107}"
SEFQKFAPH,"{""P47264"": 4}"
SEFALFYDF,"{""P47326"": 610}"
SEFALFXDF,"{""P47326"": 34}"
SEFXLINES,"{""P47649"": 464}"
SEFXXXXXX,"{""P47649"": 131}"
SEFGVXEFP,"{""Q49415"": 466}"
SEFGVXXXX,"{""Q49415"": 147}"
SEFGVKEFP,"{""Q49415"": 22}"
SEFLXLEEY,"{""P47576"": 99}"
SEFLXLEEX,"{""P47576"": 3}"
SEFLXINPS,"{""P47580"": 85}"
SEFLXXXXX,"{""P47576"": 12, ""P47580"": 24}"
SEFLNEITY,"{""P47662"": 117}"
SEFLNEITX,"{""P47662"": 12}"
SEFLKLEEY,"{""P47576"": 4}"
SEFLKINPS,"{""P47580"": 4}"
SEFNDSXXX,"{""P47394"": 27}"
SEFNDSXHX,"{""P47394"": 107}"
SEFNDSXHK,"{""P47394"": 5}"
SEFNDSKHX,"{""P47394"": 6}"
SEFEERIVX,"{""P47414"": 15}"
SEFEEXIVX,"{""P47414"": 5}"
SEFKLINES,"{""P47649"": 20}"
SEILYDISE,"{""P47250"": 587}"
SEILXDISE,"{""P47250"": 37}"
SEINIFALA,"{""P47254"": 21}"
SEINXIIAV,"{""P47595"": 509}"
SEINXXXXX,"{""P47595"": 99}"
SEINLDXLI,"{""P47619"": 521}"
SEINLDXXX,"{""P47619"": 94}"
SEINLDKLI,"{""P47619"": 21}"
SEINKIIAV,"{""P47595"": 29}"
SEIGIGDST,"{""P20796"": 120}"
SEIELKEAN,"{""P47432"": 5}"
SEIELXEAN,"{""P47432"": 98}"
SEIELXXXX,"{""P47432"": 13}"
SEIEXXXXX,"{""P47643"": 91}"
SEIEXTANR,"{""P47643"": 4}"
SEIEXTANX,"{""P47643"": 3}"
SEITFCIID,"{""P47591"": 600}"
SEITFXIID,"{""P47591"": 29}"
SEIQPFLDQ,"{""Q49405"": 120}"
SEIXNAFNL,"{""P47615"": 101}"
SEIXXXXXX,"{""P47615"": 15}"
SEIFFTGYD,"{""P47465"": 122}"
SEIFFTGXD,"{""P47465"": 4}"
SEIIRIXQA,"{""P47544"": 4}"
SEIIRIXXX,"{""P47544"": 15}"
SEIIRIKQA,"{""P47544"": 1}"
SEIIXIXXX,"{""P47544"": 3}"
SEIIXIXQA,"{""P47544"": 3}"
SEIKNAFNL,"{""P47615"": 4}"
SEDVALLSN,"{""P47385"": 28}"
SEPHFSLLX,"{""P47661"": 617}"
SEPHFSLLK,"{""P47661"": 27}"
SEPELXXXX,"{""P47247"": 130}"
SEPIHDYXF,"{""Q49413"": 88}"
SEPIHDYXX,"{""Q49413"": 20}"
SEPIHDYKF,"{""Q49413"": 7}"
SEPIHDXXF,"{""Q49413"": 7}"
SEPIHDXXX,"{""Q49413"": 1}"
SEPIHDXKF,"{""Q49413"": 1}"
SEPVDQLIT,"{""Q49429"": 148}"
SETTLXQQN,"{""P47687"": 24}"
SETTLRQQN,"{""P47687"": 116}"
SETIVNILV,"{""P47386"": 141}"
SEYNEHHIL,"{""P47655"": 597}"
SEYLDIATI,"{""P47486"": 120}"
SEYLGLXXX,"{""P47336"": 23}"
SEYLGLXEL,"{""P47336"": 89}"
SEYLGLKEL,"{""P47336"": 9}"
SESSVXLAN,"{""P47310"": 491}"
SESSVXXXX,"{""P47310"": 119}"
SESSVKLAN,"{""P47310"": 29}"
SESALDLIN,"{""P47331"": 118}"
SESDTIIFA,"{""P47446"": 115}"
SESEXFAGA,"{""P47525"": 92}"
SESEXXXXX,"{""P47525"": 23}"
SESEIAIDC,"{""P47348"": 107}"
SESEIAIDX,"{""P47348"": 11}"
SESEKFAGA,"{""P47525"": 3}"
SESVVEVDL,"{""P47315"": 139}"
SEWITIXGY,"{""P47352"": 486}"
SEWITIXGX,"{""P47352"": 26}"
SEWITIXXX,"{""P47352"": 87}"
SEWITIKGY,"{""P47352"": 24}"
SEWITIKGX,"{""P47352"": 2}"
SEANXXXXX,"{""P47326"": 20}"
SEANXASIN,"{""P47326"": 96}"
SEANKASIN,"{""P47326"": 8}"
SEATFDNVS,"{""Q49429"": 139}"
SEAXXXXXX,"{""P47604"": 85}"
SEAXXYXXX,"{""P47604"": 3}"
SEAXXLISQ,"{""P47693"": 1}"
SEAXRYXXX,"{""P47604"": 16}"
SEAXRXXXX,"{""P47604"": 1}"
SEAFVGLXE,"{""P47256"": 8}"
SEAFVGLRE,"{""P47256"": 27}"
SEAELXXXX,"{""P47686"": 88}"
SEAELXXTL,"{""P47686"": 3}"
SEAELXRTL,"{""P47686"": 17}"
SEARRLISQ,"{""P47693"": 5}"
SEARXLISQ,"{""P47693"": 1}"
SENHXXIAD,"{""P47618"": 95}"
SENHXXXXX,"{""P47618"": 36}"
SENHXKIAD,"{""P47618"": 2}"
SENHKXIAD,"{""P47618"": 2}"
SENHKXXXX,"{""P47618"": 1}"
SENNXNIXX,"{""Q49424"": 14}"
SENNXNIXG,"{""Q49424"": 82}"
SENNXNIKG,"{""Q49424"": 7}"
SENNXXXXX,"{""Q49424"": 23}"
SENNKNIXG,"{""Q49424"": 3}"
SEVXXXXXX,"{""P47695"": 98}"
SEETXXXXX,"{""P22747"": 127}"
SEEXLEEGX,"{""Q49434"": 9}"
SEEXLEEGK,"{""Q49434"": 1}"
SEERLEEGX,"{""Q49434"": 28}"
SEERLEEGK,"{""Q49434"": 2}"
SEELLNQER,"{""P47460"": 21}"
SEELLNQEX,"{""P47460"": 4}"
SEMIMNWAL,"{""P47576"": 131}"
SEKXLLXLF,"{""P47649"": 13}"
SEKXLLXXX,"{""P47649"": 4}"
SEKXLLKLF,"{""P47649"": 1}"
SEKXXXXXX,"{""P47649"": 2, ""P47451"": 4}"
SEKXDSYGQ,"{""P47451"": 2}"
SEKERLXXX,"{""Q49407"": 4}"
SEKERLXRI,"{""Q49407"": 1}"
SEKEXLXXX,"{""Q49407"": 1}"
SEKEALEKL,"{""P47583"": 1}"
SEKEALEXL,"{""P47583"": 2}"
SEKTPXNDE,"{""P47658"": 4}"
SLSQXMVDX,"{""P47658"": 501}"
SLSQXMVDK,"{""P47658"": 22}"
SLSQXXXXX,"{""P47658"": 107}"
SLSQLGFXX,"{""P47437"": 30}"
SLSQLGFXV,"{""P47437"": 101}"
SLSQLGFKV,"{""P47437"": 6}"
SLSQSNVEL,"{""P47460"": 127}"
SLSQKMVDX,"{""P47658"": 20}"
SLSQKMVDK,"{""P47658"": 1}"
SLSSPQXEX,"{""P47445"": 94}"
SLSSPQXEK,"{""P47445"": 1}"
SLSSPQXXX,"{""P47445"": 20}"
SLSSLVVPM,"{""P47427"": 33}"
SLSFLLDXX,"{""P47292"": 86}"
SLSFLLDXP,"{""P47292"": 507}"
SLSFLLDKP,"{""P47292"": 26}"
SLSEVNXXX,"{""P47627"": 21}"
SLSEVNXAI,"{""P47627"": 99}"
SLSEVNKAI,"{""P47627"": 4}"
SLSVLEVNX,"{""P47250"": 606}"
SLSVLEVNK,"{""P47250"": 27}"
SLSLNDGSY,"{""P47523"": 28}"
SLSLNDGSX,"{""P47523"": 3}"
SLSLGLVIP,"{""P47473"": 134}"
SLSHEELLX,"{""P47264"": 98}"
SLSHIIAIP,"{""P47429"": 123}"
SLSDIYQAG,"{""P47446"": 130}"
SLSDIXQAG,"{""P47446"": 4}"
SLLSXANVE,"{""P47543"": 512}"
SLLSXXXXX,"{""P47543"": 108}"
SLLSKANVE,"{""P47543"": 19}"
SLLVTLXXH,"{""P47400"": 21}"
SLLVTLXXX,"{""P47400"": 99}"
SLLVTLKXX,"{""P47400"": 7}"
SLLVTLKXH,"{""P47400"": 1}"
SLLXIAINA,"{""Q49418"": 99}"
SLLXXXXXX,"{""P47669"": 119, ""P35888"": 44, ""P47248"": 119, ""P47294"": 14, ""Q49418"": 18, ""P47495"": 37}"
SLLXXXDVX,"{""P47248"": 1}"
SLLXXLNIL,"{""P47495"": 97}"
SLLXXHYEX,"{""P35888"": 95}"
SLLXXHYEK,"{""P35888"": 3}"
SLLXXHXEX,"{""P35888"": 1}"
SLLXXRDVX,"{""P47248"": 4}"
SLLXTIXTE,"{""P47294"": 71}"
SLLXTIXXX,"{""P47294"": 17}"
SLLXTIKTE,"{""P47294"": 7}"
SLLXKHYEX,"{""P35888"": 3}"
SLLXKLNIL,"{""P47495"": 6}"
SLLXRRDVX,"{""P47248"": 3}"
SLLGTIPVL,"{""P20796"": 633}"
SLLESYFQD,"{""P47358"": 33}"
SLLEXXXXX,"{""P47283"": 21}"
SLLEXXAXX,"{""P47283"": 6}"
SLLEXYAXX,"{""P47283"": 89}"
SLLEXYAXE,"{""P47283"": 1}"
SLLEKXAXX,"{""P47283"": 1}"
SLLEKYAXX,"{""P47283"": 4}"
SLLLAGXMP,"{""P47582"": 99}"
SLLLAGXXX,"{""P47582"": 22}"
SLLLAGKMP,"{""P47582"": 7}"
SLLLFMIYP,"{""P47690"": 7}"
SLLFDGYQR,"{""P47368"": 25}"
SLLFDGYQX,"{""P47368"": 8}"
SLLFDGXQR,"{""P47368"": 1}"
SLLPSLIIV,"{""P47264"": 121}"
SLLKXHXEX,"{""P35888"": 1}"
SLLKXHYEX,"{""P35888"": 2}"
SLLKXLNIL,"{""P47495"": 7}"
SLLKXXXXX,"{""P47495"": 1}"
SLLKTIXTE,"{""P47294"": 6}"
SLLKTIXXX,"{""P47294"": 2}"
SLLKRXDVX,"{""P47248"": 1}"
SLLKRRDVX,"{""P47248"": 1}"
SLLKIAINA,"{""Q49418"": 3}"
SLLTCFVXL,"{""P47699"": 106}"
SLLTCFVXX,"{""P47699"": 12}"
SLLTCFVKL,"{""P47699"": 5}"
SLLTXFVXL,"{""P47699"": 6}"
SLPNSSTTY,"{""P20796"": 117}"
SLPNSSTTX,"{""P20796"": 6}"
SLPNXXXXX,"{""P47332"": 114}"
SLPNXXXSF,"{""P47332"": 2}"
SLPNXXRSF,"{""P47332"": 20}"
SLPNXKRSF,"{""P47332"": 1}"
SLPNKXXXX,"{""P47332"": 5}"
SLPNKXXSF,"{""P47332"": 2}"
SLPNKXRSF,"{""P47332"": 1}"
SLIXXXXXX,"{""P47534"": 100, ""P47326"": 82, ""P47670"": 13, ""P47655"": 15, ""P47549"": 23}"
SLIXNLVIA,"{""P47670"": 95}"
SLIXQXISS,"{""P47534"": 423}"
SLIXQXXXX,"{""P47534"": 80}"
SLIXQKISS,"{""P47534"": 14}"
SLIXASPXL,"{""P47326"": 419}"
SLIXASPXX,"{""P47326"": 83}"
SLIXASPKL,"{""P47326"": 12}"
SLIXDAFIS,"{""P47549"": 113}"
SLIXPSVXN,"{""P47655"": 101}"
SLIXPSVXX,"{""P47655"": 16}"
SLIXPSVKN,"{""P47655"": 3}"
SLISSXFDQ,"{""P47583"": 30}"
SLISSCFDQ,"{""P47583"": 596}"
SLISGIRIE,"{""P47642"": 105}"
SLISGIXIE,"{""P47642"": 26}"
SLIDQNGLI,"{""P47431"": 114}"
SLIFCEVNP,"{""P47258"": 113}"
SLIFXEVNP,"{""P47258"": 5}"
SLINSXPIQ,"{""P47583"": 112}"
SLINSXXXX,"{""P47583"": 18}"
SLINSKPIQ,"{""P47583"": 6}"
SLINTQLQS,"{""P47564"": 2}"
SLILMLSNS,"{""P47584"": 24}"
SLIQIIGRA,"{""P47319"": 6}"
SLIQIIGXA,"{""P47319"": 2}"
SLIPINDPS,"{""P47534"": 121}"
SLIPIGSEV,"{""P47432"": 36}"
SLIANIIGG,"{""P47260"": 136}"
SLIKDAFIS,"{""P47549"": 4}"
SLIKQXISS,"{""P47534"": 28}"
SLIKQXXXX,"{""P47534"": 3}"
SLIKQKISS,"{""P47534"": 2}"
SLIKPSVXN,"{""P47655"": 4}"
SLIKPSVXX,"{""P47655"": 2}"
SLIKASPXL,"{""P47326"": 18}"
SLIKASPXX,"{""P47326"": 2}"
SLIKASPKL,"{""P47326"": 2}"
SLIKNLVIA,"{""P47670"": 3}"
SLIESLFDX,"{""P47582"": 1}"
SLIESLFDR,"{""P47582"": 5}"
SLVDQIXLQ,"{""P47540"": 93}"
SLVDQIXXX,"{""P47540"": 21}"
SLVDQIKLQ,"{""P47540"": 3}"
SLVEXALXX,"{""P47668"": 81}"
SLVEXALXL,"{""P47668"": 18}"
SLVEXXXXX,"{""P47668"": 22}"
SLVEKALXX,"{""P47668"": 2}"
SLVEKALXL,"{""P47668"": 1}"
SLVVEPEIL,"{""P47288"": 561}"
SLVVILLLL,"{""P47317"": 28}"
SLVNEYVTL,"{""P47583"": 590}"
SLVNEXVTL,"{""P47583"": 31}"
SLVSLXMLD,"{""P47458"": 119}"
SLVSLXXXX,"{""P47458"": 21}"
SLVSLKMLD,"{""P47458"": 3}"
SLVSHGFTL,"{""P47587"": 113}"
SLVIAAASI,"{""P47441"": 31}"
SLXTIIELQ,"{""P47540"": 506}"
SLXTQFQXX,"{""P47506"": 90}"
SLXTQFQKX,"{""P47506"": 4}"
SLXXXXXXX,"{""P47582"": 495, ""P47395"": 569, ""P47506"": 18, ""P47300"": 143, ""P47523"": 553, ""P47540"": 84, ""P47542"": 9, ""P47413"": 19, ""P47431"": 21, ""P52271"": 105, ""P47310"": 106, ""Q49409"": 109, ""P47370"": 95, ""P47643"": 93, ""P47441"": 20, ""P47357"": 14, ""Q49460"": 36, ""P47410"": 20, ""P47442"": 15}"
SLXXFFFLL,"{""Q49460"": 100}"
SLXXFXNNL,"{""P47442"": 1}"
SLXQLEEIF,"{""P47370"": 508}"
SLXQLTQLL,"{""P52271"": 25}"
SLXNTTFNX,"{""P47300"": 469}"
SLXNTTFNK,"{""P47300"": 2}"
SLXNTNLLL,"{""P47441"": 108}"
SLXNISVQA,"{""P47413"": 85}"
SLXDXXXXX,"{""Q49409"": 84}"
SLXDXVFIX,"{""Q49409"": 384}"
SLXDXVFIK,"{""Q49409"": 17}"
SLXDKVFIX,"{""Q49409"": 16}"
SLXSAXIAL,"{""P47310"": 347}"
SLXSAXXXX,"{""P47310"": 121}"
SLXSAKIAL,"{""P47310"": 14}"
SLXSLTDRL,"{""P47582"": 92}"
SLXSLTDXL,"{""P47582"": 22}"
SLXSQVSAX,"{""P47431"": 104}"
SLXSQVSAK,"{""P47431"": 3}"
SLXPEPGGL,"{""P47582"": 106}"
SLXPVAELL,"{""P47542"": 105}"
SLXEQSIXE,"{""P47643"": 416}"
SLXEQSIXX,"{""P47643"": 81}"
SLXEQSIKE,"{""P47643"": 17}"
SLXVXXXXX,"{""P47410"": 85}"
SLXVXQSXP,"{""P47410"": 5}"
SLXVXQSRP,"{""P47410"": 13}"
SLXVTDIVY,"{""P47357"": 97}"
SLXVTDIVX,"{""P47357"": 6}"
SLXVKQSXP,"{""P47410"": 1}"
SLXVKQSRP,"{""P47410"": 1}"
SLXVLDGAI,"{""P47335"": 1}"
SLXYFXXXX,"{""P47442"": 20}"
SLXYFXNNL,"{""P47442"": 73}"
SLXYFKNNL,"{""P47442"": 4}"
SLXAALLPG,"{""P47395"": 33}"
SLXLEVEID,"{""P47480"": 5}"
SLXKFFFLL,"{""Q49460"": 6}"
SLFPTFSIF,"{""P47357"": 115}"
SLFIGYFDG,"{""P47391"": 122}"
SLFIGXFDG,"{""P47391"": 7}"
SLFFXXXXX,"{""P47651"": 472}"
SLFFXERLQ,"{""P47651"": 98}"
SLFFXEXLQ,"{""P47651"": 22}"
SLFFKEXLQ,"{""P47651"": 1}"
SLFFKERLQ,"{""P47651"": 3}"
SLFDEXTTI,"{""Q49429"": 118}"
SLFDEXXXX,"{""Q49429"": 17}"
SLFDEKTTI,"{""Q49429"": 2}"
SLFDYVIXX,"{""P47506"": 530}"
SLFDYVIXL,"{""P47506"": 30}"
SLFDANSSL,"{""P47312"": 122}"
SLFDXVIXL,"{""P47506"": 2}"
SLFDXVIXX,"{""P47506"": 36}"
SLFLLSGMS,"{""P47286"": 138}"
SLFEVWXTI,"{""P47321"": 126}"
SLFEVWXXX,"{""P47321"": 10}"
SLFEVWKTI,"{""P47321"": 1}"
SLFSESGLW,"{""P47684"": 620}"
SLFYQFIPX,"{""Q49426"": 126}"
SLFYQFIPK,"{""Q49426"": 6}"
SLFYGLAPY,"{""Q49406"": 111}"
SLFYGLAPX,"{""Q49406"": 6}"
SLFXXHFAY,"{""P47592"": 85}"
SLFXXHFAX,"{""P47592"": 11}"
SLFXXXXXX,"{""P47592"": 42}"
SLFXKHFAY,"{""P47592"": 4}"
SLFXGLAPY,"{""Q49406"": 6}"
SLFXQFIPK,"{""Q49426"": 1}"
SLFXQFIPX,"{""Q49426"": 9}"
SLFNLEFNL,"{""P47651"": 108}"
SLFKXHFAY,"{""P47592"": 6}"
SLFKXHFAX,"{""P47592"": 1}"
SLNEISDVA,"{""P47357"": 109}"
SLNEGXXLT,"{""P47521"": 8}"
SLNEGRXLT,"{""P47521"": 15}"
SLNEGRXXX,"{""P47521"": 3}"
SLNEDEIXM,"{""P47541"": 90}"
SLNEDEIXX,"{""P47541"": 21}"
SLNEDEIKM,"{""P47541"": 8}"
SLNLLTAXP,"{""P47270"": 105}"
SLNLLTAXX,"{""P47270"": 15}"
SLNLLTAKP,"{""P47270"": 3}"
SLNLDPXTF,"{""P47267"": 102}"
SLNLDPXXX,"{""P47267"": 20}"
SLNLDPKTF,"{""P47267"": 4}"
SLNXYLNYI,"{""P47565"": 92}"
SLNXYLNXI,"{""P47565"": 4}"
SLNXXLNYI,"{""P47565"": 4}"
SLNXXLNXI,"{""P47565"": 1}"
SLNXXXXXX,"{""P47565"": 22}"
SLNWIQISP,"{""Q49435"": 130}"
SLNWYLDMX,"{""P47359"": 6}"
SLNWYLDMR,"{""P47359"": 20}"
SLNWXLDMR,"{""P47359"": 1}"
SLNWXLDMX,"{""P47359"": 1}"
SLNSFEAXX,"{""Q9ZB70"": 115}"
SLNSFEAXK,"{""Q9ZB70"": 4}"
SLNSFEAKX,"{""Q9ZB70"": 6}"
SLNTSMGFT,"{""P47599"": 46}"
SLNNGIDPV,"{""P47576"": 3}"
SLNNVISPE,"{""P47267"": 26}"
SLNKYLNYI,"{""P47565"": 5}"
SLNKXLNYI,"{""P47565"": 1}"
SLAACEGVL,"{""P47384"": 604}"
SLAALMTXF,"{""P47526"": 89}"
SLAALMTXX,"{""P47526"": 24}"
SLAALMTKF,"{""P47526"": 1}"
SLAAXEGVL,"{""P47384"": 33}"
SLASDFAIA,"{""Q49413"": 622}"
SLASSLENE,"{""Q49429"": 125}"
SLAFNWGFS,"{""P47281"": 596}"
SLAFSWXXX,"{""Q49398"": 461}"
SLAFSWXXF,"{""Q49398"": 29}"
SLAFSWXRF,"{""Q49398"": 98}"
SLAFSWKRF,"{""Q49398"": 7}"
SLAFSWKXF,"{""Q49398"": 1}"
SLAGFDTPF,"{""P47342"": 651}"
SLAXXXXXX,"{""P47523"": 16, ""P47520"": 22, ""P47365"": 7, ""P47346"": 12}"
SLAXXFLVX,"{""P47365"": 1}"
SLAXLAXXX,"{""P47520"": 65}"
SLAXLAXSG,"{""P47520"": 17}"
SLAXLHNLE,"{""P47346"": 88}"
SLAXELXTN,"{""P47523"": 81}"
SLAXELXXX,"{""P47523"": 17}"
SLAXELKTN,"{""P47523"": 7}"
SLAYXXXXX,"{""P47365"": 75}"
SLAYXFLVR,"{""P47365"": 26}"
SLAYXFLVX,"{""P47365"": 4}"
SLAYKFLVR,"{""P47365"": 2}"
SLAELDLFV,"{""P47369"": 117}"
SLAEVLFDN,"{""P47597"": 109}"
SLAKLHNLE,"{""P47346"": 4}"
SLAKLAXXX,"{""P47520"": 4}"
SLAKLAXSG,"{""P47520"": 2}"
SLAKLAKSG,"{""P47520"": 1}"
SLAKELXTN,"{""P47523"": 1}"
SLGVICFNX,"{""P47386"": 100}"
SLGVICFNK,"{""P47386"": 1}"
SLGVIXFNX,"{""P47386"": 9}"
SLGVCLNWS,"{""P47576"": 101}"
SLGVXLNWS,"{""P47576"": 8}"
SLGDSTNIF,"{""P47635"": 130}"
SLGFSLISL,"{""P47635"": 119}"
SLGFDPTVI,"{""Q49396"": 110}"
SLGXQLELF,"{""P47615"": 493}"
SLGXXXXXX,"{""P47615"": 124, ""Q49424"": 2}"
SLGXXQQEI,"{""Q49424"": 4}"
SLGXFNLGG,"{""P47547"": 4}"
SLGNIVDPL,"{""P47587"": 105}"
SLGYXQQEI,"{""Q49424"": 122}"
SLGYXXXXX,"{""Q49424"": 12}"
SLGYKQQEI,"{""Q49424"": 6}"
SLGRFNLGG,"{""P47547"": 29}"
SLGKQLELF,"{""P47615"": 27}"
SLQFIVXQI,"{""P47618"": 476}"
SLQFIVXXX,"{""P47618"": 124}"
SLQFIVKQI,"{""P47618"": 27}"
SLQFFQENS,"{""Q9ZB77"": 631}"
SLQXXXXXX,"{""P47326"": 22, ""P47576"": 30}"
SLQXQQAFF,"{""P47576"": 94}"
SLQXLSFXX,"{""P47326"": 14}"
SLQXLSFXV,"{""P47326"": 96}"
SLQXLSFKV,"{""P47326"": 2}"
SLQGLEEWX,"{""P47700"": 124}"
SLQGLEEWK,"{""P47700"": 5}"
SLQQLEXXX,"{""P47496"": 91}"
SLQQLEXDH,"{""P47496"": 24}"
SLQQLEKDH,"{""P47496"": 3}"
SLQEAXXXX,"{""P47270"": 92}"
SLQEAXXQG,"{""P47270"": 13}"
SLQEAXKQG,"{""P47270"": 1}"
SLQEAKXXX,"{""P47270"": 8}"
SLQEQXTNL,"{""P47551"": 103}"
SLQEQXXXX,"{""P47551"": 26}"
SLQEQKTNL,"{""P47551"": 8}"
SLQDQLATV,"{""P47460"": 123}"
SLQKQQAFF,"{""P47576"": 4}"
SLQKLSFXX,"{""P47326"": 1}"
SLQKLSFXV,"{""P47326"": 1}"
SLQLLVWAS,"{""Q49414"": 29}"
SLQNFLLAV,"{""P47495"": 6}"
SLEAEIYNA,"{""P47583"": 588}"
SLEAEIXNA,"{""P47583"": 41}"
SLEAIILAV,"{""P47321"": 113}"
SLEAPARQI,"{""P47632"": 23}"
SLEAPAXQI,"{""P47632"": 11}"
SLEFXEIIT,"{""P47667"": 537}"
SLEFXXXXX,"{""P47667"": 104}"
SLEFKEIIT,"{""P47667"": 28}"
SLESVNDSD,"{""P47321"": 117}"
SLEENYQLI,"{""P47378"": 568}"
SLEENXQLI,"{""P47378"": 27}"
SLEDELXXX,"{""P47460"": 18}"
SLEDELXNL,"{""P47460"": 92}"
SLEDELKNL,"{""P47460"": 6}"
SLEDXLNNX,"{""P47542"": 107}"
SLEDXLNNK,"{""P47542"": 2}"
SLEDXXXXX,"{""P47542"": 25}"
SLEDKLNNX,"{""P47542"": 5}"
SLEDKLNNK,"{""P47542"": 1}"
SLEQLTXLY,"{""P47637"": 102}"
SLEQLTXLX,"{""P47637"": 7}"
SLEQLTXXX,"{""P47637"": 452}"
SLEQLTKLY,"{""P47637"": 3}"
SLEQLTKLX,"{""P47637"": 1}"
SLEQLNRII,"{""P47662"": 19}"
SLEQLNXII,"{""P47662"": 4}"
SLETFNFAF,"{""P47661"": 118}"
SLETXXXXX,"{""Q49429"": 22}"
SLETXTTSV,"{""Q49429"": 100}"
SLETKTTSV,"{""Q49429"": 5}"
SLDNNFXII,"{""Q49420"": 101}"
SLDNNFXXX,"{""Q49420"": 32}"
SLDNNFKII,"{""Q49420"": 5}"
SLDDDXXXX,"{""P47350"": 94}"
SLDDDXTVY,"{""P47350"": 473}"
SLDDDXTVX,"{""P47350"": 26}"
SLDDDKTVY,"{""P47350"": 24}"
SLDDDKTVX,"{""P47350"": 1}"
SLDEIAENK,"{""P47368"": 3}"
SLDEIAENX,"{""P47368"": 140}"
SLDLNQLLX,"{""Q49399"": 6}"
SLDLNQLLY,"{""Q49399"": 106}"
SLDIVCGAN,"{""P47687"": 29}"
SLDIVXGAN,"{""P47687"": 3}"
SLTXXXXXX,"{""P47317"": 118, ""P47486"": 122}"
SLTXSFTRV,"{""P47317"": 4}"
SLTXSFTXV,"{""P47317"": 1}"
SLTDRLXGX,"{""P47582"": 21}"
SLTDRLXXX,"{""P47582"": 7}"
SLTDIREIR,"{""P47423"": 1}"
SLTDIREIX,"{""P47423"": 2}"
SLTDIXEIX,"{""P47423"": 1}"
SLTDXLXGX,"{""P47582"": 5}"
SLTDXLXXX,"{""P47582"": 1}"
SLTEQEFXX,"{""P47318"": 91}"
SLTEQEFXI,"{""P47318"": 20}"
SLTEQEFKI,"{""P47318"": 2}"
SLWDPTALX,"{""P20796"": 114}"
SLWDPTALK,"{""P20796"": 4}"
SLWEFLHAX,"{""Q49409"": 124}"
SLWEFLHAK,"{""Q49409"": 4}"
SLWIAVVVA,"{""P47324"": 6}"
SLWILRLNA,"{""P47440"": 21}"
SLWILXLNA,"{""P47440"": 4}"
SLKEQSIXE,"{""P47643"": 18}"
SLKEQSIXX,"{""P47643"": 4}"
SLKEQSIKE,"{""P47643"": 2}"
SLKVXXXXX,"{""P47410"": 4}"
SLKVXQSRP,"{""P47410"": 2}"
SLKVXQSXP,"{""P47410"": 1}"
SLKVTDIVY,"{""P47357"": 5}"
SLKDXVFIX,"{""Q49409"": 12}"
SLKDXVFIK,"{""Q49409"": 1}"
SLKDXXXXX,"{""Q49409"": 3}"
SLKDKVFIX,"{""Q49409"": 1}"
SLKQLEEIF,"{""P47370"": 23}"
SLKQLTQLL,"{""P52271"": 2}"
SLKSQVSAX,"{""P47431"": 6}"
SLKSAXXXX,"{""P47310"": 6}"
SLKSAXIAL,"{""P47310"": 22}"
SLKSLTDRL,"{""P47582"": 5}"
SLKSLTDXL,"{""P47582"": 3}"
SLKNTTFNX,"{""P47300"": 17}"
SLKNTNLLL,"{""P47441"": 2}"
SLKNISVQA,"{""P47413"": 4}"
SLKPVAELL,"{""P47542"": 8}"
SLKPEPGGL,"{""P47582"": 3}"
SLKTIIELQ,"{""P47540"": 25}"
SLKTQFQXX,"{""P47506"": 5}"
SLKYFXXXX,"{""P47442"": 1}"
SLKYFXNNL,"{""P47442"": 1}"
SLKYFKNNL,"{""P47442"": 1}"
SLKXXXXXX,"{""Q49460"": 2}"
SLKXFFFLL,"{""Q49460"": 2}"
SLKAALLPG,"{""P47395"": 1}"
SLCLEVEID,"{""P47480"": 118}"
SLHLETEYL,"{""P47658"": 116}"
SLHLETEXL,"{""P47658"": 4}"
SLHRNLNPX,"{""P47311"": 24}"
SLHXNLNPX,"{""P47311"": 4}"
SIXXXXXXX,"{""P47368"": 22, ""P47696"": 116, ""P47412"": 102, ""P47561"": 579, ""Q49310"": 563, ""P47276"": 23, ""Q49404"": 121, ""P47435"": 129, ""P47480"": 30, ""Q49434"": 111, ""P47587"": 38}"
SIXXQLXXQ,"{""P47587"": 46}"
SIXXQLXXX,"{""P47587"": 17}"
SIXXQLKXX,"{""P47587"": 2}"
SIXXQLKXQ,"{""P47587"": 4}"
SIXXQLKKQ,"{""P47587"": 1}"
SIXXRXXXX,"{""P47561"": 3}"
SIXXRXRNM,"{""P47561"": 1}"
SIXQIVLTL,"{""P47435"": 466}"
SIXQLIFEC,"{""Q49404"": 471}"
SIXQLIFEX,"{""Q49404"": 14}"
SIXIXXXXX,"{""P47480"": 57}"
SIXIXGFRP,"{""P47480"": 19}"
SIXIXGFXP,"{""P47480"": 4}"
SIXIDPSXV,"{""P47412"": 429}"
SIXIDPSXX,"{""P47412"": 69}"
SIXIDPSKV,"{""P47412"": 18}"
SIXILAITD,"{""P47328"": 8}"
SIXIKGFRP,"{""P47480"": 3}"
SIXLVIDLL,"{""P47696"": 464}"
SIXLAHGRF,"{""P47266"": 2}"
SIXLAHGXF,"{""P47266"": 1}"
SIXEDXPIX,"{""P47276"": 89}"
SIXEDXPIK,"{""P47276"": 6}"
SIXEDXXXX,"{""P47276"": 12}"
SIXEDKPIK,"{""P47276"": 1}"
SIXEDKPIX,"{""P47276"": 3}"
SIXFGXLXP,"{""P47345"": 3}"
SIXFGYLXP,"{""P47345"": 26}"
SIXFGYLXX,"{""P47345"": 3}"
SIXFGYLKP,"{""P47345"": 2}"
SIXAXXXXX,"{""P47368"": 81}"
SIXAXASDA,"{""P47368"": 19}"
SIXALDLEN,"{""P47278"": 3}"
SIXAKASDA,"{""P47368"": 1}"
SIXDLFADM,"{""P47321"": 11}"
SIXRXXXNM,"{""P47561"": 1}"
SIXRXXXXX,"{""P47561"": 3}"
SIXRXXRNM,"{""P47561"": 2}"
SIXRRXXXX,"{""P47561"": 10}"
SIXRRXXNM,"{""P47561"": 1}"
SIXRRXRNM,"{""P47561"": 3}"
SIXKQLXXQ,"{""P47587"": 4}"
SIXKQLXXX,"{""P47587"": 1}"
SIXSFLDQN,"{""P47382"": 12}"
SIDLDSINQ,"{""P47285"": 625}"
SIDQTTVID,"{""P47564"": 38}"
SIDFLLXLE,"{""P47660"": 102}"
SIDFLLXXX,"{""P47660"": 22}"
SIDFLLKLE,"{""P47660"": 5}"
SIDILXNXT,"{""P47307"": 87}"
SIDILXNXX,"{""P47307"": 21}"
SIDILXNKT,"{""P47307"": 6}"
SIDILXXXX,"{""P47307"": 24}"
SIDILKNXT,"{""P47307"": 9}"
SIDILKNXX,"{""P47307"": 1}"
SIDILKNKT,"{""P47307"": 1}"
SIDNIEPNL,"{""P47573"": 120}"
SIDNTDSLX,"{""P47312"": 117}"
SIDNTDSLK,"{""P47312"": 6}"
SIGYLVVNN,"{""P47540"": 124}"
SIGYQNLXI,"{""P47606"": 83}"
SIGYQNLXX,"{""P47606"": 22}"
SIGYQNLKI,"{""P47606"": 7}"
SIGNVDGFE,"{""P47343"": 122}"
SIGIDLNXX,"{""P47581"": 105}"
SIGIDLNXL,"{""P47581"": 21}"
SIGIDLNKL,"{""P47581"": 3}"
SIGIFYXXF,"{""P47379"": 1}"
SIGIFYXCF,"{""P47379"": 10}"
SIGIFYRCF,"{""P47379"": 23}"
SIGIFXRCF,"{""P47379"": 1}"
SIGSSVFGS,"{""P47366"": 25}"
SIGXLVVNN,"{""P47540"": 1}"
SIGXQNLXI,"{""P47606"": 3}"
SIGXQNLXX,"{""P47606"": 1}"
SIPLTSNVG,"{""P47576"": 28}"
SIPLTIPFT,"{""P47496"": 107}"
SIPLFXXXX,"{""P47260"": 19}"
SIPLFXENQ,"{""P47260"": 118}"
SIPLFKENQ,"{""P47260"": 5}"
SIPLVLREI,"{""P47368"": 19}"
SIPLVLXEI,"{""P47368"": 3}"
SIPXXXXXX,"{""Q49460"": 97}"
SIPXQITQL,"{""Q49460"": 2}"
SIPFFNSXL,"{""P47545"": 90}"
SIPFFNSXX,"{""P47545"": 23}"
SIPFFNSKL,"{""P47545"": 5}"
SIPGQHGNX,"{""P47553"": 2}"
SIPGQHGNR,"{""P47553"": 16}"
SIISDAYTS,"{""Q49402"": 531}"
SIISDAXTS,"{""Q49402"": 31}"
SIIYNPNLE,"{""P47311"": 529}"
SIIENFFVE,"{""P47551"": 130}"
SIIXNPNLE,"{""P47311"": 37}"
SIIVFCDTX,"{""P47664"": 106}"
SIIVFCDTK,"{""P47664"": 2}"
SIIVFXDTX,"{""P47664"": 9}"
SIIASESQL,"{""P47609"": 123}"
SIINLMSLG,"{""P47287"": 28}"
SIINDYDLI,"{""P47688"": 112}"
SIINDXDLI,"{""P47688"": 4}"
SIIGFNDNA,"{""P47325"": 149}"
SISVLXISA,"{""P47624"": 107}"
SISVLXXXX,"{""P47624"": 16}"
SISVLKISA,"{""P47624"": 3}"
SISXQNNQT,"{""P47534"": 512}"
SISXGYASL,"{""P47384"": 105}"
SISXGXASL,"{""P47384"": 6}"
SISXXXXXX,"{""Q49426"": 16, ""P47534"": 106, ""P47384"": 18}"
SISXLSEES,"{""Q49426"": 100}"
SISKQNNQT,"{""P47534"": 26}"
SISKGXASL,"{""P47384"": 1}"
SISKGYASL,"{""P47384"": 4}"
SISKLSEES,"{""Q49426"": 5}"
SISSMLGID,"{""Q49425"": 23}"
SISLANELE,"{""P47250"": 1}"
SIEYDPNRS,"{""P47400"": 22}"
SIEYDPNXS,"{""P47400"": 9}"
SIEXQXXTE,"{""P47484"": 55}"
SIEXQXXXX,"{""P47484"": 29}"
SIEXQXKTE,"{""P47484"": 2}"
SIEXQKXXX,"{""P47484"": 2}"
SIEXQKXTE,"{""P47484"": 2}"
SIEXXXXXX,"{""P47484"": 18}"
SIEXDPNRS,"{""P47400"": 1}"
SIELXXXXX,"{""P47342"": 83}"
SIELXNFDL,"{""P47342"": 26}"
SIELKNFDL,"{""P47342"": 3}"
SIEQLNXTX,"{""P47702"": 101}"
SIEQLNXTK,"{""P47702"": 5}"
SIEQLNXXX,"{""P47702"": 26}"
SIEQLNKTX,"{""P47702"": 6}"
SIEQLNKTK,"{""P47702"": 1}"
SIENASNDN,"{""P47354"": 133}"
SIEKQXXTE,"{""P47484"": 4}"
SIEKQXXXX,"{""P47484"": 3}"
SIEKQXKTE,"{""P47484"": 1}"
SITATQMLD,"{""P47458"": 596}"
SITAILPYY,"{""P47304"": 4}"
SITAILPYX,"{""P47304"": 1}"
SITTVFCDX,"{""Q49416"": 128}"
SITTVFCDK,"{""Q49416"": 3}"
SITTVFXDX,"{""Q49416"": 6}"
SITTVFXDK,"{""Q49416"": 1}"
SITTVQNAQ,"{""P47582"": 109}"
SITINQLLH,"{""P47606"": 136}"
SITLISLIE,"{""P47696"": 127}"
SITLLFLLL,"{""P47427"": 31}"
SITEDPNYH,"{""P47563"": 110}"
SITEDPNXH,"{""P47563"": 6}"
SITRSVEYX,"{""Q49398"": 24}"
SITRSVEYK,"{""Q49398"": 1}"
SITRSVEXX,"{""Q49398"": 2}"
SITXSVEYX,"{""Q49398"": 12}"
SITYQNEWX,"{""P47489"": 2}"
SITYQNEWY,"{""P47489"": 3}"
SILNQAQEE,"{""P47516"": 649}"
SILNXVEXT,"{""Q49329"": 85}"
SILNXVEXX,"{""Q49329"": 20}"
SILNXVEKT,"{""Q49329"": 1}"
SILNXXXXX,"{""Q49329"": 20}"
SILNKVEXT,"{""Q49329"": 1}"
SILFAVPAA,"{""Q49460"": 639}"
SILFNCLXV,"{""P47253"": 82}"
SILFNCLXX,"{""P47253"": 33}"
SILFNCLKV,"{""P47253"": 4}"
SILFNLLSD,"{""P47321"": 130}"
SILFNXLXV,"{""P47253"": 6}"
SILASEHSV,"{""P47283"": 644}"
SILSSVVLI,"{""P47366"": 139}"
SILSNANLW,"{""P47307"": 128}"
SINLANAVV,"{""P47588"": 646}"
SINLVVENI,"{""P47637"": 27}"
SINTNSAID,"{""P47658"": 114}"
SINIDPVLI,"{""P47380"": 119}"
SINPDEVVA,"{""P47547"": 137}"
SINPNXXXX,"{""P47355"": 100}"
SINPNXERE,"{""P47355"": 14}"
SINPNXEXE,"{""P47355"": 6}"
SIFQQISNN,"{""P47703"": 618}"
SIFQEDLVX,"{""Q49460"": 587}"
SIFQEDLVK,"{""Q49460"": 28}"
SIFGTIQSQ,"{""P47265"": 662}"
SIFDVLQMS,"{""P47660"": 139}"
SIFEDWLFA,"{""P47510"": 601}"
SIFARLTXX,"{""P47460"": 85}"
SIFARLTXF,"{""P47460"": 30}"
SIFARLTKF,"{""P47460"": 2}"
SIFAXLTXX,"{""P47460"": 28}"
SIFAXLTXF,"{""P47460"": 3}"
SIFAXLTKF,"{""P47460"": 1}"
SIFXDTTIT,"{""P47655"": 99}"
SIFXXXXXX,"{""P47655"": 15}"
SIFKDTTIT,"{""P47655"": 8}"
SIATNXXXX,"{""P47314"": 147}"
SIATNXSNY,"{""P47314"": 439}"
SIATNXSNX,"{""P47314"": 27}"
SIATNKSNY,"{""P47314"": 25}"
SIATNKSNX,"{""P47314"": 1}"
SIATELNLW,"{""P47699"": 169}"
SIAEISQAS,"{""P47324"": 125}"
SIAEALDXX,"{""P47481"": 104}"
SIAEALDXK,"{""P47481"": 3}"
SIAEALDKX,"{""P47481"": 2}"
SIAEALDKK,"{""P47481"": 1}"
SIAPDGFAN,"{""P22747"": 129}"
SIAXLWXXX,"{""P47425"": 111}"
SIAXLWKXX,"{""P47425"": 8}"
SIAXLQXPI,"{""P47617"": 72}"
SIAXLQXXX,"{""P47617"": 24}"
SIAXLQKPI,"{""P47617"": 2}"
SIAXEIXXS,"{""P47698"": 60}"
SIAXEIXXX,"{""P47698"": 18}"
SIAXEIXKS,"{""P47698"": 2}"
SIAXEIKXX,"{""P47698"": 1}"
SIAXXXXXX,"{""P47425"": 23, ""P47617"": 14, ""P47698"": 18}"
SIANFXXXX,"{""P47255"": 15}"
SIANFXLIN,"{""P47255"": 92}"
SIANFKLIN,"{""P47255"": 6}"
SIAKLWXXX,"{""P47425"": 7}"
SIAKLQXPI,"{""P47617"": 2}"
SIAKLQXXX,"{""P47617"": 1}"
SIAKEIXXX,"{""P47698"": 2}"
SIAKEIXXS,"{""P47698"": 2}"
SIAGFETLG,"{""P47695"": 1}"
SIVFDHNLN,"{""P47284"": 634}"
SIVFYXRXD,"{""P47247"": 4}"
SIVFYYRXD,"{""P47247"": 18}"
SIVFYYRXX,"{""P47247"": 3}"
SIVFYYXKD,"{""P47247"": 1}"
SIVFYYXXD,"{""P47247"": 10}"
SIVEQPWFI,"{""Q49417"": 603}"
SIVDLYDLX,"{""P47496"": 576}"
SIVDLYDLK,"{""P47496"": 20}"
SIVDLXDLX,"{""P47496"": 29}"
SIVDLXDLK,"{""P47496"": 1}"
SIVINEQQI,"{""P47696"": 127}"
SIVSFFNWM,"{""Q49419"": 140}"
SIKQLIFEC,"{""Q49404"": 14}"
SIKQLIFEX,"{""Q49404"": 2}"
SIKQIVLTL,"{""P47435"": 16}"
SIKIDPSXV,"{""P47412"": 16}"
SIKIDPSXX,"{""P47412"": 5}"
SIKIDPSKV,"{""P47412"": 2}"
SIKIXXXXX,"{""P47480"": 2}"
SIKLVIDLL,"{""P47696"": 17}"
SIKAXASDA,"{""P47368"": 4}"
SIKAXXXXX,"{""P47368"": 2}"
SIKXQLKXQ,"{""P47587"": 1}"
SIKXQLXXX,"{""P47587"": 2}"
SIKXQLXXQ,"{""P47587"": 1}"
SIKEDXPIX,"{""P47276"": 3}"
SIKEDKPIX,"{""P47276"": 1}"
SIKRRXXXX,"{""P47561"": 1}"
SIHTXXXXX,"{""P47495"": 93}"
SIHTXLNVR,"{""P47495"": 8}"
SIHTXLNVX,"{""P47495"": 4}"
SIHTKLNVR,"{""P47495"": 2}"
SIHQNQRLX,"{""Q49412"": 29}"
SIHQNQRLK,"{""Q49412"": 2}"
SIHQNQXLX,"{""Q49412"": 7}"
SIQTTVMDH,"{""P47441"": 134}"
SIRFGYLXP,"{""P47345"": 87}"
SIRFGYLXX,"{""P47345"": 16}"
SIRFGYLKP,"{""P47345"": 6}"
SIRFGXLXP,"{""P47345"": 6}"
SIRFGXLXX,"{""P47345"": 1}"
SIRILAITD,"{""P47328"": 35}"
SIRSFLDQN,"{""P47382"": 23}"
SIRDLFADM,"{""P47321"": 28}"
SIYLAHGXF,"{""P47266"": 10}"
SIYLAHGRF,"{""P47266"": 20}"
SIYALDLEN,"{""P47278"": 98}"
STVETVFTV,"{""P47249"": 617}"
STVEEDPNI,"{""Q49413"": 120}"
STVXXXXXX,"{""P47695"": 17, ""P22747"": 31}"
STVXINSLI,"{""P22747"": 96}"
STVXFTNIA,"{""P47695"": 104}"
STVVDSPFM,"{""P47337"": 118}"
STVDLMNQL,"{""P47342"": 144}"
STVQFXXXX,"{""Q49436"": 19}"
STVQFXGTA,"{""Q49436"": 106}"
STVQFKGTA,"{""Q49436"": 1}"
STVKFTNIA,"{""P47695"": 6}"
STVKINSLI,"{""P22747"": 2}"
STGQLPXFX,"{""P47251"": 505}"
STGQLPXFK,"{""P47251"": 17}"
STGQLPXXX,"{""P47251"": 109}"
STGQLPKFX,"{""P47251"": 22}"
STGXTLFVL,"{""P47660"": 85}"
STGXXXXXX,"{""P47660"": 25}"
STGTQVXIT,"{""Q49460"": 98}"
STGTQVXXX,"{""Q49460"": 25}"
STGTQVKIT,"{""Q49460"": 4}"
STGKTLFVL,"{""P47660"": 1}"
STSLRDQXL,"{""P47330"": 88}"
STSLRDQXX,"{""P47330"": 20}"
STSLRDQKL,"{""P47330"": 5}"
STSLXDQXL,"{""P47330"": 23}"
STSLXDQXX,"{""P47330"": 3}"
STSLXDQKL,"{""P47330"": 2}"
STSXVQSNN,"{""Q49404"": 501}"
STSXXXXXX,"{""Q49404"": 123}"
STSEVEGXY,"{""P47335"": 86}"
STSEVEGXX,"{""P47335"": 22}"
STSEVEGKY,"{""P47335"": 7}"
STSKVQSNN,"{""Q49404"": 20}"
STSWTVGIL,"{""P47435"": 5}"
STQTNQXFS,"{""P47549"": 505}"
STQTNQXXX,"{""P47549"": 116}"
STQTNQKFS,"{""P47549"": 28}"
STQASVMDX,"{""P47246"": 7}"
STQASVMDC,"{""P47246"": 126}"
STNPYXLTS,"{""P47690"": 107}"
STNPYXXXX,"{""P47690"": 14}"
STNPYKLTS,"{""P47690"": 4}"
STNPXXLTS,"{""P47690"": 5}"
STNPXXXXX,"{""P47690"": 1}"
STNPXKLTS,"{""P47690"": 1}"
STNNTSLDP,"{""Q49409"": 118}"
STNFTVVVX,"{""P47322"": 108}"
STNFTVVVK,"{""P47322"": 3}"
STAXVTVAN,"{""P47275"": 474}"
STAXXXXXX,"{""P47275"": 122}"
STAANLYVQ,"{""P47522"": 145}"
STAANLXVQ,"{""P47522"": 6}"
STAKVTVAN,"{""P47275"": 28}"
STLIDLASD,"{""P47562"": 145}"
STLINFLHN,"{""P47627"": 138}"
STLISXLSN,"{""P47624"": 113}"
STLISXXXX,"{""P47624"": 15}"
STLISKLSN,"{""P47624"": 6}"
STLVNHFNG,"{""P47426"": 110}"
STLVXALLD,"{""P47353"": 89}"
STLVXLLGG,"{""P47546"": 128}"
STLVXXXXX,"{""P47353"": 29, ""P47546"": 15}"
STLVKLLGG,"{""P47546"": 4}"
STLVKALLD,"{""P47353"": 4}"
STLTVXVXX,"{""P47653"": 378}"
STLTVXVXI,"{""P47653"": 98}"
STLTVXVKI,"{""P47653"": 11}"
STLTVXXXX,"{""P47653"": 119}"
STLTVKVXX,"{""P47653"": 13}"
STLTVKVXI,"{""P47653"": 1}"
STLTSILFG,"{""P47365"": 131}"
STLFNRLIQ,"{""P47571"": 36}"
STLFNXLIQ,"{""P47571"": 8}"
STLFSAITN,"{""P47270"": 28}"
STLXVNSLG,"{""P47321"": 102}"
STLXXXXXX,"{""P47321"": 28}"
STLKVNSLG,"{""P47321"": 7}"
STLSDRLLE,"{""P47384"": 15}"
STLSDXLLE,"{""P47384"": 2}"
STTGXXXXX,"{""P47326"": 87}"
STTGXXLIX,"{""P47326"": 1}"
STTGXCLIR,"{""P47326"": 20}"
STTGXCLIX,"{""P47326"": 6}"
STTGKCLIR,"{""P47326"": 4}"
STTDFXXXX,"{""P47446"": 16}"
STTDFXSES,"{""P47446"": 98}"
STTDFKSES,"{""P47446"": 3}"
STIFPEFVG,"{""P47401"": 654}"
STISXLLTG,"{""P47425"": 89}"
STISXXXXX,"{""P47425"": 22}"
STISKLLTG,"{""P47425"": 4}"
STIAIGGTT,"{""P47307"": 162}"
STIXXXXXX,"{""P47640"": 26}"
STIXITNAM,"{""P47640"": 97}"
STIINLLMX,"{""P47261"": 120}"
STIINLLMK,"{""P47261"": 7}"
STIELLEDA,"{""P47394"": 137}"
STIVFFEAV,"{""P47302"": 31}"
STIKITNAM,"{""P47640"": 5}"
STYXDVYQA,"{""Q49405"": 93}"
STYXDVXQA,"{""Q49405"": 7}"
STYXXXXXX,"{""Q49405"": 15}"
STYKDVYQA,"{""Q49405"": 6}"
STDVFXXXX,"{""P47551"": 14}"
STDVFXGEY,"{""P47551"": 83}"
STDVFXGEX,"{""P47551"": 8}"
STDVFKGEY,"{""P47551"": 3}"
STDLXXXXX,"{""Q49460"": 95}"
STDLXQHTD,"{""Q49460"": 3}"
STDTIIMSS,"{""P47385"": 130}"
STDXNXVMI,"{""P47502"": 94}"
STDXNXXXX,"{""P47502"": 14}"
STDXNKVMI,"{""P47502"": 1}"
STDXXXXXX,"{""P47502"": 10}"
STDKNXVMI,"{""P47502"": 7}"
STDKNXXXX,"{""P47502"": 1}"
STXQTXPXQ,"{""P47461"": 44}"
STXQTXPXX,"{""P47461"": 9}"
STXQTXPKQ,"{""P47461"": 5}"
STXQTXXXX,"{""P47461"": 16}"
STXQTKPXX,"{""P47461"": 1}"
STXQTKPXQ,"{""P47461"": 1}"
STXQKRHLX,"{""P47439"": 1}"
STXQKRHLR,"{""P47439"": 1}"
STXQXXXXX,"{""P47439"": 79}"
STXQXXHLR,"{""P47439"": 2}"
STXQXRHLR,"{""P47439"": 3}"
STXIVDSIL,"{""P47321"": 90}"
STXXXXXXX,"{""P47439"": 23, ""P47321"": 26, ""P47246"": 35, ""Q49460"": 16, ""P47461"": 19, ""Q49405"": 2}"
STXXLNXVA,"{""P47246"": 55}"
STXXLNXXX,"{""P47246"": 13}"
STXXLNKVA,"{""P47246"": 4}"
STXXDVYQA,"{""Q49405"": 2}"
STXFPIYPX,"{""Q49460"": 80}"
STXFPIYPK,"{""Q49460"": 6}"
STXFPIXPX,"{""Q49460"": 1}"
STXLGCNEC,"{""P47567"": 34}"
STXLGCNEX,"{""P47567"": 1}"
STXLGXNEC,"{""P47567"": 2}"
STXLVVXXX,"{""P47390"": 4}"
STXLVVXXQ,"{""P47390"": 6}"
STXLQVRFP,"{""P47250"": 2}"
STXLQVXFP,"{""P47250"": 1}"
STFLXILTG,"{""Q49430"": 18}"
STFLXXXXX,"{""Q49430"": 82}"
STFIXXXXX,"{""P47374"": 114}"
STFIXXLNX,"{""P47650"": 1}"
STFIXCLNX,"{""P47650"": 5}"
STFIRCLNX,"{""P47650"": 22}"
STFIRCLNK,"{""P47650"": 1}"
STFIRXLNX,"{""P47650"": 3}"
STFFYHXXX,"{""P47534"": 30}"
STFFYHXNX,"{""P47534"": 95}"
STFFYHXNK,"{""P47534"": 6}"
STFFYHKNK,"{""P47534"": 2}"
STFFYHKNX,"{""P47534"": 6}"
STFFXHXNX,"{""P47534"": 5}"
STRLGCNEC,"{""P47567"": 117}"
STRLGCNEX,"{""P47567"": 6}"
STRLGXNEC,"{""P47567"": 7}"
STRLQVRFP,"{""P47250"": 3}"
STRLVVXXQ,"{""P47390"": 11}"
STRLVVXXX,"{""P47390"": 6}"
STRLVVKXQ,"{""P47390"": 3}"
STRVGRFVS,"{""P47293"": 2}"
STRVGXFVS,"{""P47293"": 1}"
STENNQNXL,"{""P47466"": 91}"
STENNQNXX,"{""P47466"": 25}"
STENNQNKL,"{""P47466"": 6}"
STEVDDARI,"{""P47604"": 23}"
STEVDDAXI,"{""P47604"": 10}"
STMVDVSDX,"{""P47480"": 117}"
STMVDVSDK,"{""P47480"": 7}"
STMGTVTEI,"{""P47660"": 43}"
STMDPNIRX,"{""P47284"": 34}"
STMDPNIXX,"{""P47284"": 8}"
STMDPNIXK,"{""P47284"": 1}"
STWAMIDYL,"{""P47283"": 128}"
STWAMIDXL,"{""P47283"": 9}"
STPTNISSV,"{""P47286"": 37}"
STPEXLIRI,"{""P47604"": 4}"
STPEGAQDF,"{""P47282"": 3}"
STPERLIXI,"{""P47604"": 1}"
STPERLIRI,"{""P47604"": 4}"
STKQTXPXQ,"{""P47461"": 2}"
STKQXXXXX,"{""P47439"": 2}"
STKFPIYPX,"{""Q49460"": 4}"
STKIVDSIL,"{""P47321"": 2}"
STKXLNXXX,"{""P47246"": 1}"
STKXLNXVA,"{""P47246"": 1}"
SPFDSGSLP,"{""P47249"": 145}"
SPFFQVNED,"{""P47442"": 156}"
SPYIVSTFV,"{""P47299"": 110}"
SPGIYMLTX,"{""P47583"": 523}"
SPGIYMLTK,"{""P47583"": 26}"
SPGIXMLTX,"{""P47583"": 28}"
SPGIXMLTK,"{""P47583"": 1}"
SPGVXSXIA,"{""P47387"": 401}"
SPGVXSXXX,"{""P47387"": 82}"
SPGVXSKIA,"{""P47387"": 11}"
SPGVXXXXX,"{""P47387"": 93}"
SPGVKSXIA,"{""P47387"": 29}"
SPGVKSXXX,"{""P47387"": 7}"
SPGVKSKIA,"{""P47387"": 1}"
SPGLTSSPA,"{""P47285"": 122}"
SPHVDXXXX,"{""P47396"": 462}"
SPHVDXASR,"{""P47396"": 86}"
SPHVDXASX,"{""P47396"": 21}"
SPHVDKASR,"{""P47396"": 4}"
SPXQXXXXX,"{""P47393"": 80}"
SPXQXQLEV,"{""P47393"": 391}"
SPXQKQLEV,"{""P47393"": 24}"
SPXLLLVDE,"{""P47532"": 103}"
SPXLTESDI,"{""P47613"": 103}"
SPXXXXXXX,"{""P47393"": 99, ""P47390"": 29, ""P47613"": 30, ""P47532"": 24}"
SPXGVILYG,"{""P47695"": 26}"
SPXGVILXG,"{""P47695"": 1}"
SPXPQVXXX,"{""P47390"": 70}"
SPXPQVXST,"{""P47390"": 20}"
SPXPQVKST,"{""P47390"": 2}"
SPXWAIAFX,"{""P47496"": 8}"
SPXIVSTFV,"{""P47299"": 5}"
SPSFSANFD,"{""P47705"": 137}"
SPSFQNETL,"{""P47469"": 147}"
SPSVEQVNQ,"{""P47543"": 122}"
SPSQLXLIA,"{""P47371"": 98}"
SPSQLXXXX,"{""P47371"": 19}"
SPSQLKLIA,"{""P47371"": 6}"
SPIMRAPNL,"{""P47624"": 19}"
SPIMXAPNL,"{""P47624"": 5}"
SPIDFFDET,"{""Q49429"": 100}"
SPTALIWPG,"{""P47279"": 134}"
SPTPSYQFQ,"{""P47551"": 138}"
SPTPSXQFQ,"{""P47551"": 5}"
SPRGVILYG,"{""P47695"": 114}"
SPRGVILXG,"{""P47695"": 4}"
SPRWAIAFX,"{""P47496"": 19}"
SPRWAIAFK,"{""P47496"": 2}"
SPVELSXSL,"{""P47321"": 97}"
SPVELSXXX,"{""P47321"": 21}"
SPVELSKSL,"{""P47321"": 9}"
SPVGRDAPR,"{""P47400"": 16}"
SPVGRDAPX,"{""P47400"": 6}"
SPVGXDAPR,"{""P47400"": 10}"
SPVGXDAPX,"{""P47400"": 4}"
SPKQXQLEV,"{""P47393"": 14}"
SPKQXXXXX,"{""P47393"": 1}"
SPKQKQLEV,"{""P47393"": 3}"
SPKLLLVDE,"{""P47532"": 6}"
SPKLTESDI,"{""P47613"": 6}"
SPKPQVXXX,"{""P47390"": 7}"
SPNQLIEXQ,"{""Q49430"": 11}"
SPNQLIERQ,"{""Q49430"": 29}"
SPALHYNLN,"{""P47333"": 136}"
SPALHXNLN,"{""P47333"": 9}"
SPLVXNFIE,"{""P47553"": 99}"
SPLVXXXXX,"{""P47553"": 22}"
SPLVKNFIE,"{""P47553"": 4}"
SPLSIVDGS,"{""P47362"": 36}"
SPDENQFFN,"{""P47345"": 5}"
SQNPNVXFG,"{""P47249"": 26}"
SQNPNVXXX,"{""P47249"": 79}"
SQNDNLNIS,"{""P20796"": 626}"
SQNDTVFAF,"{""P47585"": 127}"
SQNTSNILH,"{""P47329"": 135}"
SQNLHNLER,"{""P47278"": 133}"
SQNLHNLEX,"{""P47278"": 20}"
SQNLHNLQL,"{""P47342"": 134}"
SQNGGQRFG,"{""P47583"": 24}"
SQNGGQXFG,"{""P47583"": 8}"
SQLDLXXXX,"{""P47317"": 465}"
SQLDLXTYY,"{""P47317"": 101}"
SQLDLXTYX,"{""P47317"": 6}"
SQLDLXTXY,"{""P47317"": 5}"
SQLDLXTXX,"{""P47317"": 1}"
SQLDLKTYY,"{""P47317"": 6}"
SQLILXXXX,"{""P47526"": 94}"
SQLILXHQA,"{""P47526"": 533}"
SQLILKHQA,"{""P47526"": 21}"
SQLWSXNTY,"{""P47635"": 116}"
SQLWSXNTX,"{""P47635"": 8}"
SQLWSXXXX,"{""P47635"": 15}"
SQLWSKNTY,"{""P47635"": 7}"
SQLELILNL,"{""P47321"": 121}"
SQLEXQVTP,"{""P47387"": 87}"
SQLEXXXXX,"{""P47387"": 19}"
SQLEKQVTP,"{""P47387"": 2}"
SQLLLXQLX,"{""P47386"": 100}"
SQLLLXXXX,"{""P47386"": 32}"
SQLLLKQLX,"{""P47386"": 4}"
SQLXXXXXX,"{""P47583"": 106}"
SQLXLSNSX,"{""P47583"": 8}"
SQLXLSNSR,"{""P47583"": 24}"
SQLNLILEG,"{""P47660"": 123}"
SQICGFINQ,"{""P47446"": 595}"
SQIVGIDLI,"{""P47507"": 604}"
SQIRSVLAT,"{""P47347"": 82}"
SQIQTVVNA,"{""P47389"": 650}"
SQIXGFINQ,"{""P47446"": 35}"
SQIXSVLAT,"{""P47347"": 28}"
SQIPHFVLF,"{""P47571"": 102}"
SQILVVRGQ,"{""P47481"": 1}"
SQIFSTAQD,"{""P47547"": 4}"
SQAIVXNKS,"{""P47576"": 10}"
SQAIVXNXS,"{""P47576"": 430}"
SQAIVXNXX,"{""P47576"": 94}"
SQAIVXXXX,"{""P47576"": 104}"
SQAIVKNXS,"{""P47576"": 16}"
SQAIVKNXX,"{""P47576"": 2}"
SQAIVKNKS,"{""P47576"": 1}"
SQAELEVXE,"{""P47246"": 504}"
SQAELEVXX,"{""P47246"": 111}"
SQAELEVKE,"{""P47246"": 27}"
SQAEQAIXX,"{""P47353"": 17}"
SQAEQAIXS,"{""P47353"": 121}"
SQAEQAIKS,"{""P47353"": 3}"
SQVYESLXX,"{""P47264"": 439}"
SQVYESLXN,"{""P47264"": 113}"
SQVYESLKN,"{""P47264"": 7}"
SQVVLNYSL,"{""P47293"": 39}"
SQVVLNXSL,"{""P47293"": 1}"
SQVDEIILD,"{""Q49429"": 23}"
SQVSAXSAS,"{""P47431"": 85}"
SQVSAXXXX,"{""P47431"": 14}"
SQVSAKSAS,"{""P47431"": 5}"
SQVRMIVAC,"{""P47428"": 134}"
SQVRMIVAX,"{""P47428"": 5}"
SQVXMIVAX,"{""P47428"": 4}"
SQVXMIVAC,"{""P47428"": 33}"
SQVXESLXX,"{""P47264"": 20}"
SQVXESLXN,"{""P47264"": 4}"
SQVGSGERA,"{""P47500"": 23}"
SQVGSGEXA,"{""P47500"": 10}"
SQXLIGFSD,"{""P47580"": 485}"
SQXLNXIKQ,"{""P47292"": 1}"
SQXLNXIXQ,"{""P47292"": 2}"
SQXLNXIXX,"{""P47292"": 2}"
SQXLNXXXX,"{""P47292"": 1}"
SQXLPNGFS,"{""P47341"": 8}"
SQXSYGIXX,"{""P47590"": 428}"
SQXSXGIXX,"{""P47590"": 20}"
SQXNLXXLN,"{""P47661"": 337}"
SQXNLXXXX,"{""P47661"": 142}"
SQXNLXKLN,"{""P47661"": 16}"
SQXNLKXLN,"{""P47661"": 10}"
SQXNLKXXX,"{""P47661"": 4}"
SQXNLKKLN,"{""P47661"": 2}"
SQXNXPXTL,"{""P47609"": 6}"
SQXNRPXTL,"{""P47609"": 11}"
SQXNRPXXX,"{""P47609"": 2}"
SQXXXXXXX,"{""P47590"": 154, ""P47580"": 113, ""P47609"": 78, ""P47661"": 93, ""P47307"": 44, ""P47677"": 13, ""Q49422"": 29}"
SQXXVSDLX,"{""P47307"": 69}"
SQXVPLLYP,"{""Q49422"": 80}"
SQXVPLLXP,"{""Q49422"": 4}"
SQXVVNFQY,"{""P47677"": 91}"
SQXVVNFQX,"{""P47677"": 5}"
SQXKVSDLX,"{""P47307"": 5}"
SQEVTSDNN,"{""P47580"": 124}"
SQEARELTR,"{""P47249"": 8}"
SQEARELTX,"{""P47249"": 1}"
SQEAXELTX,"{""P47249"": 1}"
SQEAXELTR,"{""P47249"": 2}"
SQQLFNQLI,"{""P47549"": 136}"
SQQERIEAL,"{""Q49434"": 4}"
SQQEXIEAL,"{""Q49434"": 3}"
SQMELSFDT,"{""P47431"": 634}"
SQCLNXIXQ,"{""P47292"": 71}"
SQCLNXIXX,"{""P47292"": 22}"
SQCLNXIKQ,"{""P47292"": 1}"
SQCLNXXXX,"{""P47292"": 25}"
SQCLNKIXQ,"{""P47292"": 4}"
SQKNLXXXX,"{""P47661"": 7}"
SQKNLXXLN,"{""P47661"": 24}"
SQKNRPXTL,"{""P47609"": 1}"
SQKNXPXTL,"{""P47609"": 1}"
SQKLIGFSD,"{""P47580"": 23}"
SQKSYGIXX,"{""P47590"": 23}"
SQKSXGIXX,"{""P47590"": 1}"
SQKVVNFQY,"{""P47677"": 9}"
SQKVPLLYP,"{""Q49422"": 2}"
SQKXXXXXX,"{""P47307"": 4}"
SQKXVSDLX,"{""P47307"": 6}"
SQDXSXEVD,"{""P47653"": 4}"
SQDXSYEVD,"{""P47653"": 104}"
SQDXXXXXX,"{""P47653"": 16}"
SQDKSYEVD,"{""P47653"": 3}"
SQHXINGLS,"{""P47264"": 511}"
SQHXXXXXX,"{""P47264"": 113}"
SQHKINGLS,"{""P47264"": 23}"
SQTIXXXXX,"{""P47443"": 87}"
SQTIXELLN,"{""P47443"": 23}"
SQTIKELLN,"{""P47443"": 1}"
SQTTXXXXX,"{""Q9ZB74"": 96}"
SQTTXWERI,"{""Q9ZB74"": 9}"
SQTTXWEXI,"{""Q9ZB74"": 1}"
SQTTKWEXI,"{""Q9ZB74"": 1}"
SQWIXWAQL,"{""Q49415"": 95}"
SQWIXXXXX,"{""Q49415"": 31}"
SQWIKWAQL,"{""Q49415"": 4}"
SQGSSDXXY,"{""P47580"": 73}"
SQGSSDXXX,"{""P47580"": 38}"
SQGSSDXKY,"{""P47580"": 5}"
SQGSSDKXY,"{""P47580"": 5}"
SQYLPNGFS,"{""P47341"": 104}"
SQFSNXDXA,"{""P47500"": 10}"
SQFSNXDXX,"{""P47500"": 1}"
SQFSNXDKA,"{""P47500"": 2}"
SQFSNRDXA,"{""P47500"": 16}"
SQFSNRDXX,"{""P47500"": 2}"
SGDSNDQFN,"{""P20796"": 136}"
SGDIDPAIV,"{""P47599"": 614}"
SGDIFLGVP,"{""P47469"": 664}"
SGDLNLXXX,"{""P47695"": 107}"
SGDLNLXRX,"{""P47695"": 23}"
SGDLNLKRX,"{""P47695"": 2}"
SGDDMIFFG,"{""P47540"": 124}"
SGDXTPDQI,"{""P47588"": 100}"
SGDXXXXXX,"{""P47588"": 26}"
SGDKTPDQI,"{""P47588"": 6}"
SGETEDTTI,"{""P47647"": 574}"
SGEQIVIPN,"{""P47265"": 130}"
SGEIMRHVQ,"{""Q49413"": 8}"
SGEIMXHVQ,"{""Q49413"": 2}"
SGLNLGGLX,"{""P47537"": 576}"
SGLNLGGLK,"{""P47537"": 4}"
SGLVAAMHI,"{""Q49408"": 127}"
SGLVYFDGV,"{""P47532"": 120}"
SGLVXFDGV,"{""P47532"": 2}"
SGLLLXIEX,"{""P35888"": 106}"
SGLLLXIEK,"{""P35888"": 4}"
SGLLLXXXX,"{""P35888"": 22}"
SGLLLKIEX,"{""P35888"": 2}"
SGLEXAGIX,"{""P47254"": 112}"
SGLEXAGIK,"{""P47254"": 6}"
SGLEXXXXX,"{""P47254"": 23}"
SGLEKAGIX,"{""P47254"": 2}"
SGLTFILVT,"{""P47288"": 36}"
SGLTRLGFE,"{""P47415"": 2}"
SGLTXLGFE,"{""P47415"": 1}"
SGXNSANEF,"{""P47331"": 3}"
SGXYLXXXX,"{""Q49434"": 63}"
SGXYLXSEE,"{""Q49434"": 23}"
SGXYSELAF,"{""P47520"": 4}"
SGXSAXIXE,"{""P47682"": 313}"
SGXSAXIXX,"{""P47682"": 74}"
SGXSAXIKE,"{""P47682"": 12}"
SGXSAXXXX,"{""P47682"": 73}"
SGXSAKIXE,"{""P47682"": 13}"
SGXSAKIXX,"{""P47682"": 2}"
SGXSSFQDF,"{""P47537"": 5}"
SGXXXXXXX,"{""P47300"": 93, ""P47682"": 105, ""P47388"": 25, ""Q49434"": 30}"
SGXXLXSEE,"{""Q49434"": 2}"
SGXXLXXXX,"{""Q49434"": 5}"
SGXXLYDXX,"{""P47443"": 1}"
SGXIXXXXX,"{""P47388"": 86}"
SGXIXXGNL,"{""P47388"": 3}"
SGXIXRGNL,"{""P47388"": 13}"
SGXIKXGNL,"{""P47388"": 1}"
SGXGXXXXX,"{""P47650"": 3}"
SGXGXSTFI,"{""P47650"": 3}"
SGXGKSTFI,"{""P47650"": 1}"
SGXGWPAFS,"{""P47686"": 7}"
SGXLPXSLX,"{""P47300"": 6}"
SGXLPRSLX,"{""P47300"": 17}"
SGXTLEPAL,"{""P47357"": 1}"
SGXTNSFLX,"{""Q49398"": 3}"
SGXFIPGIR,"{""P47416"": 2}"
SGXVARLNS,"{""P52271"": 4}"
SGINLMLEI,"{""P47353"": 112}"
SGIQHFSVN,"{""P47349"": 603}"
SGIHTLQEL,"{""P47423"": 578}"
SGIEQILVI,"{""P47691"": 127}"
SGIEIYPPL,"{""Q49405"": 131}"
SGIEIXPPL,"{""Q49405"": 1}"
SGIWXTTIE,"{""P47616"": 519}"
SGIWXXXXX,"{""P47616"": 90}"
SGIWKTTIE,"{""P47616"": 21}"
SGILHFTDP,"{""P47297"": 113}"
SGIGXSESA,"{""P47331"": 102}"
SGIGXXXXX,"{""P47331"": 22}"
SGIGKSESA,"{""P47331"": 6}"
SGCGXSTFI,"{""P47650"": 24}"
SGCGXXXXX,"{""P47650"": 90}"
SGCGWPAFS,"{""P47686"": 117}"
SGCGKSTFI,"{""P47650"": 1}"
SGCSSFQDF,"{""P47537"": 110}"
SGSYVXXXX,"{""P47335"": 106}"
SGSYVXNVR,"{""P47335"": 16}"
SGSYVXNVX,"{""P47335"": 7}"
SGSYVKNVR,"{""P47335"": 3}"
SGSYVKNVX,"{""P47335"": 1}"
SGSGXXXXX,"{""Q9ZB70"": 83}"
SGSGXTSLL,"{""Q9ZB70"": 29}"
SGSGKTSLL,"{""Q9ZB70"": 3}"
SGSXVXXXX,"{""P47335"": 2}"
SGVEHNAXL,"{""P47433"": 113}"
SGVEHNAXX,"{""P47433"": 21}"
SGVEHNAKL,"{""P47433"": 3}"
SGVGXSSLL,"{""P47532"": 109}"
SGVGXXXXX,"{""P47532"": 15}"
SGVGKSSLL,"{""P47532"": 6}"
SGVFNNQTN,"{""P47442"": 141}"
SGVSVIRLN,"{""P47458"": 4}"
SGMSILXXX,"{""Q49426"": 521}"
SGMSILXAL,"{""Q49426"": 26}"
SGMSILKAL,"{""Q49426"": 2}"
SGMPFERPI,"{""P47583"": 120}"
SGMPFEXPI,"{""P47583"": 29}"
SGMFAITGS,"{""P47599"": 27}"
SGWSTNSSN,"{""P47286"": 32}"
SGYXLYDXX,"{""P47443"": 60}"
SGYXLYDXV,"{""P47443"": 17}"
SGYXLXDXX,"{""P47443"": 10}"
SGYXLXDXV,"{""P47443"": 1}"
SGYXXXXXX,"{""P47443"": 23}"
SGYNSANEF,"{""P47331"": 89}"
SGYTNSFLX,"{""Q49398"": 116}"
SGYTNSFLK,"{""Q49398"": 7}"
SGYMTRXXX,"{""P47582"": 19}"
SGYMTRXLV,"{""P47582"": 7}"
SGYMTXXXX,"{""P47582"": 4}"
SGYMTXXLV,"{""P47582"": 3}"
SGYKLYDXV,"{""P47443"": 1}"
SGYKLYDXX,"{""P47443"": 4}"
SGTIQVTCX,"{""P47282"": 123}"
SGTIQVTCK,"{""P47282"": 6}"
SGTIQVTXX,"{""P47282"": 9}"
SGTIGFSYF,"{""P47332"": 5}"
SGTIGFSXF,"{""P47332"": 1}"
SGTVVEPML,"{""P47576"": 635}"
SGALMLYXG,"{""P47516"": 27}"
SGALMLYRG,"{""P47516"": 95}"
SGALMLXXG,"{""P47516"": 2}"
SGALMLXRG,"{""P47516"": 5}"
SGGSEASWX,"{""P47549"": 150}"
SGGSEASWK,"{""P47549"": 2}"
SGFWNAALI,"{""Q49415"": 134}"
SGFNGVTLI,"{""P47698"": 128}"
SGFNIDLKT,"{""P47688"": 8}"
SGFNIDLXT,"{""P47688"": 101}"
SGFNIDLXX,"{""P47688"": 20}"
SGFDVASLQ,"{""P47444"": 138}"
SGFIXANLF,"{""P47691"": 108}"
SGFIXXXXX,"{""P47691"": 17}"
SGFIKANLF,"{""P47691"": 5}"
SGNLGFXLF,"{""P47523"": 513}"
SGNLGFXXX,"{""P47523"": 103}"
SGNLGFKLF,"{""P47523"": 24}"
SGNASNEDL,"{""P47310"": 41}"
SGNDFYQFE,"{""P47484"": 130}"
SGNDFXQFE,"{""P47484"": 8}"
SGKSAXIXX,"{""P47682"": 4}"
SGKSAXIXE,"{""P47682"": 23}"
SGKSAXXXX,"{""P47682"": 2}"
SGKIXRGNL,"{""P47388"": 1}"
SGKIXXXXX,"{""P47388"": 1}"
SGKYLXSEE,"{""Q49434"": 1}"
SGKYLXXXX,"{""Q49434"": 3}"
SGKXLXSEE,"{""Q49434"": 1}"
SGKLPRSLX,"{""P47300"": 2}"
SGPNLNWXY,"{""P47661"": 118}"
SGPNLNWXX,"{""P47661"": 26}"
SGPNLNWKY,"{""P47661"": 5}"
SGHYEKLNN,"{""P47549"": 5}"
SGHYEXLNN,"{""P47549"": 109}"
SGHYEXXXX,"{""P47549"": 11}"
SGHXEXLNN,"{""P47549"": 4}"
SGQIXRXHA,"{""P47439"": 11}"
SGQIXRXXX,"{""P47439"": 1}"
SGQIXXXXX,"{""P47439"": 94}"
SGQIXXXHA,"{""P47439"": 3}"
SGQIXXKHA,"{""P47439"": 1}"
SGQIKRXXX,"{""P47439"": 1}"
SGRYSELAF,"{""P47520"": 19}"
SGRFIPGIR,"{""P47416"": 9}"
SGRXSELAF,"{""P47520"": 2}"
SGRVARLNS,"{""P52271"": 1}"
SXLEQHLTN,"{""P47303"": 109}"
SXLELDNIF,"{""P47637"": 91}"
SXLLITSEL,"{""Q49404"": 92}"
SXLXEIXQT,"{""P47325"": 73}"
SXLXEIXXX,"{""P47325"": 11}"
SXLXEIKQT,"{""P47325"": 5}"
SXLXELSFL,"{""P47445"": 5}"
SXLXXXXXX,"{""P47325"": 10, ""P47445"": 4}"
SXLFSXEVX,"{""P47445"": 69}"
SXLFSXXXX,"{""P47445"": 16}"
SXLFSKEVX,"{""P47445"": 4}"
SXLFWNDQN,"{""P52271"": 41}"
SXLFIPLLV,"{""P47653"": 20}"
SXLDNALYS,"{""P47459"": 86}"
SXLDNALXS,"{""P47459"": 3}"
SXLDLXNDL,"{""P47372"": 4}"
SXLDLXXXX,"{""P47372"": 3}"
SXLIDTNLY,"{""P47655"": 109}"
SXLIDTNLX,"{""P47655"": 3}"
SXLKEIXQT,"{""P47325"": 4}"
SXLKEIXXX,"{""P47325"": 1}"
SXLWFLVPN,"{""P47248"": 108}"
SXLYEYFRX,"{""P47460"": 2}"
SXLNQMGEL,"{""P47399"": 3}"
SXLSQIGLS,"{""P47678"": 3}"
SXSGDDMIF,"{""P47540"": 489}"
SXSLQEQXT,"{""P47551"": 426}"
SXSLQEQXX,"{""P47551"": 73}"
SXSLQEQKT,"{""P47551"": 17}"
SXSFIFWMN,"{""P47277"": 109}"
SXSFRQIAT,"{""P47348"": 97}"
SXSFXQIAT,"{""P47348"": 28}"
SXSFAVSET,"{""Q49426"": 5}"
SXSSEDYRX,"{""P47582"": 10}"
SXSSEDYXX,"{""P47582"": 5}"
SXSSEDXRX,"{""P47582"": 1}"
SXSADFELM,"{""P47460"": 96}"
SXSAXLFVI,"{""P47464"": 23}"
SXSAXXXXX,"{""P47464"": 6}"
SXSAKLFVI,"{""P47464"": 2}"
SXSNYFNTA,"{""Q49403"": 104}"
SXSNGLQQA,"{""P47318"": 26}"
SXSNXFNTA,"{""Q49403"": 4}"
SXSPALHYN,"{""P47333"": 101}"
SXSPALHXN,"{""P47333"": 6}"
SXSPIDFFD,"{""Q49429"": 87}"
SXSXPPXXN,"{""P47705"": 48}"
SXSXPPXXX,"{""P47705"": 24}"
SXSXPPXKN,"{""P47705"": 1}"
SXSXPPKXN,"{""P47705"": 4}"
SXSXPPKXX,"{""P47705"": 1}"
SXSXPPKKN,"{""P47705"": 1}"
SXSXSPIDF,"{""Q49429"": 96}"
SXSXXXXXX,"{""Q49429"": 15, ""P47705"": 9}"
SXSEARRLI,"{""P47693"": 5}"
SXSEARXLI,"{""P47693"": 2}"
SXSEAXXLI,"{""P47693"": 1}"
SXSVXDIXX,"{""Q49426"": 4}"
SXSVXXXXX,"{""Q49426"": 3}"
SXSVKDIXX,"{""Q49426"": 1}"
SXSKSPIDF,"{""Q49429"": 4}"
SXSKPPXXX,"{""P47705"": 1}"
SXSKPPXXN,"{""P47705"": 1}"
SXXXXXXXX,"{""P47265"": 506, ""P47328"": 88, ""P47471"": 92, ""P47571"": 97, ""P47619"": 98, ""P47348"": 479, ""P47393"": 612, ""Q49419"": 122, ""P47418"": 138, ""P47587"": 446, ""P47693"": 111, ""Q49403"": 459, ""P47610"": 123, ""P47442"": 478, ""P47678"": 23, ""P47394"": 21, ""P13927"": 111, ""P47576"": 446, ""P47277"": 52, ""P47415"": 101, ""P47485"": 10, ""P47653"": 193, ""Q9ZB73"": 21, ""P47303"": 458, ""P47508"": 143, ""Q49404"": 21, ""P47250"": 461, ""P47408"": 100, ""Q49429"": 60, ""P47384"": 80, ""P47465"": 91, ""P47679"": 96, ""Q9ZB71"": 117, ""P47459"": 26, ""P47585"": 214, ""P47606"": 127, ""P47614"": 32, ""Q49422"": 23, ""P47460"": 114, ""P47251"": 108, ""P47660"": 33, ""P47269"": 34, ""P47295"": 83, ""P47520"": 127, ""P47529"": 28, ""P47282"": 192, ""P47323"": 139, ""P47502"": 132, ""P47551"": 107, ""P47549"": 54, ""P47582"": 85, ""Q9ZB74"": 109, ""P47481"": 130, ""P47623"": 19, ""P47256"": 104, ""P47455"": 17, ""P47563"": 86, ""P47395"": 16, ""Q49431"": 86, ""P47666"": 15, ""P47301"": 25, ""P47637"": 29, ""P47491"": 57, ""P47248"": 17, ""Q49408"": 32, ""P47387"": 27, ""P47597"": 22, ""Q49399"": 16, ""P47261"": 20, ""P47351"": 16, ""P47540"": 96, ""P47310"": 20, ""P47325"": 20, ""P47667"": 29, ""P47662"": 32, ""P47474"": 16, ""P47677"": 26, ""P47461"": 35, ""P47266"": 23, ""Q49397"": 24, ""P55750"": 16, ""P47291"": 21, ""P47353"": 16, ""P47304"": 13, ""P47445"": 17, ""P47286"": 24, ""P47333"": 15, ""P47651"": 25, ""P47341"": 20, ""P47583"": 26, ""P47655"": 12, ""P47705"": 33, ""P47505"": 10, ""P47257"": 8, ""P47609"": 3, ""P47561"": 1, ""P47493"": 6}"
SXXXHVATG,"{""Q49431"": 4}"
SXXXQXNIT,"{""P47491"": 50}"
SXXXQXXXX,"{""P47491"": 6}"
SXXXQQQIV,"{""P47265"": 27}"
SXXXQKNIT,"{""P47491"": 3}"
SXXXAWTAL,"{""P47282"": 15}"
SXXSRAVNY,"{""P47256"": 2}"
SXXSLEXXX,"{""P47667"": 4}"
SXXSLEXQN,"{""P47667"": 1}"
SXXNIASNT,"{""P47583"": 79}"
SXXNXPLLX,"{""P47622"": 6}"
SXXNXXXXX,"{""P47622"": 1}"
SXXNFHEVS,"{""P47505"": 4}"
SXXVNYLLV,"{""P47585"": 383}"
SXXVNXLLV,"{""P47585"": 27}"
SXXVDFLXT,"{""P47257"": 25}"
SXXVDFLXX,"{""P47257"": 3}"
SXXVDFLKT,"{""P47257"": 1}"
SXXLIEIAQ,"{""P47269"": 89}"
SXXLFIXGV,"{""P47653"": 345}"
SXXLFIXXX,"{""P47653"": 64}"
SXXLFIKGV,"{""P47653"": 22}"
SXXLSLVDX,"{""P47252"": 2}"
SXXLGFSLL,"{""P47553"": 2}"
SXXRQQQIV,"{""P47265"": 76}"
SXXIIXALX,"{""P47481"": 21}"
SXXIIXXXX,"{""P47481"": 3}"
SXXIIKALX,"{""P47481"": 2}"
SXXAIIIAE,"{""Q9ZB71"": 31}"
SXXPSTVXG,"{""P47328"": 5}"
SXXPSTVXX,"{""P47328"": 1}"
SXXPHNVVL,"{""P47353"": 5}"
SXXENKVMV,"{""P47609"": 1}"
SXXENXVMV,"{""P47609"": 2}"
SXXKQXNIT,"{""P47491"": 1}"
SXNXXXXXX,"{""P47481"": 89, ""P47394"": 27}"
SXNXDHISX,"{""P47394"": 81}"
SXNXETEFD,"{""P47481"": 408}"
SXNXSLXDV,"{""P47614"": 4}"
SXNGSSSTS,"{""P47549"": 96}"
SXNGEYDQA,"{""P47280"": 5}"
SXNITIQHY,"{""Q49399"": 122}"
SXNITIQHX,"{""Q49399"": 6}"
SXNIPINNF,"{""Q49428"": 39}"
SXNNVMFVE,"{""P47585"": 80}"
SXNNPVLIG,"{""P47597"": 88}"
SXNFNLNLD,"{""P47529"": 84}"
SXNFWDLGL,"{""P47534"": 3}"
SXNAVILHX,"{""P55750"": 102}"
SXNAVILHK,"{""P55750"": 1}"
SXNARIRTX,"{""P47571"": 2}"
SXNAXIRTX,"{""P47571"": 2}"
SXNDGNYVV,"{""P47590"": 2}"
SXNKETEFD,"{""P47481"": 18}"
SXNSFSSVT,"{""P47277"": 104}"
SXNCSLXDV,"{""P47614"": 67}"
SXNCSLXXX,"{""P47614"": 7}"
SXNCSLKDV,"{""P47614"": 1}"
SXNPXXXXX,"{""Q49416"": 6}"
SXNPXQLTN,"{""Q49416"": 1}"
SXNHXSXXX,"{""P47415"": 5}"
SXNHXSXVV,"{""P47415"": 1}"
SXNHKSXXX,"{""P47415"": 1}"
SXTVTVMGH,"{""P47295"": 33}"
SXTXXYLES,"{""Q49429"": 59}"
SXTXXXXXX,"{""Q9ZB71"": 84, ""Q49429"": 26}"
SXTXXXLES,"{""Q49429"": 2}"
SXTXXGNTV,"{""P47619"": 2}"
SXTXCGNTV,"{""P47619"": 25}"
SXTXNRQXX,"{""Q9ZB71"": 10}"
SXTXNRQXL,"{""Q9ZB71"": 1}"
SXTXNXQXX,"{""Q9ZB71"": 2}"
SXTXNXQXL,"{""Q9ZB71"": 3}"
SXTXKYLES,"{""Q49429"": 3}"
SXTXKXLES,"{""Q49429"": 1}"
SXTDVDXIE,"{""P47460"": 414}"
SXTDVDXXX,"{""P47460"": 89}"
SXTDVDKIE,"{""P47460"": 25}"
SXTDVNDID,"{""P47606"": 5}"
SXTDYYGIY,"{""Q49422"": 78}"
SXTDYYGIX,"{""Q49422"": 4}"
SXTDYXGIY,"{""Q49422"": 7}"
SXTDYXGIX,"{""Q49422"": 1}"
SXTDXYGIY,"{""Q49422"": 5}"
SXTPVIXRA,"{""P47587"": 3}"
SXTPVIXXA,"{""P47587"": 2}"
SXTPVIYRA,"{""P47587"": 104}"
SXTPVIYXA,"{""P47587"": 27}"
SXTPPLIIE,"{""P47282"": 27}"
SXTYCGNTV,"{""P47619"": 462}"
SXTYXGNTV,"{""P47619"": 16}"
SXTLVENIX,"{""P47304"": 5}"
SXTLVENIC,"{""P47304"": 110}"
SXTNDIFYE,"{""P47266"": 106}"
SXTNDIFXE,"{""P47266"": 7}"
SXTSYSQVQ,"{""P47261"": 94}"
SXTSXSQVQ,"{""P47261"": 5}"
SXTAGFNLX,"{""P47653"": 27}"
SXTAFXANL,"{""P47588"": 33}"
SXTAFXXXX,"{""P47588"": 5}"
SXTAFKANL,"{""P47588"": 3}"
SXTAQYLSX,"{""P47660"": 13}"
SXTIEQAXQ,"{""P47429"": 11}"
SXTIEQAXX,"{""P47429"": 1}"
SXTKXYLES,"{""Q49429"": 1}"
SXQTNPTTX,"{""P47408"": 496}"
SXQTNPTTK,"{""P47408"": 19}"
SXQITNLFQ,"{""P47465"": 517}"
SXQIAQQPN,"{""Q49397"": 106}"
SXQMSTDQM,"{""P47291"": 104}"
SXQNLDXXN,"{""P47351"": 19}"
SXQNLDXXX,"{""P47351"": 64}"
SXQNLDKXX,"{""P47351"": 5}"
SXQVQQTXA,"{""P47461"": 88}"
SXQVQQTXX,"{""P47461"": 10}"
SXQVQQTKA,"{""P47461"": 5}"
SXQEHGANF,"{""P47317"": 10}"
SXQXFLDHD,"{""P47583"": 6}"
SXQANXEXX,"{""P47470"": 1}"
SXQANXEXD,"{""P47470"": 4}"
SXPPXXNXX,"{""P47705"": 58}"
SXPPXXNXK,"{""P47705"": 1}"
SXPPXXNKX,"{""P47705"": 5}"
SXPPXXXXX,"{""P47705"": 21}"
SXPPXKNKX,"{""P47705"": 1}"
SXPPXKNXX,"{""P47705"": 3}"
SXPPKXNXX,"{""P47705"": 1}"
SXPPKXNKX,"{""P47705"": 1}"
SXPHVNVGT,"{""P13927"": 487}"
SXPNFSNII,"{""P47549"": 106}"
SXPTSXXXX,"{""P47461"": 13}"
SXPTSXSTX,"{""P47461"": 73}"
SXPTSXSTK,"{""P47461"": 3}"
SXPTSLXTN,"{""P47485"": 74}"
SXPTSLXXX,"{""P47485"": 23}"
SXPTSLKTN,"{""P47485"": 8}"
SXPTSKSTX,"{""P47461"": 7}"
SXPFLXXXX,"{""Q9ZB73"": 70}"
SXPFLXXFF,"{""Q9ZB73"": 8}"
SXPFLXRFF,"{""Q9ZB73"": 21}"
SXPIFNFQX,"{""Q49404"": 5}"
SXELIPLSY,"{""P47606"": 492}"
SXELIPLSX,"{""P47606"": 24}"
SXEEVQXEV,"{""P47395"": 82}"
SXEEVQXXX,"{""P47395"": 15}"
SXEEVQKEV,"{""P47395"": 4}"
SXEDVEPST,"{""P47678"": 97}"
SXEDVTPNI,"{""P47677"": 108}"
SXEVDXXXX,"{""P47653"": 2}"
SXEVDXLEX,"{""P47653"": 4}"
SXEXICNFL,"{""P47349"": 5}"
SXEXIXNFL,"{""P47349"": 1}"
SXYSLEXXX,"{""P47667"": 80}"
SXYSLEXQN,"{""P47667"": 18}"
SXYSRAVNY,"{""P47256"": 23}"
SXYSRAVNX,"{""P47256"": 1}"
SXYSXAVNY,"{""P47256"": 4}"
SXYAIIIAE,"{""Q9ZB71"": 476}"
SXYPHNVVL,"{""P47353"": 98}"
SXYPTSEIY,"{""P47482"": 5}"
SXYQEWNLP,"{""P47251"": 17}"
SXYLSLVDX,"{""P47252"": 24}"
SXYLSLVDK,"{""P47252"": 1}"
SXFSLXASV,"{""P47679"": 377}"
SXFSLXXXX,"{""P47679"": 100}"
SXFSLKASV,"{""P47679"": 19}"
SXFSFRSEL,"{""P47393"": 1}"
SXFHXLMEN,"{""P47480"": 6}"
SXFIXXXXX,"{""P47312"": 25}"
SXFIXIGDD,"{""P47312"": 3}"
SXFISLLHY,"{""P47400"": 30}"
SXFISLLHX,"{""P47400"": 3}"
SXFTXQLXI,"{""P47612"": 19}"
SXFTXQLXX,"{""P47612"": 3}"
SXFTXQLKI,"{""P47612"": 2}"
SXFTXXXXX,"{""P47612"": 8}"
SXFTKQLXI,"{""P47612"": 1}"
SXFTKQLKI,"{""P47612"": 1}"
SXFQSFXLW,"{""P47651"": 73}"
SXFQSFXXX,"{""P47651"": 27}"
SXFQSFKLW,"{""P47651"": 5}"
SXFWWFLLC,"{""P47549"": 104}"
SXFWWFLLX,"{""P47549"": 7}"
SXFWHNVVL,"{""P47458"": 5}"
SXFNGTGDL,"{""P47563"": 9}"
SXFNQLVXX,"{""P47486"": 6}"
SXFXHHLVF,"{""P47366"": 3}"
SXFXXXXXX,"{""P47366"": 1}"
SXFDXXXXX,"{""P47308"": 2}"
SXFDXQELP,"{""P47308"": 2}"
SXIXAISEP,"{""P47384"": 405}"
SXIXXXXXX,"{""P47667"": 7, ""P47384"": 106, ""P47474"": 14, ""P47326"": 1}"
SXIXLIXXX,"{""P47474"": 14}"
SXIXLIXHI,"{""P47474"": 82}"
SXIXLIKHI,"{""P47474"": 5}"
SXIXDSXQN,"{""P47326"": 3}"
SXIDDNXPA,"{""P47563"": 391}"
SXIDDNXXX,"{""P47563"": 99}"
SXIDDNKPA,"{""P47563"": 23}"
SXIGFLMEX,"{""P47542"": 4}"
SXINENXXX,"{""P47662"": 72}"
SXINENXLN,"{""P47662"": 20}"
SXININGVW,"{""P47520"": 33}"
SXILTLLXX,"{""P47386"": 37}"
SXILTLLXF,"{""P47386"": 3}"
SXILFLMIC,"{""Q49411"": 3}"
SXIAVISND,"{""P47387"": 111}"
SXISEEPNT,"{""P47614"": 94}"
SXIKAISEP,"{""P47384"": 20}"
SXIKLIXXX,"{""P47474"": 2}"
SXIKLIXHI,"{""P47474"": 4}"
SXIKLIKHI,"{""P47474"": 1}"
SXIPTPSLR,"{""P47313"": 4}"
SXDVLDTWF,"{""P47576"": 127}"
SXDVXVXYE,"{""P22747"": 5}"
SXDVXVXXX,"{""P22747"": 1}"
SXDVXVKYE,"{""P22747"": 1}"
SXDVXXXXX,"{""P22747"": 1}"
SXDQFNCNW,"{""P47455"": 85}"
SXDQFNXNW,"{""P47455"": 4}"
SXDXXXXXX,"{""P47301"": 82, ""P47653"": 22}"
SXDXNIDLD,"{""P47653"": 69}"
SXDXERTXE,"{""P47301"": 16}"
SXDXERTXX,"{""P47301"": 2}"
SXDXERTKE,"{""P47301"": 1}"
SXDXEXTXE,"{""P47301"": 3}"
SXDNDFNNT,"{""Q49419"": 529}"
SXDNSYFEX,"{""P47661"": 8}"
SXDNSDVXN,"{""P47481"": 87}"
SXDNSDVXX,"{""P47481"": 20}"
SXDNSDVKN,"{""P47481"": 2}"
SXDNSXFEX,"{""P47661"": 1}"
SXDFXVNAX,"{""Q49408"": 2}"
SXDFXVNAY,"{""Q49408"": 25}"
SXDFXXXXX,"{""Q49408"": 66}"
SXDKNIDLD,"{""P47653"": 6}"
SXDKERTXE,"{""P47301"": 1}"
SXGVDLPEA,"{""P47286"": 91}"
SXGVTINFQ,"{""P47508"": 101}"
SXGVYTAPL,"{""P47515"": 7}"
SXGAEQTEY,"{""P47551"": 110}"
SXGAEQTEX,"{""P47551"": 1}"
SXGINPLSA,"{""P47666"": 102}"
SXGIXXXXX,"{""P47590"": 10}"
SXGIRSGMS,"{""Q49426"": 4}"
SXGXDNLST,"{""P47310"": 76}"
SXGXXXXXX,"{""P47310"": 15}"
SXGSYNPTA,"{""P47341"": 35}"
SXGSXNPTA,"{""P47341"": 1}"
SXGKDNLST,"{""P47310"": 2}"
SXGTIFSTL,"{""P47471"": 30}"
SXVEIEQLQ,"{""P47250"": 138}"
SXVPGEVTA,"{""P47442"": 128}"
SXVIATFND,"{""P47534"": 9}"
SXVISDEDR,"{""P47695"": 1}"
SXVQLLAPT,"{""P47660"": 82}"
SXVALGRIX,"{""P47260"": 6}"
SXVALGXIX,"{""P47260"": 1}"
SXVANLVAY,"{""P47465"": 7}"
SXVAAALMP,"{""P47471"": 23}"
SXVVGXGHG,"{""P47415"": 5}"
SXVVGRGHG,"{""P47415"": 17}"
SXMALNFDG,"{""P47502"": 471}"
SXRVPXNLG,"{""Q49404"": 1}"
SXRXXXXXX,"{""P47561"": 4, ""Q49431"": 7}"
SXRXHVATG,"{""Q49431"": 13}"
SXRLGFSLL,"{""P47553"": 7}"
SXRPSTVXG,"{""P47328"": 15}"
SXRPSTVXX,"{""P47328"": 3}"
SXRPSTVKG,"{""P47328"": 1}"
SXRKHVATG,"{""Q49431"": 1}"
SXAXGVIFG,"{""P47623"": 83}"
SXAXXXXXX,"{""P47623"": 17}"
SXANFNNST,"{""P47606"": 84}"
SXANSLFIQ,"{""Q49409"": 7}"
SXAFXQXXX,"{""P47483"": 2}"
SXAFXQXWQ,"{""P47483"": 7}"
SXAFXQKWQ,"{""P47483"": 1}"
SXAFXXXXX,"{""P47483"": 3}"
SXAKGVIFG,"{""P47623"": 2}"
SXADFAVLE,"{""P47313"": 3}"
SXADEITID,"{""P47540"": 7}"
SXASELXNN,"{""P47267"": 3}"
SXASELXXX,"{""P47267"": 2}"
SXHXXXXXX,"{""P47400"": 34}"
SXHLHTXXX,"{""Q49419"": 91}"
SXHLHTXXL,"{""Q49419"": 19}"
SXHLHTXKL,"{""Q49419"": 3}"
SXHLHTKXX,"{""Q49419"": 4}"
SXHQLFNIT,"{""Q9ZB72"": 7}"
SXWNTELTH,"{""P47341"": 110}"
SXWNNLVDF,"{""P47341"": 3}"
SXWSXXXXX,"{""Q57081"": 32}"
SXWIRYMNN,"{""P47520"": 1}"
SXWIXYMNN,"{""P47520"": 3}"
SXWXVDDDL,"{""P47592"": 5}"
SXKVNYLLV,"{""P47585"": 19}"
SXKVDFLXT,"{""P47257"": 2}"
SXKXQXXXX,"{""P47491"": 1}"
SXKXQXNIT,"{""P47491"": 1}"
SXKXQQQIV,"{""P47265"": 2}"
SXKXAWTAL,"{""P47282"": 1}"
SXKXXXXXX,"{""P47282"": 1}"
SXKRQQQIV,"{""P47265"": 2}"
SXKNIASNT,"{""P47583"": 4}"
SXKLFIKGV,"{""P47653"": 1}"
SXKLFIXGV,"{""P47653"": 14}"
SXKLFIXXX,"{""P47653"": 1}"
SXKLIEIAQ,"{""P47269"": 1}"
SNWNFNHDL,"{""P47317"": 634}"
SNXXXXXXX,"{""P47265"": 102, ""P47565"": 100, ""P47461"": 112, ""Q49405"": 21, ""P47605"": 2}"
SNXXHQLGE,"{""P47605"": 1}"
SNXXTVTNQ,"{""P47265"": 29}"
SNXXELELL,"{""P47695"": 3}"
SNXTVVFPL,"{""P47565"": 496}"
SNXYTVTNQ,"{""P47265"": 477}"
SNXGFQTLN,"{""Q49405"": 108}"
SNXSATNIX,"{""P47445"": 5}"
SNXDLIFGD,"{""P47314"": 4}"
SNXLMQFQA,"{""P47284"": 7}"
SNXLTLXDV,"{""P47277"": 1}"
SNFPIAQIA,"{""Q49422"": 127}"
SNFFVDXDQ,"{""P47325"": 509}"
SNFFVDXXX,"{""P47325"": 99}"
SNFFVDKDQ,"{""P47325"": 18}"
SNFFQXXXX,"{""P47583"": 103}"
SNFFQXRYS,"{""P47583"": 2}"
SNFFSNFFD,"{""Q49430"": 25}"
SNFLNPELX,"{""P47347"": 125}"
SNFEQIFNN,"{""P47249"": 142}"
SNQAXXXXX,"{""P47499"": 27}"
SNQAXVEXX,"{""P47499"": 104}"
SNQAKVEXX,"{""P47499"": 5}"
SNQNTCYNH,"{""P47583"": 558}"
SNQNTCXNH,"{""P47583"": 20}"
SNQNTXYNH,"{""P47583"": 28}"
SNQNTXXNH,"{""P47583"": 1}"
SNQXNQFNL,"{""P47620"": 117}"
SNQXXXXXX,"{""P47558"": 113, ""P47620"": 21}"
SNQKNQFNL,"{""P47620"": 2}"
SNILSLRAI,"{""P47345"": 124}"
SNILSLXAI,"{""P47345"": 36}"
SNIVISSAN,"{""P47292"": 109}"
SNINFAFXN,"{""P47321"": 106}"
SNINFAFXX,"{""P47321"": 18}"
SNINFAFKN,"{""P47321"": 3}"
SNIDFSFTS,"{""P47585"": 36}"
SNIGRPSTY,"{""P47368"": 2}"
SNIGXPSTY,"{""P47368"": 1}"
SNLFSSNDP,"{""P47533"": 135}"
SNLNXGAXX,"{""P47258"": 381}"
SNLNXGAXA,"{""P47258"": 96}"
SNLNXGAKA,"{""P47258"": 6}"
SNLNXXXXX,"{""P47258"": 121, ""P47615"": 20}"
SNLNXFXIT,"{""P47615"": 71}"
SNLNXFXXX,"{""P47615"": 12}"
SNLNXFKIT,"{""P47615"": 7}"
SNLNTNQLV,"{""Q49419"": 141}"
SNLNAAINN,"{""P47431"": 122}"
SNLNKGAXA,"{""P47258"": 8}"
SNLNKGAXX,"{""P47258"": 18}"
SNLNKFXIT,"{""P47615"": 6}"
SNLSLSWLD,"{""P47291"": 557}"
SNLVDIETL,"{""P47394"": 126}"
SNLVGVVLI,"{""P47577"": 655}"
SNLEVANLM,"{""P47349"": 115}"
SNLXQAYLI,"{""P47482"": 89}"
SNLXQAXLI,"{""P47482"": 6}"
SNLXXXXXX,"{""P47484"": 86, ""P47482"": 22}"
SNLXTSIEE,"{""P47484"": 22}"
SNLDPLVLI,"{""Q49402"": 128}"
SNLDSIFVN,"{""P47291"": 4}"
SNLPPXLSX,"{""Q9ZB78"": 87}"
SNLPPXLSK,"{""Q9ZB78"": 4}"
SNLPPXXXX,"{""Q9ZB78"": 13}"
SNLPPKLSK,"{""Q9ZB78"": 2}"
SNLPPKLSX,"{""Q9ZB78"": 7}"
SNLIGELXF,"{""P47465"": 91}"
SNLIGELXX,"{""P47465"": 29}"
SNLIGELKF,"{""P47465"": 3}"
SNLHXAIMV,"{""P47246"": 95}"
SNLHXXXXX,"{""P47246"": 24}"
SNLHKAIMV,"{""P47246"": 3}"
SNLTVINXL,"{""P47483"": 6}"
SNLTVINRL,"{""P47483"": 32}"
SNLAILGRY,"{""P47691"": 35}"
SNLAILGRX,"{""P47691"": 1}"
SNLAILGXY,"{""P47691"": 7}"
SNLKQAYLI,"{""P47482"": 1}"
SNVILLMVD,"{""P47571"": 646}"
SNVVDALXW,"{""P47540"": 21}"
SNVVDALXX,"{""P47540"": 90}"
SNVVDALKW,"{""P47540"": 1}"
SNVGXSSLI,"{""P47577"": 536}"
SNVGXXXXX,"{""P47577"": 95}"
SNVGKSSLI,"{""P47577"": 20}"
SNVDFDFDF,"{""P47278"": 104}"
SNVDERIYT,"{""P47582"": 8}"
SNVDEXIYT,"{""P47582"": 1}"
SNANADIVQ,"{""P47281"": 609}"
SNAEXNAAL,"{""P47319"": 115}"
SNAEXXXXX,"{""P47319"": 22}"
SNAEKNAAL,"{""P47319"": 9}"
SNAHLRVRA,"{""P47359"": 27}"
SNAHLRVXA,"{""P47359"": 6}"
SNAHLXVRA,"{""P47359"": 5}"
SNAHLXVXA,"{""P47359"": 1}"
SNSVYQIVE,"{""P47384"": 115}"
SNSVXQIVE,"{""P47384"": 5}"
SNSEXXXXX,"{""P47491"": 574}"
SNSEXIDEL,"{""P47491"": 28}"
SNSEKIDEL,"{""P47491"": 1}"
SNSGIHNAT,"{""P47400"": 643}"
SNSPCGMCR,"{""P47298"": 28}"
SNSPCGMCX,"{""P47298"": 9}"
SNSPCGMXR,"{""P47298"": 1}"
SNSPYXTIW,"{""Q49416"": 87}"
SNSPYXXXX,"{""Q49416"": 23}"
SNSPYKTIW,"{""Q49416"": 5}"
SNSPXXTIW,"{""Q49416"": 5}"
SNSPXGMCR,"{""P47298"": 2}"
SNSFNPQLC,"{""P47455"": 119}"
SNSFNPQLX,"{""P47455"": 11}"
SNSFLSAAS,"{""P47582"": 126}"
SNSINXNNQ,"{""P47278"": 103}"
SNSINXXXX,"{""P47278"": 32}"
SNSINXVSX,"{""Q49407"": 8}"
SNSINRVSX,"{""Q49407"": 18}"
SNSINKNNQ,"{""P47278"": 7}"
SNSSESNQT,"{""P47431"": 120}"
SNSSSLPRG,"{""Q49407"": 19}"
SNSSSLPXG,"{""Q49407"": 8}"
SNSLFQLST,"{""P47319"": 125}"
SNSLDELLX,"{""P47492"": 124}"
SNSLDELLK,"{""P47492"": 6}"
SNNQTNQLQ,"{""P47349"": 625}"
SNNXXXXXX,"{""P47672"": 118}"
SNNXIRQXI,"{""P47672"": 2}"
SNNXIRQRI,"{""P47672"": 6}"
SNNLXXXXX,"{""P47468"": 4}"
SNNLRXXXX,"{""P47468"": 29}"
SNNLRXCFL,"{""P47468"": 1}"
SNNKIRQRI,"{""P47672"": 1}"
SNYDLIFGD,"{""P47314"": 104}"
SNYSATNIX,"{""P47445"": 115}"
SNYSATNIK,"{""P47445"": 8}"
SNYXHQLGE,"{""P47605"": 30}"
SNYXXXXXX,"{""P47605"": 78}"
SNYLMQFQA,"{""P47284"": 123}"
SNYFNTARF,"{""Q49403"": 23}"
SNYFNTAXF,"{""Q49403"": 7}"
SNYKHQLGE,"{""P47605"": 2}"
SNPATYISV,"{""P47660"": 149}"
SNPATXISV,"{""P47660"": 6}"
SNPNFIILG,"{""P47285"": 125}"
SNPDQNGVI,"{""P47372"": 115}"
SNEXYTIVG,"{""P47524"": 82}"
SNEXXXXXX,"{""P55750"": 117, ""P47524"": 23}"
SNEXXTIVG,"{""P47524"": 6}"
SNEXXLRQD,"{""P55750"": 1}"
SNEXRLRQD,"{""P55750"": 1}"
SNEELVXLV,"{""P47405"": 90}"
SNEELVXXX,"{""P47405"": 17}"
SNEELVKLV,"{""P47405"": 9}"
SNEFFINQN,"{""P47486"": 39}"
SNEIISIEX,"{""P47605"": 119}"
SNEIISIEK,"{""P47605"": 5}"
SNEKYTIVG,"{""P47524"": 2}"
SNGNQXVIS,"{""P47634"": 121}"
SNGNQXXXX,"{""P47634"": 18}"
SNGNQKVIS,"{""P47634"": 3}"
SNGNWGSVI,"{""P47306"": 41}"
SNGVNGFLI,"{""P47606"": 124}"
SNGINVRDI,"{""P22746"": 120}"
SNGINVXDI,"{""P22746"": 25}"
SNTLFCEHN,"{""P47549"": 120}"
SNTLFXEHN,"{""P47549"": 7}"
SNTNSTAXX,"{""P55750"": 123}"
SNTNSTAKX,"{""P55750"": 3}"
SNTNAIYSE,"{""P47673"": 30}"
SNTNAIXSE,"{""P47673"": 1}"
SNDEIILXX,"{""Q49420"": 20}"
SNDEIILXE,"{""Q49420"": 89}"
SNDEIILKE,"{""Q49420"": 3}"
SNDDNGXES,"{""P47376"": 94}"
SNDDNGXXX,"{""P47376"": 12}"
SNDDNGKES,"{""P47376"": 4}"
SNDFIVNSH,"{""Q49426"": 123}"
SNDQXNYSX,"{""P47483"": 77}"
SNDQXNXSX,"{""P47483"": 8}"
SNDQXXXXX,"{""P47483"": 30}"
SNDQKNYSX,"{""P47483"": 3}"
SNHKQDQXH,"{""P47658"": 4}"
SNHXQDQXH,"{""P47658"": 78}"
SNHXQDQXX,"{""P47658"": 14}"
SNHXQDQKH,"{""P47658"": 6}"
SNHXXXXXX,"{""P47658"": 32}"
SNKYTVTNQ,"{""P47265"": 19}"
SNKXXXXXX,"{""P47461"": 7}"
SNKTVVFPL,"{""P47565"": 28}"
SNKGFQTLN,"{""Q49405"": 4}"
SNRXXXXXX,"{""P47695"": 3}"
SNRXELELL,"{""P47695"": 28}"
SNRLTLRDV,"{""P47277"": 2}"
SWDPAILVA,"{""P47364"": 633}"
SWQNLTSXX,"{""P47580"": 479}"
SWQNLTSXE,"{""P47580"": 133}"
SWQNLTSKE,"{""P47580"": 6}"
SWLYEGYDV,"{""P47587"": 597}"
SWLYEGXDV,"{""P47587"": 31}"
SWLLXNQQF,"{""P47690"": 111}"
SWLLXXXXX,"{""P47690"": 23}"
SWLLKNQQF,"{""P47690"": 5}"
SWLESQLQV,"{""P47369"": 128}"
SWLFXXXXX,"{""Q49460"": 17}"
SWLFXPEQN,"{""Q49460"": 94}"
SWLFKPEQN,"{""Q49460"": 6}"
SWLVNGGLP,"{""Q49409"": 24}"
SWLXEGYDV,"{""P47587"": 34}"
SWLXEGXDV,"{""P47587"": 2}"
SWGANFAGF,"{""P47427"": 606}"
SWXNAXKEG,"{""P56723"": 12}"
SWXNAXXEG,"{""P56723"": 308}"
SWXNAXXXX,"{""P56723"": 147}"
SWXNAKXEG,"{""P56723"": 16}"
SWXNAKXXX,"{""P56723"": 2}"
SWXXXXXXX,"{""P52271"": 571, ""P56723"": 95, ""P47653"": 3}"
SWXXPDNPY,"{""P47653"": 4}"
SWXFLELTE,"{""P47667"": 8}"
SWXLLYPSX,"{""P47450"": 1}"
SWXLLYPSC,"{""P47450"": 1}"
SWFXXXXXX,"{""P47477"": 560}"
SWTDAFLXA,"{""Q49420"": 91}"
SWTDAFLXX,"{""Q49420"": 20}"
SWTDAFLKA,"{""Q49420"": 4}"
SWAFLTAAL,"{""P20796"": 109}"
SWALITTSX,"{""P47357"": 121}"
SWANRNTTL,"{""P47580"": 121}"
SWANXNTTL,"{""P47580"": 39}"
SWEHFLQAT,"{""P47588"": 140}"
SWYXPDNPY,"{""P47653"": 93}"
SWYXPDNPX,"{""P47653"": 4}"
SWYXXXXXX,"{""P47653"": 23}"
SWYKPDNPY,"{""P47653"": 7}"
SWKNAXXEG,"{""P56723"": 18}"
SWKNAXXXX,"{""P56723"": 9}"
SWKNAKXEG,"{""P56723"": 1}"
SWRFLELTE,"{""P47667"": 24}"
SWCLLYPSC,"{""P47450"": 20}"
SWCLLXPSC,"{""P47450"": 1}"
SCXXXXXXX,"{""P47493"": 103}"
SCXPTSEIY,"{""P47482"": 8}"
SCXYRFXVD,"{""P47493"": 1}"
SCXYRFRVD,"{""P47493"": 2}"
SCXYXFXVD,"{""P47493"": 1}"
SCXYXFRVD,"{""P47493"": 1}"
SCTAFXANL,"{""P47588"": 490}"
SCTAFXXXX,"{""P47588"": 91}"
SCTAFKANL,"{""P47588"": 23}"
SCAFXQXXX,"{""P47483"": 16}"
SCAFXQXWQ,"{""P47483"": 67}"
SCAFXQKWQ,"{""P47483"": 2}"
SCAFXXXXX,"{""P47483"": 20}"
SCAFKQXWQ,"{""P47483"": 4}"
SCAFKQXXX,"{""P47483"": 1}"
SCFIXXXXX,"{""P47312"": 531}"
SCFIXIGDD,"{""P47312"": 30}"
SCFISLLHY,"{""P47400"": 555}"
SCFISLLHX,"{""P47400"": 35}"
SCFDXQELP,"{""P47308"": 103}"
SCFDXXXXX,"{""P47308"": 25}"
SCFDKQELP,"{""P47308"": 6}"
SCSVXDIXX,"{""Q49426"": 97}"
SCSVXDIXK,"{""Q49426"": 1}"
SCSVXDIKK,"{""Q49426"": 1}"
SCSVXDIKX,"{""Q49426"": 1}"
SCSVXXXXX,"{""Q49426"": 21}"
SCSVKDIXX,"{""Q49426"": 7}"
SCNPXXXXX,"{""Q49416"": 87}"
SCNPXQLTN,"{""Q49416"": 27}"
SCNPKQLTN,"{""Q49416"": 1}"
SCIGFLMEX,"{""P47542"": 116}"
SCIGFLMEK,"{""P47542"": 1}"
SCYPTSEIY,"{""P47482"": 91}"
SCYPTSEIX,"{""P47482"": 3}"
SCKYRFRVD,"{""P47493"": 2}"
SMXXXXXXX,"{""P47540"": 445}"
SMXHLXSXS,"{""P47540"": 24}"
SMXHLXSXX,"{""P47540"": 2}"
SMXHLRSXS,"{""P47540"": 74}"
SMXHLRSXX,"{""P47540"": 15}"
SMXHLRSKS,"{""P47540"": 5}"
SMFHASLXT,"{""P47374"": 497}"
SMFHASLXX,"{""P47374"": 92}"
SMFHASLKT,"{""P47374"": 24}"
SMIXXXXXX,"{""P47261"": 113}"
SMILITGSA,"{""Q49410"": 608}"
SMITQHLNX,"{""P20796"": 136}"
SMVNXXXXX,"{""P47667"": 101}"
SMVNXVELL,"{""P47667"": 511}"
SMVNKVELL,"{""P47667"": 23}"
SMVYLCFLX,"{""Q9ZB73"": 118}"
SMVYLCFLK,"{""Q9ZB73"": 4}"
SMVYLXFLX,"{""Q9ZB73"": 3}"
SMVXLCFLX,"{""Q9ZB73"": 10}"
SMEHTSPLN,"{""P47318"": 630}"
SMEIPAIVG,"{""P47668"": 640}"
SMQGLYDPL,"{""P47583"": 562}"
SMQGLXDPL,"{""P47583"": 18}"
SMLDLMXIS,"{""P47362"": 447}"
SMLDLMXXX,"{""P47362"": 128}"
SMLDLMKIS,"{""P47362"": 21}"
SMDVNVNIS,"{""P47385"": 29}"
SMHXAIGEV,"{""Q49416"": 39}"
SMHXXXXXX,"{""Q49416"": 84}"
SMHKAIGEV,"{""Q49416"": 1}"
SMKHLRSXS,"{""P47540"": 5}"
SMKHLRSXX,"{""P47540"": 3}"
SMKHLXSXS,"{""P47540"": 1}"
SDNNVIANV,"{""P47265"": 625}"
SDNTLIFNI,"{""Q49410"": 132}"
SDNTIXXXX,"{""Q57081"": 93}"
SDNTIXSSN,"{""Q57081"": 14}"
SDNTIKSSN,"{""Q57081"": 1}"
SDNXXXXXX,"{""P47502"": 14}"
SDNXIXXXX,"{""P47502"": 19}"
SDNXIXEFW,"{""P47502"": 88}"
SDNXIKEFW,"{""P47502"": 8}"
SDNKIXEFW,"{""P47502"": 4}"
SDNKIXXXX,"{""P47502"": 1}"
SDSVFGTPQ,"{""P47318"": 630}"
SDSSLLFXQ,"{""P47376"": 522}"
SDSSLLFXX,"{""P47376"": 96}"
SDSSLLFKQ,"{""P47376"": 28}"
SDSADLIAF,"{""P47386"": 148}"
SDSFLSSGL,"{""P47685"": 127}"
SDIXWISQX,"{""P47264"": 496}"
SDIXWISQK,"{""P47264"": 21}"
SDIXXXXXX,"{""P47264"": 94}"
SDIXIFWIG,"{""P47354"": 1}"
SDIDFIHXN,"{""P47695"": 94}"
SDIDFIHXX,"{""P47695"": 20}"
SDIDFIHKN,"{""P47695"": 7}"
SDIDSLSLT,"{""P47549"": 152}"
SDIPNSLEN,"{""P47355"": 132}"
SDIKWISQX,"{""P47264"": 21}"
SDIYIFWIG,"{""P47354"": 34}"
SDQNNXIEF,"{""P47627"": 488}"
SDQNNXXXX,"{""P47627"": 107}"
SDQNNKIEF,"{""P47627"": 24}"
SDXXXXXXX,"{""P47618"": 466, ""P47469"": 120, ""P47652"": 97, ""Q49418"": 18, ""P47249"": 4}"
SDXXASYFG,"{""P47618"": 22}"
SDXXASXFG,"{""P47618"": 2}"
SDXQLLDXX,"{""P47591"": 7}"
SDXQLLDXV,"{""P47591"": 22}"
SDXIIFXVI,"{""Q49418"": 90}"
SDXIIFXXX,"{""Q49418"": 14}"
SDXIIFKVI,"{""Q49418"": 3}"
SDXRASYFG,"{""P47618"": 97}"
SDXRASXFG,"{""P47618"": 1}"
SDXTLDSQT,"{""P47652"": 19}"
SDXNVSVXL,"{""P47346"": 1}"
SDXNVSVRL,"{""P47346"": 6}"
SDXEFIDXX,"{""P47643"": 3}"
SDWXXXXXX,"{""P47260"": 100}"
SDWXNQSDL,"{""P47260"": 496}"
SDWQIFLED,"{""P56723"": 31}"
SDWKNQSDL,"{""P47260"": 22}"
SDFFXXXXX,"{""P47610"": 454}"
SDFFXXLRL,"{""P47610"": 5}"
SDFFXXLXL,"{""P47610"": 1}"
SDFFXYLRL,"{""P47610"": 82}"
SDFFXYLXL,"{""P47610"": 25}"
SDFFKYLRL,"{""P47610"": 6}"
SDFFKYLXL,"{""P47610"": 2}"
SDFLDENAN,"{""P47587"": 115}"
SDFNVPMIN,"{""P47542"": 153}"
SDFNTEXXX,"{""P47386"": 95}"
SDFNTEXXT,"{""P47386"": 2}"
SDFNTEXRT,"{""P47386"": 21}"
SDLAFNVXD,"{""Q49460"": 473}"
SDLAFNVXX,"{""Q49460"": 141}"
SDLAFNVKD,"{""Q49460"": 27}"
SDLLAMIAT,"{""P47695"": 34}"
SDLXFALSN,"{""P47325"": 119}"
SDLXXXXXX,"{""P47325"": 19, ""P47445"": 9, ""Q49413"": 2}"
SDLXXIISE,"{""Q49413"": 8}"
SDLNXIHVF,"{""P47618"": 105}"
SDLNXXXXX,"{""P47618"": 20}"
SDLNKIHVF,"{""P47618"": 6}"
SDLINAIXX,"{""Q49427"": 122}"
SDLYXIISE,"{""Q49413"": 88}"
SDLYXXXXX,"{""Q49413"": 25}"
SDLYKIISE,"{""Q49413"": 5}"
SDLRXXXXX,"{""P47445"": 25}"
SDLVSLAQL,"{""P22747"": 108}"
SDLKFALSN,"{""P47325"": 1}"
SDALLVEXL,"{""P47348"": 535}"
SDALLVEXX,"{""P47348"": 82}"
SDALLVEKL,"{""P47348"": 29}"
SDAVVFIVS,"{""P47351"": 144}"
SDAXEXLID,"{""P47446"": 4}"
SDAXEXXXX,"{""P47446"": 1}"
SDANANXGI,"{""P47633"": 86}"
SDANANXXX,"{""P47633"": 16}"
SDANANKGI,"{""P47633"": 7}"
SDASAVRYR,"{""P47590"": 8}"
SDASAVRYX,"{""P47590"": 2}"
SDASAVXYR,"{""P47590"": 4}"
SDAREXXXX,"{""P47446"": 10}"
SDAREXLID,"{""P47446"": 12}"
SDAREKLID,"{""P47446"": 2}"
SDDNXXXXX,"{""P47417"": 135}"
SDDNXAVVX,"{""P47417"": 486}"
SDDNXAVVK,"{""P47417"": 3}"
SDDNKAVVX,"{""P47417"": 20}"
SDDGSFLTG,"{""P47286"": 622}"
SDDSPFLSL,"{""Q49434"": 124}"
SDDVQGRNX,"{""P47583"": 1}"
SDDVQGRNR,"{""P47583"": 3}"
SDELLYSPL,"{""P47510"": 141}"
SDELLPFSL,"{""Q9ZB80"": 33}"
SDELLXSPL,"{""P47510"": 9}"
SDEQKPVAI,"{""P47461"": 6}"
SDEQXPVAI,"{""P47461"": 103}"
SDEQXXXXX,"{""P47461"": 10}"
SDEXXXXXX,"{""P47345"": 21}"
SDEXILLNN,"{""P47345"": 91}"
SDETXADNT,"{""Q49460"": 102}"
SDETXXXXX,"{""Q49460"": 22}"
SDETKADNT,"{""Q49460"": 5}"
SDEKILLNN,"{""P47345"": 4}"
SDPIFFNLR,"{""Q9ZB81"": 150}"
SDPIFFNLX,"{""Q9ZB81"": 31}"
SDPVXXXXX,"{""P47516"": 116}"
SDPVXXLRN,"{""P47516"": 2}"
SDPVXRLRN,"{""P47516"": 1}"
SDHPDWSLE,"{""P47349"": 126}"
SDHLLFTXM,"{""Q49405"": 8}"
SDHLLFTRM,"{""Q49405"": 15}"
SDYQLLDXX,"{""P47591"": 120}"
SDYQLLDXV,"{""P47591"": 466}"
SDYQLLDKV,"{""P47591"": 23}"
SDYXXXXXX,"{""P47249"": 79}"
SDYXQTVIV,"{""P47249"": 18}"
SDYKQTVIV,"{""P47249"": 2}"
SDVXLAENS,"{""P47368"": 115}"
SDVXSELTN,"{""P56723"": 7}"
SDVXXXXXX,"{""P47368"": 25}"
SDVYSELTN,"{""P56723"": 112}"
SDVIIVAND,"{""P47668"": 134}"
SDVGCCMGI,"{""P47317"": 104}"
SDVGCXMGI,"{""P47317"": 5}"
SDVGXCMGI,"{""P47317"": 4}"
SDVKLAENS,"{""P47368"": 8}"
SDTFIFMTP,"{""P47662"": 114}"
SDTXLLQFL,"{""P47387"": 32}"
SDTRLLQFL,"{""P47387"": 95}"
SDCNVSVRL,"{""P47346"": 105}"
SDCNVSVXL,"{""P47346"": 30}"
SDREFIDXX,"{""P47643"": 21}"
SDKRASYFG,"{""P47618"": 3}"
SDKRASXFG,"{""P47618"": 1}"
SDKTLDSQT,"{""P47652"": 5}"
SDKIIFXVI,"{""Q49418"": 5}"
SDKIIFKVI,"{""Q49418"": 1}"
SDKXASYFG,"{""P47618"": 1}"
SYSNGLQQA,"{""P47318"": 548}"
SYYLSLVDX,"{""P47252"": 550}"
SYYLSLVDK,"{""P47252"": 13}"
SYGTIFSTL,"{""P47471"": 549}"
SYGIXXXXX,"{""P47590"": 117}"
SYGIXSGMS,"{""Q49426"": 29}"
SYGIRSGMS,"{""Q49426"": 114}"
SYFTXQLXI,"{""P47612"": 411}"
SYFTXQLXX,"{""P47612"": 65}"
SYFTXQLKI,"{""P47612"": 18}"
SYFTXXXXX,"{""P47612"": 70}"
SYFTKQLXI,"{""P47612"": 22}"
SYFTKQLXX,"{""P47612"": 7}"
SYFTKQLKI,"{""P47612"": 3}"
SYFNQLVXX,"{""P47486"": 107}"
SYFNQLVXL,"{""P47486"": 10}"
SYFHXLMEN,"{""P47480"": 111}"
SYFHXXXXX,"{""P47480"": 14}"
SYFHKLMEN,"{""P47480"": 4}"
SYFXHHLVF,"{""P47366"": 98}"
SYFXXXXXX,"{""P47366"": 24}"
SYFKHHLVF,"{""P47366"": 2}"
SYLFWNDQN,"{""P52271"": 605}"
SYLFIPLLV,"{""P47653"": 570}"
SYLSQIGLS,"{""P47678"": 137}"
SYLNQMGEL,"{""P47399"": 117}"
SYLDLKNDL,"{""P47372"": 5}"
SYLDLXNDL,"{""P47372"": 97}"
SYLDLXXXX,"{""P47372"": 13}"
SYWSXXXXX,"{""Q57081"": 544}"
SYWXXXXXX,"{""P47592"": 19}"
SYWXVDDDL,"{""P47592"": 95}"
SYWNNLVDF,"{""P47341"": 124}"
SYWKVDDDL,"{""P47592"": 8}"
SYININGVW,"{""P47520"": 586}"
SYIPTPSLR,"{""P47313"": 119}"
SYIPTPSLX,"{""P47313"": 34}"
SYIXXXXXX,"{""P47667"": 136, ""P47326"": 25}"
SYIXDSXQN,"{""P47326"": 85}"
SYIXDSXXX,"{""P47326"": 12}"
SYIXDSKQN,"{""P47326"": 3}"
SYILFLMIC,"{""Q49411"": 33}"
SYILFLMIX,"{""Q49411"": 3}"
SYIKDSXQN,"{""P47326"": 4}"
SYTAGFNLX,"{""P47653"": 563}"
SYTAGFNLK,"{""P47653"": 3}"
SYTAQYLSX,"{""P47660"": 115}"
SYTAQYLSK,"{""P47660"": 4}"
SYTAQXLSX,"{""P47660"": 4}"
SYTIEQAXQ,"{""P47429"": 94}"
SYTIEQAXX,"{""P47429"": 11}"
SYTIEQAKQ,"{""P47429"": 2}"
SYTDVNDID,"{""P47606"": 114}"
SYXNXPLLX,"{""P47622"": 64}"
SYXNXPLLK,"{""P47622"": 2}"
SYXNXXXXX,"{""P47622"": 24}"
SYXNFHEVS,"{""P47505"": 31}"
SYXNKPLLX,"{""P47622"": 2}"
SYXXXXXXX,"{""P47505"": 96, ""P47609"": 22, ""P47622"": 25}"
SYXENXVMV,"{""P47609"": 81}"
SYXENXXXX,"{""P47609"": 11}"
SYXENKVMV,"{""P47609"": 5}"
SYXLSLVDX,"{""P47252"": 35}"
SYXLSLVDK,"{""P47252"": 4}"
SYXVPXXXX,"{""Q49404"": 2}"
SYXQYGRGF,"{""P47314"": 1}"
SYQANXEXD,"{""P47470"": 80}"
SYQANXEXX,"{""P47470"": 15}"
SYQANXEKD,"{""P47470"": 3}"
SYQANXXXX,"{""P47470"": 21}"
SYQXFLDHD,"{""P47583"": 102}"
SYQXXXXXX,"{""P47583"": 17}"
SYQKFLDHD,"{""P47583"": 5}"
SYANSLFIQ,"{""Q49409"": 125}"
SYADEITID,"{""P47540"": 139}"
SYADFAVLE,"{""P47313"": 116}"
SYHQLFNIT,"{""Q9ZB72"": 115}"
SYRVPXXXX,"{""Q49404"": 16}"
SYRVPXNLG,"{""Q49404"": 5}"
SYVIATFND,"{""P47534"": 115}"
SYVANLVAY,"{""P47465"": 114}"
SYVANLVAX,"{""P47465"": 7}"
SYEVDXLEX,"{""P47653"": 88}"
SYEVDXLEK,"{""P47653"": 1}"
SYEVDXXXX,"{""P47653"": 22}"
SYEVDKLEX,"{""P47653"": 1}"
SYEXICNFL,"{""P47349"": 93}"
SYEXIXNFL,"{""P47349"": 6}"
SYEXXXXXX,"{""P47349"": 16}"
SYEKICNFL,"{""P47349"": 4}"
SYNDGNYVV,"{""P47590"": 34}"
SYNDGNXVV,"{""P47590"": 3}"
SYKENKVMV,"{""P47609"": 1}"
SYKENXVMV,"{""P47609"": 5}"
SYKNXPLLX,"{""P47622"": 1}"
SYKNXXXXX,"{""P47622"": 1}"
SKIXAISEP,"{""P47384"": 12}"
SKIXXXXXX,"{""P47384"": 6}"
SKIXLIXHI,"{""P47474"": 3}"
SKINENXLN,"{""P47662"": 2}"
SKINENXXX,"{""P47662"": 2}"
SKIDDNXPA,"{""P47563"": 17}"
SKIDDNXXX,"{""P47563"": 6}"
SKIAVISND,"{""P47387"": 4}"
SKISEEPNT,"{""P47614"": 5}"
SKMALNFDG,"{""P47502"": 19}"
SKXXXXXXX,"{""P47282"": 2, ""P47265"": 19, ""P47269"": 1, ""P47653"": 2, ""P47585"": 1}"
SKXXQXNIT,"{""P47491"": 3}"
SKXXQXXXX,"{""P47491"": 1}"
SKXXAWTAL,"{""P47282"": 1}"
SKXVNYLLV,"{""P47585"": 21}"
SKXVNXLLV,"{""P47585"": 2}"
SKXNIASNT,"{""P47583"": 5}"
SKXSLEXXX,"{""P47667"": 1}"
SKXRQQQIV,"{""P47265"": 2}"
SKXLFIXGV,"{""P47653"": 16}"
SKXLFIXXX,"{""P47653"": 5}"
SKXLIEIAQ,"{""P47269"": 6}"
SKNXXXXXX,"{""P47481"": 4, ""P47394"": 1}"
SKNXETEFD,"{""P47481"": 21}"
SKNXDHISX,"{""P47394"": 3}"
SKNAVILHX,"{""P55750"": 4}"
SKNFNLNLD,"{""P47529"": 4}"
SKNITIQHY,"{""Q49399"": 7}"
SKNSFSSVT,"{""P47277"": 9}"
SKNGSSSTS,"{""P47549"": 2}"
SKNNVMFVE,"{""P47585"": 4}"
SKNNPVLIG,"{""P47597"": 6}"
SKNCSLXDV,"{""P47614"": 4}"
SKNCSLXXX,"{""P47614"": 1}"
SKDNSDVXN,"{""P47481"": 6}"
SKDNDFNNT,"{""Q49419"": 22}"
SKDXNIDLD,"{""P47653"": 4}"
SKDXXXXXX,"{""P47301"": 3, ""P47653"": 1}"
SKDVLDTWF,"{""P47576"": 6}"
SKDFXXXXX,"{""Q49408"": 5}"
SKDFXVNAY,"{""Q49408"": 2}"
SKDQFNCNW,"{""P47455"": 5}"
SKVPGEVTA,"{""P47442"": 3}"
SKVEIEQLQ,"{""P47250"": 6}"
SKVQLLAPT,"{""P47660"": 2}"
SKVAAALMP,"{""P47471"": 2}"
SKANFNNST,"{""P47606"": 7}"
SKAXGVIFG,"{""P47623"": 3}"
SKELIPLSY,"{""P47606"": 29}"
SKEEVQXEV,"{""P47395"": 7}"
SKEEVQKEV,"{""P47395"": 1}"
SKEDVEPST,"{""P47678"": 5}"
SKEDVTPNI,"{""P47677"": 3}"
SKSXSPIDF,"{""Q49429"": 3}"
SKSXXXXXX,"{""P47705"": 1, ""Q49429"": 1}"
SKSXPPXXN,"{""P47705"": 3}"
SKSXPPXXX,"{""P47705"": 2}"
SKSADFELM,"{""P47460"": 5}"
SKSGDDMIF,"{""P47540"": 27}"
SKSEARRLI,"{""P47693"": 1}"
SKSFRQIAT,"{""P47348"": 4}"
SKSFIFWMN,"{""P47277"": 4}"
SKSFXQIAT,"{""P47348"": 2}"
SKSLQEQXX,"{""P47551"": 4}"
SKSLQEQXT,"{""P47551"": 19}"
SKSPIDFFD,"{""Q49429"": 3}"
SKSPALHYN,"{""P47333"": 4}"
SKSPALHXN,"{""P47333"": 1}"
SKSNYFNTA,"{""Q49403"": 4}"
SKSNXFNTA,"{""Q49403"": 1}"
SKSKSPIDF,"{""Q49429"": 1}"
SKPPXXXXX,"{""P47705"": 2}"
SKPPXXNXX,"{""P47705"": 5}"
SKPPKKNXX,"{""P47705"": 1}"
SKPTSLXXX,"{""P47485"": 1}"
SKPTSLXTN,"{""P47485"": 1}"
SKPTSLKTN,"{""P47485"": 1}"
SKPTSXSTX,"{""P47461"": 4}"
SKPTSXXXX,"{""P47461"": 2}"
SKPHVNVGT,"{""P13927"": 19}"
SKPNFSNII,"{""P47549"": 7}"
SKPFLXRFF,"{""Q9ZB73"": 1}"
SKPFLXXXX,"{""Q9ZB73"": 4}"
SKYAIIIAE,"{""Q9ZB71"": 25}"
SKYSRAVNY,"{""P47256"": 1}"
SKYSLEXXX,"{""P47667"": 2}"
SKYPHNVVL,"{""P47353"": 5}"
SKYQEWNLP,"{""P47251"": 1}"
SKGVTINFQ,"{""P47508"": 7}"
SKGVDLPEA,"{""P47286"": 8}"
SKGXDNLST,"{""P47310"": 6}"
SKGXXXXXX,"{""P47310"": 1}"
SKGAEQTEY,"{""P47551"": 4}"
SKGINPLSA,"{""P47666"": 6}"
SKTXXXXXX,"{""Q49429"": 1, ""Q9ZB71"": 7}"
SKTXXYLES,"{""Q49429"": 5}"
SKTXNRQXX,"{""Q9ZB71"": 2}"
SKTXNXQXX,"{""Q9ZB71"": 1}"
SKTSYSQVQ,"{""P47261"": 8}"
SKTDVDXIE,"{""P47460"": 18}"
SKTDVDXXX,"{""P47460"": 1}"
SKTDVDKIE,"{""P47460"": 2}"
SKTDYYGIY,"{""Q49422"": 4}"
SKTDYXGIY,"{""Q49422"": 2}"
SKTYCGNTV,"{""P47619"": 27}"
SKTVTVMGH,"{""P47295"": 1}"
SKTLVENIC,"{""P47304"": 11}"
SKTNDIFYE,"{""P47266"": 1}"
SKTPVIYRA,"{""P47587"": 2}"
SKTPVIXRA,"{""P47587"": 1}"
SKTPPLIIE,"{""P47282"": 1}"
SKFQSFXLW,"{""P47651"": 5}"
SKFQSFXXX,"{""P47651"": 1}"
SKFQSFKLW,"{""P47651"": 1}"
SKFSFXSEL,"{""P47393"": 1}"
SKFSLXASV,"{""P47679"": 20}"
SKFSLXXXX,"{""P47679"": 4}"
SKFSLKASV,"{""P47679"": 1}"
SKFWWFLLC,"{""P47549"": 5}"
SKLLITSEL,"{""Q49404"": 4}"
SKLDNALXS,"{""P47459"": 1}"
SKLDNALYS,"{""P47459"": 2}"
SKLIDTNLY,"{""P47655"": 5}"
SKLFSKEVX,"{""P47445"": 1}"
SKLFSXEVX,"{""P47445"": 7}"
SKLWFLVPN,"{""P47248"": 4}"
SKLEQHLTN,"{""P47303"": 3}"
SKLELDNIF,"{""P47637"": 2}"
SKLXEIXQT,"{""P47325"": 3}"
SKQTNPTTX,"{""P47408"": 30}"
SKQTNPTTK,"{""P47408"": 1}"
SKQNLDXXX,"{""P47351"": 6}"
SKQNLDXXN,"{""P47351"": 1}"
SKQIAQQPN,"{""Q49397"": 3}"
SKQITNLFQ,"{""P47465"": 17}"
SKQVQQTKA,"{""P47461"": 2}"
SKQVQQTXX,"{""P47461"": 1}"
SKQVQQTXA,"{""P47461"": 3}"
SKQMSTDQM,"{""P47291"": 7}"
SKHLHTXXX,"{""Q49419"": 3}"
SKHLHTXXL,"{""Q49419"": 1}"
SKRXHVATG,"{""Q49431"": 1}"
SKWNTELTH,"{""P47341"": 6}"
SKKVNYLLV,"{""P47585"": 2}"
SVLSNIAIL,"{""P47576"": 37}"
SVLSNYYXG,"{""P47264"": 94}"
SVLSNYYXX,"{""P47264"": 28}"
SVLSNYYKG,"{""P47264"": 1}"
SVLSNYXXX,"{""P47264"": 2}"
SVLSNXYXX,"{""P47264"": 1}"
SVLSNXYXG,"{""P47264"": 4}"
SVLSNXXXG,"{""P47264"": 3}"
SVLSHAIFE,"{""P47359"": 627}"
SVLSIQQRL,"{""P47335"": 99}"
SVLSIQQXL,"{""P47335"": 32}"
SVLATLLNX,"{""P47347"": 613}"
SVLATLLNK,"{""P47347"": 5}"
SVLVXMANN,"{""P47551"": 95}"
SVLVXXXXX,"{""P47551"": 21}"
SVLVKMANN,"{""P47551"": 6}"
SVLEHNAMA,"{""P47607"": 126}"
SVLDPRNII,"{""P47483"": 3}"
SVIVVGPEL,"{""P47582"": 601}"
SVILQQHXT,"{""P47447"": 496}"
SVILQQHXX,"{""P47447"": 105}"
SVILQQHKT,"{""P47447"": 24}"
SVIRHXXXX,"{""P47406"": 15}"
SVIRHXXYH,"{""P47406"": 1}"
SVIRHLDTE,"{""P47329"": 4}"
SVIHNIVWT,"{""P47483"": 121}"
SVIYCEREN,"{""P47582"": 100}"
SVIYCEXEN,"{""P47582"": 16}"
SVIYXEREN,"{""P47582"": 5}"
SVINIVLFC,"{""P47588"": 30}"
SVINIVLFX,"{""P47588"": 2}"
SVIEYDXVQ,"{""P47342"": 93}"
SVIEYDXXX,"{""P47342"": 25}"
SVIEYDKVQ,"{""P47342"": 7}"
SVIEXDXVQ,"{""P47342"": 6}"
SVIEXDXXX,"{""P47342"": 1}"
SVIEXDKVQ,"{""P47342"": 1}"
SVIXHXXXX,"{""P47406"": 4}"
SVIXCEREN,"{""P47582"": 7}"
SVIXXEREN,"{""P47582"": 1}"
SVYEQTINE,"{""P47470"": 126}"
SVYEXALIE,"{""P47362"": 86}"
SVYEXXXXX,"{""P47362"": 22}"
SVYEKALIE,"{""P47362"": 8}"
SVFELLGLF,"{""P47331"": 625}"
SVFEVNLSS,"{""P47431"": 133}"
SVFGSFGDY,"{""P47258"": 120}"
SVFGSFGDX,"{""P47258"": 4}"
SVFXXXXXX,"{""P47310"": 37}"
SVFXXLIVS,"{""P47310"": 69}"
SVFXKLIVS,"{""P47310"": 2}"
SVFSTLXHV,"{""P47371"": 515}"
SVFSTLXXX,"{""P47371"": 96}"
SVFSTLKHV,"{""P47371"": 24}"
SVFKXLIVS,"{""P47310"": 4}"
SVNSYGPIS,"{""P47386"": 545}"
SVNSXGPIS,"{""P47386"": 32}"
SVNWNLVDD,"{""P47471"": 591}"
SVNVDTNNL,"{""P47580"": 37}"
SVNNALVSN,"{""P47482"": 135}"
SVNQPLETG,"{""P47641"": 108}"
SVNFVNEQD,"{""P35888"": 106}"
SVPYGVGGE,"{""P47691"": 552}"
SVPXGVGGE,"{""P47691"": 28}"
SVDDNXXXX,"{""P47563"": 86}"
SVDDNXFNV,"{""P47563"": 499}"
SVDDNKFNV,"{""P47563"": 25}"
SVDNINXXX,"{""P47492"": 106}"
SVDNINXLX,"{""P47492"": 499}"
SVDNINXLK,"{""P47492"": 22}"
SVDNINKLX,"{""P47492"": 22}"
SVDNINKLK,"{""P47492"": 1}"
SVDXXXXXX,"{""P47260"": 91}"
SVDXINERV,"{""P47260"": 18}"
SVDXINEXV,"{""P47260"": 9}"
SVDKINERV,"{""P47260"": 2}"
SVXXXXXXX,"{""P47249"": 589, ""P47534"": 108, ""P47448"": 17, ""P47342"": 19, ""P47655"": 11, ""P47389"": 24}"
SVXQVFSLF,"{""P47448"": 105}"
SVXSTVDLM,"{""P47342"": 91}"
SVXNLPSIQ,"{""P47655"": 97}"
SVXNIQPLI,"{""P47606"": 3}"
SVXNNTLTP,"{""P47534"": 24}"
SVXILPENL,"{""P47595"": 23}"
SVXLHFVXD,"{""P47389"": 71}"
SVXLHFVXX,"{""P47389"": 11}"
SVXLHFVKD,"{""P47389"": 8}"
SVXEQTINE,"{""P47470"": 1}"
SVXEKALIE,"{""P47362"": 2}"
SVXEXALIE,"{""P47362"": 4}"
SVSYDFXFG,"{""P47701"": 87}"
SVSYDFXXX,"{""P47701"": 31}"
SVSYDFKFG,"{""P47701"": 8}"
SVSFWLPQT,"{""P47386"": 125}"
SVSXSRNHX,"{""P47415"": 20}"
SVSXSRNHK,"{""P47415"": 1}"
SVSXXXXXX,"{""P47405"": 17, ""P47415"": 88}"
SVSXPQXXX,"{""P47405"": 17}"
SVSXPQXPV,"{""P47405"": 86}"
SVSXPQKPV,"{""P47405"": 5}"
SVSXDFXXX,"{""P47701"": 2}"
SVSXDFXFG,"{""P47701"": 4}"
SVSVXSIIG,"{""P47325"": 91}"
SVSVXXXXX,"{""P47325"": 16}"
SVSVKSIIG,"{""P47325"": 5}"
SVSKPQXXX,"{""P47405"": 2}"
SVSKPQXPV,"{""P47405"": 1}"
SVSKSRNHX,"{""P47415"": 1}"
SVVNEIIAN,"{""P47335"": 95}"
SVVEIAQAI,"{""P47514"": 115}"
SVVSTCNYV,"{""Q49426"": 42}"
SVVSTCNXV,"{""Q49426"": 2}"
SVVSTXNYV,"{""Q49426"": 6}"
SVGVLSTPL,"{""P47551"": 129}"
SVGSILFYV,"{""P47681"": 36}"
SVGSILFXV,"{""P47681"": 1}"
SVGAXXXXX,"{""P47624"": 139}"
SVGAKXXXX,"{""P47624"": 3}"
SVCILPENL,"{""P47595"": 567}"
SVTVXXXXX,"{""P47359"": 77}"
SVTVXQLLQ,"{""P47359"": 25}"
SVTVKQLLQ,"{""P47359"": 2}"
SVTXPXXEQ,"{""Q49429"": 66}"
SVTXPXXXX,"{""Q49429"": 25}"
SVTXPXKEQ,"{""Q49429"": 1}"
SVTXPKXEQ,"{""Q49429"": 2}"
SVTXXXXXX,"{""Q49429"": 22}"
SVTKPXXXX,"{""Q49429"": 2}"
SVTKPXXEQ,"{""Q49429"": 3}"
SVAXXXXXX,"{""P47539"": 27, ""Q49427"": 30}"
SVAXXFDYX,"{""Q49427"": 63}"
SVAXXFDYK,"{""Q49427"": 4}"
SVAXXFDXX,"{""Q49427"": 6}"
SVAXQLXEE,"{""P47539"": 88}"
SVAXQLXXX,"{""P47539"": 20}"
SVAXQLKEE,"{""P47539"": 6}"
SVAXKFDYX,"{""Q49427"": 4}"
SVAIVGSGY,"{""Q49408"": 119}"
SVAIVGSGX,"{""Q49408"": 5}"
SVAKQLXEE,"{""P47539"": 6}"
SVAKXXXXX,"{""Q49427"": 1}"
SVAKXFDYX,"{""Q49427"": 3}"
SVEYXQLTN,"{""Q49398"": 431}"
SVEYXXXXX,"{""Q49398"": 127}"
SVEYKQLTN,"{""Q49398"": 18}"
SVETEIEXE,"{""P47694"": 112}"
SVETEIEXX,"{""P47694"": 20}"
SVETEIEKE,"{""P47694"": 3}"
SVEPSMETM,"{""P47363"": 28}"
SVEEXXXXX,"{""Q49429"": 90}"
SVEEXSQVD,"{""Q49429"": 23}"
SVEEKSQVD,"{""Q49429"": 2}"
SVEXXQLTN,"{""Q49398"": 27}"
SVEXXXXXX,"{""Q49398"": 4}"
SVEXKQLTN,"{""Q49398"": 3}"
SVELLXXXX,"{""P47329"": 118}"
SVEIDNTDA,"{""P47631"": 32}"
SVWLSXXXX,"{""P47566"": 121}"
SVMQATWPL,"{""P47576"": 139}"
SVRNIQPLI,"{""P47606"": 30}"
SVKSTVDLM,"{""P47342"": 3}"
SVKQVFSLF,"{""P47448"": 8}"
SVKNLPSIQ,"{""P47655"": 2}"
SVKNNTLTP,"{""P47534"": 1}"
SVKLHFVXD,"{""P47389"": 2}"
SSNYEVXVI,"{""Q49402"": 110}"
SSNYEVXXX,"{""Q49402"": 14}"
SSNYEVKVI,"{""Q49402"": 5}"
SSNLVIXXX,"{""P47402"": 464}"
SSNLVIXLS,"{""P47402"": 124}"
SSNLVIKLS,"{""P47402"": 8}"
SSNXTEXVA,"{""P47694"": 418}"
SSNXTEXXX,"{""P47694"": 76}"
SSNXTEKVA,"{""P47694"": 19}"
SSNXXXXXX,"{""P47694"": 80}"
SSNXEVXVI,"{""Q49402"": 5}"
SSNKTEXXX,"{""P47694"": 3}"
SSNKTEXVA,"{""P47694"": 18}"
SSNFLLXNT,"{""P47345"": 99}"
SSNFLLXXX,"{""P47345"": 17}"
SSNFLLKNT,"{""P47345"": 2}"
SSNFSXFYP,"{""Q57081"": 8}"
SSNFSRFYP,"{""Q57081"": 25}"
SSNVQQQLA,"{""Q49419"": 11}"
SSTLSGYAQ,"{""P47553"": 566}"
SSTLSGXAQ,"{""P47553"": 31}"
SSTAXVYLY,"{""P47656"": 95}"
SSTAXVYLX,"{""P47656"": 9}"
SSTAXVXLY,"{""P47656"": 3}"
SSTAXXXXX,"{""P47656"": 24}"
SSTAFQNLX,"{""P47431"": 109}"
SSTAFQNLK,"{""P47431"": 5}"
SSTAKVYLY,"{""P47656"": 3}"
SSTSSANEN,"{""P47580"": 28}"
SSXXXXXXX,"{""P47603"": 572, ""P47401"": 172, ""P47283"": 86, ""P47604"": 2, ""P47607"": 19, ""P47365"": 12}"
SSXXGAFVD,"{""P47401"": 422}"
SSXXDEVWX,"{""P47604"": 21}"
SSXXDEVWK,"{""P47604"": 1}"
SSXXQYXXX,"{""P47427"": 4}"
SSXGGRYXT,"{""P47283"": 23}"
SSXGGRYXX,"{""P47283"": 6}"
SSXGGRYKT,"{""P47283"": 2}"
SSXGGRXXX,"{""P47283"": 1}"
SSXGGXYXT,"{""P47283"": 6}"
SSXGGXYXX,"{""P47283"": 1}"
SSXGSHFFS,"{""P47607"": 131}"
SSXDAVXHX,"{""P47365"": 78}"
SSXDAVXHK,"{""P47365"": 4}"
SSXDAVXXX,"{""P47365"": 15}"
SSXDAVKHX,"{""P47365"": 2}"
SSXDAVKHK,"{""P47365"": 1}"
SSXHXRDXX,"{""P47603"": 7}"
SSXHXXDXX,"{""P47603"": 1}"
SSXHRRDXX,"{""P47603"": 19}"
SSXHRRDXR,"{""P47603"": 2}"
SSXHRXDXX,"{""P47603"": 6}"
SSXRQYXXX,"{""P47427"": 4}"
SSXRQYXIT,"{""P47427"": 3}"
SSXRQYKIT,"{""P47427"": 1}"
SSXEPPFTV,"{""P47455"": 10}"
SSXESYIXA,"{""P47580"": 4}"
SSXKGAFVD,"{""P47401"": 13}"
SSXKDEVWX,"{""P47604"": 1}"
SSXFNTFNA,"{""P47437"": 6}"
SSLINQLVX,"{""P47571"": 110}"
SSLINQLVK,"{""P47571"": 1}"
SSLINQTLV,"{""P47660"": 7}"
SSLINLLIN,"{""Q49435"": 122}"
SSLINAFFX,"{""P47577"": 112}"
SSLINAFFK,"{""P47577"": 5}"
SSLINXLDP,"{""P47356"": 8}"
SSLINRLDP,"{""P47356"": 20}"
SSLPFIYSG,"{""P47513"": 109}"
SSLPFIXSG,"{""P47513"": 9}"
SSLAXSIAE,"{""P47481"": 83}"
SSLAXXXXX,"{""P47481"": 17}"
SSLAKSIAE,"{""P47481"": 7}"
SSLLNALLN,"{""P47254"": 137}"
SSLLNSVTN,"{""P47532"": 103}"
SSLGXLYQS,"{""P47436"": 111}"
SSLGXLXQS,"{""P47436"": 3}"
SSLGXXXXX,"{""P47436"": 15}"
SSLGKLYQS,"{""P47436"": 7}"
SSLNLSFDP,"{""P47628"": 122}"
SSLNTLVHE,"{""P47429"": 113}"
SSLDLFPXE,"{""P47655"": 110}"
SSLDLFPXX,"{""P47655"": 11}"
SSLDLFPKE,"{""P47655"": 8}"
SSLQAXLIN,"{""P47433"": 98}"
SSLQAXXXX,"{""P47433"": 29}"
SSLQAKLIN,"{""P47433"": 1}"
SSMYLNTNL,"{""P47258"": 571}"
SSMXLNTNL,"{""P47258"": 29}"
SSWFFSINS,"{""P47653"": 651}"
SSAAVGYEX,"{""P47706"": 116}"
SSAAVGYEK,"{""P47706"": 5}"
SSAAVGXEX,"{""P47706"": 3}"
SSAAFVQVF,"{""P47702"": 7}"
SSADSTGSD,"{""P22747"": 132}"
SSIWAVAXX,"{""P47394"": 566}"
SSIWAVAXK,"{""P47394"": 28}"
SSIWAVAKX,"{""P47394"": 24}"
SSIWAVAKK,"{""P47394"": 1}"
SSIXXXXXX,"{""P47450"": 86}"
SSIXQFYVT,"{""P47450"": 21}"
SSITNNLDQ,"{""P47522"": 131}"
SSIKQFYVT,"{""P47450"": 2}"
SSVSNFAYQ,"{""P20796"": 629}"
SSVSNFAXQ,"{""P20796"": 29}"
SSVTGWPYA,"{""P20796"": 113}"
SSVTGWPXA,"{""P20796"": 6}"
SSVVNHDFF,"{""P47437"": 130}"
SSVFSYTAC,"{""P47320"": 116}"
SSVFSYTAX,"{""P47320"": 6}"
SSVFSXTAC,"{""P47320"": 7}"
SSVAXXIAE,"{""P47572"": 89}"
SSVAXXXXX,"{""P47572"": 50}"
SSVAXKIAE,"{""P47572"": 1}"
SSVAKXIAE,"{""P47572"": 3}"
SSVAKXXXX,"{""P47572"": 1}"
SSHDFIGYV,"{""P47448"": 107}"
SSHDFIGXV,"{""P47448"": 8}"
SSHIDRSLE,"{""P47637"": 22}"
SSHIDXSLE,"{""P47637"": 6}"
SSSFAXXXX,"{""P47349"": 110}"
SSSFAXXPL,"{""P47349"": 3}"
SSSFAXRPL,"{""P47349"": 2}"
SSSFXFLED,"{""P47653"": 92}"
SSSFXXXXX,"{""P47653"": 24}"
SSSFKFLED,"{""P47653"": 3}"
SSSSSSTTS,"{""P47502"": 640}"
SSSSSDXVN,"{""P47291"": 129}"
SSSSSDXXX,"{""P47291"": 19}"
SSSSSDKVN,"{""P47291"": 9}"
SSSSTSMRN,"{""P47286"": 28}"
SSSSTSMXN,"{""P47286"": 8}"
SSSATTVMM,"{""P47580"": 133}"
SSSNGGQAQ,"{""P47551"": 124}"
SSSVINELF,"{""P47643"": 118}"
SSSQXSVET,"{""P47694"": 88}"
SSSQXXXXX,"{""P47694"": 23}"
SSSQKSVET,"{""P47694"": 3}"
SSYXQYXXX,"{""P47427"": 19}"
SSYXQYXIT,"{""P47427"": 2}"
SSYEPPFTV,"{""P47455"": 118}"
SSYESYIXA,"{""P47580"": 97}"
SSYESYIXX,"{""P47580"": 23}"
SSYESYIKA,"{""P47580"": 2}"
SSYESXIXA,"{""P47580"": 3}"
SSYESXIXX,"{""P47580"": 2}"
SSYESXIKA,"{""P47580"": 1}"
SSYFNTFNA,"{""P47437"": 101}"
SSYRQYXXX,"{""P47427"": 93}"
SSYRQYXIT,"{""P47427"": 20}"
SSYRQXXIT,"{""P47427"": 2}"
SSYRQXXXX,"{""P47427"": 3}"
SSRXDEVWX,"{""P47604"": 89}"
SSRXDEVWK,"{""P47604"": 1}"
SSRXXXXXX,"{""P47604"": 16}"
SSRKDEVWX,"{""P47604"": 2}"
SSFRSMVNX,"{""P47667"": 124}"
SSFRSMVNK,"{""P47667"": 6}"
SSFXXDXXX,"{""Q49421"": 73}"
SSFXXDXAE,"{""Q49421"": 14}"
SSFXXXXXX,"{""Q49421"": 45}"
SSFXSMVNX,"{""P47667"": 38}"
SSFXKDXAE,"{""Q49421"": 2}"
SSFXKDXXX,"{""Q49421"": 3}"
SSFDTLLRX,"{""P47678"": 17}"
SSFDTLLXX,"{""P47678"": 9}"
SSFDQQFGA,"{""P47597"": 24}"
SSFSINSSX,"{""P47628"": 12}"
SSFSINSSR,"{""P47628"": 17}"
SSFKXXXXX,"{""Q49421"": 2}"
SSFKXDXXX,"{""Q49421"": 2}"
SSPLHDGAV,"{""P47351"": 39}"
SSPQIPTTL,"{""Q49413"": 36}"
SSKDAVXHX,"{""P47365"": 7}"
SSKDAVXHK,"{""P47365"": 1}"
SSKDAVXXX,"{""P47365"": 1}"
SSKDAVKHX,"{""P47365"": 1}"
SSKXGAFVD,"{""P47401"": 17}"
SSKXXXXXX,"{""P47401"": 5}"
SSKGSHFFS,"{""P47607"": 3}"
SSKGGRYXT,"{""P47283"": 1}"
SSKHRXDXX,"{""P47603"": 1}"
SSDLELXXX,"{""P47502"": 27}"
SSDLELXGS,"{""P47502"": 97}"
SSDLELKGS,"{""P47502"": 1}"
SSDFAVSXX,"{""Q9ZB70"": 128}"
SSDFAVSXK,"{""Q9ZB70"": 3}"
SSDFAVSKX,"{""Q9ZB70"": 5}"
SSDFIGHEE,"{""P47461"": 113}"
SSELPIFTG,"{""P47286"": 150}"
SSEDYRXGX,"{""P47582"": 19}"
SSEDYRXXX,"{""P47582"": 4}"
SSEDYXKGX,"{""P47582"": 1}"
SSEDYXXXX,"{""P47582"": 2}"
SSEDYXXGX,"{""P47582"": 1}"
SSEDXRXGX,"{""P47582"": 1}"
SSEXEEFXX,"{""P47635"": 19}"
SSEXEEFXY,"{""P47635"": 81}"
SSEXEEFKY,"{""P47635"": 6}"
SSEXXXXXX,"{""P47635"": 18}"
SSEKEEFXY,"{""P47635"": 1}"
SSEKEEFXX,"{""P47635"": 1}"
SSGDXLXVI,"{""P47655"": 6}"
SSGDXLRVI,"{""P47655"": 17}"
SSGDXXXXX,"{""P47655"": 74}"
SSGDKLRVI,"{""P47655"": 1}"
SSQLNDLDL,"{""P47580"": 34}"
SALGLSEXS,"{""P47351"": 499}"
SALGLSEXX,"{""P47351"": 103}"
SALGLSEKS,"{""P47351"": 15}"
SALVVTEIP,"{""P47250"": 640}"
SALLEXXXX,"{""P47460"": 458}"
SALLEXQXE,"{""P47460"": 23}"
SALLEXQRE,"{""P47460"": 93}"
SALLEKQRE,"{""P47460"": 4}"
SALLEKQXE,"{""P47460"": 1}"
SALLSAISC,"{""P47672"": 99}"
SALLSAISX,"{""P47672"": 3}"
SALSVIQLV,"{""P47605"": 123}"
SALAXXXXX,"{""P47527"": 623}"
SALAXXEIN,"{""P47527"": 2}"
SALAKXXXX,"{""P47527"": 22}"
SALNNXLQV,"{""P47321"": 85}"
SALNNXXXX,"{""P47321"": 25}"
SALNNKLQV,"{""P47321"": 4}"
SALNDGSGV,"{""P47580"": 30}"
SALFFGAWL,"{""P47562"": 146}"
SAYGAXXPX,"{""P47333"": 382}"
SAYGAXXPK,"{""P47333"": 18}"
SAYGAXXXX,"{""P47333"": 161}"
SAYGAXKPK,"{""P47333"": 3}"
SAYGAXKPX,"{""P47333"": 18}"
SAYGAKXPX,"{""P47333"": 18}"
SAYGAKXPK,"{""P47333"": 1}"
SAYGAKXXX,"{""P47333"": 5}"
SAYLRLGET,"{""P47290"": 2}"
SAXXXXXXX,"{""P47464"": 154, ""P47532"": 104, ""P47437"": 29, ""P22747"": 133, ""P47310"": 25, ""P47682"": 24, ""P47629"": 92, ""P47374"": 27, ""P47566"": 24}"
SAXXAFRLY,"{""P47629"": 21}"
SAXXAFRLX,"{""P47629"": 1}"
SAXXAFXLY,"{""P47629"": 5}"
SAXQXLTWL,"{""P47532"": 407}"
SAXQXXXXX,"{""P47532"": 91}"
SAXQKLTWL,"{""P47532"": 30}"
SAXQMVNHG,"{""P47553"": 7}"
SAXGISAGG,"{""P47695"": 12}"
SAXGAVIFP,"{""P47374"": 90}"
SAXGAXXPX,"{""P47333"": 19}"
SAXGAXXPK,"{""P47333"": 3}"
SAXGAXXXX,"{""P47333"": 12}"
SAXGAKXPX,"{""P47333"": 1}"
SAXLFVIQX,"{""P47464"": 452}"
SAXLLSAYX,"{""P47566"": 93}"
SAXLLSAYK,"{""P47566"": 4}"
SAXLLSAXX,"{""P47566"": 9}"
SAXSSADST,"{""P22747"": 463}"
SAXIALIAL,"{""P47310"": 89}"
SAXIXEXXX,"{""P47682"": 75}"
SAXIXEKXX,"{""P47682"": 4}"
SAXIXXXXX,"{""P47682"": 15}"
SAXIVGDVM,"{""P47250"": 4}"
SAXIKEXXX,"{""P47682"": 3}"
SAXTFNLFN,"{""P47437"": 96}"
SAXAVGEIM,"{""P47446"": 7}"
SAXKAFXLY,"{""P47629"": 1}"
SAALLQSXX,"{""Q57081"": 542}"
SAALLQSXL,"{""Q57081"": 28}"
SAALLQSKL,"{""Q57081"": 1}"
SAAVXXXXX,"{""P47439"": 87}"
SAAVXXFXL,"{""P47439"": 4}"
SAAVXXFXX,"{""P47439"": 2}"
SAAVXRFXL,"{""P47439"": 21}"
SAAVXRFXX,"{""P47439"": 2}"
SAAVXRFKL,"{""P47439"": 1}"
SAATATNYQ,"{""P47416"": 39}"
SAATATNXQ,"{""P47416"": 2}"
SAATRYDEI,"{""P13927"": 24}"
SAATRXDEI,"{""P13927"": 2}"
SAATXYDEI,"{""P13927"": 5}"
SAEXXXXXX,"{""P47502"": 170, ""Q49432"": 19}"
SAEXXGTLE,"{""P47502"": 412}"
SAEXQVSLL,"{""Q49432"": 95}"
SAEXKGTLE,"{""P47502"": 15}"
SAELXXXXX,"{""Q49460"": 578}"
SAEKXGTLE,"{""P47502"": 19}"
SAEKXXXXX,"{""P47502"": 3}"
SAEKQVSLL,"{""Q49432"": 10}"
SAEKKGTLE,"{""P47502"": 1}"
SAEIVFXIX,"{""Q9ZB71"": 100}"
SAEIVFXIK,"{""Q9ZB71"": 4}"
SAEIVFXXX,"{""Q9ZB71"": 26}"
SAEIVFKIX,"{""Q9ZB71"": 2}"
SAQENASNX,"{""P22747"": 594}"
SAQENASNK,"{""P22747"": 22}"
SAQXXXXXX,"{""P47534"": 122}"
SAQXATIDF,"{""P47534"": 8}"
SAQNVMNSI,"{""P47480"": 118}"
SAVXEVAXL,"{""Q49405"": 437}"
SAVXEVAXX,"{""Q49405"": 100}"
SAVXEVAKL,"{""Q49405"": 12}"
SAVXXXXXX,"{""Q49405"": 88}"
SAVNNXAFF,"{""P47565"": 478}"
SAVNNXXXX,"{""P47565"": 132}"
SAVNNKAFF,"{""P47565"": 26}"
SAVDXXXXX,"{""P47446"": 447}"
SAVDXSDAR,"{""P47446"": 106}"
SAVDXSDAX,"{""P47446"": 21}"
SAVDKSDAR,"{""P47446"": 2}"
SAVDKSDAX,"{""P47446"": 1}"
SAVSVXLCX,"{""Q49411"": 3}"
SAVSVXLCR,"{""Q49411"": 6}"
SAVSVXLXR,"{""Q49411"": 1}"
SAVSVYLCR,"{""Q49411"": 99}"
SAVSVYLCX,"{""Q49411"": 36}"
SAVSVYLXR,"{""Q49411"": 3}"
SAVFLNXNL,"{""P47483"": 95}"
SAVFLNXXX,"{""P47483"": 21}"
SAVFLNKNL,"{""P47483"": 5}"
SAVKEVAXL,"{""Q49405"": 17}"
SAVKEVAXX,"{""Q49405"": 3}"
SAVKEVAKL,"{""Q49405"": 1}"
SADFELMLQ,"{""P47460"": 130}"
SADSSGFSG,"{""Q49409"": 156}"
SADIVFTAI,"{""P47259"": 125}"
SAFQQNQQA,"{""P47459"": 587}"
SAFNXLSNH,"{""P47448"": 520}"
SAFNXXXXX,"{""P47448"": 96}"
SAFNKLSNH,"{""P47448"": 29}"
SAFMSYVPT,"{""Q49427"": 121}"
SAFMSXVPT,"{""Q49427"": 10}"
SAFLXTXVX,"{""P47369"": 70}"
SAFLXTXVK,"{""P47369"": 5}"
SAFLXTXXX,"{""P47369"": 15}"
SAFLXTKVX,"{""P47369"": 4}"
SAFLXXXXX,"{""P47369"": 16}"
SAFLKTXVX,"{""P47369"": 5}"
SAFYAIPGY,"{""P47561"": 126}"
SAFYAIPGX,"{""P47561"": 3}"
SAFXAIPGY,"{""P47561"": 9}"
SAFSPSGIX,"{""P47634"": 1}"
SAFSPSGIR,"{""P47634"": 1}"
SAIASMVTS,"{""P47298"": 155}"
SAIIFXPIF,"{""P47606"": 110}"
SAIIFXXXX,"{""P47606"": 17}"
SAIIFKPIF,"{""P47606"": 9}"
SAIELXNIV,"{""P47433"": 124}"
SAIELXXXX,"{""P47433"": 21}"
SAIELKNIV,"{""P47433"": 2}"
SAGFSVFPV,"{""P47564"": 593}"
SAGCALEFA,"{""P47275"": 626}"
SAGSYARIL,"{""P47400"": 119}"
SAGSYAXIL,"{""P47400"": 23}"
SAGSXARIL,"{""P47400"": 6}"
SAGXALEFA,"{""P47275"": 25}"
SAGRVQSVA,"{""P47368"": 3}"
SANNQEAIN,"{""P47250"": 119}"
SANEVAGIX,"{""P47418"": 107}"
SANEVAGIK,"{""P47418"": 9}"
SANTPIIVF,"{""P47388"": 113}"
SASETSQTX,"{""P47431"": 139}"
SASETSQTK,"{""P47431"": 3}"
SASSSSQTT,"{""P47551"": 138}"
SASALXSLT,"{""P47317"": 85}"
SASALXXXX,"{""P47317"": 30}"
SASALKSLT,"{""P47317"": 4}"
SASDLXXXX,"{""P47577"": 85}"
SASDLXDCP,"{""P47577"": 21}"
SASDLXDXP,"{""P47577"": 2}"
SASDLKDCP,"{""P47577"": 1}"
SAWNFLNXL,"{""P47576"": 106}"
SAWNFLNXX,"{""P47576"": 21}"
SAWNFLNKL,"{""P47576"": 4}"
SAMTXSQEV,"{""P47580"": 109}"
SAMTXXXXX,"{""P47580"": 18}"
SAMTKSQEV,"{""P47580"": 4}"
SAMRQALTX,"{""P47403"": 120}"
SAMRQALTK,"{""P47403"": 3}"
SAMQDIIQG,"{""P47315"": 123}"
SAMFNGSIS,"{""P47619"": 120}"
SAMXQALTX,"{""P47403"": 33}"
SATVNEAIX,"{""P47319"": 105}"
SATTFAXTI,"{""P47539"": 97}"
SATTFAXXX,"{""P47539"": 27}"
SATTFAKTI,"{""P47539"": 3}"
SATNVLLDA,"{""P47678"": 23}"
SARGISAGG,"{""P47695"": 35}"
SARAVGEIM,"{""P47446"": 20}"
SARIVGDVM,"{""P47250"": 27}"
SARQMVNHG,"{""P47553"": 27}"
SAKLFVIQX,"{""P47464"": 28}"
SAKLLSAYX,"{""P47566"": 2}"
SAKQKLTWL,"{""P47532"": 3}"
SAKQXXXXX,"{""P47532"": 2}"
SAKQXLTWL,"{""P47532"": 17}"
SAKIXXXXX,"{""P47682"": 1}"
SAKIXEXXX,"{""P47682"": 5}"
SAKIALIAL,"{""P47310"": 3}"
SAKXXXXXX,"{""P47629"": 4}"
SAKXAFRLY,"{""P47629"": 1}"
SAKTFNLFN,"{""P47437"": 3}"
SAKSSADST,"{""P22747"": 13}"
SAKGAVIFP,"{""P47374"": 4}"
SFXQMALLA,"{""P47295"": 90}"
SFXQLLEXX,"{""Q9ZB76"": 76}"
SFXQLLEXR,"{""Q9ZB76"": 10}"
SFXQLLEKR,"{""Q9ZB76"": 1}"
SFXQIATAI,"{""P47348"": 4}"
SFXXXXXXX,"{""Q9ZB76"": 32, ""P47687"": 100, ""P47265"": 84, ""P47479"": 33, ""P47688"": 16, ""P47326"": 96, ""P47297"": 95, ""P47295"": 27}"
SFXXXLSEN,"{""P47479"": 5}"
SFXXXLSVX,"{""P47297"": 5}"
SFXXYLSEN,"{""P47479"": 67}"
SFXXTRVSC,"{""P47326"": 15}"
SFXXTXVSC,"{""P47326"": 4}"
SFXXFFLSH,"{""P47687"": 22}"
SFXFHLLIS,"{""P47688"": 111}"
SFXDGIEID,"{""P47568"": 7}"
SFXRXXXXX,"{""P47265"": 21, ""P47297"": 2}"
SFXRXAGDL,"{""P47265"": 7}"
SFXRXLSVK,"{""P47297"": 1}"
SFXRXLSVX,"{""P47297"": 12}"
SFXLEXNIT,"{""P47605"": 4}"
SFXLEXXXX,"{""P47605"": 1}"
SFXLEKNIT,"{""P47605"": 1}"
SFXAQFAXX,"{""P47635"": 12}"
SFXAQFAKX,"{""P47635"": 1}"
SFXELELIA,"{""P47292"": 6}"
SFXKYLSEN,"{""P47479"": 3}"
SFXKTRVSC,"{""P47326"": 1}"
SFLDQNGFI,"{""P47382"": 641}"
SFLDENFIL,"{""P47266"": 114}"
SFLDCGVLL,"{""P47331"": 136}"
SFLDXGVLL,"{""P47331"": 8}"
SFLEXAPXE,"{""P47576"": 85}"
SFLEXAPXX,"{""P47576"": 15}"
SFLEXAPKE,"{""P47576"": 4}"
SFLEXXXXX,"{""P47576"": 27}"
SFLEKAPXE,"{""P47576"": 2}"
SFLNGXMSL,"{""P47254"": 539}"
SFLNGXXXX,"{""P47254"": 97}"
SFLNGKMSL,"{""P47254"": 26}"
SFLNWVXXX,"{""P47605"": 22}"
SFLNWVXGL,"{""P47605"": 93}"
SFLNWVKGL,"{""P47605"": 6}"
SFLLTENPV,"{""P47277"": 119}"
SFLSWQSXA,"{""P56723"": 89}"
SFLSWQSXX,"{""P56723"": 17}"
SFLSWQSKA,"{""P56723"": 8}"
SFLSLNSWD,"{""P47490"": 148}"
SFLQSDFDS,"{""P47459"": 160}"
SFLFIXXXX,"{""P47649"": 111}"
SFLFTINFD,"{""P47436"": 116}"
SFLASTSGV,"{""P47677"": 117}"
SFLPEQFQS,"{""P47480"": 116}"
SFLTIXXXX,"{""P47693"": 103}"
SFLXSFVIA,"{""P47544"": 3}"
SFLRSFVIA,"{""P47544"": 7}"
SFQLQRXXX,"{""Q49434"": 6}"
SFQLQRXAG,"{""Q49434"": 15}"
SFQLQXXAG,"{""Q49434"": 4}"
SFQLQXXXX,"{""Q49434"": 2}"
SFQXFYWXX,"{""Q9ZB72"": 432}"
SFQXFXWXX,"{""Q9ZB72"": 18}"
SFQXILTTS,"{""P47579"": 103}"
SFQXXXXXX,"{""Q9ZB72"": 147, ""P47579"": 22}"
SFQVEFEXC,"{""P47382"": 94}"
SFQVEFEXX,"{""P47382"": 25}"
SFQVEFEKC,"{""P47382"": 3}"
SFQNXXXXX,"{""P47585"": 101}"
SFQNXFFXX,"{""P47585"": 398}"
SFQNXFFXL,"{""P47585"": 112}"
SFQNXFFKL,"{""P47585"": 4}"
SFQNFSNAF,"{""P47320"": 133}"
SFQNKFFXX,"{""P47585"": 14}"
SFQNKFFXL,"{""P47585"": 7}"
SFQKILTTS,"{""P47579"": 5}"
SFQKFYWXX,"{""Q9ZB72"": 17}"
SFQKFXWXX,"{""Q9ZB72"": 1}"
SFDGXGNYT,"{""P47409"": 506}"
SFDGXGNXT,"{""P47409"": 24}"
SFDGXXXXX,"{""P47409"": 98}"
SFDGKGNYT,"{""P47409"": 27}"
SFDGKGNXT,"{""P47409"": 1}"
SFDNGXIXA,"{""P47365"": 69}"
SFDNGXIXX,"{""P47365"": 24}"
SFDNGXIKA,"{""P47365"": 1}"
SFDNGXXXX,"{""P47365"": 21}"
SFDNGKIXX,"{""P47365"": 1}"
SFDNGKIXA,"{""P47365"": 5}"
SFDSYQQXT,"{""Q9ZB78"": 477}"
SFDSYQQXX,"{""Q9ZB78"": 88}"
SFDSYQQKT,"{""Q9ZB78"": 17}"
SFDSXQQXT,"{""Q9ZB78"": 29}"
SFDSXQQXX,"{""Q9ZB78"": 4}"
SFDPNLFXX,"{""P47324"": 109}"
SFDPNLFXR,"{""P47324"": 17}"
SFDPYLLIE,"{""P35888"": 1}"
SFDVVNPFL,"{""P47355"": 116}"
SFDETQRLL,"{""P47681"": 27}"
SFDETQXLL,"{""P47681"": 5}"
SFALFLLVS,"{""P47447"": 130}"
SFASNLXLQ,"{""P47460"": 531}"
SFASNLXXX,"{""P47460"": 87}"
SFASNLKLQ,"{""P47460"": 26}"
SFAFNXSYV,"{""P47465"": 88}"
SFAFNXSXV,"{""P47465"": 8}"
SFAFNXXXX,"{""P47465"": 14}"
SFAFNKSYV,"{""P47465"": 1}"
SFANAGITI,"{""P47422"": 652}"
SFAVSETLE,"{""Q49426"": 641}"
SFAXQIEEL,"{""P47423"": 24}"
SFAXXXXXX,"{""P47423"": 94}"
SFAKQIEEL,"{""P47423"": 1}"
SFEXLPLVL,"{""P47411"": 454}"
SFEXVENXY,"{""P47288"": 73}"
SFEXVENXX,"{""P47288"": 20}"
SFEXVENKY,"{""P47288"": 1}"
SFEXXXXXX,"{""P47411"": 127, ""P47606"": 87, ""P47288"": 18}"
SFEXNRLLE,"{""P47606"": 22}"
SFEXNXLLE,"{""P47606"": 7}"
SFENAXEFX,"{""P47530"": 103}"
SFENAXEFK,"{""P47530"": 3}"
SFENAXXXX,"{""P47530"": 11}"
SFENAKEFX,"{""P47530"": 4}"
SFENAKEFK,"{""P47530"": 1}"
SFELGLTDX,"{""P47619"": 123}"
SFELGLTDK,"{""P47619"": 1}"
SFESIXQAN,"{""P47254"": 112}"
SFESIXXXX,"{""P47254"": 15}"
SFESIKQAN,"{""P47254"": 3}"
SFEKLPLVL,"{""P47411"": 29}"
SFEKVENXY,"{""P47288"": 3}"
SFEQERLIN,"{""P47460"": 5}"
SFEQEXLIN,"{""P47460"": 1}"
SFIXLEDXX,"{""P47460"": 86}"
SFIXLEDXE,"{""P47460"": 423}"
SFIXLEDKE,"{""P47460"": 18}"
SFIXLLNVS,"{""P47615"": 22}"
SFIXXXXXX,"{""P47460"": 86, ""Q49460"": 98, ""P47615"": 84, ""P47349"": 22}"
SFIXXNQTE,"{""Q49460"": 20}"
SFIXSSSFA,"{""P47349"": 98}"
SFIXVTAWG,"{""P47337"": 4}"
SFIDXSEXT,"{""P47658"": 69}"
SFIDXSEXX,"{""P47658"": 18}"
SFIDXSEKT,"{""P47658"": 5}"
SFIDXXXXX,"{""P47658"": 16}"
SFIDKSEXX,"{""P47658"": 1}"
SFIDKSEXT,"{""P47658"": 5}"
SFIFWMNNA,"{""P47277"": 117}"
SFIIXSFXF,"{""P47688"": 98}"
SFIIXSFXX,"{""P47688"": 18}"
SFIIXSFKF,"{""P47688"": 7}"
SFIIXXXXX,"{""P47688"": 16}"
SFIIKSFXF,"{""P47688"": 2}"
SFIIKSFXX,"{""P47688"": 1}"
SFIRVTAWG,"{""P47337"": 21}"
SFIKLEDXE,"{""P47460"": 18}"
SFIKLEDXX,"{""P47460"": 3}"
SFIKLEDKE,"{""P47460"": 1}"
SFIKLLNVS,"{""P47615"": 1}"
SFIKSSSFA,"{""P47349"": 6}"
SFIKXNQTE,"{""Q49460"": 3}"
SFIKXXXXX,"{""Q49460"": 3}"
SFFANLEFH,"{""Q49409"": 639}"
SFFANKAFL,"{""P47669"": 22}"
SFFANXAFL,"{""P47669"": 505}"
SFFANXXXX,"{""P47669"": 88}"
SFFXXXXXX,"{""P47286"": 176}"
SFFXXSXGV,"{""P47286"": 318}"
SFFXXSXXX,"{""P47286"": 92}"
SFFXXSKGV,"{""P47286"": 12}"
SFFXKSXXX,"{""P47286"": 4}"
SFFXKSXGV,"{""P47286"": 9}"
SFFEMXYYN,"{""P47332"": 451}"
SFFEMXYXN,"{""P47332"": 18}"
SFFEMXXXX,"{""P47332"": 125}"
SFFEMXXYN,"{""P47332"": 24}"
SFFEMKXYN,"{""P47332"": 1}"
SFFEMKYYN,"{""P47332"": 24}"
SFFEMKYXN,"{""P47332"": 2}"
SFFEXYYAL,"{""P47661"": 8}"
SFFERYYAL,"{""P47661"": 28}"
SFFERYXAL,"{""P47661"": 1}"
SFFERXYAL,"{""P47661"": 1}"
SFFLXXXXX,"{""P47606"": 88}"
SFFLXNFDR,"{""P47606"": 17}"
SFFLXNFDX,"{""P47606"": 6}"
SFFLKNFDR,"{""P47606"": 1}"
SFFNFYRXX,"{""P47661"": 73}"
SFFNFYRXR,"{""P47661"": 20}"
SFFNFYRKX,"{""P47661"": 1}"
SFFNFYXXX,"{""P47661"": 25}"
SFFNFYXXR,"{""P47661"": 5}"
SFFNFXXXX,"{""P47661"": 3}"
SFFNFXXXR,"{""P47661"": 1}"
SFFNFXRXX,"{""P47661"": 3}"
SFFDSSIVI,"{""P47463"": 34}"
SFFKXSXGV,"{""P47286"": 16}"
SFFKXXXXX,"{""P47286"": 4}"
SFFKKSXGV,"{""P47286"": 1}"
SFFQQGFDF,"{""Q49430"": 1}"
SFTEXFXXX,"{""P47342"": 14}"
SFTEXFXDE,"{""P47342"": 66}"
SFTEXFKDE,"{""P47342"": 2}"
SFTEXXXXX,"{""P47342"": 27}"
SFTEKFXDE,"{""P47342"": 7}"
SFTEKFXXX,"{""P47342"": 1}"
SFTTSAEII,"{""P47515"": 147}"
SFTDFFVFY,"{""P47616"": 574}"
SFTDFFVFX,"{""P47616"": 38}"
SFTQPAYLI,"{""P22747"": 114}"
SFTQPAXLI,"{""P22747"": 5}"
SFTRVFRNG,"{""P47317"": 7}"
SFTXLQTTT,"{""P47431"": 96}"
SFTXXXXXX,"{""P47431"": 25}"
SFTXVFRNG,"{""P47317"": 1}"
SFTISYQSX,"{""P47525"": 109}"
SFTISYQSK,"{""P47525"": 3}"
SFTISXQSX,"{""P47525"": 6}"
SFTKLQTTT,"{""P47431"": 9}"
SFTFVLXTT,"{""P47327"": 91}"
SFTFVLXXX,"{""P47327"": 12}"
SFTFVLKTT,"{""P47327"": 7}"
SFTLNQLRX,"{""P47349"": 24}"
SFTLNQLRK,"{""P47349"": 1}"
SFTLNQLXX,"{""P47349"": 1}"
SFPVIVXXX,"{""P47257"": 104}"
SFPVIVXXR,"{""P47257"": 16}"
SFPVIVKXX,"{""P47257"": 4}"
SFPVIVKXR,"{""P47257"": 1}"
SFVNIAINS,"{""P47520"": 113}"
SFVYFSNXX,"{""Q49430"": 69}"
SFVYFSNXS,"{""Q49430"": 22}"
SFVXNAPXI,"{""P47281"": 72}"
SFVXNAPXX,"{""P47281"": 17}"
SFVXNAPKI,"{""P47281"": 2}"
SFVXXXXXX,"{""P47281"": 12}"
SFVXFSNXX,"{""Q49430"": 6}"
SFVIALRIS,"{""P47544"": 27}"
SFVIALXIS,"{""P47544"": 4}"
SFVLMTQXX,"{""P47701"": 447}"
SFVLMTQXE,"{""P47701"": 110}"
SFVLMTQKE,"{""P47701"": 3}"
SFVKNAPXI,"{""P47281"": 5}"
SFSDMQSLI,"{""P47344"": 137}"
SFSXXAXSD,"{""P47386"": 55}"
SFSXXAXXX,"{""P47386"": 15}"
SFSXXAKSD,"{""P47386"": 4}"
SFSXXXXXX,"{""P47386"": 40}"
SFSXKAXSD,"{""P47386"": 2}"
SFSXKAXXX,"{""P47386"": 2}"
SFSELGXXX,"{""P47609"": 94}"
SFSELGXNF,"{""P47609"": 6}"
SFSQGRGNY,"{""P47335"": 108}"
SFSQGRGNX,"{""P47335"": 8}"
SFSQGXGNX,"{""P47335"": 2}"
SFSQGXGNY,"{""P47335"": 30}"
SFSQMSYEG,"{""P47286"": 27}"
SFSQMSXEG,"{""P47286"": 1}"
SFSKXXXXX,"{""P47386"": 2}"
SFSKXAXSD,"{""P47386"": 2}"
SFSKXAXXX,"{""P47386"": 1}"
SFNSFXDFK,"{""P47342"": 9}"
SFNSFXDFX,"{""P47342"": 104}"
SFNSFXXXX,"{""P47342"": 22}"
SFNSFKDFX,"{""P47342"": 3}"
SFNSXXXET,"{""Q49429"": 73}"
SFNSXXXXX,"{""Q49429"": 61}"
SFNSXXKET,"{""Q49429"": 2}"
SFNSXKXET,"{""Q49429"": 2}"
SFNSKXXXX,"{""Q49429"": 2}"
SFNSKXXET,"{""Q49429"": 2}"
SFNXEXNLL,"{""P47627"": 82}"
SFNXEXXXX,"{""P47627"": 20}"
SFNXERNNQ,"{""P47582"": 1}"
SFNXEKNLL,"{""P47627"": 3}"
SFNXVTXXX,"{""P47344"": 67}"
SFNXVTXID,"{""P47344"": 17}"
SFNXVTKID,"{""P47344"": 1}"
SFNXXXXXX,"{""P47344"": 27, ""P47627"": 13}"
SFNISTNNQ,"{""P47653"": 103}"
SFNKEXNLL,"{""P47627"": 2}"
SFNKVTXID,"{""P47344"": 2}"
SFNKVTXXX,"{""P47344"": 4}"
SFNYERNNQ,"{""P47582"": 15}"
SFNYEXNNQ,"{""P47582"": 2}"
SFNFDNEVI,"{""P47653"": 27}"
SFYGLGRXX,"{""P47656"": 3}"
SFYGLGRRX,"{""P47656"": 4}"
SFYGLGXXX,"{""P47656"": 1}"
SFYAQFAXX,"{""P47635"": 96}"
SFYAQFAXK,"{""P47635"": 2}"
SFYAQFAKX,"{""P47635"": 3}"
SFYELELIA,"{""P47292"": 117}"
SFCLEXNIT,"{""P47605"": 94}"
SFCLEXXXX,"{""P47605"": 22}"
SFCLEKNIT,"{""P47605"": 5}"
SFMEYAMSV,"{""P47250"": 24}"
SFMEXAMSV,"{""P47250"": 3}"
SFRQIATAI,"{""P47348"": 25}"
SFRDGIEID,"{""P47568"": 22}"
SFRNEITPG,"{""P47493"": 1}"
SFKXYLSEN,"{""P47479"": 5}"
SFKXXXXXX,"{""P47479"": 1, ""P47687"": 1, ""P47326"": 6}"
SFKXTRVSC,"{""P47326"": 1}"
SFKQMALLA,"{""P47295"": 4}"
SFKQLLEXX,"{""Q9ZB76"": 3}"
SFKQLLEXR,"{""Q9ZB76"": 1}"
SFKQLLEKR,"{""Q9ZB76"": 1}"
SFKRXXXXX,"{""P47297"": 1}"
SFKRXAGDL,"{""P47265"": 1}"
SFKFHLLIS,"{""P47688"": 2}"
SRXXXXXXX,"{""P47481"": 22, ""P47257"": 24, ""P47561"": 3}"
SRXVDFLXT,"{""P47257"": 82}"
SRXVDFLXX,"{""P47257"": 17}"
SRXVDFLKT,"{""P47257"": 7}"
SRXIIXALX,"{""P47481"": 73}"
SRXIIXALK,"{""P47481"": 7}"
SRXIIXXXX,"{""P47481"": 7}"
SRXIIKALX,"{""P47481"": 6}"
SRXLGFSLL,"{""P47553"": 1}"
SRNIPINNF,"{""Q49428"": 137}"
SRNFWDLGL,"{""P47534"": 9}"
SRNHXSXXX,"{""P47415"": 14}"
SRNHXSXVV,"{""P47415"": 2}"
SRNHXXXXX,"{""P47415"": 3}"
SRNHKSXXX,"{""P47415"": 1}"
SRNGEYDQA,"{""P47280"": 15}"
SRILTLLXX,"{""P47386"": 112}"
SRILTLLXF,"{""P47386"": 3}"
SRSAXLFVI,"{""P47464"": 77}"
SRSAXXXXX,"{""P47464"": 28}"
SRSAKLFVI,"{""P47464"": 2}"
SRSFAVSET,"{""Q49426"": 21}"
SRGVYTAPL,"{""P47515"": 30}"
SRGVXTAPL,"{""P47515"": 3}"
SRGSYNPTA,"{""P47341"": 115}"
SRGSXNPTA,"{""P47341"": 8}"
SRVALGRIX,"{""P47260"": 19}"
SRVALGRIK,"{""P47260"": 1}"
SRVALGXIX,"{""P47260"": 3}"
SRVISDEDR,"{""P47695"": 1}"
SRVISDEDX,"{""P47695"": 1}"
SRLXXXXXX,"{""P47445"": 3}"
SRLXELSFL,"{""P47445"": 17}"
SRLYEYFRX,"{""P47460"": 2}"
SRLYEYFXX,"{""P47460"": 1}"
SRLKELSFL,"{""P47445"": 1}"
SRHXXXXXX,"{""P47400"": 104}"
SRASELXXX,"{""P47267"": 18}"
SRASELXNN,"{""P47267"": 4}"
SRRLGFSLL,"{""P47553"": 27}"
SRRXXXXXX,"{""P47561"": 15}"
SRKVDFLXT,"{""P47257"": 10}"
SRKVDFLKT,"{""P47257"": 1}"
SRKIIXALX,"{""P47481"": 2}"
SRKIIXXXX,"{""P47481"": 1}"
SRFNGTGDL,"{""P47563"": 24}"
SRFWHNVVL,"{""P47458"": 39}"
SRDVXXXXX,"{""P22747"": 5}"
SRDVXVXYE,"{""P22747"": 14}"
SRDVXVXXX,"{""P22747"": 2}"
SRDNSYFEX,"{""P47661"": 19}"
SRQEHGANF,"{""P47317"": 19}"
SRPIFNFQX,"{""Q49404"": 12}"
SRPIFNFQK,"{""Q49404"": 1}"
SRMRQPEXA,"{""P47664"": 3}"
SRWFENSSL,"{""P47379"": 5}"
WWTXTPGGV,"{""P47259"": 512}"
WWTXXXXXX,"{""P47259"": 94}"
WWTKTPGGV,"{""P47259"": 24}"
WWIXXXXXX,"{""P47282"": 118}"
WWNNDNXXX,"{""P47267"": 109}"
WEAXIHDLI,"{""P13927"": 98}"
WEAXXXXXX,"{""P13927"": 27}"
WEAKIHDLI,"{""P13927"": 4}"
WEXXXXXXX,"{""P47693"": 101}"
WEXGLTLME,"{""P47693"": 518}"
WEXIGYTTG,"{""Q9ZB74"": 1}"
WEQLIEGXD,"{""P47549"": 508}"
WEQLIEGXX,"{""P47549"": 106}"
WEQLIEGKD,"{""P47549"": 26}"
WELFHNITI,"{""P47597"": 48}"
WETXXXXXX,"{""P47467"": 21}"
WETXHTLTI,"{""P47467"": 118}"
WETKHTLTI,"{""P47467"": 10}"
WERIGYTTG,"{""Q9ZB74"": 9}"
WEKGLTLME,"{""P47693"": 13}"
WFSWFGLGL,"{""P47317"": 131}"
WFMLSQNNG,"{""P47618"": 587}"
WFTXXXXXX,"{""P47257"": 86}"
WFTXXXIXX,"{""P47257"": 6}"
WFTXRXIXX,"{""P47257"": 22}"
WFTXRXXXX,"{""P47257"": 1}"
WFTXRKIXX,"{""P47257"": 3}"
WFVEDYLSL,"{""P47416"": 139}"
WFVEDXLSL,"{""P47416"": 9}"
WFVLDDYRY,"{""P47300"": 9}"
WFVLDDYXY,"{""P47300"": 1}"
WFVLDDXRY,"{""P47300"": 1}"
WFLIDYPYX,"{""P47274"": 117}"
WFLIDYPYK,"{""P47274"": 4}"
WFLIDYPXX,"{""P47274"": 1}"
WFLIDXPYX,"{""P47274"": 7}"
WFLGFNALN,"{""P47661"": 35}"
WFENSSLVL,"{""P47379"": 139}"
WFENNXNWI,"{""Q49420"": 107}"
WFENNXXXX,"{""Q49420"": 20}"
WFENNKNWI,"{""Q49420"": 3}"
WFENTLIQA,"{""P47354"": 4}"
WFEYVPXMA,"{""P20796"": 32}"
WFEYVPRMA,"{""P20796"": 114}"
WFEQIGEPT,"{""P47605"": 30}"
WFEXVPRMA,"{""P20796"": 8}"
WFEXVPXMA,"{""P20796"": 1}"
WFXXLNFMV,"{""P47326"": 68}"
WFXXXXXXX,"{""P47326"": 35}"
WFXKLNFMV,"{""P47326"": 5}"
WFKKLNFMV,"{""P47326"": 1}"
WFKXLNFMV,"{""P47326"": 3}"
WFINNMITH,"{""P47436"": 1}"
WPVLXXXXX,"{""P47423"": 94}"
WPVLXVTAE,"{""P47423"": 509}"
WPVLKVTAE,"{""P47423"": 32}"
WPVALVNGT,"{""P47507"": 125}"
WPFFTFNFP,"{""Q49418"": 132}"
WPIEVQXXX,"{""P47580"": 19}"
WPIEVQXEY,"{""P47580"": 91}"
WPIEVQXEX,"{""P47580"": 2}"
WPIEVQKEY,"{""P47580"": 3}"
WPLLLSSIA,"{""P47551"": 8}"
WAIAFXFSP,"{""P47496"": 501}"
WAIAFXXXX,"{""P47496"": 98}"
WAIAFKFSP,"{""P47496"": 26}"
WAILFFLLI,"{""P47324"": 24}"
WAIVYLSGV,"{""P47274"": 8}"
WAIVXLSGV,"{""P47274"": 1}"
WALGYYTSF,"{""P47278"": 575}"
WALGYXTSF,"{""P47278"": 29}"
WALGXYTSF,"{""P47278"": 32}"
WALGXXTSF,"{""P47278"": 1}"
WAQLAIFIS,"{""Q49415"": 103}"
WARERDYLP,"{""Q49429"": 1}"
WIKHXIDXN,"{""P47534"": 14}"
WIKHXIDXX,"{""P47534"": 6}"
WIKHXIDKN,"{""P47534"": 1}"
WIKHXXXXX,"{""P47534"": 8}"
WIKDXXXXX,"{""P47532"": 2}"
WIKDXILAI,"{""P47532"": 1}"
WIKDKILAI,"{""P47532"": 1}"
WIKPDLVXS,"{""Q49399"": 3}"
WIKPDLVXX,"{""Q49399"": 1}"
WIFYQXHYL,"{""P47495"": 425}"
WIFYQXHXL,"{""P47495"": 15}"
WIFYQXXXX,"{""P47495"": 135}"
WIFYQKHYL,"{""P47495"": 19}"
WIFYQKHXL,"{""P47495"": 3}"
WIFXQXHYL,"{""P47495"": 26}"
WIFXQXHXL,"{""P47495"": 2}"
WIFXQXXXX,"{""P47495"": 2}"
WIFXQKHYL,"{""P47495"": 1}"
WIFXDETNQ,"{""P47661"": 5}"
WIFRDETNQ,"{""P47661"": 32}"
WIFWTIFIF,"{""Q49415"": 5}"
WIVIFANXX,"{""P47334"": 497}"
WIVIFANXR,"{""P47334"": 106}"
WIVILSALI,"{""P47467"": 2}"
WIVVIGGFI,"{""P47468"": 141}"
WIVNCXXXX,"{""P47624"": 533}"
WIVNCXXLR,"{""P47624"": 6}"
WIVNCXRLR,"{""P47624"": 14}"
WIVNCXRLX,"{""P47624"": 6}"
WIVNXXXXX,"{""P47624"": 24}"
WIVNXXRLR,"{""P47624"": 1}"
WIELXNYHN,"{""P47449"": 474}"
WIELXNXHN,"{""P47449"": 19}"
WIELXXXXX,"{""P47449"": 129}"
WIELKNYHN,"{""P47449"": 14}"
WIELKNXHN,"{""P47449"": 2}"
WIEGTQPXX,"{""Q49423"": 547}"
WIEGTQPXR,"{""Q49423"": 17}"
WIEGTQPKR,"{""Q49423"": 1}"
WIEIYWTNR,"{""P47429"": 23}"
WIEIYWTNX,"{""P47429"": 6}"
WIEILGAGI,"{""P47436"": 26}"
WIEIXWTNR,"{""P47429"": 2}"
WIIDFPIRV,"{""Q49460"": 25}"
WIIDFPIXV,"{""Q49460"": 8}"
WIINDIEFD,"{""P47484"": 617}"
WIIXAIXQH,"{""P47528"": 18}"
WIIXAIXXX,"{""P47528"": 70}"
WIIXXXXXX,"{""P47528"": 32}"
WIIKAIXXX,"{""P47528"": 8}"
WIIKAIXQH,"{""P47528"": 1}"
WIAXXXXXX,"{""P47653"": 457}"
WIAXDFRIP,"{""P47653"": 92}"
WIAXDFXIP,"{""P47653"": 32}"
WIAEQFLDQ,"{""P47295"": 102}"
WIAKDFRIP,"{""P47653"": 3}"
WIXHXIDXN,"{""P47534"": 332}"
WIXHXIDXX,"{""P47534"": 62}"
WIXHXIDKN,"{""P47534"": 16}"
WIXHXXXXX,"{""P47534"": 66}"
WIXHKIDXN,"{""P47534"": 16}"
WIXHKIDXX,"{""P47534"": 4}"
WIXHKIDKN,"{""P47534"": 1}"
WIXPDLVXS,"{""Q49399"": 78}"
WIXPDLVXX,"{""Q49399"": 14}"
WIXPDLVKS,"{""Q49399"": 3}"
WIXXXXXXX,"{""P47534"": 101, ""P47532"": 19, ""Q49399"": 12}"
WIXDXXXXX,"{""P47532"": 12}"
WIXDXILAI,"{""P47532"": 100}"
WIXDKILAI,"{""P47532"": 6}"
WIXYMNNPI,"{""P47520"": 3}"
WIXALEDNQ,"{""P47264"": 3}"
WIGVXXXXX,"{""P47283"": 171}"
WIGVXXTPI,"{""P47283"": 421}"
WIGVXKTPI,"{""P47283"": 14}"
WIGVKXTPI,"{""P47283"": 16}"
WIGVKXXXX,"{""P47283"": 3}"
WIGVKKTPI,"{""P47283"": 2}"
WIGSIXSRN,"{""Q49428"": 1}"
WIGSIXSXN,"{""Q49428"": 1}"
WIGSIRSRN,"{""Q49428"": 3}"
WISPXXXXX,"{""P47286"": 104}"
WISPXQGSD,"{""P47286"": 21}"
WISQXXFHY,"{""P47264"": 76}"
WISQXXFHX,"{""P47264"": 3}"
WISQXXXXX,"{""P47264"": 34}"
WISQXKFHY,"{""P47264"": 5}"
WISQKXFHY,"{""P47264"": 7}"
WISQKXXXX,"{""P47264"": 1}"
WILXNHXSL,"{""P47486"": 80}"
WILXNHXXX,"{""P47486"": 19}"
WILXNHKSL,"{""P47486"": 5}"
WILXXXXXX,"{""P47486"": 18}"
WILKNHXSL,"{""P47486"": 9}"
WILKNHXXX,"{""P47486"": 2}"
WINHFQNLL,"{""P47658"": 146}"
WINRDRFVL,"{""P47312"": 4}"
WINRDXFVL,"{""P47312"": 1}"
WINXDRFVL,"{""P47312"": 1}"
WIRYMNNPI,"{""P47520"": 6}"
WIRALEDNQ,"{""P47264"": 16}"
WIRXMNNPI,"{""P47520"": 1}"
WSFHGESNC,"{""P47336"": 590}"
WSFHGESNX,"{""P47336"": 29}"
WSFXXXXXX,"{""P47286"": 105}"
WSYTDEXXI,"{""P47277"": 86}"
WSYTDEXXX,"{""P47277"": 31}"
WSYTDEXKI,"{""P47277"": 5}"
WSYTDEKXI,"{""P47277"": 4}"
WSLIALAFS,"{""P47580"": 149}"
WSLLVFSFF,"{""P47643"": 32}"
WSIRXXXXX,"{""P47365"": 103}"
WSIRXXINA,"{""P47365"": 2}"
WSIRXRINA,"{""P47365"": 4}"
WSIRKXINA,"{""P47365"": 1}"
WSIXXXXXX,"{""P47365"": 28}"
WSIXXRINA,"{""P47365"": 1}"
WSHXXTGFL,"{""P47616"": 78}"
WSHXXXXXX,"{""P47616"": 38}"
WSHXKTGFL,"{""P47616"": 3}"
WSHKKTGFL,"{""P47616"": 1}"
WSHKXTGFL,"{""P47616"": 3}"
WSXIEXEQF,"{""P47330"": 68}"
WSXIEXXXX,"{""P47330"": 16}"
WSXIEKEQF,"{""P47330"": 1}"
WSXXXXXXX,"{""P47330"": 22}"
WSXTDEXXI,"{""P47277"": 3}"
WSXTDEXXX,"{""P47277"": 3}"
WSELNQXNH,"{""P47486"": 114}"
WSELNQXXX,"{""P47486"": 17}"
WSELNQKNH,"{""P47486"": 3}"
WSKIEXEQF,"{""P47330"": 7}"
WLEXNXXXX,"{""P47576"": 15}"
WLEXNXLLV,"{""P47576"": 88}"
WLEXNKLLV,"{""P47576"": 5}"
WLEXXXXXX,"{""P47576"": 16}"
WLEANGVTX,"{""P47443"": 624}"
WLEANGVTK,"{""P47443"": 22}"
WLETNAXTI,"{""Q49460"": 102}"
WLETNAXXX,"{""Q49460"": 16}"
WLETNAKTI,"{""Q49460"": 4}"
WLESNGFEV,"{""P47258"": 633}"
WLENQNLDX,"{""P47391"": 107}"
WLEKNXLLV,"{""P47576"": 5}"
WLEKNXXXX,"{""P47576"": 1}"
WLNHPNVNW,"{""P47299"": 612}"
WLNNXSELN,"{""P47350"": 93}"
WLNNXXXXX,"{""P47350"": 28}"
WLNNKSELN,"{""P47350"": 7}"
WLNDHRQIX,"{""P47364"": 23}"
WLNDHXQIX,"{""P47364"": 4}"
WLXIVXQSF,"{""P47429"": 442}"
WLXIVXXXX,"{""P47429"": 80}"
WLXIVKQSF,"{""P47429"": 14}"
WLXIQXTAQ,"{""P47563"": 424}"
WLXIQXXXX,"{""P47563"": 76}"
WLXIQKTAQ,"{""P47563"": 21}"
WLXIELIGQ,"{""P47346"": 39}"
WLXXWXNXX,"{""P47508"": 56}"
WLXXWXNXD,"{""P47508"": 14}"
WLXXWXXXX,"{""P47508"": 21}"
WLXXWKNXX,"{""P47508"": 1}"
WLXXXXXXX,"{""P47440"": 91, ""P47563"": 101, ""P47429"": 100, ""P47257"": 97, ""P47508"": 34, ""P47448"": 14, ""P47548"": 86, ""P47653"": 2}"
WLXXPYLTK,"{""P47548"": 1}"
WLXXPYLTX,"{""P47548"": 2}"
WLXXGNNGN,"{""P47653"": 2}"
WLXFTSNYD,"{""P47448"": 110}"
WLXFTSNXD,"{""P47448"": 3}"
WLXQASGSF,"{""P47440"": 20}"
WLXQNXFLT,"{""P47257"": 4}"
WLXQNRFLT,"{""P47257"": 13}"
WLXSSTXEL,"{""P47355"": 5}"
WLXSSTXXX,"{""P47355"": 2}"
WLXRPYLTX,"{""P47548"": 24}"
WLXDALXII,"{""P47284"": 4}"
WLXDALXXX,"{""P47284"": 1}"
WLXKWXNXX,"{""P47508"": 1}"
WLXKWXXXX,"{""P47508"": 1}"
WLXENGIVX,"{""P47246"": 5}"
WLGGTLTNF,"{""P47316"": 635}"
WLGVIADES,"{""P47700"": 640}"
WLAVSNFGX,"{""P47360"": 118}"
WLAVSNFGK,"{""P47360"": 3}"
WLCIELIGQ,"{""P47346"": 604}"
WLYSSTXEL,"{""P47355"": 95}"
WLYSSTXXX,"{""P47355"": 26}"
WLYSSTKEL,"{""P47355"": 5}"
WLLWLGYIF,"{""Q49397"": 120}"
WLLWLGXIF,"{""Q49397"": 5}"
WLLXHHNQP,"{""P47434"": 101}"
WLLXXXXXX,"{""P47434"": 16}"
WLLNTNSLD,"{""P47424"": 102}"
WLLQPDVXE,"{""P47330"": 9}"
WLLQPDVRE,"{""P47330"": 30}"
WLLKHHNQP,"{""P47434"": 5}"
WLVEDIXAL,"{""P47568"": 113}"
WLVEDIXXX,"{""P47568"": 21}"
WLVEDIKAL,"{""P47568"": 3}"
WLVIXSKFQ,"{""P47651"": 5}"
WLVIXSXXX,"{""P47651"": 13}"
WLVIXSXFQ,"{""P47651"": 84}"
WLVIXXXXX,"{""P47651"": 16}"
WLVIKSXXX,"{""P47651"": 1}"
WLVIKSXFQ,"{""P47651"": 6}"
WLRXXXXXX,"{""P47653"": 30}"
WLRXGNNGN,"{""P47653"": 9}"
WLRDALKII,"{""P47284"": 1}"
WLRDALXXX,"{""P47284"": 5}"
WLRDALXII,"{""P47284"": 20}"
WLRENGIVX,"{""P47246"": 28}"
WLRENGIVK,"{""P47246"": 1}"
WLDRVYNFF,"{""P47508"": 112}"
WLDRVXNFF,"{""P47508"": 7}"
WLDXVYNFF,"{""P47508"": 29}"
WLDXVXNFF,"{""P47508"": 1}"
WLDSGSRDT,"{""P47434"": 13}"
WLDSGSXDT,"{""P47434"": 4}"
WLFPNSFSI,"{""P47661"": 124}"
WLKFTSNYD,"{""P47448"": 7}"
WLKFTSNXD,"{""P47448"": 1}"
WLKIVXQSF,"{""P47429"": 21}"
WLKIVXXXX,"{""P47429"": 4}"
WLKIQXXXX,"{""P47563"": 3}"
WLKIQXTAQ,"{""P47563"": 18}"
WLKXXXXXX,"{""P47508"": 1}"
WLKXWXXXX,"{""P47508"": 2}"
WLKXWXNXX,"{""P47508"": 1}"
WLKXWKNXX,"{""P47508"": 1}"
WLKQASGSF,"{""P47440"": 1}"
WLKQNRFLT,"{""P47257"": 1}"
WLQDHFQIP,"{""P47329"": 33}"
WNSXXXXXX,"{""P47495"": 86}"
WNSXWGLGR,"{""P47495"": 14}"
WNSXWGLGX,"{""P47495"": 1}"
WNSKWGLGR,"{""P47495"": 1}"
WNNLXXTLE,"{""P47345"": 100}"
WNNLXXXXX,"{""P47345"": 33}"
WNNLXKTLE,"{""P47345"": 2}"
WNNLKXTLE,"{""P47345"": 3}"
WNFXXXXXX,"{""P47397"": 537}"
WNFXIGPLG,"{""P47397"": 2}"
WNFFXEFAF,"{""P47645"": 530}"
WNFFXXXXX,"{""P47645"": 82}"
WNFFKEFAF,"{""P47645"": 20}"
WNFLVDXVI,"{""P47661"": 102}"
WNFLVDXXX,"{""P47661"": 26}"
WNFLVDKVI,"{""P47661"": 3}"
WNATVNGIW,"{""Q49433"": 115}"
WNGIDNFYQ,"{""P47386"": 594}"
WNGIDNFXQ,"{""P47386"": 25}"
WNYFXVIET,"{""Q49429"": 487}"
WNYFXXXXX,"{""Q49429"": 118}"
WNYFKVIET,"{""Q49429"": 17}"
WNXDATVXX,"{""Q49429"": 103}"
WNXINSDNA,"{""P47323"": 98}"
WNXFXVIET,"{""Q49429"": 23}"
WNXFXXXXX,"{""Q49429"": 6}"
WNXKQXMIX,"{""P47655"": 3}"
WNXXXXXXX,"{""P47655"": 35, ""P47520"": 24, ""P47323"": 16, ""P47281"": 17, ""Q49429"": 25}"
WNXXQXXXX,"{""P47655"": 12}"
WNXXQXMIX,"{""P47655"": 55}"
WNXXQXMIK,"{""P47655"": 2}"
WNXXQKMIX,"{""P47655"": 14}"
WNXLTXPLX,"{""P47520"": 84}"
WNXLTXPLK,"{""P47520"": 2}"
WNXLTXXXX,"{""P47520"": 12}"
WNXLTKPLX,"{""P47520"": 4}"
WNXALXXXX,"{""P47281"": 15}"
WNXALXDYL,"{""P47281"": 104}"
WNXALXDXL,"{""P47281"": 6}"
WNXALKDYL,"{""P47281"": 5}"
WNTVFCINN,"{""P47516"": 31}"
WNTVFXINN,"{""P47516"": 2}"
WNTELTHTS,"{""P47341"": 133}"
WNKALXXXX,"{""P47281"": 2}"
WNKALXDYL,"{""P47281"": 3}"
WNKINSDNA,"{""P47323"": 1}"
WNKDATVXX,"{""Q49429"": 4}"
WNKXQXMIX,"{""P47655"": 2}"
WNKXQXMIK,"{""P47655"": 1}"
WNKXXXXXX,"{""P47655"": 1}"
WNKLTXPLX,"{""P47520"": 4}"
WNKLTXPLK,"{""P47520"": 1}"
WNKLTXXXX,"{""P47520"": 1}"
WNQLVEXXX,"{""P47291"": 449}"
WNQLVEXPI,"{""P47291"": 118}"
WNQLVEKPI,"{""P47291"": 5}"
WNVNLQSCX,"{""P47665"": 113}"
WNVNLQSCK,"{""P47665"": 5}"
WNVNLQSXX,"{""P47665"": 6}"
WNPYAXFPV,"{""P47590"": 2}"
WNPYARFPV,"{""P47590"": 3}"
WNHHGIWDY,"{""P20796"": 2}"
WVXYHXEID,"{""P47587"": 77}"
WVXYHXXXX,"{""P47587"": 22}"
WVXYHKEID,"{""P47587"": 4}"
WVXXXXXXX,"{""P47587"": 22, ""P47467"": 24}"
WVXXHXEID,"{""P47587"": 3}"
WVXTTEELL,"{""P47467"": 100}"
WVXPLNSIV,"{""P47652"": 4}"
WVNTXXXXX,"{""P47687"": 104}"
WVNTXXXVX,"{""P47687"": 2}"
WVNTXXRVX,"{""P47687"": 12}"
WVNTXKRVX,"{""P47687"": 3}"
WVNTKXXXX,"{""P47687"": 6}"
WVNTKXRVX,"{""P47687"": 1}"
WVVLNLNXV,"{""P47415"": 492}"
WVVLNLNXX,"{""P47415"": 98}"
WVVLNLNKV,"{""P47415"": 17}"
WVWNEPVDS,"{""P47442"": 123}"
WVEXRLEYF,"{""Q49423"": 20}"
WVEXRLEXF,"{""Q49423"": 2}"
WVEXXXXXX,"{""Q49423"": 97}"
WVEXXLEYF,"{""Q49423"": 3}"
WVEKRLEYF,"{""Q49423"": 1}"
WVLGEXSMX,"{""P47540"": 7}"
WVLGERSMX,"{""P47540"": 25}"
WVLGERSMK,"{""P47540"": 1}"
WVDNNQFFQ,"{""P47369"": 126}"
WVDGADVGX,"{""P47514"": 39}"
WVDGADVGR,"{""P47514"": 111}"
WVDDILGAF,"{""P47386"": 137}"
WVFIPNFSP,"{""P20796"": 163}"
WVSFAIIPL,"{""P47655"": 136}"
WVIPAALAN,"{""P47315"": 130}"
WVRPLNSIV,"{""P47652"": 17}"
WVKTTEELL,"{""P47467"": 6}"
WVKYHXEID,"{""P47587"": 3}"
WVGNQLVLA,"{""P20796"": 26}"
WXIAXISVV,"{""P47280"": 366}"
WXIAXXXXX,"{""P47280"": 119}"
WXIAKISVV,"{""P47280"": 18}"
WXIVXXXXX,"{""P47406"": 33}"
WXIEIISSN,"{""P47534"": 39}"
WXAYLKMQS,"{""P47261"": 5}"
WXAYLXXXX,"{""P47261"": 376}"
WXAYLXMQS,"{""P47261"": 75}"
WXATTYSSS,"{""P47580"": 92}"
WXATTXSSS,"{""P47580"": 2}"
WXAXLXXXX,"{""P47261"": 19}"
WXAXLXMQS,"{""P47261"": 4}"
WXXXXXXXX,"{""P47533"": 103, ""P47261"": 112, ""P47268"": 109, ""P47354"": 112, ""P47280"": 114, ""P47595"": 560, ""Q49399"": 154, ""P47284"": 114, ""P47549"": 78, ""P47360"": 29, ""P47307"": 19, ""P47690"": 132, ""P47311"": 104, ""P47433"": 26, ""P47289"": 26, ""P47508"": 26, ""P47313"": 23, ""P47580"": 17, ""P47484"": 27, ""P47610"": 23, ""P47436"": 25, ""P47435"": 16, ""P47653"": 1}"
WXXXXIVXX,"{""P47653"": 4}"
WXXAFAXAX,"{""P47436"": 62}"
WXXAFAXAK,"{""P47436"": 3}"
WXXAFAXXX,"{""P47436"": 5}"
WXXAFAKAX,"{""P47436"": 2}"
WXXVAYCYL,"{""Q49399"": 55}"
WXXVAYCXL,"{""Q49399"": 4}"
WXXVAYXYL,"{""Q49399"": 2}"
WXXVAXCYL,"{""Q49399"": 5}"
WXXIIFILF,"{""P47533"": 3}"
WXXPEPYXG,"{""P47412"": 4}"
WXXPEPYXX,"{""P47412"": 1}"
WXXPEPYKG,"{""P47412"": 1}"
WXXPEPXXG,"{""P47412"": 1}"
WXNYIXXXX,"{""Q49399"": 69}"
WXNYIXTNN,"{""Q49399"": 388}"
WXNYIKTNN,"{""Q49399"": 25}"
WXNXXXXXX,"{""P47508"": 86}"
WXNXDVNRF,"{""P47508"": 17}"
WXNXDVNXF,"{""P47508"": 3}"
WXNXIXTNN,"{""Q49399"": 28}"
WXNXIXXXX,"{""Q49399"": 4}"
WXNKDVNXF,"{""P47508"": 1}"
WXLNEWQFV,"{""P47307"": 110}"
WXLNXXXXX,"{""P47558"": 19}"
WXLNXLSGF,"{""P47558"": 6}"
WXLQXQTPI,"{""P47433"": 68}"
WXLQXXXXX,"{""P47433"": 14}"
WXLQKQTPI,"{""P47433"": 2}"
WXLRDFMXX,"{""P47268"": 2}"
WXLRDFMXF,"{""P47268"": 8}"
WXLXDFMXX,"{""P47268"": 1}"
WXLXDFMXF,"{""P47268"": 7}"
WXLVDASGL,"{""P47657"": 3}"
WXTIMQMVG,"{""P47360"": 88}"
WXTDNNNQV,"{""Q49426"": 4}"
WXQHEXXXX,"{""P47289"": 100}"
WXQLLVLXA,"{""P47449"": 4}"
WXQLLVLXX,"{""P47449"": 1}"
WXYXXXXXX,"{""P47435"": 94}"
WXYXXLVWF,"{""P47435"": 3}"
WXYKXXXXX,"{""P47435"": 2}"
WXHIXXXXX,"{""P47484"": 88}"
WXFSQQTSV,"{""P47313"": 110}"
WXPFPEAXK,"{""P47610"": 3}"
WXPFPEAXX,"{""P47610"": 95}"
WXPFPEAKX,"{""P47610"": 4}"
WXGAVNGII,"{""P47486"": 32}"
WXENFTETF,"{""P47311"": 19}"
WXENQYESY,"{""P47394"": 2}"
WXEEMAXXX,"{""P47547"": 2}"
WXDFGFQEP,"{""P47549"": 27}"
WXDXXLXTL,"{""P47652"": 4}"
WXDXXXXXX,"{""P47652"": 3}"
WXVCFETTG,"{""P47493"": 25}"
WXVAPVSIX,"{""P47300"": 7}"
WXVXFETTG,"{""P47493"": 2}"
WXKPEPYXG,"{""P47412"": 1}"
WXKVAYCYL,"{""Q49399"": 2}"
WXKAFAXAK,"{""P47436"": 2}"
WXKAFAXAX,"{""P47436"": 1}"
WXKAFAXXX,"{""P47436"": 1}"
WXSFFNFYR,"{""P47661"": 1}"
WXSFFNFYX,"{""P47661"": 1}"
WXRIIFILF,"{""P47533"": 6}"
WTGDIYFLG,"{""P47650"": 565}"
WTGDIXFLG,"{""P47650"": 33}"
WTGNXYDFL,"{""Q49410"": 12}"
WTGNRYDFL,"{""Q49410"": 25}"
WTGNRXDFL,"{""Q49410"": 1}"
WTXQPLQRL,"{""Q9ZB82"": 95}"
WTXQPLQXL,"{""Q9ZB82"": 33}"
WTXXIDSFD,"{""P47394"": 82}"
WTXXXXXXX,"{""P47393"": 28, ""Q9ZB82"": 470, ""P47394"": 25, ""P47292"": 17}"
WTXFSYSGL,"{""P47292"": 93}"
WTXFSXSGL,"{""P47292"": 5}"
WTXFFSLLV,"{""P47393"": 95}"
WTXFAAXXX,"{""P47523"": 4}"
WTXFAAXGS,"{""P47523"": 4}"
WTXFAAKGS,"{""P47523"": 1}"
WTXKIDSFD,"{""P47394"": 5}"
WTASSNQQT,"{""P47403"": 584}"
WTVSLFFXS,"{""Q9ZB74"": 486}"
WTVSLFFXX,"{""Q9ZB74"": 122}"
WTVSLFFKS,"{""Q9ZB74"": 26}"
WTVVHQSGN,"{""P47336"": 4}"
WTTLLSIFG,"{""P47533"": 139}"
WTYFAAXXX,"{""P47523"": 20}"
WTYFAAXGS,"{""P47523"": 114}"
WTYFAAKGS,"{""P47523"": 5}"
WTMVXXXXX,"{""P22747"": 32}"
WTMVXXXQL,"{""P22747"": 2}"
WTMVXXYQL,"{""P22747"": 85}"
WTMVXKYQL,"{""P22747"": 5}"
WTMVKXYQL,"{""P22747"": 5}"
WTKQPLQRL,"{""Q9ZB82"": 4}"
WTKQPLQXL,"{""Q9ZB82"": 2}"
WTKFSYSGL,"{""P47292"": 7}"
WTKFFSLLV,"{""P47393"": 6}"
WTKXIDSFD,"{""P47394"": 7}"
WTEVPSRNI,"{""P47653"": 21}"
WTEVPSXNI,"{""P47653"": 6}"
WTIPPVAAT,"{""P22746"": 8}"
WMHFLLTAN,"{""P47307"": 646}"
WMYELVNTX,"{""P47699"": 112}"
WMYELVNTK,"{""P47699"": 1}"
WMAVVXEIX,"{""P47318"": 104}"
WMAVVXEIK,"{""P47318"": 2}"
WMAVVXXXX,"{""P47318"": 18}"
WMAVVKEIX,"{""P47318"": 2}"
WMXELVNTX,"{""P47699"": 8}"
WYVAPVSIX,"{""P47300"": 120}"
WYVAPVSIK,"{""P47300"": 3}"
WYLNXXXXX,"{""P47558"": 448}"
WYLNXLSGF,"{""P47558"": 119}"
WYLNKLSGF,"{""P47558"": 6}"
WYLVDASGL,"{""P47657"": 112}"
WYQLLVLXA,"{""P47449"": 98}"
WYQLLVLXX,"{""P47449"": 34}"
WYQLLVLKA,"{""P47449"": 5}"
WYQANADRN,"{""P47580"": 3}"
WYQANADXN,"{""P47580"": 3}"
WYTDNNNQV,"{""Q49426"": 117}"
WDIFXXXXX,"{""P47653"": 84}"
WDIFXHTPI,"{""P47653"": 25}"
WDIFKHTPI,"{""P47653"": 1}"
WDXXXXXXX,"{""P20796"": 28, ""Q49419"": 23}"
WDXNVLNHY,"{""Q49419"": 100}"
WDXNVLNHX,"{""Q49419"": 3}"
WDXEMIAYX,"{""P47669"": 30}"
WDXEMIAXX,"{""P47669"": 1}"
WDXEMIAXK,"{""P47669"": 1}"
WDXTETNEG,"{""P20796"": 107}"
WDLVLXNNN,"{""P47571"": 100}"
WDLVLXXXX,"{""P47571"": 29}"
WDLVLKNNN,"{""P47571"": 4}"
WDLSVLLNN,"{""P47429"": 138}"
WDREMIAYK,"{""P47669"": 7}"
WDREMIAYX,"{""P47669"": 117}"
WDREMIAXX,"{""P47669"": 5}"
WDHIQQLXX,"{""P47482"": 100}"
WDHIQQLXD,"{""P47482"": 28}"
WDHIQQLKD,"{""P47482"": 1}"
WDKTETNEG,"{""P20796"": 6}"
WDKNVLNHY,"{""Q49419"": 4}"
WQLFAELGT,"{""P47310"": 130}"
WQNVVAEXY,"{""P47483"": 94}"
WQNVVAEXX,"{""P47483"": 31}"
WQNVVAEKY,"{""P47483"": 5}"
WGLTIFXLL,"{""P47548"": 507}"
WGLTIFXXX,"{""P47548"": 101}"
WGLTIFKLL,"{""P47548"": 20}"
WGLGRPGWH,"{""P47495"": 18}"
WGLGXPGWH,"{""P47495"": 5}"
WGDGACDIA,"{""P47623"": 138}"
WGDGAXDIA,"{""P47623"": 10}"
WGNFFNQEV,"{""P47332"": 611}"
WGSXNDSEI,"{""P47655"": 99}"
WGSXXXXXX,"{""P47655"": 15}"
WGSKNDSEI,"{""P47655"": 3}"
WRGAVNGII,"{""P47486"": 118}"
WRIVXXXXX,"{""P47406"": 105}"
WRIEIISSN,"{""P47534"": 115}"
WRDXXLXTL,"{""P47652"": 10}"
WRDXXLXXX,"{""P47652"": 2}"
WRDXXXXXX,"{""P47652"": 7}"
WRVCFETTG,"{""P47493"": 122}"
WRVXFETTG,"{""P47493"": 5}"
WRSFFNFYX,"{""P47661"": 2}"
WRSFFNFYR,"{""P47661"": 3}"
WRXPEPYXG,"{""P47412"": 17}"
WRXPEPYXX,"{""P47412"": 4}"
WRXPEPYKG,"{""P47412"": 1}"
WRXPEPXXG,"{""P47412"": 1}"
WRXXXXXXX,"{""P47653"": 6, ""P47412"": 3}"
WRXXXIVXX,"{""P47653"": 6}"
WREEMAXXX,"{""P47547"": 20}"
WRKXXIVXX,"{""P47653"": 1}"
WHENFMEEL,"{""P47248"": 156}"
WHRHFNNXE,"{""P47277"": 16}"
WHRHFNNXX,"{""P47277"": 2}"
WHRHFNNKE,"{""P47277"": 1}"
WHGLTDIET,"{""P47382"": 13}"
WHXHFNNXE,"{""P47277"": 11}"
WHXHFNNKE,"{""P47277"": 1}"
WKNXXXXXX,"{""P47508"": 3}"
WKNXDVNRF,"{""P47508"": 2}"
WKNXDVNXF,"{""P47508"": 1}"
WKNYIXTNN,"{""Q49399"": 14}"
WKNYIXXXX,"{""Q49399"": 4}"
WKNYIKTNN,"{""Q49399"": 2}"
WKAYLXXXX,"{""P47261"": 19}"
WKAYLXMQS,"{""P47261"": 6}"
WKATTYSSS,"{""P47580"": 4}"
WKAXLXXXX,"{""P47261"": 1}"
WKXXXXXXX,"{""P47436"": 2, ""Q49399"": 1}"
WKXAFAXAX,"{""P47436"": 5}"
WKXAFAXXX,"{""P47436"": 1}"
WKXVAYCYL,"{""Q49399"": 5}"
WKIAXXXXX,"{""P47280"": 3}"
WKIAXISVV,"{""P47280"": 23}"
WKIAKISVV,"{""P47280"": 1}"
WKHIXXXXX,"{""P47484"": 6}"
WKFSQQTSV,"{""P47313"": 4}"
WKENFTETF,"{""P47311"": 1}"
WKQHEXXXX,"{""P47289"": 6}"
WKYXXXXXX,"{""P47435"": 4}"
WKLQXQTPI,"{""P47433"": 2}"
WKLQXXXXX,"{""P47433"": 2}"
WKLNEWQFV,"{""P47307"": 2}"
WKLRDFMXX,"{""P47268"": 1}"
WKPFPEAXX,"{""P47610"": 4}"
WKPFPEAKX,"{""P47610"": 1}"
WKTIMQMVG,"{""P47360"": 5}"
WCENQYESY,"{""P47394"": 28}"
WCENQXESY,"{""P47394"": 3}"
EPITSXLIA,"{""P47304"": 484}"
EPITSXXXX,"{""P47304"": 106}"
EPITSKLIA,"{""P47304"": 21}"
EPINNYYXE,"{""P47521"": 444}"
EPINNYYXX,"{""P47521"": 104}"
EPINNYYKE,"{""P47521"": 17}"
EPINNYXXE,"{""P47521"": 29}"
EPINNYXXX,"{""P47521"": 4}"
EPINNYXKE,"{""P47521"": 1}"
EPINNXYXE,"{""P47521"": 27}"
EPINNXYXX,"{""P47521"": 5}"
EPINNXYKE,"{""P47521"": 1}"
EPINNXXXX,"{""P47521"": 1}"
EPINNXXXE,"{""P47521"": 2}"
EPTIVLXAI,"{""P47589"": 504}"
EPTIVLXXX,"{""P47589"": 101}"
EPTIVLKAI,"{""P47589"": 24}"
EPTDEELAE,"{""P47491"": 634}"
EPTQAIVDT,"{""P47269"": 104}"
EPTVLPAAF,"{""P47250"": 112}"
EPTVLPTLL,"{""P47446"": 23}"
EPGGTLLAE,"{""P47252"": 567}"
EPHDWRSXX,"{""P47587"": 107}"
EPHDWRSXT,"{""P47587"": 18}"
EPHDWXSXX,"{""P47587"": 21}"
EPHDWXSXT,"{""P47587"": 2}"
EPVLESSFN,"{""Q49413"": 271}"
EPVEEHSIT,"{""Q49413"": 119}"
EPVSCEFAY,"{""P47479"": 113}"
EPVSCEFAX,"{""P47479"": 7}"
EPVSXEFAY,"{""P47479"": 7}"
EPXLLLCDE,"{""P47705"": 86}"
EPXLLLXDE,"{""P47705"": 6}"
EPXXXXXXX,"{""P47640"": 45, ""Q9ZB70"": 29, ""P47705"": 19}"
EPXXXPDNQ,"{""P47640"": 68}"
EPXXKPDNQ,"{""P47640"": 3}"
EPXILFGDE,"{""Q9ZB70"": 109}"
EPXVMLASL,"{""P47264"": 5}"
EPXKXPDNQ,"{""P47640"": 2}"
EPEQFDDFY,"{""Q49419"": 103}"
EPEQFDDFX,"{""Q49419"": 6}"
EPFQXLINQ,"{""P47508"": 112}"
EPFQXXXXX,"{""P47508"": 19}"
EPFQKLINQ,"{""P47508"": 5}"
EPFXLXXKV,"{""Q49435"": 7}"
EPFXLXXXV,"{""Q49435"": 44}"
EPFXLXXXX,"{""Q49435"": 38}"
EPFXLXKXV,"{""Q49435"": 1}"
EPFXLKXXX,"{""Q49435"": 1}"
EPFXLKXXV,"{""Q49435"": 1}"
EPFXXXXXX,"{""Q49435"": 19}"
EPFKLXKXV,"{""Q49435"": 2}"
EPFKLXXXX,"{""Q49435"": 3}"
EPNCXIDTI,"{""P47506"": 95}"
EPNCXXXXX,"{""P47506"": 21}"
EPNCKIDTI,"{""P47506"": 1}"
EPNFSLXXN,"{""P47655"": 98}"
EPNFSLXXX,"{""P47655"": 36}"
EPNFSLXKN,"{""P47655"": 1}"
EPNFSLKXN,"{""P47655"": 4}"
EPNXLNLII,"{""P47440"": 79}"
EPNXXXXXX,"{""P47440"": 26, ""P47506"": 1}"
EPNXXIDTI,"{""P47506"": 6}"
EPNQLXPQL,"{""P47576"": 89}"
EPNQLXXXX,"{""P47576"": 26}"
EPNQLKPQL,"{""P47576"": 2}"
EPNKLNLII,"{""P47440"": 3}"
EPLFNEVIA,"{""P47249"": 135}"
EPLYQXXWV,"{""P47467"": 77}"
EPLYQXXXX,"{""P47467"": 38}"
EPLYQXKWV,"{""P47467"": 2}"
EPLYQKXWV,"{""P47467"": 6}"
EPLAVWFST,"{""P47271"": 151}"
EPLXQXXWV,"{""P47467"": 9}"
EPLXQXKWV,"{""P47467"": 1}"
EPLPXXPXL,"{""P47639"": 16}"
EPLPXXPXX,"{""P47639"": 72}"
EPLPXXXXX,"{""P47639"": 42}"
EPLPXKPXX,"{""P47639"": 5}"
EPLPKXPXX,"{""P47639"": 4}"
EPLPKXPXL,"{""P47639"": 1}"
EPLPKXXXX,"{""P47639"": 1}"
EPALXQCLE,"{""P47691"": 90}"
EPALXQXLE,"{""P47691"": 8}"
EPALXXXXX,"{""P47691"": 26}"
EPALILXVL,"{""P47484"": 112}"
EPALILXXX,"{""P47484"": 17}"
EPALILKVL,"{""P47484"": 3}"
EPALKQCLE,"{""P47691"": 4}"
EPCVMLASL,"{""P47264"": 108}"
EPKKXPDNQ,"{""P47640"": 1}"
EPKXXXXXX,"{""P47640"": 4}"
EPKILFGDE,"{""Q9ZB70"": 5}"
EPKLLLCDE,"{""P47705"": 3}"
EPKLLLXDE,"{""P47705"": 1}"
EQAXXXXXX,"{""P47304"": 38, ""Q49409"": 544}"
EQAXXVCVM,"{""P47304"": 91}"
EQAXXVXVM,"{""P47304"": 5}"
EQAXTRQXX,"{""Q49409"": 6}"
EQAXTRQRX,"{""Q49409"": 15}"
EQAXTXQRX,"{""Q49409"": 5}"
EQAXKVCVM,"{""P47304"": 3}"
EQAVFTLEQ,"{""P47448"": 100}"
EQALLLXTX,"{""P47394"": 86}"
EQALLLXTK,"{""P47394"": 5}"
EQALLLXXX,"{""P47394"": 22}"
EQALLLKTX,"{""P47394"": 4}"
EQALLTIYS,"{""Q49414"": 14}"
EQALLTIXS,"{""Q49414"": 1}"
EQAKXVCVM,"{""P47304"": 6}"
EQAKTXQRX,"{""Q49409"": 1}"
EQAKTRQXX,"{""Q49409"": 1}"
EQAKKVCVM,"{""P47304"": 1}"
EQEEENTNL,"{""P47340"": 115}"
EQEHLDLNQ,"{""P47605"": 124}"
EQENLAVXI,"{""P47258"": 93}"
EQENLAVXX,"{""P47258"": 28}"
EQENLAVKI,"{""P47258"": 5}"
EQIXXXXXX,"{""P47445"": 82, ""P47342"": 106, ""P47530"": 23, ""P47388"": 18}"
EQIXVQDGX,"{""P47530"": 101}"
EQIXVQDGK,"{""P47530"": 2}"
EQIXVDNNH,"{""P47342"": 489}"
EQIXNXEIX,"{""P47388"": 90}"
EQIXNXEIK,"{""P47388"": 4}"
EQIXNXXXX,"{""P47388"": 16}"
EQIXNKEIX,"{""P47388"": 3}"
EQIXQQXEL,"{""P47445"": 8}"
EQIXQQREL,"{""P47445"": 13}"
EQIXQXFIE,"{""P47548"": 1}"
EQIQXLTXE,"{""P47288"": 87}"
EQIQXLTXX,"{""P47288"": 11}"
EQIQXLTKE,"{""P47288"": 5}"
EQIQXXXXX,"{""P47288"": 12}"
EQIQQLTRE,"{""P47282"": 27}"
EQIQQLTXE,"{""P47282"": 7}"
EQIQKLTXE,"{""P47288"": 5}"
EQITYAIXX,"{""P47655"": 99}"
EQITYAIXN,"{""P47655"": 472}"
EQITYAIKN,"{""P47655"": 26}"
EQITXAIXN,"{""P47655"": 27}"
EQITXAIXX,"{""P47655"": 5}"
EQITXAIKN,"{""P47655"": 1}"
EQIIFYCXX,"{""P47627"": 408}"
EQIIFYCXN,"{""P47627"": 122}"
EQIIFYCKN,"{""P47627"": 8}"
EQIIFYXXX,"{""P47627"": 22}"
EQIIFYXXN,"{""P47627"": 5}"
EQIIFPEIV,"{""P47409"": 106}"
EQIIFXCXX,"{""P47627"": 18}"
EQIIFXCXN,"{""P47627"": 6}"
EQIIFXCKN,"{""P47627"": 1}"
EQIIKAHQL,"{""P47663"": 5}"
EQIIXAHQL,"{""P47663"": 84}"
EQIIXXXXX,"{""P47663"": 12}"
EQIYQRFIE,"{""P47548"": 18}"
EQIYQXFIE,"{""P47548"": 4}"
EQIKVDNNH,"{""P47342"": 23}"
EQIKVQDGX,"{""P47530"": 2}"
EQIKVQDGK,"{""P47530"": 1}"
EQIKNXXXX,"{""P47388"": 2}"
EQIKNXEIX,"{""P47388"": 4}"
EQIKQQREL,"{""P47445"": 1}"
EQLTFNLDG,"{""P47496"": 655}"
EQLTXXIQA,"{""P47460"": 416}"
EQLTXXXXX,"{""P47460"": 168}"
EQLTXKIQA,"{""P47460"": 20}"
EQLTKXIQA,"{""P47460"": 24}"
EQLTKXXXX,"{""P47460"": 1}"
EQLTKKIQA,"{""P47460"": 1}"
EQLSFLEWS,"{""P47495"": 628}"
EQLSLNRIA,"{""P47371"": 126}"
EQLSLNXIA,"{""P47371"": 38}"
EQLFYSISA,"{""P47353"": 32}"
EQLFLENQA,"{""Q49419"": 127}"
EQLFENVYY,"{""Q49430"": 112}"
EQLFENVYX,"{""Q49430"": 2}"
EQLFENVXY,"{""Q49430"": 6}"
EQLFXSISA,"{""P47353"": 2}"
EQLIXTDEE,"{""P47291"": 116}"
EQLIXXXXX,"{""P47291"": 19}"
EQLIKTDEE,"{""P47291"": 3}"
EQLISFFNQ,"{""P47596"": 5}"
EQLYXXXXX,"{""P47532"": 119}"
EQLLTCXXX,"{""P47320"": 100}"
EQLLTCXLS,"{""P47320"": 2}"
EQLLTCKLS,"{""P47320"": 2}"
EQLLTXXXX,"{""P47320"": 3}"
EQLEQFLXQ,"{""P47254"": 99}"
EQLEQFLXX,"{""P47254"": 25}"
EQLEQFLKQ,"{""P47254"": 3}"
EQLVISDRF,"{""P47252"": 18}"
EQLVISDXF,"{""P47252"": 5}"
EQLXXXXXX,"{""P47532"": 5}"
EQSAFMFGY,"{""P47357"": 131}"
EQSAFMFGX,"{""P47357"": 5}"
EQSIXESVE,"{""P47643"": 103}"
EQSIXXXXX,"{""P47643"": 27}"
EQSIKESVE,"{""P47643"": 8}"
EQSYFXIIA,"{""P47534"": 6}"
EQSYFRIIA,"{""P47534"": 23}"
EQSXFRIIA,"{""P47534"": 1}"
EQFQNVIFP,"{""P47537"": 136}"
EQFQRLGLL,"{""P47587"": 24}"
EQFQXLGLL,"{""P47587"": 7}"
EQFDLXXXX,"{""P47386"": 106}"
EQFDLXDTY,"{""P47386"": 484}"
EQFDLXDTX,"{""P47386"": 27}"
EQFDLKDTY,"{""P47386"": 22}"
EQFDLKDTX,"{""P47386"": 2}"
EQFLXXXXX,"{""P47386"": 510}"
EQFLXXXQW,"{""P47386"": 17}"
EQFLXXRQW,"{""P47386"": 73}"
EQFLXKXQW,"{""P47386"": 2}"
EQFLXKRQW,"{""P47386"": 6}"
EQFLKXXXX,"{""P47386"": 20}"
EQFLKXRQW,"{""P47386"": 5}"
EQFEXNTHX,"{""P47396"": 495}"
EQFEXNTHK,"{""P47396"": 9}"
EQFEXXXXX,"{""P47396"": 123}"
EQFEKNTHX,"{""P47396"": 20}"
EQFYIAIXA,"{""P47330"": 7}"
EQFYIAICA,"{""P47330"": 137}"
EQFVQNLXF,"{""P47349"": 106}"
EQFVQNLXX,"{""P47349"": 16}"
EQFVQNLKF,"{""P47349"": 5}"
EQFXIAICA,"{""P47330"": 8}"
EQHQLNLEQ,"{""P47460"": 572}"
EQHPTXXXX,"{""Q49419"": 34}"
EQHPTXXVD,"{""Q49419"": 90}"
EQHPTXKVD,"{""Q49419"": 2}"
EQHPTKXVD,"{""Q49419"": 5}"
EQHPTKXXX,"{""Q49419"": 1}"
EQHPTKKVD,"{""Q49419"": 1}"
EQHANEDEF,"{""P47609"": 25}"
EQNPNLPTV,"{""P47585"": 142}"
EQNITLLDF,"{""P47299"": 132}"
EQNDXLIVT,"{""P47364"": 94}"
EQNDXXXXX,"{""P47364"": 20}"
EQNDKLIVT,"{""P47364"": 8}"
EQXPLVNEQ,"{""P47438"": 112}"
EQXEGLLAP,"{""P47520"": 110}"
EQXAILQEL,"{""P47612"": 2}"
EQXXXXXXX,"{""P47438"": 26, ""P47520"": 18, ""P47502"": 28}"
EQXQVXXXX,"{""P47502"": 76}"
EQXQVXXSS,"{""P47502"": 6}"
EQXQVXRSS,"{""P47502"": 17}"
EQXSFYEXX,"{""P47564"": 6}"
EQXSFYEXL,"{""P47564"": 1}"
EQXSFXEXL,"{""P47564"": 1}"
EQXNYFGWI,"{""P47248"": 9}"
EQYSFYEXX,"{""P47564"": 81}"
EQYSFYEXL,"{""P47564"": 23}"
EQYSFYEKL,"{""P47564"": 1}"
EQYSFXEKL,"{""P47564"": 1}"
EQYSFXEXL,"{""P47564"": 3}"
EQYSFXEXX,"{""P47564"": 4}"
EQYNYFGWI,"{""P47248"": 108}"
EQYNXFGWI,"{""P47248"": 1}"
EQDNIVIYE,"{""P47538"": 609}"
EQDNIVIXE,"{""P47538"": 31}"
EQDLNQLET,"{""P47338"": 128}"
EQDXVENLF,"{""Q49429"": 130}"
EQDXXXXXX,"{""Q49429"": 16}"
EQDQQXXXX,"{""P47460"": 8}"
EQDQQRXXX,"{""P47460"": 20}"
EQDQQRXDQ,"{""P47460"": 1}"
EQDQQRKDQ,"{""P47460"": 1}"
EQDKVENLF,"{""Q49429"": 4}"
EQVQGXXXX,"{""P47280"": 104}"
EQVNXRSXQ,"{""P47408"": 17}"
EQVNXRSXX,"{""P47408"": 3}"
EQVNXXXXX,"{""P47408"": 111}"
EQVNXXSXQ,"{""P47408"": 3}"
EQVNKRSXQ,"{""P47408"": 1}"
EQQEQFNXS,"{""P47530"": 106}"
EQQEQFNXX,"{""P47530"": 14}"
EQQEQFNKS,"{""P47530"": 6}"
EQQILXXXX,"{""P47683"": 18}"
EQQILXTAX,"{""P47683"": 96}"
EQQILKTAX,"{""P47683"": 6}"
EQQXQXANN,"{""P47388"": 79}"
EQQXQXXXX,"{""P47388"": 15}"
EQQXQKANN,"{""P47388"": 1}"
EQQXXXXXX,"{""P47388"": 21}"
EQQKQXXXX,"{""P47388"": 2}"
EQQKQXANN,"{""P47388"": 3}"
EQTPAVIFX,"{""P47539"": 8}"
EQTPAVIFR,"{""P47539"": 33}"
EQTEIQLAI,"{""P47331"": 102}"
EQTVPEVFL,"{""P47277"": 120}"
EQRAILQEL,"{""P47612"": 5}"
EQKPLVNEQ,"{""P47438"": 9}"
EQKQVXRSS,"{""P47502"": 2}"
EQKQVXXXX,"{""P47502"": 1}"
EQKQVXXSS,"{""P47502"": 1}"
EQKEGLLAP,"{""P47520"": 2}"
EMVYXNFGF,"{""P47368"": 513}"
EMVYXXXXX,"{""P47368"": 85}"
EMVYKNFGF,"{""P47368"": 24}"
EMVMYNNEN,"{""Q49406"": 106}"
EMVMXNNEN,"{""Q49406"": 6}"
EMVXXXXXX,"{""P47368"": 6}"
EMVXXNFGF,"{""P47368"": 21}"
EMVXKNFGF,"{""P47368"": 1}"
EMMLEXPLA,"{""P47355"": 469}"
EMMLEXXXX,"{""P47355"": 126}"
EMMLEKPLA,"{""P47355"": 25}"
EMMQLIXTA,"{""P47426"": 486}"
EMMQLIXXX,"{""P47426"": 119}"
EMMQLIKTA,"{""P47426"": 21}"
EMIAYXALL,"{""P47669"": 480}"
EMIAYXXXX,"{""P47669"": 92}"
EMIAYLEXL,"{""P47647"": 94}"
EMIAYLEXX,"{""P47647"": 17}"
EMIAYLEKL,"{""P47647"": 2}"
EMIAYKALL,"{""P47669"": 27}"
EMIAXXALL,"{""P47669"": 22}"
EMIAXXXXX,"{""P47669"": 2}"
EMIAXKALL,"{""P47669"": 2}"
EMIAXLEXL,"{""P47647"": 3}"
EMKVLVXDL,"{""P47547"": 2}"
EMKVLVYDL,"{""P47547"": 7}"
EMKXXXXXX,"{""P47319"": 5}"
EMKXAAANQ,"{""P47319"": 2}"
EMKAFVFEL,"{""P47471"": 1}"
EMTIVEIDE,"{""P36255"": 123}"
EMTXQNDLL,"{""P47365"": 130}"
EMTXXXXXX,"{""P47365"": 457}"
EMTKQNDLL,"{""P47365"": 6}"
EMTAXSLLX,"{""P47669"": 97}"
EMTAXXXXX,"{""P47669"": 21}"
EMTAKSLLX,"{""P47669"": 2}"
EMAIXFXEX,"{""P47460"": 399}"
EMAIXFXEK,"{""P47460"": 21}"
EMAIXFXXX,"{""P47460"": 63}"
EMAIXFKEX,"{""P47460"": 16}"
EMAIXXXXX,"{""P47460"": 98}"
EMAIKFXEX,"{""P47460"": 19}"
EMAIKFXEK,"{""P47460"": 1}"
EMAIKFXXX,"{""P47460"": 1}"
EMAIKFKEX,"{""P47460"": 2}"
EMAVGVXXX,"{""P47361"": 104}"
EMAVGVXQX,"{""P47361"": 495}"
EMAVGVXQK,"{""P47361"": 12}"
EMAVGVKQX,"{""P47361"": 27}"
EMAVGVKQK,"{""P47361"": 1}"
EMXXXXXXX,"{""P47547"": 460, ""P47471"": 94, ""P47319"": 100}"
EMXXAAANQ,"{""P47319"": 24}"
EMXVLVYDL,"{""P47547"": 98}"
EMXVLVXDL,"{""P47547"": 3}"
EMXAFVFEL,"{""P47471"": 26}"
EMXLDXXXX,"{""P47267"": 7}"
EMQQLAXXX,"{""P47344"": 95}"
EMQQLAXTI,"{""P47344"": 21}"
EMQQLAKTI,"{""P47344"": 1}"
EMQRNWIGX,"{""P47508"": 26}"
EMQRNWIGK,"{""P47508"": 2}"
EMQLEDVGS,"{""P47250"": 124}"
EMQFXILXL,"{""P47486"": 3}"
EMQFXILXX,"{""P47486"": 1}"
EMQFRILXL,"{""P47486"": 20}"
EMQFRILXX,"{""P47486"": 7}"
EMQFRILKL,"{""P47486"": 1}"
EMQXNWIGX,"{""P47508"": 10}"
EMGNFXAIE,"{""P47694"": 22}"
EMGNFXXXX,"{""P47694"": 89}"
EMGINTLTE,"{""P47277"": 126}"
EMGMGSVXM,"{""P47422"": 100}"
EMGMGSVXX,"{""P47422"": 29}"
EMGMGSVKM,"{""P47422"": 5}"
EMLPLVNXP,"{""P47691"": 88}"
EMLPLVNXX,"{""P47691"": 20}"
EMLPLVNKP,"{""P47691"": 5}"
EMLLQRDEW,"{""P47587"": 3}"
EMEIYNLFT,"{""P47483"": 121}"
EMEIXNLFT,"{""P47483"": 9}"
EMRLDXXXX,"{""P47267"": 15}"
EMRLDXDNR,"{""P47267"": 3}"
EMRLDXDNX,"{""P47267"": 1}"
EMRLDKDNR,"{""P47267"": 2}"
EMRVLXLVD,"{""P47460"": 1}"
EMFGYATDL,"{""P47335"": 8}"
EGEAISWHV,"{""P47368"": 633}"
EGELQXXXX,"{""P47460"": 94}"
EGELQXLLV,"{""P47460"": 18}"
EGELQKLLV,"{""P47460"": 3}"
EGILXVHAE,"{""P47695"": 505}"
EGILXXXXX,"{""P47695"": 83}"
EGILKVHAE,"{""P47695"": 27}"
EGIRLVIEV,"{""P47250"": 96}"
EGINSQFDN,"{""P47700"": 25}"
EGIDYFFXD,"{""P47353"": 78}"
EGIDYFFXX,"{""P47353"": 24}"
EGIDYFFKD,"{""P47353"": 4}"
EGIDXFFXD,"{""P47353"": 4}"
EGIXLVIEV,"{""P47250"": 30}"
EGXIRFENT,"{""P47540"": 120}"
EGXIXFENT,"{""P47540"": 24}"
EGXXXXXXX,"{""P47473"": 101, ""P47424"": 106, ""P47540"": 452, ""P47384"": 100, ""P13927"": 96}"
EGXXXLKAV,"{""P47384"": 1}"
EGXXXLXAV,"{""P47384"": 1}"
EGXXRLXAV,"{""P47384"": 10}"
EGXXRLXXX,"{""P47384"": 3}"
EGXXRLKAV,"{""P47384"": 1}"
EGXXPVFDF,"{""P47251"": 6}"
EGXSAATRY,"{""P13927"": 19}"
EGXSAATXY,"{""P13927"": 3}"
EGXTXQEWL,"{""P56723"": 4}"
EGXTKQEWL,"{""P56723"": 1}"
EGXTTAWXV,"{""P47424"": 1}"
EGXTTAWRV,"{""P47424"": 1}"
EGXLANYQV,"{""P47411"": 9}"
EGXLGRIYV,"{""P47473"": 15}"
EGXLGRIXV,"{""P47473"": 1}"
EGXLGXIYV,"{""P47473"": 5}"
EGXLGXIXV,"{""P47473"": 1}"
EGXNXISEY,"{""P47521"": 6}"
EGXNXXXXX,"{""P47521"": 1}"
EGXKXLXAV,"{""P47384"": 1}"
EGVVLRSME,"{""P47318"": 119}"
EGVVLXSME,"{""P47318"": 42}"
EGVXXXXXX,"{""P47264"": 105}"
EGVXWIRAL,"{""P47264"": 21}"
EGVXWIXAL,"{""P47264"": 4}"
EGVKWIRAL,"{""P47264"": 1}"
EGLXITXDS,"{""P47458"": 89}"
EGLXITXXX,"{""P47458"": 17}"
EGLXITKDS,"{""P47458"": 4}"
EGLXXELIN,"{""P47277"": 442}"
EGLXXXXXX,"{""P47277"": 172, ""P47458"": 13}"
EGLXKELIN,"{""P47277"": 22}"
EGLITALXT,"{""P47549"": 99}"
EGLITALXX,"{""P47549"": 25}"
EGLITALKT,"{""P47549"": 7}"
EGLISXNNQ,"{""P47587"": 106}"
EGLISXXXX,"{""P47587"": 20}"
EGLISKNNQ,"{""P47587"": 3}"
EGLFXXXXX,"{""P47278"": 112}"
EGLFXALQI,"{""P47278"": 484}"
EGLFKALQI,"{""P47278"": 23}"
EGLLAPALQ,"{""P47520"": 125}"
EGLTQYLTM,"{""P47551"": 32}"
EGLTQXLTM,"{""P47551"": 2}"
EGLKXXXXX,"{""P47277"": 3}"
EGLKXELIN,"{""P47277"": 16}"
EGLKKELIN,"{""P47277"": 1}"
EGLKITXDS,"{""P47458"": 1}"
EGLDVPEVA,"{""P47319"": 1}"
EGSTAXXXX,"{""P47641"": 457}"
EGSTAXXTH,"{""P47641"": 23}"
EGSTAXRTH,"{""P47641"": 90}"
EGSTAKRTH,"{""P47641"": 3}"
EGSVXTLDG,"{""P47692"": 520}"
EGSVXLLXX,"{""P47278"": 76}"
EGSVXLLXK,"{""P47278"": 2}"
EGSVXLLKX,"{""P47278"": 2}"
EGSVXXXXX,"{""P47278"": 20, ""P47692"": 87}"
EGSVKTLDG,"{""P47692"": 20}"
EGSVKLLXX,"{""P47278"": 4}"
EGSGFXXXX,"{""P47533"": 556}"
EGSGFXAFW,"{""P47533"": 10}"
EGNADVVIS,"{""Q49427"": 611}"
EGNDLYYEM,"{""P47639"": 529}"
EGNDLYXEM,"{""P47639"": 29}"
EGNDLXYEM,"{""P47639"": 19}"
EGAXIFPIT,"{""P47583"": 450}"
EGAXXXXXX,"{""P47583"": 117}"
EGADEIDMV,"{""P47296"": 130}"
EGAKIFPIT,"{""P47583"": 21}"
EGYNXISEY,"{""P47521"": 95}"
EGYNXISEX,"{""P47521"": 6}"
EGYNXXXXX,"{""P47521"": 15}"
EGYNKISEY,"{""P47521"": 5}"
EGYNKISEX,"{""P47521"": 1}"
EGYLANYQV,"{""P47411"": 121}"
EGYLANXQV,"{""P47411"": 8}"
EGYTXQEWL,"{""P56723"": 134}"
EGYTXXXXX,"{""P56723"": 16}"
EGYTKQEWL,"{""P56723"": 2}"
EGYYAIDFF,"{""P47257"": 13}"
EGYXAIDFF,"{""P47257"": 1}"
EGFFXPXYX,"{""P47297"": 54}"
EGFFXPXYK,"{""P47297"": 2}"
EGFFXPXXX,"{""P47297"": 22}"
EGFFXPKYX,"{""P47297"": 7}"
EGFFXXXXX,"{""P47297"": 21}"
EGFFKPXYX,"{""P47297"": 5}"
EGHYXNXXX,"{""P47414"": 67}"
EGHYXNXXF,"{""P47414"": 5}"
EGHYXNXRF,"{""P47414"": 22}"
EGHYXNKRF,"{""P47414"": 3}"
EGHYXXXXX,"{""P47414"": 24}"
EGHYKNXRF,"{""P47414"": 1}"
EGHYKNXXX,"{""P47414"": 5}"
EGHXXNXXX,"{""P47414"": 6}"
EGHXXXXXX,"{""P47414"": 1}"
EGHXKNXXX,"{""P47414"": 1}"
EGDVLVGXV,"{""P47583"": 124}"
EGDVLVGXX,"{""P47583"": 26}"
EGDVLVGKV,"{""P47583"": 7}"
EGDFITCDF,"{""P47566"": 31}"
EGDFITXDF,"{""P47566"": 5}"
EGDNTYYXV,"{""P47523"": 2}"
EGDNTYYRV,"{""P47523"": 5}"
EGDNTYXRV,"{""P47523"": 1}"
EGPSXFEAG,"{""Q49420"": 109}"
EGPSXXXXX,"{""Q49420"": 22}"
EGPSKFEAG,"{""Q49420"": 3}"
EGTPTSTTV,"{""P47502"": 32}"
EGRXPVFDF,"{""P47251"": 12}"
EGRXXXXXX,"{""P47251"": 6}"
EGGLXGYII,"{""P47387"": 86}"
EGGLXGXII,"{""P47387"": 4}"
EGGLXXXXX,"{""P47387"": 17}"
EGGLKGYII,"{""P47387"": 5}"
EGKXXXXXX,"{""P47384"": 6}"
EGKXRLXAV,"{""P47384"": 2}"
EGKLGRIYV,"{""P47473"": 2}"
EGKSAATXY,"{""P13927"": 1}"
EGKSAATRY,"{""P13927"": 1}"
EGKIRFENT,"{""P47540"": 3}"
EGKIXFENT,"{""P47540"": 1}"
EXEIAXXXX,"{""P47368"": 407}"
EXEIAXFVP,"{""P47368"": 81}"
EXEIAKFVP,"{""P47368"": 1}"
EXEINFYAN,"{""P47247"": 84}"
EXEINFXAN,"{""P47247"": 1}"
EXEIEATEX,"{""P47460"": 91}"
EXEIEATEK,"{""P47460"": 3}"
EXEICLQLM,"{""P47593"": 4}"
EXEXXXXXX,"{""P47682"": 470, ""P47301"": 21, ""P47387"": 15}"
EXEXVQPXA,"{""P47387"": 79}"
EXEXVQPXX,"{""P47387"": 13}"
EXEXVQPKA,"{""P47387"": 2}"
EXEXHESLA,"{""P47301"": 91}"
EXEXAXXXX,"{""P47530"": 6}"
EXELMXXXX,"{""P36263"": 77}"
EXELMXFVC,"{""P36263"": 23}"
EXELMXFVX,"{""P36263"": 2}"
EXELXAFXX,"{""P47460"": 14}"
EXELXAFXD,"{""P47460"": 66}"
EXELXAFKD,"{""P47460"": 4}"
EXELXNLLN,"{""P47311"": 19}"
EXELXXXXX,"{""P47460"": 15, ""P47311"": 6}"
EXELVEXDC,"{""P47368"": 3}"
EXELVERDC,"{""P47368"": 16}"
EXELVERDX,"{""P47368"": 1}"
EXELYSQAN,"{""P47693"": 8}"
EXELKNLLN,"{""P47311"": 2}"
EXELKAFXD,"{""P47460"": 2}"
EXELEXXXX,"{""P47336"": 2}"
EXEAYEXSF,"{""P47342"": 21}"
EXEAYEXXX,"{""P47342"": 1}"
EXEAYEKSF,"{""P47342"": 1}"
EXEAAXXXX,"{""P47342"": 7}"
EXEAXEXSF,"{""P47342"": 1}"
EXEQTVPEV,"{""P47277"": 96}"
EXEEQXXXX,"{""P47604"": 31}"
EXEEQXXLX,"{""P47604"": 59}"
EXEEQXKLX,"{""P47604"": 5}"
EXEEQKXLX,"{""P47604"": 5}"
EXEEQKKLX,"{""P47604"": 1}"
EXERLFTNS,"{""P47274"": 4}"
EXERFDEWV,"{""P47386"": 1}"
EXEVHEEVY,"{""P47300"": 7}"
EXEVQCNEA,"{""Q49407"": 3}"
EXETIQXXX,"{""P47355"": 6}"
EXETVGEYV,"{""P47631"": 1}"
EXEKHESLA,"{""P47301"": 3}"
EXEKVQPXA,"{""P47387"": 3}"
EXEKVQPXX,"{""P47387"": 1}"
EXEGILXVH,"{""P47695"": 5}"
EXEGILXXX,"{""P47695"": 1}"
EXXXXXXXX,"{""P13927"": 445, ""P47491"": 511, ""P47290"": 457, ""P47507"": 99, ""P47673"": 138, ""Q49429"": 524, ""P57085"": 95, ""P47405"": 129, ""P47407"": 124, ""Q49409"": 93, ""P47591"": 112, ""P47341"": 107, ""P47523"": 456, ""P47607"": 20, ""P47299"": 465, ""Q49417"": 106, ""P47486"": 93, ""Q49413"": 96, ""P47682"": 369, ""P47442"": 87, ""P47350"": 20, ""P47460"": 845, ""P47653"": 27, ""P47288"": 108, ""P47387"": 122, ""P47580"": 90, ""P47530"": 141, ""P47637"": 85, ""P47368"": 220, ""P35888"": 121, ""P47481"": 658, ""P47277"": 26, ""P47467"": 133, ""Q49407"": 17, ""P47271"": 100, ""P47702"": 486, ""P47266"": 150, ""P47465"": 91, ""P47543"": 80, ""P47336"": 109, ""P47650"": 112, ""P47520"": 102, ""P20796"": 97, ""P47576"": 15, ""P47581"": 137, ""P47597"": 20, ""P47246"": 23, ""P47658"": 132, ""P47295"": 23, ""P47502"": 21, ""P47313"": 140, ""P47352"": 41, ""P47595"": 42, ""P47446"": 130, ""P47700"": 103, ""P47525"": 25, ""P47473"": 17, ""P47248"": 34, ""Q49411"": 25, ""P47247"": 24, ""P47492"": 30, ""P36263"": 33, ""Q49412"": 125, ""P47649"": 21, ""P22747"": 31, ""P47300"": 14, ""P47264"": 14, ""P47583"": 88, ""P47445"": 44, ""P47693"": 31, ""P47317"": 34, ""P47703"": 29, ""P47627"": 20, ""P47301"": 95, ""P47498"": 29, ""P47448"": 19, ""P47563"": 53, ""P47329"": 22, ""P47566"": 33, ""P47261"": 127, ""P47619"": 39, ""Q49419"": 25, ""P47625"": 18, ""P47470"": 16, ""Q49430"": 84, ""P47547"": 24, ""P47369"": 82, ""P47513"": 15, ""P47532"": 139, ""P47606"": 44, ""P47631"": 20, ""P47302"": 17, ""P47582"": 24, ""P47604"": 16, ""P47526"": 17, ""P47311"": 4, ""P47666"": 20, ""P47706"": 19, ""P47402"": 16, ""P47278"": 17, ""P47656"": 5, ""P47632"": 19, ""P47310"": 2}"
EXXXXXHWF,"{""P47442"": 1}"
EXXXXYHWF,"{""P47442"": 6}"
EXXXLXXXX,"{""P47532"": 7}"
EXXXLLINP,"{""P47352"": 5}"
EXXXRYHWF,"{""P47442"": 7}"
EXXXRXHWF,"{""P47442"": 1}"
EXXXQELIS,"{""P47619"": 67}"
EXXXQNYSX,"{""P47702"": 7}"
EXXXQNXSX,"{""P47702"": 1}"
EXXXSLSQX,"{""P47658"": 5}"
EXXXEIIXX,"{""P47290"": 19}"
EXXXEIIXI,"{""P47290"": 5}"
EXXXEIIKI,"{""P47290"": 1}"
EXXIXVAYI,"{""P47319"": 7}"
EXXIXXXXX,"{""P47595"": 18}"
EXXIXEIFX,"{""P47595"": 58}"
EXXIXEIFK,"{""P47595"": 1}"
EXXILXIAQ,"{""P47591"": 24}"
EXXILXXXX,"{""P47591"": 1}"
EXXIKEIFX,"{""P47595"": 4}"
EXXNNFYVG,"{""P47693"": 93}"
EXXNNFXVG,"{""P47693"": 1}"
EXXPXLPFX,"{""P47301"": 63}"
EXXPXLPFK,"{""P47301"": 5}"
EXXPXXXXX,"{""P47301"": 12}"
EXXPKLPFX,"{""P47301"": 1}"
EXXLLEEXX,"{""Q49417"": 4}"
EXXLNPEDS,"{""Q49429"": 90}"
EXXCLLINP,"{""P47352"": 83}"
EXXQQVISN,"{""P47448"": 7}"
EXXKQNYSX,"{""P47702"": 2}"
EXXKQELIS,"{""P47619"": 3}"
EXXKRYHWF,"{""P47442"": 1}"
EXXKLXXXX,"{""P47532"": 1}"
EXXAINITD,"{""P47310"": 19}"
EXXVFTTIL,"{""P47703"": 31}"
EXXRSLSQX,"{""P47658"": 18}"
EXXDSMLXV,"{""P47248"": 1}"
EXXDSMLXX,"{""P47248"": 2}"
EXGMGATVV,"{""P20796"": 504}"
EXGYNXXXX,"{""P47407"": 461}"
EXGITIXLN,"{""P47384"": 18}"
EXGITIXXX,"{""P47384"": 7}"
EXGITITSA,"{""P47335"": 4}"
EXGIXNSIP,"{""P47285"": 6}"
EXGIXXXXX,"{""P47285"": 1}"
EXGIKNSIP,"{""P47285"": 1}"
EXGXXXXXX,"{""P22747"": 76}"
EXGXNXXXX,"{""P47407"": 16}"
EXGXTQREV,"{""P22747"": 2}"
EXGDGERFX,"{""P47278"": 5}"
EXGDGERFK,"{""P47278"": 1}"
EXGDGEXFX,"{""P47278"": 1}"
EXGWXAITV,"{""P47277"": 5}"
EXGWKAITV,"{""P47277"": 1}"
EXLIDNFXX,"{""P47446"": 370}"
EXLIDNFXF,"{""P47446"": 107}"
EXLIDNFKF,"{""P47446"": 7}"
EXLVNLFIE,"{""Q49430"": 505}"
EXLVLELAL,"{""P47563"": 119}"
EXLVSXXXX,"{""P47492"": 71}"
EXLVSXFDN,"{""P47492"": 16}"
EXLVEAMGX,"{""P47591"": 96}"
EXLVEAMGK,"{""P47591"": 3}"
EXLATDFTN,"{""P47460"": 475}"
EXLAFVGXX,"{""P47631"": 17}"
EXLAFVGXG,"{""P47631"": 73}"
EXLAFVGKG,"{""P47631"": 2}"
EXLAXAWVD,"{""P47266"": 99}"
EXLAXXXXX,"{""P47266"": 15}"
EXLAKAWVD,"{""P47266"": 7}"
EXLAAXAAQ,"{""P47315"": 6}"
EXLAAXXXX,"{""P47315"": 1}"
EXLAAKAAQ,"{""P47315"": 1}"
EXLDDXQXX,"{""P47617"": 29}"
EXLDDXQXF,"{""P47617"": 1}"
EXLDDXXXX,"{""P47617"": 7}"
EXLDDKQXX,"{""P47617"": 3}"
EXLDFLIKN,"{""P47473"": 1}"
EXLDFLIXN,"{""P47473"": 1}"
EXLDFLIXX,"{""P47473"": 1}"
EXLRIIREE,"{""P47481"": 18}"
EXLRIIXEE,"{""P47481"": 7}"
EXLRREDIY,"{""P47288"": 6}"
EXLTAYDDA,"{""P47301"": 101}"
EXLTAXDDA,"{""P47301"": 5}"
EXLTIADGV,"{""P47583"": 23}"
EXLTXQGFI,"{""P47256"": 3}"
EXLTXXXXX,"{""P47256"": 1}"
EXLLNVLSE,"{""P47581"": 91}"
EXLLNLFSI,"{""Q49404"": 8}"
EXLMVGSFS,"{""P47317"": 95}"
EXLQXXXXX,"{""P47288"": 12}"
EXLQXLLEI,"{""P47288"": 90}"
EXLQNSFAY,"{""P47508"": 7}"
EXLQSVVWI,"{""P47651"": 7}"
EXLQKLLEI,"{""P47288"": 2}"
EXLXREDIY,"{""P47288"": 1}"
EXLXRILSL,"{""Q49407"": 1}"
EXLXIIXEE,"{""P47481"": 2}"
EXLXIIREE,"{""P47481"": 6}"
EXLXXXXXX,"{""Q49407"": 4}"
EXLEXLTGN,"{""P47547"": 83}"
EXLEXLXXQ,"{""P47597"": 5}"
EXLEXLXXX,"{""P47597"": 1}"
EXLEXXXXX,"{""P47547"": 12}"
EXLEXEYNL,"{""P47384"": 1}"
EXLESDRXQ,"{""P47700"": 13}"
EXLESDRXX,"{""P47700"": 3}"
EXLESDRKQ,"{""P47700"": 1}"
EXLESDXXQ,"{""P47700"": 3}"
EXLEREYNL,"{""P47384"": 1}"
EXLEKLXXQ,"{""P47597"": 1}"
EXLEKLTGN,"{""P47547"": 3}"
EXLPNWTTA,"{""P47512"": 4}"
EXLFFQDCL,"{""P47271"": 1}"
EXDYGYLGS,"{""P47336"": 437}"
EXDYGXLGS,"{""P47336"": 26}"
EXDYFXNXX,"{""P47606"": 9}"
EXDYFXNXP,"{""P47606"": 66}"
EXDYFXNKP,"{""P47606"": 3}"
EXDYFXXXX,"{""P47606"": 14}"
EXDYFKNXP,"{""P47606"": 4}"
EXDYFKNXX,"{""P47606"": 1}"
EXDYLPLIG,"{""Q49429"": 4}"
EXDWSEALM,"{""P47266"": 495}"
EXDXXXXXX,"{""P47445"": 65, ""P47288"": 1}"
EXDXGYLGS,"{""P47336"": 16}"
EXDXGXLGS,"{""P47336"": 1}"
EXDXFXNXP,"{""P47606"": 4}"
EXDXLNTQX,"{""P47460"": 3}"
EXDXLVVAY,"{""P47288"": 4}"
EXDXNFQLS,"{""P47445"": 14}"
EXDLNTXXX,"{""P47460"": 13}"
EXDLNTXAQ,"{""P47460"": 80}"
EXDLNTKAQ,"{""P47460"": 4}"
EXDLFICGG,"{""P47470"": 103}"
EXDLFIXGG,"{""P47470"": 4}"
EXDAYQAAA,"{""P47299"": 111}"
EXDAXQAAA,"{""P47299"": 3}"
EXDPLLLSN,"{""Q49413"": 20}"
EXDPNIQIT,"{""P35888"": 2}"
EXDRLNTQK,"{""P47460"": 1}"
EXDRLNTQX,"{""P47460"": 14}"
EXDQFGGNQ,"{""P47580"": 9}"
EXDFVAVTA,"{""P47308"": 7}"
EXPGVMFGN,"{""P47581"": 487}"
EXPIEXQSQ,"{""Q49411"": 82}"
EXPIEXXXX,"{""Q49411"": 21}"
EXPIEKQSQ,"{""Q49411"": 7}"
EXPLTLQFE,"{""P47649"": 107}"
EXPANGTSS,"{""P47563"": 85}"
EXPSLXXXX,"{""P47343"": 6}"
EXPSLXQES,"{""P47343"": 3}"
EXPSLLXXP,"{""P47373"": 1}"
EXPSLLXRP,"{""P47373"": 1}"
EXIISNDAT,"{""P47387"": 517}"
EXISIVLQD,"{""P47261"": 477}"
EXISALXLX,"{""P47618"": 6}"
EXISALXXX,"{""P47618"": 1}"
EXITLVFVT,"{""P47532"": 451}"
EXITINGNG,"{""P47341"": 494}"
EXIENQXMC,"{""P47607"": 82}"
EXIENQXMX,"{""P47607"": 8}"
EXIENQXXX,"{""P47607"": 17}"
EXIENQKMC,"{""P47607"": 5}"
EXIEXXXXX,"{""P47597"": 27}"
EXIEXELNA,"{""P47277"": 2}"
EXIELRNEG,"{""P47547"": 4}"
EXIELXNEG,"{""P47547"": 1}"
EXIAYLSQG,"{""P47632"": 1}"
EXIAGRMFS,"{""P47467"": 8}"
EXIAGXMFS,"{""P47467"": 1}"
EXILFGXXX,"{""P47445"": 15}"
EXILFGXLA,"{""P47445"": 87}"
EXILFGKLA,"{""P47445"": 1}"
EXIPTFNTE,"{""P47473"": 98}"
EXIRQIENX,"{""P47491"": 83}"
EXIXPVQTG,"{""P47335"": 23}"
EXIXXXXXX,"{""P47658"": 11, ""P47335"": 3, ""P47484"": 2}"
EXIXIEXDA,"{""P47658"": 60}"
EXIXIEXXX,"{""P47658"": 15}"
EXIXQIENX,"{""P47491"": 34}"
EXIXLLXTN,"{""P47484"": 8}"
EXIXLLXXX,"{""P47484"": 1}"
EXINDLYDE,"{""P47670"": 35}"
EXINDLXDE,"{""P47670"": 1}"
EXIYLSLGI,"{""P47483"": 9}"
EXIQAYAER,"{""Q49419"": 2}"
EXIQAYAEX,"{""Q49419"": 1}"
EXIDYVXSS,"{""P47513"": 90}"
EXIDYVXXX,"{""P47513"": 7}"
EXIDYVKSS,"{""P47513"": 2}"
EXIDXVXSS,"{""P47513"": 5}"
EXIDXVXXX,"{""P47513"": 3}"
EXIDXVKSS,"{""P47513"": 1}"
EXIVEYLAV,"{""P47481"": 1}"
EXIVRDGXX,"{""P47318"": 3}"
EXIKPVQTG,"{""P47335"": 4}"
EXIKIEXXX,"{""P47658"": 1}"
EXIKLLXTN,"{""P47484"": 1}"
EXVQPXAXV,"{""P47387"": 57}"
EXVQPXAXX,"{""P47387"": 16}"
EXVQPXXXX,"{""P47387"": 12}"
EXVQPKAKV,"{""P47387"": 2}"
EXVQPKAXV,"{""P47387"": 5}"
EXVQPKAXX,"{""P47387"": 1}"
EXVXXXXXX,"{""P47520"": 135, ""P47576"": 10, ""P47606"": 9}"
EXVXXSLAX,"{""P47520"": 330}"
EXVXXSLAK,"{""P47520"": 16}"
EXVXAIVDN,"{""P47606"": 91}"
EXVXSEFLX,"{""P47576"": 90}"
EXVXKSLAX,"{""P47520"": 15}"
EXVPFLAXQ,"{""P47507"": 440}"
EXVPFLAXX,"{""P47507"": 78}"
EXVPFLAKQ,"{""P47507"": 19}"
EXVPEFGAG,"{""P47682"": 9}"
EXVSDEIQN,"{""P47582"": 101}"
EXVSRLVXX,"{""P47335"": 1}"
EXVAQERXE,"{""P47460"": 16}"
EXVAQERXX,"{""P47460"": 2}"
EXVAQEXXE,"{""P47460"": 1}"
EXVKAIVDN,"{""P47606"": 4}"
EXVKXSLAX,"{""P47520"": 18}"
EXVKXXXXX,"{""P47520"": 2}"
EXVKSEFLX,"{""P47576"": 4}"
EXVKKSLAX,"{""P47520"": 3}"
EXVDPSRIL,"{""P47486"": 20}"
EXVDPSXIL,"{""P47486"": 5}"
EXNNQTLXT,"{""P47580"": 404}"
EXNNQTLXX,"{""P47580"": 75}"
EXNNQTLKT,"{""P47580"": 21}"
EXNNLXLFD,"{""P47491"": 74}"
EXNNLXXXX,"{""P47491"": 11}"
EXNNLKLFD,"{""P47491"": 1}"
EXNCXQSXS,"{""P47526"": 74}"
EXNCXQSXX,"{""P47526"": 20}"
EXNCXQSKS,"{""P47526"": 3}"
EXNCXXXXX,"{""P47526"": 15}"
EXNCKQSXS,"{""P47526"": 5}"
EXNSLAVEM,"{""P47295"": 114}"
EXNLXIFAN,"{""P47664"": 37}"
EXNLXLISA,"{""P47384"": 38}"
EXNLXXXXX,"{""P47384"": 7, ""P47664"": 6}"
EXNLLXXXX,"{""P47627"": 16}"
EXNLLXIHL,"{""P47627"": 100}"
EXNLLKIHL,"{""P47627"": 6}"
EXNLLDQQX,"{""P47460"": 4}"
EXNLKIFAN,"{""P47664"": 1}"
EXNDESFQX,"{""P47264"": 92}"
EXNDESFQK,"{""P47264"": 4}"
EXNTNLXTI,"{""P47706"": 72}"
EXNTNLXXX,"{""P47706"": 24}"
EXNTNLKTI,"{""P47706"": 4}"
EXNXILTVF,"{""P47573"": 4}"
EXNXXQSXX,"{""P47526"": 3}"
EXNXXQSXS,"{""P47526"": 2}"
EXNXXXXXX,"{""P47526"": 2}"
EXNXPLDDS,"{""P47528"": 1}"
EXNQVTIYP,"{""P47281"": 29}"
EXNQVTIXP,"{""P47281"": 1}"
EXNYPLDDS,"{""P47528"": 21}"
EXNIQLINY,"{""P47496"": 5}"
EXNIQLINX,"{""P47496"": 1}"
EXNIETYRD,"{""P47663"": 3}"
EXNFNLFDV,"{""P47492"": 7}"
EXQXXXXXX,"{""P47703"": 20, ""P57085"": 93, ""Q49412"": 385}"
EXQXSIHQN,"{""Q49412"": 93}"
EXQXIAQXX,"{""P57085"": 381}"
EXQXIAQKX,"{""P57085"": 13}"
EXQXLFLQL,"{""P47703"": 58}"
EXQXFCEQN,"{""P47465"": 6}"
EXQALXXAY,"{""Q49407"": 65}"
EXQALXXAX,"{""Q49407"": 4}"
EXQALXXXX,"{""Q49407"": 15}"
EXQALXKAY,"{""Q49407"": 3}"
EXQALKXAY,"{""Q49407"": 4}"
EXQALKXXX,"{""Q49407"": 2}"
EXQAXVLXX,"{""P47246"": 62}"
EXQAXVLXF,"{""P47246"": 16}"
EXQAXVLKF,"{""P47246"": 3}"
EXQAXXXXX,"{""P47246"": 20}"
EXQAKVLXX,"{""P47246"": 6}"
EXQAKVLXF,"{""P47246"": 2}"
EXQAFLNLR,"{""P47460"": 81}"
EXQAFLNLX,"{""P47460"": 21}"
EXQNLTFAE,"{""P47302"": 121}"
EXQNDVGEY,"{""P47386"": 22}"
EXQNDVGEX,"{""P47386"": 2}"
EXQTHLWNX,"{""P47313"": 82}"
EXQTHLWNK,"{""P47313"": 4}"
EXQTPSYFI,"{""P47699"": 2}"
EXQKIAQXX,"{""P57085"": 22}"
EXQKIAQKX,"{""P57085"": 1}"
EXQKLFLQL,"{""P47703"": 6}"
EXQKSIHQN,"{""Q49412"": 6}"
EXQDDXLFI,"{""P47313"": 78}"
EXQDDXXXX,"{""P47313"": 14}"
EXQDDKLFI,"{""P47313"": 5}"
EXQRFCEQN,"{""P47465"": 20}"
EXQLTSIYF,"{""P47313"": 4}"
EXQLNEWQX,"{""P47273"": 5}"
EXQQYGYGL,"{""P47635"": 5}"
EXYDSMLXX,"{""P47248"": 83}"
EXYDSMLXV,"{""P47248"": 25}"
EXYILXIAQ,"{""P47591"": 384}"
EXYILXXXX,"{""P47591"": 74}"
EXYILKIAQ,"{""P47591"": 24}"
EXYQQVISN,"{""P47448"": 101}"
EXYQYFCVN,"{""Q49420"": 6}"
EXYENETSV,"{""P47632"": 8}"
EXSGXSAXI,"{""P47682"": 28}"
EXSGXSAXX,"{""P47682"": 1}"
EXSGXSAKI,"{""P47682"": 3}"
EXSGXXXXX,"{""P47682"": 5}"
EXSGKSAXI,"{""P47682"": 2}"
EXSGKSAXX,"{""P47682"": 1}"
EXSGISFEN,"{""P47633"": 5}"
EXSLWEFLH,"{""Q49409"": 500}"
EXSWLESQL,"{""P47369"": 511}"
EXSIVSFFN,"{""Q49419"": 116}"
EXSINLVVE,"{""P47637"": 24}"
EXSVWLSXX,"{""P47566"": 96}"
EXSXGINPL,"{""P47666"": 84}"
EXSXXXXXX,"{""P47666"": 15}"
EXSQVYESL,"{""P47264"": 3}"
EXSDIXNXX,"{""P47481"": 3}"
EXSDIYNXX,"{""P47481"": 5}"
EXSKGINPL,"{""P47666"": 2}"
EXRXQNYSX,"{""P47702"": 66}"
EXRXQNXSX,"{""P47702"": 2}"
EXRXXXXXX,"{""P47702"": 18, ""P47290"": 18}"
EXRXEIIXI,"{""P47290"": 15}"
EXRXEIIXX,"{""P47290"": 67}"
EXRXEIIKI,"{""P47290"": 1}"
EXRLLEEXX,"{""Q49417"": 15}"
EXRCSNXXX,"{""P47592"": 1}"
EXREYIEXX,"{""P47597"": 2}"
EXREXIEXX,"{""P47597"": 1}"
EXRKEIIXX,"{""P47290"": 2}"
EXRKEIIXI,"{""P47290"": 1}"
EXRKQNYSX,"{""P47702"": 3}"
EXRATVGVV,"{""P47400"": 1}"
EXRTDSFGN,"{""P47328"": 2}"
EXAXXXXXX,"{""P47530"": 485, ""P47402"": 19, ""P47652"": 3}"
EXAXQXQXX,"{""P47402"": 73}"
EXAXQXXXX,"{""P47402"": 15}"
EXAXQKQXX,"{""P47402"": 1}"
EXAXADYEE,"{""P47530"": 10}"
EXAXENEXX,"{""P47652"": 2}"
EXAXENEKX,"{""P47652"": 1}"
EXAAILAXP,"{""P47329"": 87}"
EXAAILAXX,"{""P47329"": 24}"
EXAAILAKP,"{""P47329"": 4}"
EXADFENIN,"{""P47597"": 105}"
EXAEXDXXX,"{""P47278"": 68}"
EXAEXDXXV,"{""P47278"": 4}"
EXAEXDXRV,"{""P47278"": 15}"
EXAEXDKRV,"{""P47278"": 2}"
EXAEXXXXX,"{""P47278"": 18}"
EXAEKDXXV,"{""P47278"": 1}"
EXAEKDXRV,"{""P47278"": 1}"
EXATIIQSE,"{""P47300"": 84}"
EXATXXXXX,"{""P47541"": 6}"
EXATXDTLR,"{""P47541"": 1}"
EXATGFEXX,"{""P47464"": 5}"
EXATGFEXY,"{""P47464"": 1}"
EXAINSXDS,"{""P47460"": 26}"
EXAINSXXX,"{""P47460"": 1}"
EXAINSKDS,"{""P47460"": 1}"
EXAKQXQXX,"{""P47402"": 4}"
EXASDILDL,"{""P47668"": 3}"
EXFRNFANE,"{""P47523"": 82}"
EXFNXSSDL,"{""P47502"": 95}"
EXFNXIAXX,"{""P47498"": 5}"
EXFNXXXXX,"{""P47502"": 10}"
EXFNKSSDL,"{""P47502"": 6}"
EXFEFLNPV,"{""Q49429"": 96}"
EXFDRSXPH,"{""P13927"": 62}"
EXFDRSXXX,"{""P13927"": 14}"
EXFDRSKPH,"{""P13927"": 3}"
EXFDXSXPH,"{""P13927"": 24}"
EXFDXSXXX,"{""P13927"": 3}"
EXFDXEFVQ,"{""P47278"": 4}"
EXFGYXXDL,"{""P47580"": 2}"
EXFGYYXDL,"{""P47580"": 7}"
EXFGYYXXX,"{""P47580"": 1}"
EXFGXYXDL,"{""P47580"": 1}"
EXFXNFANE,"{""P47523"": 32}"
EXFTIVIVT,"{""P47650"": 5}"
EXTHIXGFN,"{""P47525"": 83}"
EXTHIXXXX,"{""P47525"": 19}"
EXTHIKGFN,"{""P47525"": 3}"
EXTLEILFN,"{""P35888"": 101}"
EXTDFDEAX,"{""P47460"": 7}"
EXTDFDEAK,"{""P47460"": 2}"
EXTTVIGGX,"{""P47632"": 104}"
EXTTVIGGK,"{""P47632"": 4}"
EXTGVVQXX,"{""P47498"": 85}"
EXTGVVQXP,"{""P47498"": 3}"
EXTISAXRG,"{""P47481"": 2}"
EXTISAYRG,"{""P47481"": 15}"
EXTISAYXG,"{""P47481"": 8}"
EXTIRTVVY,"{""P47543"": 16}"
EXTIRTVVX,"{""P47543"": 2}"
EXTIXTVVY,"{""P47543"": 5}"
EXTSVNNXN,"{""P47253"": 29}"
EXTSVNNXX,"{""P47253"": 5}"
EXTSVNNKN,"{""P47253"": 2}"
EXTFKDNLX,"{""P47321"": 1}"
EXTFXDNLX,"{""P47321"": 4}"
EXTFXXXXX,"{""P47321"": 2}"
EXTXEXEXH,"{""P47301"": 6}"
EXTXXXXXX,"{""P47301"": 2}"
EXKXXXXXX,"{""P47442"": 3, ""P47619"": 2, ""P47656"": 1}"
EXKXLLINP,"{""P47352"": 1}"
EXKXQELIS,"{""P47619"": 4}"
EXKLNPEDS,"{""Q49429"": 7}"
EXKPXLPFX,"{""P47301"": 3}"
EXKPXXXXX,"{""P47301"": 1}"
EXKCLLINP,"{""P47352"": 4}"
EXKRSLSQX,"{""P47658"": 1}"
EXKNNFYVG,"{""P47693"": 1}"
EXKIXEIFX,"{""P47595"": 2}"
EXKIXVAYI,"{""P47319"": 1}"
EXKAINITD,"{""P47310"": 2}"
EXMVLXGXX,"{""P47350"": 5}"
EXMVLXGRX,"{""P47350"": 15}"
EXMVLXXXX,"{""P47350"": 68}"
EXMVLKGRX,"{""P47350"": 1}"
EXMILLSSN,"{""P47625"": 95}"
EXMXXDRXX,"{""P47653"": 13}"
EXMXXDXXX,"{""P47653"": 4}"
EXMXXXXXX,"{""P47653"": 81, ""Q49434"": 1}"
EXMXSDDSP,"{""Q49434"": 2}"
EXMGHIALV,"{""P47582"": 28}"
EXMKXDRXX,"{""P47653"": 1}"
EXMKXXXXX,"{""P47653"": 1}"
EXMKSDDSP,"{""Q49434"": 1}"
EXHESLAXE,"{""P47301"": 90}"
EXHESLAXX,"{""P47301"": 12}"
EXCEREXQX,"{""Q49412"": 2}"
EXCEREXXX,"{""Q49412"": 1}"
ELEXYSXXI,"{""P47632"": 57}"
ELEXYSXXX,"{""P47632"": 18}"
ELEXYSXKI,"{""P47632"": 2}"
ELEXYSKXI,"{""P47632"": 3}"
ELEXYSKXX,"{""P47632"": 1}"
ELEXXXXXX,"{""P47336"": 550, ""P47500"": 26, ""P47632"": 19}"
ELEXXSXXI,"{""P47632"": 5}"
ELEXIKASL,"{""P47500"": 5}"
ELEXIXASL,"{""P47500"": 73}"
ELEXIXXXX,"{""P47500"": 12}"
ELEXWTVVH,"{""P47336"": 33}"
ELENCFYLX,"{""P47587"": 110}"
ELENCFYLK,"{""P47587"": 2}"
ELENCFXLX,"{""P47587"": 3}"
ELENLIQVX,"{""P47524"": 120}"
ELENXFYLX,"{""P47587"": 5}"
ELEELEXXX,"{""P47460"": 580}"
ELEELEXIR,"{""P47460"": 4}"
ELEELYLVX,"{""P47460"": 121}"
ELEELYLVK,"{""P47460"": 6}"
ELEELXLVX,"{""P47460"": 5}"
ELEITNQXX,"{""P47394"": 26}"
ELEITNQXQ,"{""P47394"": 96}"
ELEITNQKQ,"{""P47394"": 1}"
ELEISDFDN,"{""Q49419"": 123}"
ELEIPFTSN,"{""Q49434"": 113}"
ELEQLIXXX,"{""P47615"": 94}"
ELEQLIXEN,"{""P47615"": 28}"
ELEQLIKEN,"{""P47615"": 1}"
ELEQAXXYA,"{""P47443"": 90}"
ELEQAXXXX,"{""P47443"": 29}"
ELEQAXXXA,"{""P47443"": 4}"
ELEQAKXXX,"{""P47443"": 1}"
ELEQAKXYA,"{""P47443"": 2}"
ELELAVLVG,"{""P47540"": 125}"
ELELFLQAI,"{""P47587"": 113}"
ELELLVEAL,"{""P47695"": 120}"
ELELNPRSR,"{""P47464"": 7}"
ELELNPRSX,"{""P47464"": 1}"
ELELNPXSR,"{""P47464"": 1}"
ELESNFQNE,"{""P47668"": 124}"
ELESAQQXY,"{""P47597"": 107}"
ELESAQQXX,"{""P47597"": 22}"
ELESAQQKY,"{""P47597"": 3}"
ELESDXXXX,"{""P47512"": 110}"
ELEDPNQDA,"{""P47580"": 119}"
ELEKIXASL,"{""P47500"": 8}"
ELEKYSXXI,"{""P47632"": 8}"
ELEKYSXXX,"{""P47632"": 1}"
ELEKXSKXX,"{""P47632"": 1}"
ELEKXSXXI,"{""P47632"": 1}"
ELXLXIEDA,"{""P47632"": 8}"
ELXLRIEDA,"{""P47632"": 23}"
ELXXXXXXX,"{""P47445"": 177, ""P47365"": 23, ""P47500"": 21, ""P47342"": 45, ""P47632"": 95, ""P47330"": 458, ""P47551"": 96, ""P47604"": 546, ""P47299"": 189, ""P47311"": 95, ""P47540"": 195, ""P47529"": 88, ""P47405"": 15, ""P47326"": 35, ""P47542"": 18, ""Q49460"": 26, ""P47251"": 16, ""Q49415"": 16, ""P47385"": 73, ""P47580"": 24, ""P47460"": 18, ""P47250"": 20, ""P47278"": 13, ""P47523"": 22, ""P47359"": 17, ""P47662"": 27, ""P47246"": 2}"
ELXXXXXXK,"{""P47604"": 5}"
ELXXXXXKX,"{""P47604"": 7}"
ELXXXXXKK,"{""P47604"": 1}"
ELXXXXKXX,"{""P47604"": 6}"
ELXXXKXXX,"{""P47604"": 6}"
ELXXXKKXX,"{""P47604"": 1}"
ELXXELTEL,"{""P47540"": 381}"
ELXXVLVIN,"{""P47299"": 398}"
ELXXVCXET,"{""P47385"": 4}"
ELXXVCXXX,"{""P47385"": 1}"
ELXXSLSSP,"{""P47445"": 416}"
ELXXSTQAS,"{""P47246"": 3}"
ELXXDNNSQ,"{""P47551"": 26}"
ELXXLAFGE,"{""P47342"": 72}"
ELXXIYFVT,"{""P47604"": 1}"
ELXXFSIID,"{""P47330"": 22}"
ELXXKXXXX,"{""P47604"": 15}"
ELXXKXKXX,"{""P47604"": 2}"
ELXXKKXXX,"{""P47604"": 4}"
ELXXGVIAS,"{""P47472"": 3}"
ELXPLLXEH,"{""P47326"": 75}"
ELXPLLXXX,"{""P47326"": 19}"
ELXPLLKEH,"{""P47326"": 2}"
ELXPSLLNX,"{""Q49460"": 114}"
ELXIDSLDM,"{""P47529"": 500}"
ELXTNALGV,"{""P47523"": 109}"
ELXRFSIID,"{""P47330"": 93}"
ELXRVCXET,"{""P47385"": 12}"
ELXRVCXXX,"{""P47385"": 1}"
ELXRVXXET,"{""P47385"": 1}"
ELXRGVIAS,"{""P47472"": 3}"
ELXHXQPLI,"{""P47500"": 79}"
ELXHXXXXX,"{""P47500"": 9}"
ELXHKQPLI,"{""P47500"": 3}"
ELXQXIENL,"{""P47251"": 79}"
ELXQXXXXX,"{""P47251"": 23, ""P47405"": 13}"
ELXQXSNEE,"{""P47405"": 71}"
ELXQTXNTT,"{""P47365"": 83}"
ELXQTXXXX,"{""P47365"": 12}"
ELXQTKNTT,"{""P47365"": 3}"
ELXQKSNEE,"{""P47405"": 9}"
ELXQKIENL,"{""P47251"": 1}"
ELXQFFDXX,"{""P47281"": 6}"
ELXNLSYLI,"{""P47542"": 95}"
ELXNLSXLI,"{""P47542"": 7}"
ELXNLLNXI,"{""P47311"": 433}"
ELXNLLNXX,"{""P47311"": 71}"
ELXNLLNKI,"{""P47311"": 22}"
ELXAFYMXT,"{""P47359"": 67}"
ELXAFYMXX,"{""P47359"": 11}"
ELXAFYMKT,"{""P47359"": 4}"
ELXAFXDXX,"{""P47460"": 20}"
ELXAFXDXV,"{""P47460"": 74}"
ELXAFXDKV,"{""P47460"": 2}"
ELXAFXXXX,"{""P47460"": 13}"
ELXAFXMXT,"{""P47359"": 6}"
ELXAFKDXV,"{""P47460"": 5}"
ELXAFKDXX,"{""P47460"": 1}"
ELXAAXFDL,"{""Q49415"": 87}"
ELXAAXXXX,"{""Q49415"": 11}"
ELXAAKFDL,"{""Q49415"": 1}"
ELXGEFSDF,"{""P47580"": 97}"
ELXEXAEXD,"{""P47278"": 57}"
ELXEXAEXX,"{""P47278"": 15}"
ELXEXAEKD,"{""P47278"": 3}"
ELXEXLNLV,"{""P47251"": 29}"
ELXEXXXXX,"{""P47407"": 8, ""P47251"": 5, ""P47278"": 11}"
ELXEXGYNX,"{""P47407"": 23}"
ELXEXGXNX,"{""P47407"": 2}"
ELXEKAEXD,"{""P47278"": 5}"
ELXEKAEXX,"{""P47278"": 1}"
ELXEKGYNX,"{""P47407"": 3}"
ELXEKLNLV,"{""P47251"": 1}"
ELXEGFGIV,"{""P47471"": 7}"
ELXDYENYV,"{""P47326"": 87}"
ELXDYENXV,"{""P47326"": 9}"
ELXDSIEFC,"{""P47250"": 97}"
ELXDSIEFX,"{""P47250"": 6}"
ELXDLFEVP,"{""P47284"": 7}"
ELXDXENYV,"{""P47326"": 2}"
ELXKVLVIN,"{""P47299"": 15}"
ELXKXXXXX,"{""P47604"": 12}"
ELXKXXXKX,"{""P47604"": 1}"
ELXKXKXXX,"{""P47604"": 1}"
ELXKSLSSP,"{""P47445"": 27}"
ELXKSTQAS,"{""P47246"": 1}"
ELXKLAFGE,"{""P47342"": 2}"
ELXKELTEL,"{""P47540"": 18}"
ELXKKXXXK,"{""P47604"": 1}"
ELXKKXXXX,"{""P47604"": 1}"
ELXSQANFE,"{""P47693"": 30}"
ELXVSIXXX,"{""P47662"": 79}"
ELXVSIXXA,"{""P47662"": 6}"
ELXVSIXRA,"{""P47662"": 10}"
ELXVSIKRA,"{""P47662"": 1}"
ELXVSIKXA,"{""P47662"": 1}"
ELXCIYFVT,"{""P47604"": 24}"
ELXCIXFVT,"{""P47604"": 3}"
ELXFLGLMA,"{""Q49427"": 1}"
ELLEDLANW,"{""P47355"": 113}"
ELLDXNLFX,"{""P22746"": 442}"
ELLDXNLFK,"{""P22746"": 4}"
ELLDXXXXX,"{""P22746"": 134}"
ELLDKNLFX,"{""P22746"": 35}"
ELLAFVSEL,"{""P47443"": 130}"
ELLLENADL,"{""Q49419"": 132}"
ELLIXXLNL,"{""P47655"": 77}"
ELLIXXXXX,"{""P47655"": 39}"
ELLIXKLNL,"{""P47655"": 3}"
ELLIKXLNL,"{""P47655"": 7}"
ELLXXXXXX,"{""P47574"": 50}"
ELLXXNNFS,"{""P47574"": 67}"
ELLXLVXLD,"{""Q2MHT0"": 21}"
ELLXLVXXX,"{""Q2MHT0"": 4}"
ELLXLVKLD,"{""Q2MHT0"": 1}"
ELLXKNNFS,"{""P47574"": 4}"
ELLTNPFPT,"{""Q49409"": 134}"
ELLKXNNFS,"{""P47574"": 2}"
ELLNAIRTL,"{""P47443"": 25}"
ELLNAIXTL,"{""P47443"": 2}"
ELLNFFPDT,"{""P47321"": 105}"
ELLPTLEFR,"{""P47260"": 26}"
ELLPTLEFX,"{""P47260"": 6}"
ELLRLVXXX,"{""Q2MHT0"": 26}"
ELLRLVXLD,"{""Q2MHT0"": 100}"
ELLRLVKLD,"{""Q2MHT0"": 1}"
ELSFLFAXL,"{""P47445"": 110}"
ELSFLFAXX,"{""P47445"": 17}"
ELSFSVYEG,"{""P47425"": 610}"
ELSFSVXEG,"{""P47425"": 25}"
ELSDXLFDH,"{""P47312"": 95}"
ELSDXXXXX,"{""P47312"": 26}"
ELSDKLFDH,"{""P47312"": 1}"
ELSXXXXXX,"{""P47387"": 442}"
ELSXGERLE,"{""P47387"": 111}"
ELSXGEXLE,"{""P47387"": 26}"
ELSVESVEX,"{""P47590"": 573}"
ELSVESVEK,"{""P47590"": 1}"
ELSVEQVQX,"{""P47455"": 137}"
ELSVEQVQK,"{""P47455"": 5}"
ELSNXXXXX,"{""P47641"": 32}"
ELSNXXEFT,"{""P47641"": 93}"
ELSNXKEFT,"{""P47641"": 1}"
ELSNKXXXX,"{""P47641"": 1}"
ELSNKXEFT,"{""P47641"": 3}"
ELSPEQVSA,"{""P47547"": 121}"
ELSPIHYGE,"{""Q49421"": 119}"
ELSPIHXGE,"{""Q49421"": 7}"
ELSGLXXXX,"{""P47270"": 97}"
ELSGLXLEQ,"{""P47270"": 19}"
ELSGLKLEQ,"{""P47270"": 1}"
ELSAQFINQ,"{""P47394"": 144}"
ELSQXWNGI,"{""P47386"": 7}"
ELSQRWNGI,"{""P47386"": 23}"
ELSEQNXDX,"{""P47568"": 94}"
ELSEQNXDK,"{""P47568"": 2}"
ELSEQNXXX,"{""P47568"": 19}"
ELSEQNKDX,"{""P47568"": 6}"
ELSSLTVIR,"{""Q49434"": 26}"
ELSSLTVIX,"{""Q49434"": 8}"
ELSKGERLE,"{""P47387"": 2}"
ELSKGEXLE,"{""P47387"": 1}"
ELVNQXGLT,"{""P47534"": 476}"
ELVNQXXXX,"{""P47534"": 124}"
ELVNQKGLT,"{""P47534"": 31}"
ELVNXYXXX,"{""Q49460"": 53}"
ELVNXYXTE,"{""Q49460"": 13}"
ELVNXYKTE,"{""Q49460"": 1}"
ELVNXHGVP,"{""P47510"": 94}"
ELVNXXXXX,"{""P47510"": 24, ""Q49460"": 31}"
ELVNXXXTE,"{""Q49460"": 3}"
ELVNKXXXX,"{""Q49460"": 1}"
ELVNKYXTE,"{""Q49460"": 1}"
ELVNKYXXX,"{""Q49460"": 1}"
ELVNKHGVP,"{""P47510"": 7}"
ELVEQIKTT,"{""P47664"": 23}"
ELVEQIXTT,"{""P47664"": 503}"
ELVEQIXXX,"{""P47664"": 94}"
ELVEXWXAT,"{""P47580"": 86}"
ELVEXWXXX,"{""P47580"": 28}"
ELVEXWKAT,"{""P47580"": 6}"
ELVEXXXXX,"{""P47580"": 16}"
ELVEXDCPX,"{""P47368"": 2}"
ELVEXDXPX,"{""P47368"": 1}"
ELVENVFNH,"{""P47658"": 635}"
ELVERDCPX,"{""P47368"": 24}"
ELVERDXPX,"{""P47368"": 1}"
ELVEKWXXX,"{""P47580"": 3}"
ELVSADNEL,"{""P47460"": 610}"
ELVASVEXQ,"{""P47460"": 117}"
ELVASVEXX,"{""P47460"": 19}"
ELVASVEKQ,"{""P47460"": 10}"
ELVDFNCMF,"{""P47661"": 615}"
ELVDFNXMF,"{""P47661"": 29}"
ELVDEHFSD,"{""Q9ZB78"": 122}"
ELVDLLTXX,"{""P47254"": 31}"
ELVDLLTXY,"{""P47254"": 79}"
ELVDLLTKY,"{""P47254"": 1}"
ELVDGLTXX,"{""P47315"": 6}"
ELVDGLTRX,"{""P47315"": 23}"
ELVIXDNSI,"{""P47256"": 103}"
ELVIXXXXX,"{""P47256"": 477}"
ELVILGPXL,"{""P47490"": 100}"
ELVILGPXX,"{""P47490"": 13}"
ELVILGPKL,"{""P47490"": 4}"
ELVIKDNSI,"{""P47256"": 3}"
ELVXXXXXX,"{""P47402"": 105, ""P47591"": 27, ""P47292"": 18, ""P47618"": 21}"
ELVXXXTMG,"{""P47402"": 1}"
ELVXXRTMG,"{""P47402"": 25}"
ELVXLVXNN,"{""P47618"": 86}"
ELVXLVXXX,"{""P47618"": 20}"
ELVXLVKNN,"{""P47618"": 5}"
ELVXLSXXX,"{""P47618"": 8}"
ELVXPHYFF,"{""P47292"": 97}"
ELVXPHXFF,"{""P47292"": 3}"
ELVXNXXXX,"{""P47591"": 16}"
ELVXNXLLI,"{""P47591"": 84}"
ELVXNKLLI,"{""P47591"": 4}"
ELVXKRTMG,"{""P47402"": 2}"
ELVLAIXQF,"{""P47455"": 95}"
ELVLAIXXX,"{""P47455"": 25}"
ELVLAIKQF,"{""P47455"": 4}"
ELVRLSXXX,"{""P47618"": 19}"
ELVRLSXRA,"{""P47618"": 1}"
ELVRLSKRA,"{""P47618"": 1}"
ELVQRTNNI,"{""Q49419"": 26}"
ELVQXTNNI,"{""Q49419"": 5}"
ELVTSLRDS,"{""P47678"": 18}"
ELVTSLXDS,"{""P47678"": 10}"
ELVKLVXNN,"{""P47618"": 6}"
ELVKLVXXX,"{""P47618"": 1}"
ELVKXRTMG,"{""P47402"": 2}"
ELVKXXXXX,"{""P47402"": 3}"
ELVKXXTMG,"{""P47402"": 1}"
ELVKPHYFF,"{""P47292"": 5}"
ELVKNXLLI,"{""P47591"": 2}"
ELVGQFATE,"{""P47412"": 23}"
ELIYXQRDX,"{""P47318"": 95}"
ELIYXQRDK,"{""P47318"": 3}"
ELIYXQXDX,"{""P47318"": 34}"
ELIYXQXDK,"{""P47318"": 2}"
ELIYXXXXX,"{""P47318"": 438}"
ELIYAIVTA,"{""Q9ZB80"": 570}"
ELIYKQXDX,"{""P47318"": 2}"
ELIYKQRDX,"{""P47318"": 3}"
ELIEQXXXX,"{""Q49422"": 109}"
ELIEQXSQX,"{""Q49422"": 492}"
ELIEQXSQK,"{""Q49422"": 20}"
ELIEQKSQX,"{""Q49422"": 23}"
ELINSLGII,"{""P47423"": 638}"
ELINDAIXL,"{""P47277"": 97}"
ELINDAIXX,"{""P47277"": 24}"
ELINDAIKL,"{""P47277"": 7}"
ELIXXQRDX,"{""P47318"": 7}"
ELIXXXXXX,"{""P47318"": 28, ""P47649"": 97}"
ELIXAIVTA,"{""Q9ZB80"": 40}"
ELIXTIYEM,"{""P47649"": 21}"
ELIXTIXEM,"{""P47649"": 2}"
ELIXIFXXA,"{""P47456"": 16}"
ELIXIFXXX,"{""P47456"": 5}"
ELIXIFXKA,"{""P47456"": 1}"
ELIXIFKKA,"{""P47456"": 1}"
ELIDVAKQI,"{""P47542"": 7}"
ELIDVAXQI,"{""P47542"": 119}"
ELIDVAXXX,"{""P47542"": 12}"
ELIDSNVNP,"{""P47346"": 132}"
ELIQELXXX,"{""P47572"": 109}"
ELIQELXQR,"{""P47572"": 7}"
ELIQELXQX,"{""P47572"": 1}"
ELIQLVXEN,"{""P47358"": 120}"
ELIQLVXXX,"{""P47358"": 17}"
ELIQLVKEN,"{""P47358"": 10}"
ELIPXHLFE,"{""P47384"": 93}"
ELIPXXXXX,"{""P47384"": 24}"
ELIPNQLTV,"{""P47412"": 133}"
ELIPNXETX,"{""P47321"": 95}"
ELIPNXETK,"{""P47321"": 5}"
ELIPNXXXX,"{""P47321"": 21}"
ELIPNKETX,"{""P47321"": 2}"
ELIPLSYND,"{""P47606"": 117}"
ELIPLSXND,"{""P47606"": 7}"
ELIPKHLFE,"{""P47384"": 7}"
ELIGSXITP,"{""P47655"": 101}"
ELIGSXXXX,"{""P47655"": 20}"
ELIGSKITP,"{""P47655"": 3}"
ELITPEGXY,"{""Q49434"": 87}"
ELITPEGXX,"{""Q49434"": 28}"
ELITPEGKY,"{""Q49434"": 3}"
ELIHISNES,"{""P47612"": 2}"
ELIRIFXXA,"{""P47456"": 66}"
ELIRIFXXX,"{""P47456"": 36}"
ELIRIFXKA,"{""P47456"": 2}"
ELIRIFKXA,"{""P47456"": 2}"
ELIRIFKXX,"{""P47456"": 2}"
ELIIDQIIV,"{""P47539"": 129}"
ELIINREXD,"{""P47336"": 88}"
ELIINREXX,"{""P47336"": 24}"
ELIINREKD,"{""P47336"": 10}"
ELIINXEXD,"{""P47336"": 30}"
ELIINXEXX,"{""P47336"": 1}"
ELIVGDRQT,"{""P47641"": 111}"
ELIVGDXQT,"{""P47641"": 29}"
ELIVELGRT,"{""P47456"": 26}"
ELIVELGXT,"{""P47456"": 5}"
ELIFGXXXX,"{""P47632"": 110}"
ELIFGXDAX,"{""P47632"": 2}"
ELIFGXDAR,"{""P47632"": 7}"
ELCEXLNLV,"{""P47251"": 471}"
ELCEXXXXX,"{""P47251"": 107}"
ELCEKLNLV,"{""P47251"": 22}"
ELCRGVIAS,"{""P47472"": 112}"
ELCDLFEVP,"{""P47284"": 119}"
ELCXGVIAS,"{""P47472"": 27}"
ELPXXIITD,"{""P47264"": 86}"
ELPXXXXXX,"{""P47264"": 27}"
ELPXKIITD,"{""P47264"": 9}"
ELPVLNXXX,"{""Q49421"": 23}"
ELPVLNXTY,"{""Q49421"": 94}"
ELPVLNXTX,"{""Q49421"": 7}"
ELPVLNKTY,"{""Q49421"": 5}"
ELPQWFMXX,"{""P47493"": 114}"
ELPSPSXIS,"{""P47582"": 110}"
ELPSPSXXX,"{""P47582"": 19}"
ELPSPSKIS,"{""P47582"": 4}"
ELPKXIITD,"{""P47264"": 1}"
ELPKXXXXX,"{""P47264"": 2}"
ELKXVLVIN,"{""P47299"": 18}"
ELKXELTEL,"{""P47540"": 25}"
ELKXSLSSP,"{""P47445"": 19}"
ELKXXXXXX,"{""P47604"": 24, ""P47551"": 4, ""P47540"": 3, ""P47445"": 2, ""P47299"": 3}"
ELKXXXXKX,"{""P47604"": 2}"
ELKXFSIID,"{""P47330"": 4}"
ELKXLAFGE,"{""P47342"": 4}"
ELKXDNNSQ,"{""P47551"": 1}"
ELKQTXNTT,"{""P47365"": 7}"
ELKQTXXXX,"{""P47365"": 2}"
ELKQTKNTT,"{""P47365"": 1}"
ELKQXIENL,"{""P47251"": 4}"
ELKQXXXXX,"{""P47251"": 1}"
ELKQXSNEE,"{""P47405"": 1}"
ELKIDSLDM,"{""P47529"": 21}"
ELKKVLVIN,"{""P47299"": 2}"
ELKKELTEL,"{""P47540"": 1}"
ELKDSIEFC,"{""P47250"": 5}"
ELKDYENYV,"{""P47326"": 5}"
ELKEXAEXX,"{""P47278"": 1}"
ELKEXAEKD,"{""P47278"": 1}"
ELKEXXXXX,"{""P47278"": 2}"
ELKEKAEXD,"{""P47278"": 1}"
ELKTNALGV,"{""P47523"": 7}"
ELKNLLNXI,"{""P47311"": 12}"
ELKNLLNKI,"{""P47311"": 1}"
ELKNLSXLI,"{""P47542"": 1}"
ELKNLSYLI,"{""P47542"": 5}"
ELKPLLXEH,"{""P47326"": 6}"
ELKPLLXXX,"{""P47326"": 1}"
ELKPSLLNX,"{""Q49460"": 3}"
ELKAFYMXT,"{""P47359"": 5}"
ELKAFYMXX,"{""P47359"": 1}"
ELKAFXDXV,"{""P47460"": 2}"
ELKAAXFDL,"{""Q49415"": 2}"
ELKVSIXRA,"{""P47662"": 3}"
ELKVSIXXX,"{""P47662"": 4}"
ELKLXIEDA,"{""P47632"": 2}"
ELKHXQPLI,"{""P47500"": 2}"
ELKHXXXXX,"{""P47500"": 1}"
ELKRFSIID,"{""P47330"": 6}"
ELKGEFSDF,"{""P47580"": 1}"
ELQDTPSDL,"{""P47631"": 636}"
ELQDIYQXX,"{""P47540"": 81}"
ELQDIYQXI,"{""P47540"": 19}"
ELQDIXQXI,"{""P47540"": 2}"
ELQDIXQXX,"{""P47540"": 5}"
ELQSELSRL,"{""Q49413"": 14}"
ELQSELSXL,"{""Q49413"": 4}"
ELQSKPVTF,"{""P47480"": 7}"
ELQSXPVTF,"{""P47480"": 92}"
ELQSXXXXX,"{""P47480"": 23}"
ELQAVSLLA,"{""P47378"": 133}"
ELQNWLFDY,"{""P47623"": 127}"
ELQNWLFDX,"{""P47623"": 5}"
ELQTLVLAL,"{""P47492"": 114}"
ELQTLXQXY,"{""P47288"": 75}"
ELQTLXQXX,"{""P47288"": 17}"
ELQTLXQKY,"{""P47288"": 1}"
ELQTLXXXX,"{""P47288"": 20}"
ELQTLKQXY,"{""P47288"": 5}"
ELQTLKQXX,"{""P47288"": 1}"
ELQQATLQL,"{""P47460"": 122}"
ELQQETSSE,"{""Q49429"": 120}"
ELQQIHXXX,"{""P47288"": 110}"
ELQQIHXXS,"{""P47288"": 20}"
ELQQIHKXX,"{""P47288"": 3}"
ELQQIHKXS,"{""P47288"": 1}"
ELQQRLDXF,"{""P47534"": 14}"
ELQQRLDXX,"{""P47534"": 4}"
ELQQXLDXX,"{""P47534"": 2}"
ELQQXLDXF,"{""P47534"": 2}"
ELQXIIXXI,"{""P47346"": 72}"
ELQXIIXXX,"{""P47346"": 27}"
ELQXIIXKI,"{""P47346"": 2}"
ELQXIIKKI,"{""P47346"": 1}"
ELQXIIKXX,"{""P47346"": 1}"
ELQXIIKXI,"{""P47346"": 5}"
ELQXLVENA,"{""P47500"": 96}"
ELQXXXLNA,"{""P47257"": 61}"
ELQXXXXXX,"{""P47257"": 41, ""P47500"": 11, ""P47346"": 20}"
ELQXXKLNA,"{""P47257"": 1}"
ELQXKXLNA,"{""P47257"": 4}"
ELQXKXXXX,"{""P47257"": 1}"
ELQXQRENI,"{""P47634"": 1}"
ELQXQXENI,"{""P47634"": 1}"
ELQWQIINI,"{""P52271"": 123}"
ELQFTPVTS,"{""Q49419"": 120}"
ELQKIIXXI,"{""P47346"": 5}"
ELQKXXXXX,"{""P47257"": 1}"
ELQKXXLNA,"{""P47257"": 3}"
ELQKXKLNA,"{""P47257"": 1}"
ELQKLVENA,"{""P47500"": 6}"
ELQRQRENI,"{""P47634"": 5}"
ELYSQANFE,"{""P47693"": 581}"
ELYCIYFVT,"{""P47604"": 529}"
ELYCIXFVT,"{""P47604"": 28}"
ELYEGFGIV,"{""P47471"": 117}"
ELYQFFDXX,"{""P47281"": 110}"
ELYQFFDXS,"{""P47281"": 2}"
ELYQFFDKS,"{""P47281"": 1}"
ELYFLGLMA,"{""Q49427"": 119}"
ELYXIYFVT,"{""P47604"": 22}"
ELYXIXFVT,"{""P47604"": 1}"
ELGAFFSVN,"{""P47693"": 601}"
ELGNLLDXV,"{""P47624"": 7}"
ELGNLLDRV,"{""P47624"": 34}"
ELGILTLDN,"{""P47317"": 122}"
ELGDVENIF,"{""P47313"": 127}"
ELGQXNIIA,"{""P47565"": 539}"
ELGQXXXXX,"{""P47565"": 85}"
ELGQKNIIA,"{""P47565"": 26}"
ELGEKQLXL,"{""P47520"": 2}"
ELGEKQLXX,"{""P47520"": 1}"
ELGEXQLXL,"{""P47520"": 94}"
ELGEXQLXX,"{""P47520"": 15}"
ELGEXQLKL,"{""P47520"": 5}"
ELGEXXXXX,"{""P47520"": 23}"
ELGVLLXTX,"{""P47437"": 95}"
ELGVLLXTK,"{""P47437"": 1}"
ELGVLLXXX,"{""P47437"": 18}"
ELGVLLKTX,"{""P47437"": 2}"
ELGMXYVXX,"{""P47466"": 91}"
ELGMXXXXX,"{""P47466"": 27}"
ELGMXXVXX,"{""P47466"": 3}"
ELGMKYVXX,"{""P47466"": 3}"
ELNQXTVVN,"{""Q49429"": 539}"
ELNQXXXXX,"{""Q49429"": 93}"
ELNQKTVVN,"{""Q49429"": 20}"
ELNESEIQE,"{""P47299"": 113}"
ELNELLNEN,"{""P47460"": 109}"
ELNIHWEIH,"{""P47666"": 618}"
ELNXVFXNN,"{""P47610"": 80}"
ELNXVFXXX,"{""P47610"": 24}"
ELNXVFKNN,"{""P47610"": 4}"
ELNXELNNT,"{""P47549"": 118}"
ELNXXXXXX,"{""P47610"": 26, ""P47549"": 12}"
ELNLXQXNE,"{""P47687"": 103}"
ELNLXQXXX,"{""P47687"": 10}"
ELNLXQKNE,"{""P47687"": 1}"
ELNLXLDLE,"{""Q49416"": 510}"
ELNLXXXXX,"{""Q49416"": 94, ""P47687"": 18}"
ELNLKLDLE,"{""Q49416"": 28}"
ELNLKQXXX,"{""P47687"": 2}"
ELNLKQXNE,"{""P47687"": 5}"
ELNLKQKNE,"{""P47687"": 1}"
ELNAIISNG,"{""P47277"": 123}"
ELNDPXXXX,"{""P47592"": 65}"
ELNDPXIQT,"{""P47592"": 22}"
ELNSFTKLA,"{""Q49415"": 6}"
ELNSFTXLA,"{""Q49415"": 102}"
ELNSFTXXX,"{""Q49415"": 23}"
ELNNTIVVE,"{""P47549"": 132}"
ELNNQSGYV,"{""P47534"": 25}"
ELNNQSGXV,"{""P47534"": 1}"
ELNVINXLN,"{""Q49405"": 96}"
ELNVINXXX,"{""Q49405"": 17}"
ELNVINKLN,"{""Q49405"": 7}"
ELNKVFXNN,"{""P47610"": 4}"
ELNKVFXXX,"{""P47610"": 2}"
ELNKELNNT,"{""P47549"": 2}"
ELFEXXXXX,"{""P47460"": 545}"
ELFEXXXEI,"{""P47460"": 1}"
ELFEXRXEI,"{""P47460"": 1}"
ELFEXRREI,"{""P47460"": 5}"
ELFPFEQTD,"{""Q49428"": 599}"
ELFALTVNL,"{""P47658"": 616}"
ELFFEIITN,"{""P47354"": 136}"
ELFNLEFNN,"{""P47259"": 127}"
ELFIVEGDS,"{""P47445"": 123}"
ELDXXXXXX,"{""P47460"": 181}"
ELDXLAEXN,"{""P47460"": 409}"
ELDXLAEXX,"{""P47460"": 94}"
ELDXLAEKN,"{""P47460"": 11}"
ELDXERNLL,"{""P47460"": 17}"
ELDXEXNLL,"{""P47460"": 3}"
ELDATXXDL,"{""P47522"": 417}"
ELDATXXXX,"{""P47522"": 162}"
ELDATXKDL,"{""P47522"": 24}"
ELDATKXDL,"{""P47522"": 14}"
ELDATKXXX,"{""P47522"": 4}"
ELDATKKDL,"{""P47522"": 1}"
ELDSXFIIV,"{""Q49430"": 88}"
ELDSXXXXX,"{""Q49430"": 18}"
ELDSAMAGD,"{""P13927"": 7}"
ELDSKFIIV,"{""Q49430"": 3}"
ELDQYLXXX,"{""P47623"": 20}"
ELDQYLXGD,"{""P47623"": 88}"
ELDQYLKGD,"{""P47623"": 6}"
ELDQXLXGD,"{""P47623"": 9}"
ELDQXLXXX,"{""P47623"": 2}"
ELDLTDFFF,"{""P47457"": 42}"
ELDKLAEXX,"{""P47460"": 7}"
ELDKLAEXN,"{""P47460"": 16}"
ELDKLAEKN,"{""P47460"": 2}"
ELDKERNLL,"{""P47460"": 4}"
ELDKEXNLL,"{""P47460"": 1}"
ELTELEVXL,"{""P47540"": 17}"
ELTELEVXX,"{""P47540"": 86}"
ELTEWLVQX,"{""P47277"": 116}"
ELTEWLVQK,"{""P47277"": 1}"
ELTIXXXXX,"{""P47583"": 21}"
ELTIXSLIN,"{""P47583"": 101}"
ELTIKSLIN,"{""P47583"": 2}"
ELTXLHESH,"{""P47302"": 532}"
ELTXXXXXX,"{""P47302"": 92, ""P47249"": 1}"
ELTXXXSPF,"{""P47249"": 1}"
ELTXRXSPF,"{""P47249"": 3}"
ELTXRXXXX,"{""P47249"": 1}"
ELTVQQLAN,"{""P47581"": 128}"
ELTSVGFNX,"{""P47546"": 127}"
ELTSVGFNK,"{""P47546"": 3}"
ELTDQTIXX,"{""P47437"": 118}"
ELTDQTIXK,"{""P47437"": 4}"
ELTDQTIKK,"{""P47437"": 1}"
ELTDQTIKX,"{""P47437"": 4}"
ELTRRXXXX,"{""P47249"": 6}"
ELTRRXSPF,"{""P47249"": 17}"
ELTRXXXXX,"{""P47249"": 2}"
ELTRXXSPF,"{""P47249"": 2}"
ELTKLHESH,"{""P47302"": 19}"
ELAYPIXXX,"{""P47336"": 88}"
ELAYPIXXQ,"{""P47336"": 14}"
ELAYPIXKQ,"{""P47336"": 2}"
ELAYPIKXX,"{""P47336"": 3}"
ELAYPIKXQ,"{""P47336"": 1}"
ELAYAGAIP,"{""P47410"": 606}"
ELALXPEAT,"{""P47281"": 9}"
ELALLRDNL,"{""P47278"": 26}"
ELALLXDNL,"{""P47278"": 6}"
ELALRPEAT,"{""P47281"": 27}"
ELAXAGAIP,"{""P47410"": 33}"
ELAXPIXXX,"{""P47336"": 4}"
ELAXPIXXQ,"{""P47336"": 1}"
ELHEEAXXX,"{""P47500"": 35}"
ELHEEAXXE,"{""P47500"": 84}"
ELHEEAXKE,"{""P47500"": 7}"
ELHEEAKXX,"{""P47500"": 2}"
ELHEEAKXE,"{""P47500"": 4}"
ELHEEAKKE,"{""P47500"": 1}"
ELHFAIVDE,"{""P47318"": 143}"
ELWXXXXXX,"{""P47486"": 16}"
ELWXQSDXT,"{""P47486"": 99}"
ELWXQSDXX,"{""P47486"": 16}"
ELWXQSDKT,"{""P47486"": 1}"
ELWGLANRG,"{""P47493"": 33}"
ELWGLANXG,"{""P47493"": 5}"
ELWKQSDXT,"{""P47486"": 6}"
ELWKQSDKT,"{""P47486"": 1}"
ELREXXXXX,"{""P47407"": 34}"
ELREXGYNX,"{""P47407"": 75}"
ELREXGXNX,"{""P47407"": 3}"
ELREKGYNX,"{""P47407"": 3}"
ELRXSTQAS,"{""P47246"": 20}"
ELRXXXXXX,"{""P47246"": 2}"
ELMQXXXXX,"{""P47549"": 90}"
ELMQXFAPV,"{""P47549"": 21}"
ELMQKFAPV,"{""P47549"": 2}"
ELMXXXXXX,"{""P36263"": 94}"
ELMXFVCGH,"{""P36263"": 21}"
ELMXFVXGH,"{""P36263"": 2}"
EFIEXXXXX,"{""P47249"": 462}"
EFIEXNAXS,"{""P47249"": 23}"
EFIEXNARS,"{""P47249"": 81}"
EFIEKNARS,"{""P47249"": 8}"
EFIEKNAXS,"{""P47249"": 1}"
EFIXPNQEV,"{""P47265"": 486}"
EFIXPILVI,"{""P47490"": 32}"
EFIXLAPLH,"{""P47599"": 92}"
EFIXXXXXX,"{""P47599"": 23, ""P47265"": 98}"
EFIDXXXXX,"{""P47643"": 562}"
EFIDFVSXX,"{""P47666"": 90}"
EFIDFVSXR,"{""P47666"": 10}"
EFIDFVSKR,"{""P47666"": 4}"
EFIYPILVI,"{""P47490"": 595}"
EFIFLNQXX,"{""P47331"": 91}"
EFIFLNQXP,"{""P47331"": 530}"
EFIFLNQKP,"{""P47331"": 16}"
EFIKPNQEV,"{""P47265"": 26}"
EFIKLAPLH,"{""P47599"": 6}"
EFGSXNPGA,"{""P47489"": 107}"
EFGSXXXXX,"{""P47489"": 484}"
EFGSFTDET,"{""Q49429"": 120}"
EFGSHYLAD,"{""P47368"": 99}"
EFGSHXLAD,"{""P47368"": 5}"
EFGSKNPGA,"{""P47489"": 10}"
EFGGHGCGI,"{""P47418"": 129}"
EFGGHGXGI,"{""P47418"": 2}"
EFGGITQXI,"{""P47388"": 105}"
EFGGITQXX,"{""P47388"": 17}"
EFGGITQKI,"{""P47388"": 4}"
EFXQQNLAL,"{""P47326"": 491}"
EFXQNXQLX,"{""P47591"": 88}"
EFXQNXQLK,"{""P47591"": 3}"
EFXQNXXXX,"{""P47591"": 15}"
EFXQNKQLX,"{""P47591"": 2}"
EFXXXXXXX,"{""P47335"": 473, ""P47479"": 109, ""Q49401"": 25, ""P47336"": 118, ""P47341"": 31, ""P47326"": 98, ""P47640"": 89, ""P47530"": 21, ""P47591"": 18}"
EFXXAANIN,"{""P47336"": 2}"
EFXDXWXNQ,"{""P47530"": 6}"
EFXDYWXNQ,"{""P47530"": 66}"
EFXDYWXXX,"{""P47530"": 17}"
EFXDYWKNQ,"{""P47530"": 5}"
EFXDGXXXX,"{""P47583"": 1}"
EFXNVDTTX,"{""P47341"": 92}"
EFXNVDTTK,"{""P47341"": 1}"
EFXVEVNIG,"{""P47335"": 119}"
EFXEQFDLX,"{""P47386"": 25}"
EFXLDRICM,"{""P47640"": 17}"
EFXLDRIXM,"{""P47640"": 1}"
EFXLDXIXM,"{""P47640"": 1}"
EFXHSXXXX,"{""Q49401"": 82}"
EFXTAQERC,"{""P47479"": 14}"
EFXTAQERX,"{""P47479"": 1}"
EFXTAQEXC,"{""P47479"": 4}"
EFXRAANIN,"{""P47336"": 14}"
EFXSLWILR,"{""P47440"": 4}"
EFNNXXXXX,"{""P47260"": 94}"
EFNNXIRTA,"{""P47260"": 22}"
EFNNXIXTA,"{""P47260"": 5}"
EFNEYESTV,"{""P47635"": 600}"
EFNEXESTV,"{""P47635"": 32}"
EFNXXXXXX,"{""P47286"": 87}"
EFNXXNGVP,"{""P47286"": 1}"
EFNXRNGVP,"{""P47286"": 22}"
EFNFSEMVF,"{""Q49420"": 130}"
EFNIXPGTX,"{""P47265"": 6}"
EFNIRPGTX,"{""P47265"": 14}"
EFNIRPGTK,"{""P47265"": 1}"
EFNKRNGVP,"{""P47286"": 1}"
EFFFPIPHT,"{""P47563"": 113}"
EFAFGITVX,"{""P47645"": 126}"
EFAFGITVK,"{""P47645"": 4}"
EFAENVAGF,"{""P47460"": 583}"
EFAYNGIAI,"{""P47347"": 565}"
EFASATITQ,"{""P47609"": 138}"
EFAIEINQP,"{""P47583"": 4}"
EFAMATIMN,"{""P47312"": 626}"
EFANRLLAX,"{""P47701"": 24}"
EFANXLLAX,"{""P47701"": 6}"
EFANXLLAK,"{""P47701"": 1}"
EFAXNGIAI,"{""P47347"": 30}"
EFVQPLYQX,"{""P47278"": 109}"
EFVQPLXQX,"{""P47278"": 7}"
EFVNQTEVD,"{""P47506"": 25}"
EFVWNHDFA,"{""P47283"": 107}"
EFVESIIIN,"{""P47480"": 28}"
EFTEAWXXX,"{""P20796"": 96}"
EFTEAWXPL,"{""P20796"": 23}"
EFTEAWKPL,"{""P20796"": 4}"
EFTEDLESX,"{""P47641"": 121}"
EFTEDLESK,"{""P47641"": 4}"
EFTXXMEXS,"{""P47368"": 58}"
EFTXXMEXX,"{""P47368"": 10}"
EFTXXMEKS,"{""P47368"": 4}"
EFTXXXXXX,"{""P47368"": 40, ""P47508"": 17}"
EFTXGSLEI,"{""P47508"": 110}"
EFTXKMEXS,"{""P47368"": 3}"
EFTXKMEXX,"{""P47368"": 1}"
EFTDQFDQL,"{""Q49408"": 126}"
EFTKGSLEI,"{""P47508"": 7}"
EFTKXMEXS,"{""P47368"": 1}"
EFTKXMEXX,"{""P47368"": 1}"
EFTKXXXXX,"{""P47368"": 2}"
EFDXTLNEL,"{""P47353"": 88}"
EFDXXXXXX,"{""P47460"": 34, ""P47353"": 31}"
EFDXXTETL,"{""P47291"": 1}"
EFDXNXXXX,"{""P47460"": 98}"
EFDXNXSRL,"{""P47460"": 1}"
EFDXYTETL,"{""P47291"": 2}"
EFDLNXADX,"{""P47264"": 80}"
EFDLNXADK,"{""P47264"": 3}"
EFDLNXXXX,"{""P47264"": 27}"
EFDLNKADX,"{""P47264"": 4}"
EFDYYTETL,"{""P47291"": 128}"
EFDYXTETL,"{""P47291"": 7}"
EFDKNXXXX,"{""P47460"": 7}"
EFWGEYQEV,"{""P47502"": 132}"
EFWGEXQEV,"{""P47502"": 6}"
EFLDLYLDK,"{""P47535"": 4}"
EFLDLYLDX,"{""P47535"": 120}"
EFLDLXLDX,"{""P47535"": 4}"
EFLDLXLDK,"{""P47535"": 1}"
EFLYTPFNX,"{""P47256"": 113}"
EFLYTPFNK,"{""P47256"": 6}"
EFLADSXXX,"{""P47486"": 20}"
EFLADSXLD,"{""P47486"": 114}"
EFLADSKLD,"{""P47486"": 5}"
EFLVFETSD,"{""P47568"": 123}"
EFLXTPFNX,"{""P47256"": 10}"
EFEQFEIEW,"{""P47493"": 640}"
EFEDXFHVL,"{""P47688"": 34}"
EFEDXXXXX,"{""P47688"": 95}"
EFEDKFHVL,"{""P47688"": 5}"
EFREQFDLX,"{""P47386"": 108}"
EFREQFDLK,"{""P47386"": 3}"
EFRDGXXXX,"{""P47583"": 22}"
EFRDGXTDL,"{""P47583"": 1}"
EFRSLWILR,"{""P47440"": 5}"
EFRSLWILX,"{""P47440"": 2}"
EFSXGXXXX,"{""P47553"": 78}"
EFSXGXXRX,"{""P47553"": 14}"
EFSXGKXXX,"{""P47553"": 3}"
EFSXXXXXX,"{""P47553"": 29}"
EFSDLMLEX,"{""P47246"": 103}"
EFSDLMLEK,"{""P47246"": 7}"
EFSKGXXRX,"{""P47553"": 1}"
EFSKGXXXX,"{""P47553"": 2}"
EFPXXXXXX,"{""Q49415"": 90}"
EFPXINDNY,"{""Q49415"": 27}"
EFKHSXXXX,"{""Q49401"": 8}"
EFKNVDTTX,"{""P47341"": 4}"
EFKQQNLAL,"{""P47326"": 23}"
EFKQNXQLX,"{""P47591"": 3}"
EFKDYWXNQ,"{""P47530"": 5}"
EFKDXWXNQ,"{""P47530"": 1}"
EFKRAANIN,"{""P47336"": 3}"
EFKVEVNIG,"{""P47335"": 3}"
EFKTAQERC,"{""P47479"": 3}"
EFKLDXICM,"{""P47640"": 1}"
EFQITNLNE,"{""P47369"": 27}"
EEDNIFSIG,"{""P47695"": 607}"
EEDXXXXXX,"{""Q49460"": 97}"
EEDXXXAAN,"{""Q49460"": 2}"
EEDXRXAAN,"{""Q49460"": 6}"
EEDXRXXXX,"{""Q49460"": 11}"
EEDXRKAAN,"{""Q49460"": 1}"
EEDKRXAAN,"{""Q49460"": 1}"
EEDKRXXXX,"{""Q49460"": 2}"
EEMAXXXXX,"{""P47547"": 606}"
EEMAKXXXX,"{""P47547"": 32}"
EEMIXSLAS,"{""Q49413"": 11}"
EEMIRSLAS,"{""Q49413"": 21}"
EEEITTGII,"{""P47308"": 616}"
EEEQQTVDQ,"{""Q49419"": 631}"
EEEAXXXXX,"{""P47530"": 104}"
EEEAXXLXE,"{""P47530"": 4}"
EEEAXRLXE,"{""P47530"": 20}"
EEEAXRLXX,"{""P47530"": 6}"
EEEAKRLXE,"{""P47530"": 1}"
EEEYNQNQS,"{""Q9ZB78"": 122}"
EEEXNQNQS,"{""Q9ZB78"": 4}"
EEIGISSXX,"{""P47481"": 586}"
EEIGISSXK,"{""P47481"": 4}"
EEIGISSKX,"{""P47481"": 31}"
EEIITIQEX,"{""P47247"": 121}"
EEIITIQEK,"{""P47247"": 4}"
EEISQIRSW,"{""P47477"": 111}"
EEISQIXSW,"{""P47477"": 25}"
EEIEQLMEG,"{""P47481"": 126}"
EEIEXYDXX,"{""P47447"": 89}"
EEIEXYDKX,"{""P47447"": 3}"
EEIEXXXXX,"{""P47447"": 16}"
EEIEXXDXX,"{""P47447"": 6}"
EEIEKYDXX,"{""P47447"": 7}"
EEIFLNPTI,"{""P47386"": 118}"
EEIDXIXXX,"{""P47583"": 19}"
EEIDXIXQA,"{""P47583"": 76}"
EEIDXIKQA,"{""P47583"": 3}"
EEIDXXXXX,"{""P47583"": 18}"
EEIDKIXQA,"{""P47583"": 3}"
EEIDKIXXX,"{""P47583"": 2}"
EEIXALFNQ,"{""P47299"": 84}"
EEIXXXXXX,"{""P47299"": 20}"
EEIKALFNQ,"{""P47299"": 6}"
EEAIXNRXW,"{""P47657"": 16}"
EEAIXNRXX,"{""P47657"": 5}"
EEAIXNXXW,"{""P47657"": 5}"
EEAIXXXXX,"{""P47657"": 90}"
EEAIKNRXW,"{""P47657"": 1}"
EEAAHNPNV,"{""P47631"": 29}"
EELLQQXET,"{""P47460"": 474}"
EELLQQXXX,"{""P47460"": 138}"
EELLQQKET,"{""P47460"": 22}"
EELLXXXXX,"{""P47537"": 19}"
EELLXTTIL,"{""P47537"": 91}"
EELLXLEXL,"{""Q49420"": 3}"
EELLXLEXX,"{""Q49420"": 1}"
EELLYLEXL,"{""Q49420"": 102}"
EELLYLEXX,"{""Q49420"": 19}"
EELLYLEKL,"{""Q49420"": 6}"
EELLKTTIL,"{""P47537"": 7}"
EELTIETAN,"{""Q49423"": 611}"
EELTXXXXX,"{""P47673"": 103}"
EELTXIRTG,"{""P47673"": 6}"
EELEDXEMQ,"{""P47250"": 95}"
EELEDXXXX,"{""P47250"": 30}"
EELEDKEMQ,"{""P47250"": 2}"
EELDIIDYN,"{""P47395"": 101}"
EELDIIDXN,"{""P47395"": 5}"
EELQXXXXX,"{""P47250"": 111}"
EELQXINDQ,"{""P47250"": 6}"
EELQIIRXG,"{""P47693"": 22}"
EELQIIRXX,"{""P47693"": 3}"
EELQIIXXG,"{""P47693"": 7}"
EELFFIRNL,"{""P47653"": 8}"
EELFFIXNL,"{""P47653"": 2}"
EEFENQRLX,"{""P47460"": 116}"
EEFENQRLK,"{""P47460"": 3}"
EEFENQXLX,"{""P47460"": 29}"
EEFENQXLK,"{""P47460"": 1}"
EEFVLLEIV,"{""P47270"": 128}"
EEFXYVDXN,"{""P47635"": 65}"
EEFXYVDXX,"{""P47635"": 21}"
EEFXYVDKN,"{""P47635"": 2}"
EEFXXXXXX,"{""P47635"": 19}"
EEFXXVDXN,"{""P47635"": 4}"
EEFARTHNF,"{""P47635"": 17}"
EEFAXTHNF,"{""P47635"": 9}"
EEFKYVDXN,"{""P47635"": 6}"
EEFKYVDXX,"{""P47635"": 2}"
EEVNHNLSX,"{""P47372"": 139}"
EEVNHNLSK,"{""P47372"": 3}"
EEVEXQSLF,"{""P47539"": 102}"
EEVEXXXXX,"{""P47539"": 24}"
EEVEKQSLF,"{""P47539"": 7}"
EEVXWWIXX,"{""P47282"": 113}"
EEVXXXXXX,"{""P47282"": 29, ""Q49429"": 17}"
EEVXVESEV,"{""Q49429"": 111}"
EEVQXEVTX,"{""P47395"": 106}"
EEVQXEVTK,"{""P47395"": 6}"
EEVQXXXXX,"{""P47395"": 12}"
EEVQKEVTX,"{""P47395"": 4}"
EEVQKEVTK,"{""P47395"": 1}"
EEVVNQLNR,"{""P47540"": 30}"
EEVVNQLNX,"{""P47540"": 4}"
EEVINTVFA,"{""P47677"": 125}"
EEVSXXXXX,"{""P47633"": 32}"
EEVSXXGII,"{""P47633"": 83}"
EEVSXKGII,"{""P47633"": 5}"
EEVSKXGII,"{""P47633"": 7}"
EEVKVESEV,"{""Q49429"": 13}"
EEVKWWIXX,"{""P47282"": 3}"
EENXLLDLL,"{""P47612"": 545}"
EENXXXXXX,"{""P47612"": 99}"
EENPNVLDT,"{""P47278"": 127}"
EENAIEXPI,"{""P47335"": 94}"
EENAIEXXX,"{""P47335"": 26}"
EENAIEKPI,"{""P47335"": 7}"
EENKLLDLL,"{""P47612"": 23}"
EEQNXXXXX,"{""Q49430"": 585}"
EEQNXXXFN,"{""Q49430"": 6}"
EEQNXXRFN,"{""Q49430"": 22}"
EEQNXKRFN,"{""Q49430"": 1}"
EEQNKXXXX,"{""Q49430"": 18}"
EEQNKXRFN,"{""Q49430"": 1}"
EEQXXLXXX,"{""P47604"": 60}"
EEQXXLXLA,"{""P47604"": 15}"
EEQXXXXXX,"{""P47604"": 41}"
EEQXKLXXX,"{""P47604"": 3}"
EEQKXLXXX,"{""P47604"": 2}"
EEQKKLXXX,"{""P47604"": 1}"
EETSIQAET,"{""P20796"": 150}"
EEXXXXXXX,"{""P47604"": 477, ""P47547"": 27}"
EEXXXEXXX,"{""P47604"": 4}"
EEXXXEXEE,"{""P47604"": 16}"
EEXXXEKEE,"{""P47604"": 1}"
EEXXLSLNL,"{""P47395"": 9}"
EEXXKEXXX,"{""P47604"": 1}"
EEXEXLEXL,"{""P47547"": 52}"
EEXEXLEXX,"{""P47547"": 9}"
EEXEXLEKL,"{""P47547"": 4}"
EEXEXXXXX,"{""P47547"": 17}"
EEXEKLEXX,"{""P47547"": 1}"
EEXEKLEXL,"{""P47547"": 5}"
EEXRXEXEE,"{""P47604"": 63}"
EEXRXEXXX,"{""P47604"": 11}"
EEXRXXXXX,"{""P47604"": 19}"
EEXRHPXXX,"{""P47294"": 4}"
EEXRKEXXX,"{""P47604"": 1}"
EEXRKEXEE,"{""P47604"": 1}"
EERXLSLNL,"{""P47395"": 16}"
EERXHPXXX,"{""P47294"": 6}"
EERXXXXXX,"{""P47395"": 2}"
EERRHPXXX,"{""P47294"": 28}"
EERRHPXLI,"{""P47294"": 1}"
EERKLSLNL,"{""P47395"": 1}"
EEKRXEXXX,"{""P47604"": 1}"
EEKRXEXEE,"{""P47604"": 1}"
EEKEXLEXL,"{""P47547"": 2}"
EEKEXXXXX,"{""P47547"": 1}"
EEKXXEXEE,"{""P47604"": 1}"
EVDXXXXXX,"{""P13927"": 557}"
EVDXPFLLA,"{""P13927"": 5}"
EVDALVEEF,"{""P47344"": 126}"
EVDLICHVV,"{""P47270"": 146}"
EVDLIXHVV,"{""P47270"": 9}"
EVIAFPXNN,"{""P47282"": 494}"
EVIAFPXXX,"{""P47282"": 94}"
EVIAFPKNN,"{""P47282"": 19}"
EVIFXIVLP,"{""P47651"": 462}"
EVIFXXXXX,"{""P47651"": 133}"
EVIFKIVLP,"{""P47651"": 20}"
EVIHLISRE,"{""P47267"": 27}"
EVIHLISXE,"{""P47267"": 8}"
EVITIIRSP,"{""P47396"": 24}"
EVITIIXSP,"{""P47396"": 5}"
EVLSLPFDL,"{""P47493"": 620}"
EVLSFFNFY,"{""Q49430"": 117}"
EVLSFFNFX,"{""Q49430"": 5}"
EVLISTSFL,"{""P47344"": 568}"
EVLISIDEX,"{""P47587"": 107}"
EVLISIDEK,"{""P47587"": 8}"
EVLTQFIQP,"{""P47625"": 120}"
EVLDLTGXX,"{""P47582"": 108}"
EVLDLTGXG,"{""P47582"": 20}"
EVLELLNLV,"{""P47691"": 102}"
EVLPSNQTV,"{""P47652"": 125}"
EVLVAFXXX,"{""P47486"": 89}"
EVLVAFXDT,"{""P47486"": 22}"
EVLVAFKDT,"{""P47486"": 1}"
EVLVXSVIX,"{""P47582"": 1}"
EVSTSVLDV,"{""P47622"": 636}"
EVSLMQNXG,"{""P47277"": 7}"
EVSLMQNCG,"{""P47277"": 99}"
EVSLINQXI,"{""P47653"": 3}"
EVSLINQRI,"{""P47653"": 28}"
EVSSCSSCG,"{""P47251"": 10}"
EVVVXPTIA,"{""P47438"": 80}"
EVVVXXXXX,"{""P47438"": 18}"
EVVVKPTIA,"{""P47438"": 6}"
EVVNIEEVG,"{""Q49435"": 641}"
EVVXHFXIS,"{""P47268"": 78}"
EVVXHFXXX,"{""P47268"": 18}"
EVVXHFKIS,"{""P47268"": 4}"
EVVXXXXXX,"{""P47268"": 19}"
EVVXRETGE,"{""P47318"": 2}"
EVVSDYLIX,"{""P47271"": 112}"
EVVSDYLIK,"{""P47271"": 2}"
EVVSDXLIX,"{""P47271"": 4}"
EVVKHFXXX,"{""P47268"": 2}"
EVVKHFXIS,"{""P47268"": 6}"
EVVEIIEXX,"{""Q49410"": 104}"
EVVYRETGE,"{""P47318"": 22}"
EVVYXETGE,"{""P47318"": 7}"
EVTYNQESG,"{""P22747"": 105}"
EVTXMNSST,"{""P47395"": 94}"
EVTXXXXXX,"{""P47395"": 18}"
EVTXNQESG,"{""P22747"": 4}"
EVTTDFESX,"{""Q49413"": 118}"
EVTTDFESK,"{""Q49413"": 7}"
EVTKMNSST,"{""P47395"": 4}"
EVHEEVYSL,"{""P47300"": 618}"
EVHEEVXSL,"{""P47300"": 37}"
EVHEFLIXA,"{""P47661"": 23}"
EVHEFLIXX,"{""P47661"": 95}"
EVHEFLIKA,"{""P47661"": 2}"
EVHLGSGQA,"{""P22747"": 140}"
EVPTLIQNX,"{""P47314"": 624}"
EVPTLIQNK,"{""P47314"": 22}"
EVPPTQQLH,"{""Q57081"": 136}"
EVXDXLAXX,"{""P47694"": 69}"
EVXDXXXXX,"{""P47694"": 22}"
EVXDKLAXX,"{""P47694"": 4}"
EVXQNNQPV,"{""P47563"": 501}"
EVXPDINNW,"{""P47310"": 9}"
EVXXPSLFL,"{""P47264"": 80}"
EVXXXXXXX,"{""P47445"": 104, ""P47564"": 17, ""P47567"": 112, ""P47442"": 96, ""P47563"": 107, ""P47460"": 56, ""P47264"": 39, ""P22746"": 22, ""P47694"": 28, ""Q9ZB70"": 1}"
EVXXXEGEL,"{""P47460"": 51}"
EVXXKEGEL,"{""P47460"": 5}"
EVXXVGNNN,"{""P22746"": 4}"
EVXXTRQVF,"{""P47442"": 1}"
EVXXAVTNG,"{""Q9ZB70"": 5}"
EVXAFXXXX,"{""P47564"": 98}"
EVXAWTFXX,"{""P47270"": 6}"
EVXCVGNNN,"{""P22746"": 95}"
EVXYTRQVF,"{""P47442"": 18}"
EVXYTXQVF,"{""P47442"": 6}"
EVXNVVYEL,"{""P47445"": 23}"
EVXNVVXEL,"{""P47445"": 1}"
EVXKXEGEL,"{""P47460"": 2}"
EVXKPSLFL,"{""P47264"": 2}"
EVXKKEGEL,"{""P47460"": 1}"
EVXVVAPLL,"{""P47698"": 5}"
EVNDAIFAY,"{""P47429"": 120}"
EVNDAIFAX,"{""P47429"": 4}"
EVNLNDYVS,"{""P47532"": 118}"
EVNLNDXVS,"{""P47532"": 14}"
EVNSIALYL,"{""P47587"": 115}"
EVNSIALXL,"{""P47587"": 8}"
EVNEAYEVL,"{""P47265"": 105}"
EVNEAXEVL,"{""P47265"": 10}"
EVNFRRAAL,"{""P47688"": 6}"
EVNFXRAAL,"{""P47688"": 2}"
EVEQQXQAI,"{""P47288"": 98}"
EVEQQXXXX,"{""P47288"": 14}"
EVEQQKQAI,"{""P47288"": 5}"
EVEQVLYFV,"{""P47582"": 132}"
EVEQVLXFV,"{""P47582"": 7}"
EVEFESLVS,"{""P47535"": 135}"
EVERGQVLA,"{""P13927"": 23}"
EVEILIENV,"{""P47264"": 135}"
EVEXGQVLA,"{""P13927"": 10}"
EVQEQPTTQ,"{""Q49429"": 106}"
EVAAVFFXT,"{""P47432"": 473}"
EVAAVFFXX,"{""P47432"": 123}"
EVAAVFFKT,"{""P47432"": 16}"
EVAXLFNDY,"{""Q49405"": 79}"
EVAXLFNDX,"{""Q49405"": 5}"
EVAXXXXXX,"{""Q49405"": 28}"
EVAKLFNDY,"{""Q49405"": 5}"
EVFRSDALL,"{""P47348"": 124}"
EVFXSDALL,"{""P47348"": 37}"
EVYPDINNW,"{""P47310"": 105}"
EVKCVGNNN,"{""P22746"": 6}"
EVKXPSLFL,"{""P47264"": 5}"
EVKXKEGEL,"{""P47460"": 1}"
EVKXXXXXX,"{""P47264"": 1, ""P47460"": 2}"
EVKXXEGEL,"{""P47460"": 3}"
EVKQNNQPV,"{""P47563"": 29}"
EVKDXLAXX,"{""P47694"": 4}"
EVKDXXXXX,"{""P47694"": 1}"
EVKAFXXXX,"{""P47564"": 3}"
EVKNVVYEL,"{""P47445"": 2}"
EVKKPSLFL,"{""P47264"": 1}"
EVKYTRQVF,"{""P47442"": 2}"
EVGLAFXXX,"{""P47358"": 14}"
EVGLAFXFT,"{""P47358"": 87}"
EVGLAFKFT,"{""P47358"": 8}"
EVRAWTFXX,"{""P47270"": 18}"
EVRAWTFKX,"{""P47270"": 2}"
EVRVVAPLL,"{""P47698"": 21}"
EVCXAVTNG,"{""Q9ZB70"": 88}"
EVCXXXXXX,"{""Q9ZB70"": 14}"
EVCKAVTNG,"{""Q9ZB70"": 2}"
ESLEVXXXX,"{""P20796"": 104}"
ESLEVXATQ,"{""P20796"": 20}"
ESLEVKATQ,"{""P20796"": 2}"
ESLHTDFLD,"{""Q49409"": 136}"
ESLFYETID,"{""P47583"": 125}"
ESLFXETID,"{""P47583"": 8}"
ESLAXTGFI,"{""P47286"": 111}"
ESLAXXXXX,"{""P47286"": 20}"
ESLAKTGFI,"{""P47286"": 4}"
ESLAIIFDT,"{""Q49428"": 38}"
ESLLNNYDL,"{""P47437"": 116}"
ESLLNNXDL,"{""P47437"": 4}"
ESLDIIVGD,"{""P47486"": 32}"
ESVNGYALS,"{""P47514"": 603}"
ESVNGXALS,"{""P47514"": 36}"
ESVELAMLA,"{""P47643"": 128}"
ESANVALGY,"{""P47481"": 542}"
ESANVALGX,"{""P47481"": 22}"
ESAINLIXX,"{""P47700"": 107}"
ESALIDGXN,"{""P47435"": 9}"
ESALIDGCN,"{""P47435"": 123}"
ESALRVXXX,"{""P47460"": 21}"
ESALRVXID,"{""P47460"": 5}"
ESALYHELT,"{""P47617"": 128}"
ESALXHELT,"{""P47617"": 4}"
ESALXVXID,"{""P47460"": 2}"
ESALXVXXX,"{""P47460"": 4}"
ESESQMENV,"{""P47615"": 631}"
ESEXNXXXX,"{""P47635"": 464}"
ESEXNXTRT,"{""P47635"": 20}"
ESEXNXTXT,"{""P47635"": 2}"
ESEXNKTRT,"{""P47635"": 2}"
ESEXXXXXX,"{""P47635"": 123}"
ESEXLPXMF,"{""P47264"": 3}"
ESEMTLIXN,"{""P47497"": 105}"
ESEMTLIXX,"{""P47497"": 21}"
ESEMTLIKN,"{""P47497"": 5}"
ESEYLPXMF,"{""P47264"": 102}"
ESEYLPXXX,"{""P47264"": 20}"
ESEYLPKMF,"{""P47264"": 2}"
ESENQRIDQ,"{""P47610"": 31}"
ESENQXIDQ,"{""P47610"": 7}"
ESEKNXXXX,"{""P47635"": 22}"
ESEKNXTRT,"{""P47635"": 1}"
ESFATXIGV,"{""P47700"": 511}"
ESFATXXXX,"{""P47700"": 105}"
ESFATKIGV,"{""P47700"": 27}"
ESFLXVSLL,"{""Q49420"": 7}"
ESFLRVSLL,"{""Q49420"": 24}"
ESSQLLXXX,"{""P47460"": 97}"
ESSQLLXDX,"{""P47460"": 496}"
ESSQLLXDK,"{""P47460"": 20}"
ESSQLLKDX,"{""P47460"": 26}"
ESSQLLKDK,"{""P47460"": 3}"
ESSIGWGQP,"{""P47580"": 99}"
ESSDSELQP,"{""Q49429"": 122}"
ESSDTKXXX,"{""P47359"": 2}"
ESSDTKXTN,"{""P47359"": 3}"
ESSDTXXXX,"{""P47359"": 36}"
ESSDTXXTN,"{""P47359"": 71}"
ESSDTXKTN,"{""P47359"": 6}"
ESDTFSSVD,"{""P47596"": 656}"
ESDVPXXXX,"{""P47491"": 106}"
ESDVPXXXR,"{""P47491"": 2}"
ESDVPXXRR,"{""P47491"": 1}"
ESDVPKXXX,"{""P47491"": 10}"
ESDLNQLXX,"{""P47359"": 477}"
ESDLNQLXN,"{""P47359"": 105}"
ESDLNQLKN,"{""P47359"": 10}"
ESDAXNALN,"{""P47264"": 89}"
ESDAXXXXX,"{""P47264"": 24}"
ESDAKNALN,"{""P47264"": 3}"
ESDFYAELA,"{""P47284"": 102}"
ESDFXAELA,"{""P47284"": 8}"
ESQPTDENY,"{""Q49413"": 115}"
ESQPTDENX,"{""Q49413"": 8}"
ESQQEQITI,"{""Q49413"": 134}"
ESQXXXXXX,"{""P47260"": 114}"
ESQVXLVLX,"{""P47460"": 105}"
ESQVXLVLK,"{""P47460"": 3}"
ESQVXXXXX,"{""P47460"": 23}"
ESQVKLVLX,"{""P47460"": 2}"
ESGCLVMXD,"{""P47347"": 11}"
ESGCLVMYD,"{""P47347"": 110}"
ESGSIEQDA,"{""P47340"": 152}"
ESGXLVMYD,"{""P47347"": 8}"
ESGXLVMXD,"{""P47347"": 1}"
ESHTITGAX,"{""P47376"": 142}"
ESHTITGAK,"{""P47376"": 2}"
ESHNSDTEF,"{""P47395"": 122}"
ESISNETFQ,"{""P47679"": 613}"
ESINFCQXL,"{""P47464"": 101}"
ESINFCQXX,"{""P47464"": 17}"
ESINFCQKL,"{""P47464"": 4}"
ESINFXQXL,"{""P47464"": 7}"
ESINFXQXX,"{""P47464"": 1}"
ESTNFLSWX,"{""P47315"": 123}"
ESXNXFWLG,"{""Q49436"": 93}"
ESXNXXXXX,"{""Q49436"": 9}"
ESXNKFWLG,"{""Q49436"": 4}"
ESXITVASG,"{""P47681"": 95}"
ESXIWIVNY,"{""Q49396"": 103}"
ESXIWIVNX,"{""Q49396"": 4}"
ESXXXXXXX,"{""P47317"": 17, ""Q49396"": 19, ""P47681"": 33, ""P47489"": 108, ""Q49436"": 14, ""Q49460"": 14}"
ESXEAILAC,"{""P47317"": 83}"
ESXEAILAX,"{""P47317"": 8}"
ESXDNQSFT,"{""Q49460"": 93}"
ESXQVGIVI,"{""P47672"": 3}"
ESKEAILAC,"{""P47317"": 10}"
ESKIWIVNY,"{""Q49396"": 4}"
ESKITVASG,"{""P47681"": 7}"
ESKDNQSFT,"{""Q49460"": 3}"
ESKNXFWLG,"{""Q49436"": 5}"
ESKNXXXXX,"{""Q49436"": 1}"
ESKNKFWLG,"{""Q49436"": 1}"
ESNFLSFPQ,"{""P47551"": 129}"
ESNVFRLVH,"{""P47326"": 16}"
ESNVFXLVH,"{""P47326"": 10}"
ESNGXIILF,"{""P47597"": 3}"
ESNGRIILF,"{""P47597"": 6}"
ESYQVGIVI,"{""P47672"": 30}"
EDIVIVXXX,"{""P47282"": 126}"
EDIVIVXAX,"{""P47282"": 472}"
EDIVIVXAK,"{""P47282"": 1}"
EDIVIVKAX,"{""P47282"": 27}"
EDIETXXFV,"{""P47431"": 374}"
EDIETXXXX,"{""P47431"": 188}"
EDIETXKFV,"{""P47431"": 17}"
EDIETKXFV,"{""P47431"": 18}"
EDIETKXXX,"{""P47431"": 1}"
EDIETKKFV,"{""P47431"": 1}"
EDIYXNLEQ,"{""P47288"": 486}"
EDIYXXXXX,"{""P47288"": 85}"
EDIYKNLEQ,"{""P47288"": 17}"
EDILTSLTI,"{""P47583"": 104}"
EDIXXNLEQ,"{""P47288"": 23}"
EDIXXXXXX,"{""P47288"": 7}"
EDLELDYYE,"{""Q49410"": 101}"
EDLELDYXE,"{""Q49410"": 4}"
EDLELDXYE,"{""Q49410"": 7}"
EDLQIFTPY,"{""P20796"": 147}"
EDLQIFTPX,"{""P20796"": 11}"
EDEHIIAEI,"{""P47583"": 637}"
EDEHAANVF,"{""Q49420"": 114}"
EDEVASIXX,"{""P47481"": 9}"
EDEVASIRX,"{""P47481"": 24}"
EDEVASIRK,"{""P47481"": 1}"
EDEDSEIVD,"{""P47300"": 112}"
EDPDQNPET,"{""P47484"": 647}"
EDPNLDIRD,"{""P47583"": 23}"
EDPNLDIXD,"{""P47583"": 4}"
EDXXXXXXX,"{""P47407"": 123, ""P47276"": 22, ""P47688"": 18}"
EDXNSHLYV,"{""P47688"": 83}"
EDXNSHLXV,"{""P47688"": 4}"
EDXNNLLIS,"{""P47312"": 7}"
EDXPIXISV,"{""P47276"": 93}"
EDXPIXXXX,"{""P47276"": 18}"
EDXPIKISV,"{""P47276"": 3}"
EDXFEGYLQ,"{""P47340"": 6}"
EDXFYGXGI,"{""P47348"": 6}"
EDXFXGXGI,"{""P47348"": 1}"
EDXLPDELS,"{""P47288"": 7}"
EDXSPRGTR,"{""P47407"": 1}"
EDHDINAIL,"{""P47609"": 603}"
EDVTPNISA,"{""P47677"": 133}"
EDVYXLAXX,"{""P47623"": 77}"
EDVYXLAXH,"{""P47623"": 27}"
EDVYXLAKH,"{""P47623"": 1}"
EDVYXXXXX,"{""P47623"": 22}"
EDVYKLAXX,"{""P47623"": 2}"
EDVEPSTGV,"{""P47678"": 136}"
EDVXXLAXX,"{""P47623"": 2}"
EDVXXXXXX,"{""P47623"": 1}"
EDGTILNFS,"{""P47660"": 142}"
EDGIGYFTN,"{""P47291"": 25}"
EDGIGXFTN,"{""P47291"": 1}"
EDQTAXPTL,"{""P47664"": 20}"
EDQTAXXXX,"{""P47664"": 90}"
EDSLLIXXT,"{""Q49399"": 87}"
EDSLLIXXX,"{""Q49399"": 35}"
EDSLLIXKT,"{""Q49399"": 2}"
EDSLLIKXT,"{""Q49399"": 4}"
EDSXNVTAY,"{""P22747"": 98}"
EDSXNVTAX,"{""P22747"": 5}"
EDSXXXXXX,"{""P22747"": 14}"
EDSAELNEN,"{""P47291"": 139}"
EDSKNVTAY,"{""P22747"": 3}"
EDSKNVTAX,"{""P22747"": 1}"
EDFDLGVLX,"{""Q9ZB73"": 128}"
EDFDLGVLK,"{""Q9ZB73"": 4}"
EDMFPAIXL,"{""P47615"": 28}"
EDMFPAIXX,"{""P47615"": 82}"
EDYFXGXGI,"{""P47348"": 6}"
EDYFYGXGI,"{""P47348"": 88}"
EDYFYGXXX,"{""P47348"": 16}"
EDYNNLLIS,"{""P47312"": 125}"
EDRFEGYLQ,"{""P47340"": 30}"
EDRFEGXLQ,"{""P47340"": 1}"
EDRLPDELS,"{""P47288"": 22}"
EDKNSHLYV,"{""P47688"": 4}"
EAILACXXA,"{""P47317"": 72}"
EAILACXXX,"{""P47317"": 22}"
EAILACXKA,"{""P47317"": 4}"
EAILACKKA,"{""P47317"": 1}"
EAILACKXA,"{""P47317"": 6}"
EAILAXXXX,"{""P47317"": 1}"
EAILAXXXA,"{""P47317"": 6}"
EAILAXKXA,"{""P47317"": 1}"
EAIXXXXXX,"{""P47417"": 460, ""P47563"": 17, ""Q9ZB79"": 2}"
EAIXXATSH,"{""Q9ZB79"": 4}"
EAIXNQSVI,"{""P47417"": 105}"
EAIXDPDXY,"{""P47563"": 73}"
EAIXDPDXX,"{""P47563"": 25}"
EAIXDPDKY,"{""P47563"": 5}"
EAIXDPDKX,"{""P47563"": 1}"
EAIXVASXX,"{""P47325"": 10}"
EAIIGAGLM,"{""P47638"": 629}"
EAITNEEIL,"{""P47445"": 134}"
EAIYQNLVI,"{""P47620"": 118}"
EAIYXXXXX,"{""Q9ZB79"": 17}"
EAIYXATSH,"{""Q9ZB79"": 116}"
EAIYVASXX,"{""P47325"": 125}"
EAIYVASXR,"{""P47325"": 5}"
EAIYKATSH,"{""Q9ZB79"": 4}"
EAIEEGNVQ,"{""P47658"": 137}"
EAIELRDND,"{""P47647"": 23}"
EAIELXDND,"{""P47647"": 5}"
EAIVLXXXX,"{""P47431"": 98}"
EAIVLXAPQ,"{""P47431"": 4}"
EAIAIFTTX,"{""P47508"": 142}"
EAIAIFTTK,"{""P47508"": 4}"
EAIKDPDXY,"{""P47563"": 5}"
EAIKDPDXX,"{""P47563"": 3}"
EAIKNQSVI,"{""P47417"": 6}"
EAQXXXXXX,"{""P47589"": 80, ""P47541"": 89}"
EAQXFVRDP,"{""P47541"": 30}"
EAQXFVXDP,"{""P47541"": 5}"
EAQXNNNFL,"{""P47589"": 15}"
EAQNQIQAX,"{""P47443"": 550}"
EAQNQIQAK,"{""P47443"": 25}"
EAQNNLQXX,"{""P47278"": 92}"
EAQNNLQXA,"{""P47278"": 27}"
EAQVAITNE,"{""P47508"": 120}"
EAQQDILXL,"{""P47254"": 438}"
EAQQDILXX,"{""P47254"": 148}"
EAQQDILKL,"{""P47254"": 20}"
EAQQRSELI,"{""P47693"": 28}"
EAQQXSELI,"{""P47693"": 4}"
EAQIVLATT,"{""P47260"": 136}"
EAQKFVXDP,"{""P47541"": 1}"
EAQKNNNFL,"{""P47589"": 1}"
EAEIVTXAG,"{""P47318"": 485}"
EAEIVTXXX,"{""P47318"": 137}"
EAEIVTKAG,"{""P47318"": 29}"
EAEEXXXXX,"{""P47342"": 478}"
EAEEXXXAE,"{""P47342"": 15}"
EAEEXXKAE,"{""P47342"": 2}"
EAEEXRXAE,"{""P47342"": 80}"
EAEEXRXXX,"{""P47342"": 26}"
EAEEXRKAE,"{""P47342"": 1}"
EAEEKXXAE,"{""P47342"": 2}"
EAEEKRXXX,"{""P47342"": 2}"
EAEEKRXAE,"{""P47342"": 2}"
EAEEKRKAE,"{""P47342"": 1}"
EAEVIQADF,"{""P47273"": 140}"
EAELLTSYE,"{""P47277"": 21}"
EAXIXXXXX,"{""P47547"": 84}"
EAXIXPEEI,"{""P47547"": 26}"
EAXXXXXXX,"{""P47508"": 108, ""P47278"": 577, ""P47390"": 20, ""P47480"": 17, ""P47660"": 105, ""P47547"": 25, ""P47580"": 32, ""P47346"": 19, ""P47572"": 42}"
EAXXVFXXX,"{""P47572"": 79}"
EAXXLFDQY,"{""P47508"": 9}"
EAXXLFDQX,"{""P47508"": 1}"
EAXLLXXXX,"{""P47390"": 84}"
EAXLLXXAQ,"{""P47390"": 18}"
EAXLLVISY,"{""P47631"": 29}"
EAXLLVISX,"{""P47631"": 2}"
EAXLLKXXX,"{""P47390"": 2}"
EAXENVTFA,"{""P47480"": 105}"
EAXESSIGW,"{""P47580"": 97}"
EAXEXSFNS,"{""P47342"": 20}"
EAXEXXXXX,"{""P47342"": 5}"
EAXEFFXXX,"{""P47660"": 4}"
EAXEFFXAI,"{""P47660"": 1}"
EAXEKSFNS,"{""P47342"": 2}"
EAXAYLQXX,"{""P47346"": 70}"
EAXAYLQXL,"{""P47346"": 18}"
EAXAXLQXX,"{""P47346"": 7}"
EAXAXLQXL,"{""P47346"": 1}"
EAXARGYTN,"{""P47660"": 1}"
EAXGRVILT,"{""P47385"": 1}"
EAXGXVILT,"{""P47385"": 1}"
EAXVFVXXX,"{""P47305"": 7}"
EAXQQNXNF,"{""P47248"": 4}"
EAXQQNXXX,"{""P47248"": 1}"
EAXQQNKNF,"{""P47248"": 1}"
EAXKVFXXX,"{""P47572"": 1}"
EAXKLFDQY,"{""P47508"": 4}"
EALEKQAXX,"{""P47299"": 29}"
EALEKQAXK,"{""P47299"": 1}"
EALEKQAKX,"{""P47299"": 1}"
EALEKLDNS,"{""P47583"": 7}"
EALEXXXXX,"{""P47299"": 101, ""P47583"": 18}"
EALEXLDNS,"{""P47583"": 92}"
EALEXQAXX,"{""P47299"": 463}"
EALEXQAXK,"{""P47299"": 19}"
EALEXQAKK,"{""P47299"": 1}"
EALEXQAKX,"{""P47299"": 14}"
EALEAFAXX,"{""P47308"": 124}"
EALEAFAXK,"{""P47308"": 7}"
EALEAFAKX,"{""P47308"": 4}"
EALNPXXXX,"{""P47634"": 21}"
EALNPXFXQ,"{""P47634"": 75}"
EALNPXFXX,"{""P47634"": 16}"
EALNPXFKQ,"{""P47634"": 5}"
EALNPKFXX,"{""P47634"": 1}"
EALNPKFXQ,"{""P47634"": 5}"
EALIPEXIV,"{""P47565"": 486}"
EALIPEXXX,"{""P47565"": 140}"
EALIPEKIV,"{""P47565"": 21}"
EALQRMQXX,"{""P47252"": 19}"
EALQRMQXR,"{""P47252"": 3}"
EALQXMQXX,"{""P47252"": 5}"
EALQXMQXR,"{""P47252"": 2}"
EALAIVVDA,"{""P22746"": 109}"
EALAIQXLE,"{""P47460"": 76}"
EALAIQXXX,"{""P47460"": 20}"
EALAIQKLE,"{""P47460"": 3}"
EALDNISSN,"{""P47561"": 28}"
EAGAPIXXI,"{""P47473"": 391}"
EAGAPIXXX,"{""P47473"": 196}"
EAGAPIXKI,"{""P47473"": 17}"
EAGAPIKXX,"{""P47473"": 5}"
EAGAPIKXI,"{""P47473"": 19}"
EAGAPIKKI,"{""P47473"": 2}"
EAGASVVGE,"{""P47514"": 115}"
EAGFTVSVT,"{""P47317"": 130}"
EAGXXXXXX,"{""P47335"": 120}"
EAGXQCNPV,"{""P47335"": 1}"
EAGVRQLER,"{""P47481"": 4}"
EAGVRQLEX,"{""P47481"": 2}"
EAGVXQLER,"{""P47481"": 1}"
EAYEFFXXX,"{""P47660"": 78}"
EAYEFFXAI,"{""P47660"": 23}"
EAYEXSFNS,"{""P47342"": 472}"
EAYEXXXXX,"{""P47342"": 87}"
EAYEKSFNS,"{""P47342"": 22}"
EAYVFVXXX,"{""P47305"": 84}"
EAYVFVXNN,"{""P47305"": 21}"
EAFVSIQTS,"{""P47314"": 639}"
EAFNSXWDI,"{""P47653"": 489}"
EAFNSXXXX,"{""P47653"": 139}"
EAFNSKWDI,"{""P47653"": 20}"
EAFNLLDDF,"{""P47658"": 34}"
EAFPGDVFY,"{""P47641"": 32}"
EAFPGDVFX,"{""P47641"": 1}"
EAFEXXXXX,"{""P47288"": 94}"
EAFEXRYLS,"{""P47288"": 7}"
EAFFNLXQS,"{""P47460"": 13}"
EAFFNLRQS,"{""P47460"": 30}"
EAFXXLQNS,"{""P47300"": 76}"
EAFXXXXXX,"{""P47300"": 22}"
EAFXKLQNS,"{""P47300"": 6}"
EAFSVFETL,"{""P47493"": 113}"
EAFKXLQNS,"{""P47300"": 6}"
EAFKXXXXX,"{""P47300"": 1}"
EAPLPLNXL,"{""P47408"": 91}"
EAPLPLNXX,"{""P47408"": 25}"
EAPLPLNKL,"{""P47408"": 4}"
EAPRVLART,"{""Q49436"": 1}"
EACQQNXNF,"{""P47248"": 98}"
EACQQNXXX,"{""P47248"": 29}"
EACQQNKNF,"{""P47248"": 3}"
EAHEIIFDL,"{""P47291"": 135}"
EAHYDXXXX,"{""P47624"": 91}"
EAHYDXGGP,"{""P47624"": 490}"
EAHYDKGGP,"{""P47624"": 25}"
EAHXDXXXX,"{""P47624"": 6}"
EAHXDXGGP,"{""P47624"": 28}"
EAHXDKGGP,"{""P47624"": 1}"
EAAXXXXXX,"{""P47342"": 597}"
EAAXXAYEE,"{""P47342"": 3}"
EAAERAXIE,"{""P47547"": 18}"
EAAERAXXX,"{""P47547"": 2}"
EAAEXAXIE,"{""P47547"": 8}"
EAAEXAKIE,"{""P47547"": 1}"
EAAKXXXXX,"{""P47342"": 17}"
EAVXXXXXX,"{""P47564"": 107}"
EAVDFTNIF,"{""P47473"": 126}"
EANLVASIY,"{""P47456"": 103}"
EANLVASIX,"{""P47456"": 6}"
EANSSPVLX,"{""P47321"": 128}"
EANSSPVLK,"{""P47321"": 5}"
EANPVXIAS,"{""Q49460"": 13}"
EANPVYIAS,"{""Q49460"": 128}"
EANPKSLDL,"{""Q49399"": 6}"
EANPXSLDL,"{""Q49399"": 78}"
EANPXXXXX,"{""Q49399"": 26}"
EANXATEFA,"{""P47432"": 94}"
EANXXXXXX,"{""P47432"": 26, ""Q49407"": 37}"
EANXXLIEE,"{""Q49407"": 86}"
EANXKLIEE,"{""Q49407"": 3}"
EANQRLDLV,"{""Q49419"": 128}"
EANQXLDLV,"{""Q49419"": 35}"
EANKXXXXX,"{""Q49407"": 3}"
EANKXLIEE,"{""Q49407"": 3}"
EANKKLIEE,"{""Q49407"": 1}"
EANKATEFA,"{""P47432"": 6}"
EAKKVFXXX,"{""P47572"": 1}"
EAKENVTFA,"{""P47480"": 13}"
EAKESSIGW,"{""P47580"": 5}"
EAKIXXXXX,"{""P47547"": 6}"
EAKIXPEEI,"{""P47547"": 1}"
EAKLLXKAQ,"{""P47390"": 1}"
EAKLLXXXX,"{""P47390"": 7}"
EAKXXXXXX,"{""P47508"": 4, ""P47572"": 1}"
EAKXVFXXX,"{""P47572"": 4}"
EAKAYLQXX,"{""P47346"": 4}"
EARLLVISY,"{""P47631"": 125}"
EARLLVISX,"{""P47631"": 4}"
EASDEDXPV,"{""Q49419"": 103}"
EASDEDXXX,"{""Q49419"": 19}"
EASDEDKPV,"{""Q49419"": 7}"
EASFVNPNL,"{""P47479"": 20}"
EASSIIGSA,"{""P47315"": 3}"
ETIQXXXXX,"{""P47355"": 596}"
ETIQXAXNF,"{""P47355"": 2}"
ETIQXARNF,"{""P47355"": 3}"
ETIQKARNF,"{""P47355"": 1}"
ETIXXXXXX,"{""P47384"": 484, ""P47305"": 603, ""P47257"": 19}"
ETIXAVRXD,"{""P47384"": 74}"
ETIXAVRXX,"{""P47384"": 14}"
ETIXAVRKD,"{""P47384"": 8}"
ETIXAVXXD,"{""P47384"": 18}"
ETIXSFPVI,"{""P47257"": 100}"
ETIXKXXXX,"{""P47305"": 15}"
ETIVLWNXX,"{""P47284"": 512}"
ETIVLWNXE,"{""P47284"": 122}"
ETIVLWNKE,"{""P47284"": 3}"
ETINFFLAX,"{""Q49407"": 599}"
ETINFFLAK,"{""Q49407"": 30}"
ETINFGNMI,"{""P47527"": 115}"
ETINLIXXI,"{""P47303"": 86}"
ETINLIXXX,"{""P47303"": 37}"
ETINLIXKI,"{""P47303"": 3}"
ETINLIKXI,"{""P47303"": 4}"
ETIGTXIXP,"{""P47653"": 90}"
ETIGTXIXX,"{""P47653"": 16}"
ETIGTXIKP,"{""P47653"": 2}"
ETIGTXXXX,"{""P47653"": 20}"
ETIGTKIXX,"{""P47653"": 3}"
ETIGTKIXP,"{""P47653"": 3}"
ETIIXXXXX,"{""P47372"": 107}"
ETIIXXVRX,"{""P47372"": 10}"
ETIIXXVXX,"{""P47372"": 2}"
ETIIXKVXX,"{""P47372"": 1}"
ETIIKXVXX,"{""P47372"": 1}"
ETIIKXVRX,"{""P47372"": 1}"
ETIIKXXXX,"{""P47372"": 3}"
ETIIKKVRX,"{""P47372"": 1}"
ETIAGQIDT,"{""P47310"": 159}"
ETIKSFPVI,"{""P47257"": 4}"
ETIKXXXXX,"{""P47305"": 18}"
ETIKAVRXD,"{""P47384"": 5}"
ETISLRAGI,"{""Q49460"": 2}"
ETISLXAGI,"{""Q49460"": 2}"
ETFGFENHL,"{""P47623"": 125}"
ETFXSTSEV,"{""P47335"": 524}"
ETFXXXXXX,"{""P47335"": 102}"
ETFKSTSEV,"{""P47335"": 25}"
ETGEFAYRV,"{""P47318"": 111}"
ETGEFAYXV,"{""P47318"": 24}"
ETGEFAXRV,"{""P47318"": 2}"
ETGEFAXXV,"{""P47318"": 1}"
ETGSESLFL,"{""P47386"": 151}"
ETGVYYDPY,"{""Q49413"": 102}"
ETGVYYDPX,"{""Q49413"": 6}"
ETGVYXDPY,"{""Q49413"": 8}"
ETGVXYDPY,"{""Q49413"": 5}"
ETTSTNSHN,"{""P22747"": 145}"
ETTAVGVCF,"{""P47284"": 124}"
ETTAVGVXF,"{""P47284"": 9}"
ETTQVSENE,"{""P47592"": 138}"
ETXXXXXXX,"{""P47380"": 224, ""P47399"": 106, ""P47321"": 44, ""P47386"": 15, ""P47354"": 103, ""P47661"": 21}"
ETXXXTLAF,"{""P47380"": 347}"
ETXXEANSS,"{""P47321"": 73}"
ETXXKTLAF,"{""P47380"": 13}"
ETXXPLVYG,"{""P47354"": 4}"
ETXAXYELA,"{""P47386"": 81}"
ETXAXXXXX,"{""P47386"": 29}"
ETXAXXELA,"{""P47386"": 3}"
ETXAKXELA,"{""P47386"": 1}"
ETXAKYELA,"{""P47386"": 4}"
ETXAGFNXG,"{""P47312"": 1}"
ETXAGFNYG,"{""P47312"": 1}"
ETXKXTLAF,"{""P47380"": 12}"
ETXKXXXXX,"{""P47380"": 5}"
ETXKEANSS,"{""P47321"": 4}"
ETXRPLVYG,"{""P47354"": 13}"
ETXNDLXQK,"{""P47661"": 4}"
ETXNDLXQX,"{""P47661"": 74}"
ETXNDLXXX,"{""P47661"": 20}"
ETXNDLKQX,"{""P47661"": 3}"
ETNPNGMNY,"{""P47492"": 544}"
ETNPNGMNX,"{""P47492"": 29}"
ETNTMPQWA,"{""P47508"": 643}"
ETNQIDFIS,"{""P47645"": 108}"
ETNSDESVN,"{""Q49429"": 122}"
ETNETIPLI,"{""Q49429"": 127}"
ETAIXNXXX,"{""P47295"": 89}"
ETAIXNXLD,"{""P47295"": 25}"
ETAIXNKLD,"{""P47295"": 1}"
ETAIXXXXX,"{""P47295"": 26}"
ETAIKNXXX,"{""P47295"": 5}"
ETAAXVRWX,"{""P47595"": 23}"
ETAAXVXWX,"{""P47595"": 4}"
ETAAXXXXX,"{""P47595"": 87}"
ETAAKVRWX,"{""P47595"": 1}"
ETAFNIFAA,"{""P47369"": 124}"
ETADETSFI,"{""P47283"": 1}"
ETVNLVXXX,"{""P47583"": 87}"
ETVNLVXFE,"{""P47583"": 23}"
ETVNLVKFE,"{""P47583"": 1}"
ETVSYFIWX,"{""P47385"": 111}"
ETVSYFIWK,"{""P47385"": 5}"
ETVSAIFXG,"{""P47442"": 108}"
ETVSAIFXX,"{""P47442"": 20}"
ETVSAIFKG,"{""P47442"": 9}"
ETVSXFIWX,"{""P47385"": 10}"
ETVRVXXXX,"{""P47498"": 110}"
ETVRIDHHP,"{""Q49428"": 6}"
ETVDFIYDI,"{""P47526"": 127}"
ETVDFIXDI,"{""P47526"": 4}"
ETVDFVSEV,"{""P47246"": 107}"
ETVLNXPLD,"{""P55825"": 35}"
ETVLNXXXX,"{""P55825"": 98}"
ETVXSXSXS,"{""Q49429"": 74}"
ETVXSXSXX,"{""Q49429"": 15}"
ETVXSXSKS,"{""Q49429"": 5}"
ETVXSXXXX,"{""Q49429"": 15}"
ETVXSKSXS,"{""Q49429"": 5}"
ETVXVXXXX,"{""P47498"": 29}"
ETVXXXXXX,"{""Q49429"": 18}"
ETVXIDHHP,"{""Q49428"": 1}"
ETVKSXSXS,"{""Q49429"": 3}"
ETELXIAFS,"{""P47460"": 88}"
ETELXXXXX,"{""P47460"": 25}"
ETELKIAFS,"{""P47460"": 6}"
ETEIVVDEH,"{""P47350"": 119}"
ETEIRXXXX,"{""P47472"": 17}"
ETEIRXPIG,"{""P47472"": 2}"
ETEIXXXXX,"{""P47472"": 8}"
ETEIXXPIG,"{""P47472"": 1}"
ETEIXKPIG,"{""P47472"": 1}"
ETEAEITFD,"{""Q49429"": 127}"
ETEFDXXXX,"{""P47481"": 34}"
ETEFDXLDS,"{""P47481"": 98}"
ETEFDKLDS,"{""P47481"": 5}"
ETLELYAXX,"{""P47520"": 79}"
ETLELYAXI,"{""P47520"": 26}"
ETLELYAKI,"{""P47520"": 4}"
ETLELXAXX,"{""P47520"": 5}"
ETLQXQAXX,"{""Q9ZB78"": 105}"
ETLQXQAXR,"{""Q9ZB78"": 1}"
ETLQXXXXX,"{""Q9ZB78"": 28}"
ETLQKQAXX,"{""Q9ZB78"": 4}"
ETLDQLTXX,"{""P47460"": 121}"
ETLDQLTXS,"{""P47460"": 4}"
ETLXXXXXX,"{""P47687"": 128}"
ETLXNCMFG,"{""P47687"": 7}"
ETLXNXMFG,"{""P47687"": 1}"
ETQXXANLL,"{""P47460"": 6}"
ETQXXXXXX,"{""P47460"": 101}"
ETQXLIDLE,"{""P47460"": 20}"
ETQXKANLL,"{""P47460"": 1}"
ETQRXANLL,"{""P47460"": 14}"
ETQRXXXXX,"{""P47460"": 1}"
ETQRKANLL,"{""P47460"": 3}"
ETQKLIDLE,"{""P47460"": 1}"
ETDYDQNFX,"{""P47342"": 93}"
ETDYDQNFK,"{""P47342"": 3}"
ETDILFXTM,"{""P47318"": 97}"
ETDILFXXX,"{""P47318"": 21}"
ETDILFKTM,"{""P47318"": 4}"
ETDXDQNFX,"{""P47342"": 7}"
ETSPXXXXX,"{""P47684"": 108}"
ETCAGFNYG,"{""P47312"": 37}"
ETCAGFNXG,"{""P47312"": 1}"
ETKXKTLAF,"{""P47380"": 2}"
ETKXXTLAF,"{""P47380"": 14}"
ETKXXXXXX,"{""P47321"": 2, ""P47380"": 10}"
ETKXEANSS,"{""P47321"": 10}"
ETKAXYELA,"{""P47386"": 2}"
ETKAXXXXX,"{""P47386"": 2}"
ETKNDLXQX,"{""P47661"": 6}"
ETKKXTLAF,"{""P47380"": 2}"
ENNXXXXXX,"{""P47355"": 108}"
ENNXWLYSS,"{""P47355"": 486}"
ENNXWLXSS,"{""P47355"": 29}"
ENNLXNINI,"{""P47660"": 507}"
ENNLXIIIF,"{""P47672"": 104}"
ENNLXXXXX,"{""P47660"": 86, ""P47672"": 21}"
ENNLNISSA,"{""P47655"": 139}"
ENNLKIIIF,"{""P47672"": 5}"
ENNLKNINI,"{""P47660"": 31}"
ENNWEVADX,"{""P47537"": 609}"
ENNWEVADK,"{""P47537"": 17}"
ENNNDQIFD,"{""Q49419"": 113}"
ENNNSLLEQ,"{""P47625"": 132}"
ENNFNLLLI,"{""P47565"": 118}"
ENNQWLXQN,"{""P47326"": 115}"
ENNQWLXXX,"{""P47326"": 16}"
ENNQWLKQN,"{""P47326"": 7}"
ENNQXVVCA,"{""P47368"": 96}"
ENNQXVVXA,"{""P47368"": 6}"
ENNQXXXXX,"{""P47368"": 26}"
ENNQKVVCA,"{""P47368"": 4}"
ENNATSQLT,"{""P47483"": 113}"
ENNPTIDWX,"{""P47530"": 119}"
ENNKWLYSS,"{""P47355"": 22}"
ENNKWLXSS,"{""P47355"": 3}"
ENNTSFFES,"{""P47655"": 145}"
ENVTFALVM,"{""P47480"": 122}"
ENVGFQDAI,"{""P47306"": 631}"
ENVCLLGXS,"{""P47532"": 103}"
ENVCLLGXX,"{""P47532"": 20}"
ENVCLLGKS,"{""P47532"": 6}"
ENVIIGGXI,"{""P47582"": 90}"
ENVIIGGXX,"{""P47582"": 23}"
ENVIIGGKI,"{""P47582"": 5}"
ENVXLLGXS,"{""P47532"": 4}"
ENVXLLGXX,"{""P47532"": 1}"
ENLTYGXXX,"{""P47639"": 14}"
ENLTYGXVH,"{""P47639"": 93}"
ENLTYGKVH,"{""P47639"": 5}"
ENLTXGXVH,"{""P47639"": 5}"
ENLTXGXXX,"{""P47639"": 1}"
ENLDNSTVX,"{""P47250"": 579}"
ENLDNSTVK,"{""P47250"": 1}"
ENLFALENS,"{""P47318"": 135}"
ENLFFVTMM,"{""P47669"": 106}"
ENLFEGLVL,"{""P47539"": 121}"
ENLIRXXXX,"{""P47381"": 20}"
ENLIXXXXX,"{""P47381"": 3}"
ENLNLXSFV,"{""P47520"": 108}"
ENLNLXXXX,"{""P47520"": 27}"
ENLNLKSFV,"{""P47520"": 1}"
ENLERTXDQ,"{""P47460"": 20}"
ENLERTXXX,"{""P47460"": 7}"
ENLERTKDQ,"{""P47460"": 1}"
ENLEXTXDQ,"{""P47460"": 6}"
ENLEXTKDQ,"{""P47460"": 1}"
ENLLXIFSX,"{""P47651"": 10}"
ENLLRIFSX,"{""P47651"": 19}"
ENLLLSREI,"{""P47316"": 6}"
ENLLLSXEI,"{""P47316"": 1}"
ENADEXXXX,"{""P47473"": 472}"
ENADEXIRI,"{""P47473"": 100}"
ENADEXIXI,"{""P47473"": 28}"
ENADEKIRI,"{""P47473"": 7}"
ENADEKIXI,"{""P47473"": 2}"
ENAXLVGMD,"{""P47413"": 83}"
ENAXXXXXX,"{""P47413"": 18}"
ENAKLVGMD,"{""P47413"": 6}"
ENALQLARI,"{""P47253"": 6}"
ENALQLAXI,"{""P47253"": 2}"
ENICLIASE,"{""P47634"": 626}"
ENIENDLXL,"{""P47260"": 507}"
ENIENDLXX,"{""P47260"": 93}"
ENIENDLKL,"{""P47260"": 18}"
ENIEIGANL,"{""P47311"": 579}"
ENIETXXFV,"{""P47502"": 85}"
ENIETXXXX,"{""P47502"": 36}"
ENIETXKFV,"{""P47502"": 2}"
ENIETKXFV,"{""P47502"": 3}"
ENIETKXXX,"{""P47502"": 1}"
ENIEXTENX,"{""P47580"": 97}"
ENIEXTENK,"{""P47580"": 3}"
ENIEXXXXX,"{""P47580"": 22}"
ENIEKTENX,"{""P47580"": 4}"
ENIDFFXII,"{""P47468"": 476}"
ENIDFFXXX,"{""P47468"": 131}"
ENIDFFKII,"{""P47468"": 17}"
ENILLNQNH,"{""P47661"": 37}"
ENIXLIASE,"{""P47634"": 29}"
ENIXLGXQD,"{""P47261"": 1}"
ENIXLGRQD,"{""P47261"": 1}"
ENIXVNLDD,"{""P47615"": 1}"
ENIRLGRQD,"{""P47261"": 5}"
ENIRVNLDD,"{""P47615"": 4}"
ENMIQXTXX,"{""Q49425"": 464}"
ENMIQXTKX,"{""Q49425"": 18}"
ENMIQXXXX,"{""Q49425"": 102}"
ENMIQKTXX,"{""Q49425"": 22}"
ENMSLTTQP,"{""P47307"": 122}"
ENDNXQSXX,"{""P47597"": 85}"
ENDNXQSXK,"{""P47597"": 5}"
ENDNXQSKK,"{""P47597"": 1}"
ENDNXQSKX,"{""P47597"": 3}"
ENDNXXXXX,"{""P47597"": 28}"
ENDNKQSXX,"{""P47597"": 1}"
ENGIVXSTX,"{""P47246"": 495}"
ENGIVXSTK,"{""P47246"": 21}"
ENGIVXXXX,"{""P47246"": 89}"
ENGIVKSTX,"{""P47246"": 24}"
ENGIVKSTK,"{""P47246"": 1}"
ENGICQYCF,"{""P47582"": 482}"
ENGICQYXF,"{""P47582"": 33}"
ENGICQXCF,"{""P47582"": 32}"
ENGICQXXF,"{""P47582"": 1}"
ENGIXQYCF,"{""P47582"": 31}"
ENGIXQYXF,"{""P47582"": 2}"
ENGIXQXCF,"{""P47582"": 1}"
ENGXXXXXX,"{""P47350"": 108, ""P47358"": 15}"
ENGXEVGLA,"{""P47358"": 116}"
ENGXPIPPG,"{""P47350"": 16}"
ENGKEVGLA,"{""P47358"": 5}"
ENGKPIPPG,"{""P47350"": 2}"
ENGLPVYNA,"{""P47284"": 30}"
ENGLPVXNA,"{""P47284"": 1}"
ENQXXXXXX,"{""P47580"": 455, ""P47260"": 24, ""P47576"": 31, ""P47468"": 20}"
ENQXXFDAD,"{""P47576"": 7}"
ENQXLIPLW,"{""P47468"": 91}"
ENQXQHQRE,"{""P47580"": 84}"
ENQXQHQXE,"{""P47580"": 28}"
ENQXSVDXI,"{""P47260"": 20}"
ENQXSVDXX,"{""P47260"": 71}"
ENQXYFDAD,"{""P47576"": 89}"
ENQKYFDAD,"{""P47576"": 4}"
ENQKLIPLW,"{""P47468"": 7}"
ENQKSVDXX,"{""P47260"": 4}"
ENQKQHQXE,"{""P47580"": 4}"
ENQKQHQRE,"{""P47580"": 5}"
ENQKXFDAD,"{""P47576"": 1}"
ENQDFYGFS,"{""P47354"": 108}"
ENQDFXGFS,"{""P47354"": 10}"
ENQALGFGI,"{""Q49411"": 116}"
ENXXFDIYL,"{""Q9ZB70"": 87}"
ENXXFDIXL,"{""Q9ZB70"": 3}"
ENXXXXXXX,"{""P47551"": 48, ""Q9ZB70"": 36, ""P47606"": 19, ""P47684"": 25, ""Q49420"": 16, ""P47609"": 17}"
ENXXXVEAA,"{""P47551"": 68}"
ENXXXLDET,"{""P47684"": 1}"
ENXXKVEAA,"{""P47551"": 3}"
ENXAXLXII,"{""Q49420"": 67}"
ENXAXLXXX,"{""Q49420"": 12}"
ENXAXLKII,"{""Q49420"": 4}"
ENXAXXXXX,"{""Q49420"": 17}"
ENXAKLXII,"{""Q49420"": 6}"
ENXAKLXXX,"{""Q49420"": 1}"
ENXAKLKII,"{""Q49420"": 1}"
ENXAQIVTF,"{""Q49405"": 2}"
ENXSITINQ,"{""P47606"": 115}"
ENXVMVNXN,"{""P47609"": 76}"
ENXVMVNXX,"{""P47609"": 18}"
ENXVMVNKN,"{""P47609"": 4}"
ENXQXLQXA,"{""P47310"": 2}"
ENXQXLQXX,"{""P47310"": 1}"
ENXQLNNPI,"{""P47340"": 3}"
ENXLXAVPE,"{""P47599"": 1}"
ENXLYAVPE,"{""P47599"": 25}"
ENXCXLDET,"{""P47684"": 59}"
ENXCXXXXX,"{""P47684"": 14}"
ENXCKLDET,"{""P47684"": 5}"
ENXTNLWQX,"{""P47694"": 9}"
ENXTNLWQK,"{""P47694"": 1}"
ENXKFDIYL,"{""Q9ZB70"": 3}"
ENXKFDIXL,"{""Q9ZB70"": 1}"
ENXKXVEAA,"{""P47551"": 3}"
ENFXVSNXN,"{""P47625"": 84}"
ENFXVSNXX,"{""P47625"": 24}"
ENFXVSNKN,"{""P47625"": 6}"
ENFXXXXXX,"{""P47625"": 14}"
ENFGFNSVP,"{""P47571"": 649}"
ENFVNIXTT,"{""Q49397"": 114}"
ENFVNIXXX,"{""Q49397"": 22}"
ENFVNIKTT,"{""Q49397"": 5}"
ENFSLNTHL,"{""Q49398"": 129}"
ENFTETFES,"{""P47311"": 35}"
ENFKVSNXN,"{""P47625"": 5}"
ENFKVSNXX,"{""P47625"": 1}"
ENFINRFVI,"{""P47490"": 2}"
ENFINXFVI,"{""P47490"": 1}"
ENEXXWXDK,"{""P47652"": 1}"
ENEXXWXDX,"{""P47652"": 4}"
ENEXXWRDX,"{""P47652"": 13}"
ENEXXWRDK,"{""P47652"": 1}"
ENEXXXXXX,"{""P47652"": 106}"
ENEXNLHFL,"{""P47460"": 3}"
ENEXKWRDX,"{""P47652"": 1}"
ENEXKWXDX,"{""P47652"": 1}"
ENEPFFXXX,"{""P47277"": 19}"
ENEPFFXSX,"{""P47277"": 105}"
ENEPFFXSK,"{""P47277"": 5}"
ENEPFFKSX,"{""P47277"": 7}"
ENELLFFEX,"{""P47460"": 120}"
ENELLFFEK,"{""P47460"": 8}"
ENETTXSTD,"{""P47551"": 115}"
ENETTXXXX,"{""P47551"": 18}"
ENETTKSTD,"{""P47551"": 5}"
ENEEXLXXX,"{""P47615"": 4}"
ENEEXLXXD,"{""P47615"": 2}"
ENEERLXXX,"{""P47615"": 18}"
ENEERLXXD,"{""P47615"": 4}"
ENEQNLVFV,"{""P47284"": 24}"
ENERNLHFL,"{""P47460"": 8}"
ENEKXXXXX,"{""P47652"": 4}"
ENEKXWRDX,"{""P47652"": 2}"
ENEFAENEA,"{""P20796"": 3}"
ENYQXLQXX,"{""P47310"": 21}"
ENYQXLQXA,"{""P47310"": 74}"
ENYQXLQKA,"{""P47310"": 4}"
ENYQXXXXX,"{""P47310"": 28}"
ENYQLNNPI,"{""P47340"": 144}"
ENYQKLQXA,"{""P47310"": 4}"
ENYQKLQXX,"{""P47310"": 1}"
ENYLYAVPE,"{""P47599"": 540}"
ENYLXAVPE,"{""P47599"": 28}"
ENTXXXXXX,"{""P47621"": 86}"
ENTXXINSL,"{""P47621"": 5}"
ENTXRINSL,"{""P47621"": 21}"
ENTRWVFIP,"{""P20796"": 5}"
ENSQPFSND,"{""P47672"": 152}"
ENSITISDN,"{""P47547"": 108}"
ENPXXXXXX,"{""P47246"": 48}"
ENPXXAIFL,"{""P47246"": 76}"
ENPXKAIFL,"{""P47246"": 4}"
ENPHGLNIS,"{""P47568"": 32}"
ENPKXXXXX,"{""P47246"": 5}"
ENPKXAIFL,"{""P47246"": 2}"
ENPNSRRLI,"{""P47469"": 2}"
ENPNSRXLI,"{""P47469"": 2}"
ENKAXXXXX,"{""Q49420"": 1}"
ENKAXLXII,"{""Q49420"": 2}"
ENKXFDIYL,"{""Q9ZB70"": 6}"
ENKXXVEAA,"{""P47551"": 3}"
ENKXXXXXX,"{""Q9ZB70"": 1}"
ENKCXXXXX,"{""P47684"": 1}"
ENKCXLDET,"{""P47684"": 2}"
ENKSITINQ,"{""P47606"": 7}"
ENKVMVNXN,"{""P47609"": 4}"
ENHXXXXXX,"{""Q49424"": 21}"
ENHXFEXNL,"{""Q49424"": 75}"
ENHXFEXXX,"{""Q49424"": 17}"
ENHXFEKNL,"{""Q49424"": 8}"
ENHKFEXNL,"{""Q49424"": 5}"
ENWFYLILN,"{""P47344"": 31}"
ENWFXLILN,"{""P47344"": 2}"
ENRTNLWQX,"{""P47694"": 29}"
ENRTNLWQK,"{""P47694"": 1}"
ENCAQIVTF,"{""Q49405"": 18}"
EYNLXLISA,"{""P47384"": 493}"
EYNLXXXXX,"{""P47384"": 111}"
EYNLKLISA,"{""P47384"": 26}"
EYNQVTIYP,"{""P47281"": 566}"
EYNQVTIXP,"{""P47281"": 30}"
EYNXILTVF,"{""P47573"": 104}"
EYNXXXXXX,"{""P47573"": 19}"
EYNKILTVF,"{""P47573"": 7}"
EYXXXITGL,"{""P47650"": 14}"
EYXXXXXXX,"{""P47650"": 98, ""P47311"": 100, ""P47532"": 52, ""P47310"": 73}"
EYXXLXXXX,"{""P47532"": 62}"
EYXXLXXQC,"{""P47532"": 14}"
EYXXLXXQX,"{""P47532"": 1}"
EYXXLKXXX,"{""P47532"": 4}"
EYXXLKXQC,"{""P47532"": 1}"
EYXXSIIYN,"{""P47311"": 7}"
EYXAINITD,"{""P47310"": 500}"
EYXEXIEXX,"{""P47597"": 1}"
EYXEYIEXX,"{""P47597"": 4}"
EYXEREXQX,"{""Q49412"": 1}"
EYXRSIIYN,"{""P47311"": 20}"
EYXRSIIXN,"{""P47311"": 1}"
EYXTDSFGN,"{""P47328"": 3}"
EYXQYFCVN,"{""Q49420"": 6}"
EYXKXXXXX,"{""P47650"": 4}"
EYXKXITGL,"{""P47650"": 1}"
EYXKLXXXX,"{""P47532"": 2}"
EYIXXXXXX,"{""P47335"": 88}"
EYIXPVQTG,"{""P47335"": 497}"
EYINDLYDE,"{""P47670"": 549}"
EYINDLXDE,"{""P47670"": 31}"
EYIEXXXXX,"{""P47597"": 551}"
EYIEXDGAL,"{""P47597"": 27}"
EYIEKDGAL,"{""P47597"": 1}"
EYIVRDGXX,"{""P47318"": 31}"
EYIVRDGXV,"{""P47318"": 1}"
EYIVXDGXX,"{""P47318"": 3}"
EYIVXDGXV,"{""P47318"": 1}"
EYIKPVQTG,"{""P47335"": 31}"
EYATXXXXX,"{""P47541"": 88}"
EYATXDTLR,"{""P47541"": 16}"
EYATXDTLX,"{""P47541"": 4}"
EYATKDTLR,"{""P47541"": 3}"
EYAXXXXXX,"{""P47652"": 16}"
EYAXENEXX,"{""P47652"": 79}"
EYAXENEXK,"{""P47652"": 1}"
EYAXENEKX,"{""P47652"": 2}"
EYAKENEXX,"{""P47652"": 4}"
EYGDGERFX,"{""P47278"": 117}"
EYGDGERFK,"{""P47278"": 5}"
EYGDGEXFX,"{""P47278"": 37}"
EYLPNWTTA,"{""P47512"": 133}"
EYLEXLXXQ,"{""P47597"": 53}"
EYLEXLXXX,"{""P47597"": 27}"
EYLEXLXKQ,"{""P47597"": 2}"
EYLEXLKXQ,"{""P47597"": 5}"
EYLEXLKXX,"{""P47597"": 3}"
EYLEXLKKQ,"{""P47597"": 1}"
EYLEXXXXX,"{""P47597"": 16}"
EYLEKLXXQ,"{""P47597"": 2}"
EYLAAXXXX,"{""P47315"": 23}"
EYLAAXAAQ,"{""P47315"": 75}"
EYLAAKAAQ,"{""P47315"": 3}"
EYLDDKQXX,"{""P47617"": 26}"
EYLDDKQXF,"{""P47617"": 1}"
EYLDDXQXX,"{""P47617"": 419}"
EYLDDXQXF,"{""P47617"": 35}"
EYLDDXQKF,"{""P47617"": 1}"
EYLDDXXXX,"{""P47617"": 134}"
EYLTXQGFI,"{""P47256"": 84}"
EYLTXXXXX,"{""P47256"": 17}"
EYLTKQGFI,"{""P47256"": 3}"
EYEVQCNEA,"{""Q49407"": 125}"
EYEVQXNEA,"{""Q49407"": 7}"
EYEXLFTNS,"{""P47274"": 28}"
EYEXFDEWV,"{""P47386"": 2}"
EYEICLQLM,"{""P47593"": 128}"
EYEIXLQLM,"{""P47593"": 7}"
EYETVGEYV,"{""P47631"": 24}"
EYETVGEXV,"{""P47631"": 1}"
EYERFDEWV,"{""P47386"": 4}"
EYERLFTNS,"{""P47274"": 113}"
EYSDIYNXX,"{""P47481"": 96}"
EYSDIXNXX,"{""P47481"": 4}"
EYSGISFEN,"{""P47633"": 118}"
EYVPEFGAG,"{""P47682"": 108}"
EYVEIEPEN,"{""P47318"": 6}"
EYQTPSYFI,"{""P47699"": 108}"
EYQTPSXFI,"{""P47699"": 5}"
EYQQYGYGL,"{""P47635"": 105}"
EYQQYGXGL,"{""P47635"": 7}"
EYQQXGYGL,"{""P47635"": 8}"
EYYQYFXVN,"{""Q49420"": 7}"
EYYQYFCVN,"{""Q49420"": 94}"
EYYQXFCVN,"{""Q49420"": 6}"
EYTFXDNLX,"{""P47321"": 89}"
EYTFXDNLK,"{""P47321"": 4}"
EYTFXXXXX,"{""P47321"": 18}"
EYTFKDNLX,"{""P47321"": 6}"
EYTDFDEAX,"{""P47460"": 94}"
EYTDFDEAK,"{""P47460"": 4}"
EYDQFGGNQ,"{""P47580"": 123}"
EYDXLVVAY,"{""P47288"": 90}"
EYDXLVVAX,"{""P47288"": 2}"
EYDXXXXXX,"{""P47288"": 13}"
EYDFVAVTA,"{""P47308"": 107}"
EYDKLVVAY,"{""P47288"": 3}"
EYKXXITGL,"{""P47650"": 1}"
EYKXXXXXX,"{""P47650"": 3}"
EYKXLXXXX,"{""P47532"": 7}"
EYKXLXXQC,"{""P47532"": 1}"
EYKXSIIYN,"{""P47311"": 1}"
EYKAINITD,"{""P47310"": 33}"
EYKRSIIYN,"{""P47311"": 1}"
EYKKXXXXX,"{""P47650"": 1}"
EYPSLXXXX,"{""P47343"": 85}"
EYPSLXQES,"{""P47343"": 19}"
EYRTDSFGN,"{""P47328"": 28}"
EYREYIEXX,"{""P47597"": 24}"
EYCEXEXQX,"{""Q49412"": 6}"
EYCEXEXXX,"{""Q49412"": 1}"
EYCEREXQX,"{""Q49412"": 22}"
EYCEREXXX,"{""Q49412"": 1}"
EISSXFNGV,"{""P47247"": 552}"
EISSXXXXX,"{""P47247"": 104}"
EISSKFNGV,"{""P47247"": 21}"
EISLLFXXX,"{""P47700"": 459}"
EISLLFXNQ,"{""P47700"": 136}"
EISLLFKNQ,"{""P47700"": 7}"
EISLLNQLV,"{""P47618"": 142}"
EISLSQNNV,"{""P47319"": 26}"
EISLSELIE,"{""P47648"": 1}"
EISFAQIAT,"{""P47467"": 590}"
EISIXASDD,"{""P47335"": 102}"
EISIXXXXX,"{""P47335"": 20}"
EISIDNPSL,"{""P47384"": 33}"
EISIKASDD,"{""P47335"": 5}"
EISQQTXDS,"{""P47291"": 98}"
EISQQTXXX,"{""P47291"": 29}"
EISKELXVS,"{""P47662"": 4}"
EISKELXXX,"{""P47662"": 2}"
EISVASTLI,"{""P47447"": 114}"
EISVMRRVY,"{""P47540"": 2}"
EISTSYLNW,"{""P47688"": 114}"
EISTSXLNW,"{""P47688"": 6}"
EISGIFADI,"{""P47540"": 126}"
EISXELXXX,"{""P47662"": 23}"
EISXELXVS,"{""P47662"": 79}"
EISXELKVS,"{""P47662"": 3}"
EISXXXXXX,"{""P47662"": 26}"
EIGIEDQLX,"{""P47624"": 137}"
EIGIEDQLK,"{""P47624"": 6}"
EIGINXNIX,"{""Q49410"": 488}"
EIGINXNIK,"{""Q49410"": 19}"
EIGINXXXX,"{""Q49410"": 99}"
EIGINKNIX,"{""Q49410"": 27}"
EIGMSFDDL,"{""P47583"": 119}"
EIGCNNWFL,"{""P47628"": 24}"
EIGSXIXXX,"{""P47319"": 95}"
EIGSXXXXX,"{""P47319"": 19}"
EIGSKIXXX,"{""P47319"": 2}"
EIGAAAFYG,"{""P47615"": 108}"
EIGAAAFXG,"{""P47615"": 2}"
EIGFWTVVS,"{""P47494"": 118}"
EIGXLIAQA,"{""P47632"": 111}"
EIGXXXXXX,"{""P47632"": 13}"
EIGXNNWFL,"{""P47628"": 2}"
EIGKLIAQA,"{""P47632"": 5}"
EIGLRQFII,"{""Q9ZB78"": 8}"
EIGLXQFII,"{""Q9ZB78"": 1}"
EIVDQANYE,"{""P47643"": 131}"
EIVDQANXE,"{""P47643"": 1}"
EIVDFIQXT,"{""P47590"": 24}"
EIVDFIQRT,"{""P47590"": 109}"
EIVDXLNII,"{""P47481"": 107}"
EIVDXXXXX,"{""P47481"": 15}"
EIVDKLNII,"{""P47481"": 2}"
EIVLIGQFD,"{""P47463"": 118}"
EIVLXXXXX,"{""P47645"": 90}"
EIVLXETNQ,"{""P47645"": 522}"
EIVLKETNQ,"{""P47645"": 22}"
EIVAPMYEI,"{""P47622"": 584}"
EIVAPMXEI,"{""P47622"": 33}"
EIVSSFQML,"{""P47386"": 119}"
EIVEEFQTQ,"{""Q49460"": 126}"
EIVESIXXE,"{""Q9ZB73"": 81}"
EIVESIXXX,"{""Q9ZB73"": 38}"
EIVESIXKE,"{""Q9ZB73"": 5}"
EIVESIKXE,"{""Q9ZB73"": 5}"
EIVXXXXXX,"{""P47693"": 21}"
EIVXNTXTI,"{""P47693"": 76}"
EIVXNTXXX,"{""P47693"": 11}"
EIVXNTKTI,"{""P47693"": 5}"
EIVKNTXTI,"{""P47693"": 8}"
EIIXIRQWX,"{""P47290"": 16}"
EIIXIXQWX,"{""P47290"": 6}"
EIIXXVQEL,"{""P47423"": 353}"
EIIXXXXXX,"{""P47423"": 210, ""P47290"": 95, ""P47604"": 19}"
EIIXKVQEL,"{""P47423"": 17}"
EIIXTXXXX,"{""P47447"": 3}"
EIIXTXVHE,"{""P47447"": 8}"
EIIXTFVAX,"{""P47604"": 79}"
EIIXTFVAK,"{""P47604"": 7}"
EIINEEEXE,"{""P47493"": 32}"
EIINEEERE,"{""P47493"": 132}"
EIINLETEY,"{""P47597"": 608}"
EIINLETEX,"{""P47597"": 18}"
EIINXXNTQ,"{""P47581"": 91}"
EIINXXXXX,"{""P47581"": 34}"
EIINXLSFL,"{""P47660"": 5}"
EIINXKNTQ,"{""P47581"": 3}"
EIINXTGIS,"{""P20796"": 6}"
EIINRTGIS,"{""P20796"": 24}"
EIINRLSFL,"{""P47660"": 24}"
EIINKXNTQ,"{""P47581"": 3}"
EIIIXXXXX,"{""P47673"": 135}"
EIIIXPFDP,"{""P47673"": 491}"
EIIIKPFDP,"{""P47673"": 22}"
EIISVLAXX,"{""P47491"": 82}"
EIISVLAXF,"{""P47491"": 16}"
EIIFKXYQX,"{""P47357"": 2}"
EIIFEGRID,"{""P47388"": 27}"
EIIFEGXID,"{""P47388"": 6}"
EIIFXKYQX,"{""P47357"": 4}"
EIIFXXYQX,"{""P47357"": 69}"
EIIFXXYQK,"{""P47357"": 1}"
EIIFXXXXX,"{""P47357"": 31}"
EIIFXXXQK,"{""P47357"": 1}"
EIIFXXXQX,"{""P47357"": 3}"
EIIQLLPGF,"{""P47619"": 133}"
EIIRTXXXX,"{""P47447"": 1}"
EIIRTXVHE,"{""P47447"": 20}"
EIIRTKVHE,"{""P47447"": 2}"
EIITXXXXX,"{""P47667"": 22}"
EIITXAFNK,"{""P47667"": 6}"
EIITXAFNX,"{""P47667"": 88}"
EIITKAFNX,"{""P47667"": 5}"
EIIEPFXXX,"{""P47530"": 94}"
EIIEPFXXE,"{""P47530"": 14}"
EIIEPFXKE,"{""P47530"": 1}"
EIIEPFKXX,"{""P47530"": 1}"
EIIEPFKXE,"{""P47530"": 1}"
EIIELISVS,"{""P47505"": 105}"
EIIGANNID,"{""P47660"": 112}"
EIIGRYXSM,"{""P47583"": 3}"
EIIGRYRSM,"{""P47583"": 2}"
EIIKXVQEL,"{""P47423"": 22}"
EIIKXXXXX,"{""P47423"": 6}"
EIIKTFVAX,"{""P47604"": 6}"
EIIKKVQEL,"{""P47423"": 1}"
EIIKIRQWX,"{""P47290"": 1}"
EIXGELXXQ,"{""P47306"": 67}"
EIXGELXXX,"{""P47306"": 29}"
EIXGELKXQ,"{""P47306"": 4}"
EIXLTTLXI,"{""P47655"": 88}"
EIXLTTLXX,"{""P47655"": 14}"
EIXLTTLKI,"{""P47655"": 3}"
EIXLIPIXI,"{""P47613"": 29}"
EIXLIPIXX,"{""P47613"": 2}"
EIXLIPIKI,"{""P47613"": 4}"
EIXLDSTVE,"{""Q49429"": 107}"
EIXXXXXXX,"{""P47318"": 95, ""P47599"": 27, ""P47651"": 102, ""P47497"": 43, ""P47643"": 145, ""P47702"": 21, ""P47310"": 124, ""P47357"": 16, ""P47698"": 40, ""P47264"": 19, ""P47325"": 19, ""P47661"": 27, ""P47388"": 16, ""P47460"": 21, ""P47655"": 23, ""Q49419"": 28, ""P47306"": 16, ""P47465"": 19, ""P47248"": 32, ""Q49429"": 30, ""P47585"": 25, ""P47627"": 4, ""P47397"": 10}"
EIXXIHETS,"{""P47318"": 28}"
EIXXSGFNG,"{""P47698"": 73}"
EIXXQLXYQ,"{""P47497"": 58}"
EIXXQLXXX,"{""P47497"": 13}"
EIXXQLXXQ,"{""P47497"": 2}"
EIXXQLKYQ,"{""P47497"": 5}"
EIXXQXIXX,"{""P47585"": 37}"
EIXXQXIXH,"{""P47585"": 11}"
EIXXQXIKH,"{""P47585"": 1}"
EIXXQXXXX,"{""P47585"": 15}"
EIXXQKIXX,"{""P47585"": 4}"
EIXXMDLLS,"{""P47661"": 88}"
EIXXMQGFE,"{""P47397"": 17}"
EIXXALSGI,"{""P47627"": 1}"
EIXESDAXN,"{""P47264"": 93}"
EIXESDAXX,"{""P47264"": 25}"
EIXESDAKN,"{""P47264"": 2}"
EIXSSSVIN,"{""P47643"": 432}"
EIXSLEDEL,"{""P47460"": 96}"
EIXTGFQEL,"{""Q49419"": 92}"
EIXTAXXXX,"{""P47599"": 96}"
EIXTAXNVA,"{""P47599"": 16}"
EIXTAKNVA,"{""P47599"": 2}"
EIXTTFNPF,"{""P47702"": 104}"
EIXNKSWAL,"{""P47357"": 2}"
EIXNXXXXX,"{""P47357"": 21}"
EIXNXSWAL,"{""P47357"": 78}"
EIXNLGXXX,"{""P47423"": 20}"
EIXNLGXXS,"{""P47423"": 8}"
EIXNLGXKS,"{""P47423"": 1}"
EIXNLGKXX,"{""P47423"": 1}"
EIXNQXXXX,"{""P47604"": 4}"
EIXIAYXXX,"{""P47248"": 71}"
EIXIAYXXL,"{""P47248"": 5}"
EIXIAYXRL,"{""P47248"": 16}"
EIXIAYKRL,"{""P47248"": 1}"
EIXIAXXXX,"{""P47248"": 3}"
EIXIALLDA,"{""P47294"": 4}"
EIXILNLIF,"{""P47388"": 122}"
EIXIEVING,"{""P47302"": 4}"
EIXPQLTVI,"{""P47651"": 7}"
EIXDSAXAD,"{""Q49429"": 94}"
EIXDSAXXX,"{""Q49429"": 15}"
EIXDSAKAD,"{""Q49429"": 5}"
EIXDRDVVN,"{""P47248"": 6}"
EIXDXDVVN,"{""P47248"": 1}"
EIXALTIGD,"{""P47465"": 101}"
EIXFGGGCF,"{""P47648"": 3}"
EIXFGGGXF,"{""P47648"": 1}"
EIXQTYQQX,"{""P47325"": 89}"
EIXQTYQQK,"{""P47325"": 4}"
EIXQTXQQX,"{""P47325"": 7}"
EIXKQLXYQ,"{""P47497"": 2}"
EIXKQLXXX,"{""P47497"": 3}"
EIXKQXIXX,"{""P47585"": 2}"
EIXKQXXXX,"{""P47585"": 1}"
EIXKMDLLS,"{""P47661"": 7}"
EIXKMQGFE,"{""P47397"": 2}"
EIXKSGFNG,"{""P47698"": 6}"
EIHDLLLXX,"{""P47448"": 442}"
EIHDLLLXL,"{""P47448"": 120}"
EIHDLLLKL,"{""P47448"": 7}"
EIHLLVCLI,"{""P47621"": 614}"
EIHLLVXLI,"{""P47621"": 26}"
EIHELPFEX,"{""P47459"": 570}"
EIHELPFEK,"{""P47459"": 2}"
EIPYVELQN,"{""Q49430"": 119}"
EIPVITXNA,"{""P47635"": 21}"
EIPVITXXX,"{""P47635"": 88}"
EIPPVNXXX,"{""Q49430"": 80}"
EIPPVNXSN,"{""Q49430"": 26}"
EIPXVELQN,"{""Q49430"": 6}"
EITGVGLME,"{""P36255"": 663}"
EITIXXXXX,"{""P47352"": 104}"
EITIXATGL,"{""P47352"": 5}"
EITIKATGL,"{""P47352"": 1}"
EITRFHXIY,"{""P47267"": 9}"
EITRFHCIY,"{""P47267"": 100}"
EITRFHCIX,"{""P47267"": 3}"
EITDCSLLI,"{""P47618"": 122}"
EITDXSLLI,"{""P47618"": 6}"
EITXFHCIY,"{""P47267"": 23}"
EITXFHXIY,"{""P47267"": 2}"
EITXSFNXX,"{""P47344"": 22}"
EITXSFNXV,"{""P47344"": 81}"
EITXSFNKV,"{""P47344"": 4}"
EITXXXXXX,"{""P47344"": 22}"
EITWWFXXH,"{""P47386"": 97}"
EITWWFXXX,"{""P47386"": 24}"
EITWWFXKH,"{""P47386"": 6}"
EITWWFKXH,"{""P47386"": 2}"
EITKSFNKV,"{""P47344"": 1}"
EITKSFNXV,"{""P47344"": 6}"
EITKSFNXX,"{""P47344"": 1}"
EITQTILRL,"{""P47653"": 2}"
EITQTILXL,"{""P47653"": 2}"
EILLNVFNG,"{""P47283"": 136}"
EILLVLENT,"{""P47272"": 131}"
EILLGFEIV,"{""P47632"": 107}"
EILSIQASD,"{""P47662"": 623}"
EILXXXXXX,"{""P47583"": 103, ""P47346"": 85}"
EILXXFPYE,"{""P47705"": 2}"
EILXIFXNN,"{""P47583"": 396}"
EILXIFXXX,"{""P47583"": 98}"
EILXIFKNN,"{""P47583"": 18}"
EILXNIDXI,"{""P47346"": 1}"
EILXNIDRI,"{""P47346"": 3}"
EILXKFPYE,"{""P47705"": 1}"
EILEGXXXX,"{""P47639"": 18}"
EILEGXHDH,"{""P47639"": 98}"
EILEGKHDH,"{""P47639"": 5}"
EILESLNIF,"{""P47376"": 10}"
EILPLLEGS,"{""P47632"": 123}"
EILPQEGEX,"{""Q49460"": 11}"
EILPQEGEY,"{""Q49460"": 117}"
EILASPDAX,"{""P47547"": 113}"
EILASPDAK,"{""P47547"": 7}"
EILGXKLQD,"{""P47460"": 5}"
EILGXXLQD,"{""P47460"": 73}"
EILGXXXXX,"{""P47460"": 40}"
EILGKXLQD,"{""P47460"": 7}"
EILYXXXXX,"{""P47705"": 24}"
EILYXFPYE,"{""P47705"": 90}"
EILYXFPXE,"{""P47705"": 2}"
EILYKFPYE,"{""P47705"": 5}"
EILDGGNLT,"{""P47395"": 123}"
EILNXXGXW,"{""P47605"": 22}"
EILNXXGXX,"{""P47605"": 52}"
EILNXXGKW,"{""P47605"": 1}"
EILNXXXXX,"{""P47605"": 42}"
EILNXKGXX,"{""P47605"": 4}"
EILNKXGXX,"{""P47605"": 4}"
EILNKXGXW,"{""P47605"": 2}"
EILFEEFEX,"{""P35888"": 125}"
EILFEEFEK,"{""P35888"": 8}"
EILKIFXNN,"{""P47583"": 17}"
EILKIFXXX,"{""P47583"": 6}"
EILKIFKNN,"{""P47583"": 1}"
EILKNIDRI,"{""P47346"": 1}"
EIDVLGGMQ,"{""P47619"": 605}"
EIDVEDGXX,"{""P47386"": 28}"
EIDVEDGXQ,"{""P47386"": 99}"
EIDVEDGKQ,"{""P47386"": 5}"
EIDTLDVWF,"{""P47587"": 108}"
EIDTLLTQA,"{""P47460"": 162}"
EIDSXXXXX,"{""P47606"": 101}"
EIDSXSVRN,"{""P47606"": 24}"
EIDSXSVXN,"{""P47606"": 2}"
EIDSKSVRN,"{""P47606"": 1}"
EIDFNDEDI,"{""P47483"": 129}"
EIDPLIXQS,"{""P47534"": 97}"
EIDPLIXXX,"{""P47534"": 25}"
EIDPLIKQS,"{""P47534"": 6}"
EIDXXXXXX,"{""P47325"": 35}"
EIDXXTYXS,"{""P47325"": 48}"
EIDXXTYXX,"{""P47325"": 7}"
EIDXXTYKS,"{""P47325"": 2}"
EIDXXTXXS,"{""P47325"": 6}"
EIDXKTYKS,"{""P47325"": 1}"
EIDQPAVIP,"{""P47461"": 115}"
EIDKXTXXS,"{""P47325"": 1}"
EIDKXTYXS,"{""P47325"": 3}"
EIDKXTYKS,"{""P47325"": 1}"
EIQNLGLPV,"{""P47625"": 118}"
EIQXQASLW,"{""P47387"": 1}"
EIQRQASLW,"{""P47387"": 1}"
EIFXYLNTL,"{""P47595"": 24}"
EIFXXXXXX,"{""P47595"": 90}"
EIFLEASDT,"{""P47247"": 129}"
EIFEEGYED,"{""P47268"": 132}"
EIFEEGXED,"{""P47268"": 7}"
EIFDHTMXD,"{""P47481"": 5}"
EIFDHTMRD,"{""P47481"": 27}"
EIFTDFEGS,"{""P47534"": 106}"
EIFMSLLIE,"{""P47580"": 25}"
EIFKYLNTL,"{""P47595"": 1}"
EINPELSAS,"{""P47368"": 593}"
EINPVEIPN,"{""P47277"": 593}"
EINFYANNE,"{""P47247"": 128}"
EINFXANNE,"{""P47247"": 5}"
EINIPAGMY,"{""P47265"": 135}"
EINIPAGMX,"{""P47265"": 9}"
EINXIVWVX,"{""P47301"": 95}"
EINXXXXXX,"{""P47301"": 19}"
EINXLTIEN,"{""Q49430"": 4}"
EINQISDLP,"{""P47593"": 129}"
EINAFNXTI,"{""P47534"": 111}"
EINAFNXXX,"{""P47534"": 21}"
EINAFNKTI,"{""P47534"": 6}"
EINKIVWVX,"{""P47301"": 5}"
EINRLTIEN,"{""Q49430"": 21}"
EINDILNQP,"{""P47508"": 6}"
EINLDNLSS,"{""P55750"": 9}"
EIANFIDNI,"{""P47496"": 124}"
EIANAYSEL,"{""P47382"": 28}"
EIANAXSEL,"{""P47382"": 3}"
EIALNIXHL,"{""P47421"": 460}"
EIALNIXXX,"{""P47421"": 132}"
EIALNIKHL,"{""P47421"": 23}"
EIAXXXXXX,"{""P47514"": 116, ""P47347"": 103, ""P47368"": 91, ""Q49406"": 21, ""P47529"": 14}"
EIAXXNQII,"{""P47347"": 22}"
EIAXTFSFL,"{""Q49406"": 111}"
EIAXKNQII,"{""P47347"": 1}"
EIAXSXXXX,"{""P47529"": 22}"
EIAXSXNFN,"{""P47529"": 69}"
EIAXSKNFN,"{""P47529"": 2}"
EIAXFVPRF,"{""P47368"": 25}"
EIAXFVPXF,"{""P47368"": 6}"
EIAELVTXV,"{""P47520"": 114}"
EIAELVTXX,"{""P47520"": 21}"
EIAELVTKV,"{""P47520"": 4}"
EIAKTFSFL,"{""Q49406"": 6}"
EIAKXXXXX,"{""P47347"": 4}"
EIAKXNQII,"{""P47347"": 1}"
EIAKFVPRF,"{""P47368"": 3}"
EIAKSXXXX,"{""P47529"": 1}"
EIAKSXNFN,"{""P47529"": 2}"
EIAQYXLVD,"{""P47327"": 91}"
EIAQYXXXX,"{""P47327"": 24}"
EIAQYKLVD,"{""P47327"": 1}"
EIAQXXLVD,"{""P47327"": 7}"
EIAQXXXXX,"{""P47327"": 1}"
EIYFGGGCF,"{""P47648"": 120}"
EIYFGGGXF,"{""P47648"": 4}"
EIYNADLAN,"{""P47267"": 29}"
EIYQRHLMH,"{""P47340"": 3}"
EIEATEXXX,"{""P47460"": 80}"
EIEATEXQL,"{""P47460"": 28}"
EIEILCXNA,"{""P55825"": 100}"
EIEILCXXX,"{""P55825"": 18}"
EIEILCKNA,"{""P55825"": 7}"
EIEILXXNA,"{""P55825"": 5}"
EIEILXXXX,"{""P55825"": 2}"
EIEILXKNA,"{""P55825"": 1}"
EIEQAFXNX,"{""P47525"": 93}"
EIEQAFXNK,"{""P47525"": 3}"
EIEQAFXXX,"{""P47525"": 18}"
EIEQAFKNX,"{""P47525"": 13}"
EIEPIFDLV,"{""Q9ZB71"": 107}"
EIERLEXFF,"{""P47316"": 91}"
EIERLEXXX,"{""P47316"": 25}"
EIERLEKFF,"{""P47316"": 5}"
EIELSDPVE,"{""P47632"": 110}"
EIENCIQAX,"{""P47637"": 104}"
EIENCIQAK,"{""P47637"": 7}"
EIENLEXXX,"{""P47615"": 91}"
EIENLEXLT,"{""P47615"": 26}"
EIENLEKLT,"{""P47615"": 1}"
EIENXIQAX,"{""P47637"": 4}"
EIEXXXXXX,"{""P47587"": 83}"
EIEXLXXEG,"{""P47587"": 4}"
EIEXLXXXX,"{""P47587"": 2}"
EIEXLEXFF,"{""P47316"": 15}"
EIEXLEXXX,"{""P47316"": 3}"
EIEXLEKFF,"{""P47316"": 1}"
EIEXLRXEG,"{""P47587"": 13}"
EIEXLRXXX,"{""P47587"": 2}"
EIEEFQTXL,"{""P47597"": 104}"
EIEEFQTXX,"{""P47597"": 20}"
EIEEFQTKL,"{""P47597"": 1}"
EIEDIANLA,"{""P47691"": 35}"
EIEKLRXEG,"{""P47587"": 1}"
EIRLIPIXX,"{""P47613"": 23}"
EIRLIPIXI,"{""P47613"": 109}"
EIRLIPIKI,"{""P47613"": 2}"
EIRNLGXXX,"{""P47423"": 95}"
EIRNLGXXS,"{""P47423"": 13}"
EIRNLGKXX,"{""P47423"": 3}"
EIRNLGKXS,"{""P47423"": 1}"
EIRNQXXXX,"{""P47604"": 30}"
EIRXMQGFE,"{""P47397"": 105}"
EIRXXXXXX,"{""P47627"": 15, ""P47397"": 16}"
EIRXALSGI,"{""P47627"": 3}"
EIRDRDVVN,"{""P47248"": 12}"
EIRDXDVVN,"{""P47248"": 4}"
EIRIEVING,"{""P47302"": 21}"
EIRIALLDA,"{""P47294"": 17}"
EIRKALSGI,"{""P47627"": 1}"
EIRKMQGFE,"{""P47397"": 5}"
EIMRSIXXX,"{""Q49310"": 21}"
EIMQKIDSX,"{""P47484"": 7}"
EIMQXXXXX,"{""P47484"": 21}"
EIMQXIDSX,"{""P47484"": 94}"
EIMQXIDSK,"{""P47484"": 7}"
EIMXSIXXX,"{""Q49310"": 5}"
EIKSSSVIN,"{""P47643"": 24}"
EIKSLEDEL,"{""P47460"": 8}"
EIKTAXNVA,"{""P47599"": 2}"
EIKTAXXXX,"{""P47599"": 4}"
EIKTTFNPF,"{""P47702"": 4}"
EIKTGFQEL,"{""Q49419"": 3}"
EIKXMDLLS,"{""P47661"": 7}"
EIKXQXIXX,"{""P47585"": 3}"
EIKXQXIXH,"{""P47585"": 1}"
EIKXQXXXX,"{""P47585"": 1}"
EIKXQLXXX,"{""P47497"": 2}"
EIKXQLXYQ,"{""P47497"": 2}"
EIKXQKIXH,"{""P47585"": 1}"
EIKXXXXXX,"{""P47585"": 1, ""P47497"": 1}"
EIKXSGFNG,"{""P47698"": 7}"
EIKIAYXXX,"{""P47248"": 3}"
EIKILNLIF,"{""P47388"": 3}"
EIKLDSTVE,"{""Q49429"": 5}"
EIKLTTLXI,"{""P47655"": 3}"
EIKGELXXQ,"{""P47306"": 2}"
EIKGELXXX,"{""P47306"": 1}"
EIKDSAXAD,"{""Q49429"": 7}"
EIKDSAXXX,"{""Q49429"": 1}"
EIKALTIGD,"{""P47465"": 5}"
EIKQTYQQX,"{""P47325"": 7}"
EIKQTYQQK,"{""P47325"": 1}"
EIKQTXQQX,"{""P47325"": 1}"
EIKESDAXN,"{""P47264"": 6}"
EIKKIHETS,"{""P47318"": 1}"
EIKNXSWAL,"{""P47357"": 2}"
EIKNXXXXX,"{""P47357"": 2}"
EHIVXASLE,"{""P47284"": 516}"
EHIVXXXXX,"{""P47284"": 114}"
EHIVKASLE,"{""P47284"": 32}"
EHILLARQV,"{""P13927"": 109}"
EHILLAXQV,"{""P13927"": 28}"
EHFLVFTER,"{""P47612"": 20}"
EHFLVFTEX,"{""P47612"": 9}"
EHFENNAIX,"{""P47457"": 111}"
EHFENNAIK,"{""P47457"": 1}"
EHFQSWEWN,"{""P47512"": 145}"
EHTXXXXXX,"{""P47271"": 95}"
EHTXLRTPH,"{""P47271"": 23}"
EHTXLXTPH,"{""P47271"": 5}"
EHTKLRTPH,"{""P47271"": 1}"
EHQQILVGD,"{""P47580"": 569}"
EHQGLNLSX,"{""P47547"": 123}"
EHQGLNLSK,"{""P47547"": 3}"
EHQIEALNX,"{""Q49407"": 109}"
EHQIEALNK,"{""Q49407"": 3}"
EHWQFSCEV,"{""P47281"": 597}"
EHWQFSXEV,"{""P47281"": 31}"
EHNTIDFEX,"{""P47369"": 642}"
EHNTIDFEK,"{""P47369"": 23}"
EHNNLAIEV,"{""Q9ZB73"": 128}"
EHDINGFEX,"{""P47277"": 119}"
EHDINGFEK,"{""P47277"": 4}"
EHXELVASV,"{""P47460"": 484}"
EHXXXXXXX,"{""P47460"": 109}"
EHXHXXXXX,"{""Q9ZB70"": 5}"
EHXHXXVHX,"{""Q9ZB70"": 2}"
EHHTALXXX,"{""P47326"": 66}"
EHHTALXLH,"{""P47326"": 26}"
EHKELVASV,"{""P47460"": 27}"
EHRHXXXXX,"{""Q9ZB70"": 10}"
EHRHXXVHX,"{""Q9ZB70"": 17}"
EHRHXKVHX,"{""Q9ZB70"": 1}"
EHRHKKVHX,"{""Q9ZB70"": 1}"
EHGTIVEFV,"{""P47249"": 120}"
EHGVXXSSN,"{""Q49402"": 80}"
EHGVXXXXX,"{""Q49402"": 41}"
EHGVXKSSN,"{""Q49402"": 2}"
EHGVKXSSN,"{""Q49402"": 6}"
EHGVKXXXX,"{""Q49402"": 2}"
EHGVKKSSN,"{""Q49402"": 1}"
EHGPDLAHI,"{""P47700"": 138}"
EHSNLIFVT,"{""P47584"": 113}"
EHSQEFFRS,"{""P47359"": 2}"
EHSQEFFXS,"{""P47359"": 1}"
EHSGLSVFA,"{""P47639"": 7}"
EHAYRYPHE,"{""P47326"": 2}"
EWYSAYMSE,"{""P47660"": 546}"
EWYSAXMSE,"{""P47660"": 37}"
EWXVEVSDD,"{""P47617"": 90}"
EWXSAYMSE,"{""P47660"": 37}"
EWXSAXMSE,"{""P47660"": 2}"
EWXXXXXXX,"{""P47617"": 21}"
EWNXXXXXX,"{""P47294"": 18}"
EWNXMQLXA,"{""P47294"": 86}"
EWNXMQLXX,"{""P47294"": 12}"
EWNXMQLKA,"{""P47294"": 2}"
EWNPVMLDV,"{""P47258"": 649}"
EWNKMQLXA,"{""P47294"": 4}"
EWLPWEFNA,"{""P47592"": 637}"
EWLHYNLDQ,"{""P47685"": 120}"
EWLHXNLDQ,"{""P47685"": 3}"
EWLNLPLYS,"{""P47256"": 33}"
EWLNLPLXS,"{""P47256"": 1}"
EWDDIXXXX,"{""Q49410"": 32}"
EWDDIXQXX,"{""Q49410"": 79}"
EWDDIXQXW,"{""Q49410"": 14}"
EWDDIXQKW,"{""Q49410"": 1}"
EWDDIKQXX,"{""Q49410"": 2}"
EWDDIKQXW,"{""Q49410"": 2}"
EWDLLSQXX,"{""P47288"": 113}"
EWDLLSQXK,"{""P47288"": 8}"
EWDLLSQKX,"{""P47288"": 4}"
EWSILHXQX,"{""P47495"": 101}"
EWSILHXQK,"{""P47495"": 4}"
EWSILHXXX,"{""P47495"": 25}"
EWSILHKQX,"{""P47495"": 5}"
EWFCRLIEL,"{""Q49424"": 20}"
EWFCXLIEL,"{""Q49424"": 6}"
EWFXRLIEL,"{""Q49424"": 3}"
EWFXXLIEL,"{""Q49424"": 1}"
EWIDQTLFI,"{""P47321"": 131}"
EWKVEVSDD,"{""P47617"": 6}"
ERELXNLLN,"{""P47311"": 115}"
ERELXXXXX,"{""P47311"": 14}"
ERELXSQAN,"{""P47693"": 2}"
ERELYSQAN,"{""P47693"": 25}"
ERELEXXXX,"{""P47336"": 26}"
ERELEXWTV,"{""P47336"": 1}"
ERELKNLLN,"{""P47311"": 2}"
EREAAXXXX,"{""P47342"": 34}"
EREAYEXSF,"{""P47342"": 108}"
EREAYEXXX,"{""P47342"": 26}"
EREAYEKSF,"{""P47342"": 4}"
EREAXEXSF,"{""P47342"": 2}"
EREXAXXXX,"{""P47530"": 25}"
EREXXXXXX,"{""P47530"": 2}"
EREVHEEVY,"{""P47300"": 16}"
EREVHEEVX,"{""P47300"": 3}"
ERETIQXXX,"{""P47355"": 22}"
EREGILXVH,"{""P47695"": 14}"
EREGILXXX,"{""P47695"": 3}"
EREGILKVH,"{""P47695"": 2}"
EREKAXXXX,"{""P47530"": 1}"
ERSGXSAXI,"{""P47682"": 76}"
ERSGXSAXX,"{""P47682"": 10}"
ERSGXSAKI,"{""P47682"": 2}"
ERSGXXXXX,"{""P47682"": 24}"
ERSGKSAXX,"{""P47682"": 1}"
ERSGKSAXI,"{""P47682"": 2}"
ERSQVYESL,"{""P47264"": 22}"
ERSQVXESL,"{""P47264"": 1}"
ERXXXXXXX,"{""P47703"": 14, ""P47319"": 5, ""P47632"": 20, ""P47656"": 14}"
ERXVFTTIL,"{""P47703"": 91}"
ERXIXVAYI,"{""P47319"": 19}"
ERXIXXXXX,"{""P47319"": 3}"
ERXIKVAYI,"{""P47319"": 1}"
ERXENETSV,"{""P47632"": 2}"
ERAINSXDS,"{""P47460"": 106}"
ERAINSXXX,"{""P47460"": 16}"
ERAINSKDS,"{""P47460"": 5}"
ERASDILDL,"{""P47668"": 5}"
ERGITIXXX,"{""P47384"": 17}"
ERGITIXLN,"{""P47384"": 92}"
ERGITITSA,"{""P47335"": 26}"
ERGITIKLN,"{""P47384"": 4}"
ERGIXXXXX,"{""P47285"": 4}"
ERGIXNSIP,"{""P47285"": 12}"
ERGIKNSIP,"{""P47285"": 2}"
ERGWXAITV,"{""P47277"": 20}"
ERGWXXXXX,"{""P47277"": 6}"
ERGWKAITV,"{""P47277"": 1}"
ERIELRNEG,"{""P47547"": 22}"
ERIELXNEG,"{""P47547"": 7}"
ERIEKELNA,"{""P47277"": 3}"
ERIEXELNA,"{""P47277"": 18}"
ERIEXXXXX,"{""P47277"": 8}"
ERIXLLXTN,"{""P47484"": 14}"
ERIXLLXXX,"{""P47484"": 7}"
ERIXXXXXX,"{""P47484"": 3}"
ERIAYLSQG,"{""P47632"": 6}"
ERIVEYLAV,"{""P47481"": 7}"
ERIVEXLAV,"{""P47481"": 1}"
ERIQAYAER,"{""Q49419"": 5}"
ERIQAYAEX,"{""Q49419"": 1}"
ERIYLSLGI,"{""P47483"": 20}"
ERQNDVGEY,"{""P47386"": 101}"
ERQNDVGEX,"{""P47386"": 4}"
ERQLNEWQX,"{""P47273"": 19}"
ERQLNEWQK,"{""P47273"": 2}"
ERNLXIFAN,"{""P47664"": 84}"
ERNLXXXXX,"{""P47664"": 26}"
ERNLLDQQX,"{""P47460"": 26}"
ERNLLDQQK,"{""P47460"": 1}"
ERNLKIFAN,"{""P47664"": 4}"
ERNYPLDDS,"{""P47528"": 92}"
ERNIQLINY,"{""P47496"": 24}"
ERNIETYRD,"{""P47663"": 2}"
ERNXPLDDS,"{""P47528"": 4}"
ERLQNSFAY,"{""P47508"": 29}"
ERLQSVVWI,"{""P47651"": 24}"
ERLXRILSL,"{""Q49407"": 3}"
ERLXXXXXX,"{""Q49407"": 17}"
ERLXXILSL,"{""Q49407"": 2}"
ERLLNLFSI,"{""Q49404"": 20}"
ERLDFLIKN,"{""P47473"": 2}"
ERLDFLIXX,"{""P47473"": 3}"
ERLDFLIXN,"{""P47473"": 19}"
ERLEREYNL,"{""P47384"": 6}"
ERLEREXNL,"{""P47384"": 1}"
ERLEXEYNL,"{""P47384"": 1}"
ERTSVNNXN,"{""P47253"": 107}"
ERTSVNNXX,"{""P47253"": 31}"
ERTSVNNKN,"{""P47253"": 1}"
ERTXXXXXX,"{""P47301"": 5}"
ERTXEXXXX,"{""P47301"": 6}"
ERTXEXEXH,"{""P47301"": 11}"
ERTXEXEXX,"{""P47301"": 1}"
ERTXEXEKH,"{""P47301"": 1}"
ERTXEKEXH,"{""P47301"": 1}"
ERTKEXEXH,"{""P47301"": 2}"
ERKXXXXXX,"{""P47656"": 2}"
ERKVFTTIL,"{""P47703"": 4}"
ERKIXVAXI,"{""P47319"": 1}"
ERMGHIALV,"{""P47582"": 115}"
ERMXXXXXX,"{""Q49434"": 3}"
ERMXSDDSP,"{""Q49434"": 17}"
ERFGYYXDL,"{""P47580"": 19}"
ERFGYYXXX,"{""P47580"": 3}"
ERFGYYKDL,"{""P47580"": 2}"
ERFGYXXDL,"{""P47580"": 1}"
ERFGXYXDL,"{""P47580"": 2}"
ERFDXEFVQ,"{""P47278"": 18}"
ERFDXXXXX,"{""P47278"": 3}"
ERFDKEFVQ,"{""P47278"": 1}"
ERVSRLVXX,"{""P47335"": 10}"
ERVSXLVXX,"{""P47335"": 1}"
ERDYLPLIG,"{""Q49429"": 29}"
ERRSLXEQS,"{""P47643"": 3}"
ERRCSNXXX,"{""P47592"": 6}"
ERRCSNXGD,"{""P47592"": 1}"
ERRXSNXXX,"{""P47592"": 1}"
ERPSLLRXP,"{""P47373"": 1}"
ERPSLLRRP,"{""P47373"": 2}"
ERPSLLXRP,"{""P47373"": 2}"
ERYENETSV,"{""P47632"": 22}"
EKQAFLNLR,"{""P47460"": 4}"
EKQAFLNLX,"{""P47460"": 1}"
EKQALXXAY,"{""Q49407"": 4}"
EKQAXXXXX,"{""P47246"": 1}"
EKQAXVLXF,"{""P47246"": 1}"
EKQAXVLXX,"{""P47246"": 1}"
EKQNLTFAE,"{""P47302"": 11}"
EKQXXXXXX,"{""Q49412"": 21, ""P57085"": 1, ""P47703"": 2}"
EKQXIAQXX,"{""P57085"": 17}"
EKQXIAQKX,"{""P57085"": 3}"
EKQXLFLQL,"{""P47703"": 4}"
EKQDDXLFI,"{""P47313"": 5}"
EKQDDXXXX,"{""P47313"": 1}"
EKQTHLWNX,"{""P47313"": 4}"
EKLVNLFIE,"{""Q49430"": 32}"
EKLVLELAL,"{""P47563"": 6}"
EKLVEAMGX,"{""P47591"": 5}"
EKLVSXFDN,"{""P47492"": 2}"
EKLVSXXXX,"{""P47492"": 2}"
EKLTAYDDA,"{""P47301"": 5}"
EKLIDNFXX,"{""P47446"": 17}"
EKLIDNFXF,"{""P47446"": 4}"
EKLATDFTN,"{""P47460"": 37}"
EKLAFVGXG,"{""P47631"": 6}"
EKLAFVGXX,"{""P47631"": 1}"
EKLAXXXXX,"{""P47266"": 2}"
EKLAXAWVD,"{""P47266"": 3}"
EKLLNVLSE,"{""P47581"": 3}"
EKLMVGSFS,"{""P47317"": 5}"
EKLXIIREE,"{""P47481"": 3}"
EKLEXLTGN,"{""P47547"": 5}"
EKLESDRXQ,"{""P47700"": 2}"
EKLQXLLEI,"{""P47288"": 2}"
EKDWSEALM,"{""P47266"": 29}"
EKDLNTXAQ,"{""P47460"": 6}"
EKDLFICGG,"{""P47470"": 5}"
EKDYFXNXX,"{""P47606"": 1}"
EKDYFXNXP,"{""P47606"": 1}"
EKDYGYLGS,"{""P47336"": 21}"
EKDXXXXXX,"{""P47445"": 3}"
EKDXGYLGS,"{""P47336"": 2}"
EKDXFXNXP,"{""P47606"": 1}"
EKDXFXXXX,"{""P47606"": 1}"
EKDXNFQLS,"{""P47445"": 2}"
EKDAYQAAA,"{""P47299"": 3}"
EKDPNIQIT,"{""P35888"": 1}"
EKXPXLPFX,"{""P47301"": 2}"
EKXLNPEDS,"{""Q49429"": 11}"
EKXXEIIXX,"{""P47290"": 2}"
EKXXXXXXX,"{""P47290"": 1, ""P47693"": 1, ""Q49429"": 16, ""P47405"": 3, ""P47619"": 1, ""P47682"": 2, ""P47442"": 4, ""P47595"": 1, ""P47352"": 1, ""P47301"": 1}"
EKXXQELIS,"{""P47619"": 1}"
EKXXQNYSX,"{""P47702"": 1}"
EKXIXXXXX,"{""P47595"": 1}"
EKXIXEIFX,"{""P47595"": 1}"
EKXILXIAQ,"{""P47591"": 1}"
EKXCLLINP,"{""P47352"": 5}"
EKXNNFYVG,"{""P47693"": 3}"
EKXRSLSQX,"{""P47658"": 1}"
EKIISNDAT,"{""P47387"": 24}"
EKIENQXMC,"{""P47607"": 3}"
EKIENQXMX,"{""P47607"": 1}"
EKIENQKMC,"{""P47607"": 1}"
EKITLVFVT,"{""P47532"": 33}"
EKITINGNG,"{""P47341"": 18}"
EKISIVLQD,"{""P47261"": 24}"
EKILFGXLA,"{""P47445"": 1}"
EKILFGXXX,"{""P47445"": 2}"
EKIXXXXXX,"{""P47658"": 3}"
EKIXQIENX,"{""P47491"": 2}"
EKIXIEXXX,"{""P47658"": 1}"
EKIDYVXSS,"{""P47513"": 4}"
EKIDYVXXX,"{""P47513"": 1}"
EKIDXVXXX,"{""P47513"": 1}"
EKIPTFNTE,"{""P47473"": 5}"
EKIAGXMFS,"{""P47467"": 1}"
EKIRQIENX,"{""P47491"": 2}"
EKVPFLAXQ,"{""P47507"": 17}"
EKVPFLAKQ,"{""P47507"": 1}"
EKVXAIVDN,"{""P47606"": 6}"
EKVXXXXXX,"{""P47520"": 5, ""P47606"": 2}"
EKVXXSLAK,"{""P47520"": 2}"
EKVXXSLAX,"{""P47520"": 12}"
EKVXKSLAX,"{""P47520"": 1}"
EKVXSEFLX,"{""P47576"": 2}"
EKVQPXAXV,"{""P47387"": 5}"
EKVQPXAXX,"{""P47387"": 2}"
EKVAQERXE,"{""P47460"": 1}"
EKVAQEXXE,"{""P47460"": 1}"
EKVKAIVDN,"{""P47606"": 1}"
EKVSDEIQN,"{""P47582"": 2}"
EKEIEATEX,"{""P47460"": 8}"
EKEIAXXXX,"{""P47368"": 7}"
EKEIAXFVP,"{""P47368"": 2}"
EKEINFYAN,"{""P47247"": 4}"
EKEINFXAN,"{""P47247"": 1}"
EKEQTVPEV,"{""P47277"": 4}"
EKEXXXXXX,"{""P47682"": 17, ""P47387"": 1}"
EKEXHESLA,"{""P47301"": 3}"
EKEXVQPXA,"{""P47387"": 5}"
EKEEQXXLX,"{""P47604"": 4}"
EKEEQKXLX,"{""P47604"": 1}"
EKELMXXXX,"{""P36263"": 4}"
EKELMXFVC,"{""P36263"": 1}"
EKELXAFXD,"{""P47460"": 1}"
EKELXAFXX,"{""P47460"": 1}"
EKELVERDC,"{""P47368"": 1}"
EKSWLESQL,"{""P47369"": 26}"
EKSVWLSXX,"{""P47566"": 4}"
EKSLWEFLH,"{""Q49409"": 26}"
EKSXXXXXX,"{""P47666"": 2}"
EKSXGINPL,"{""P47666"": 2}"
EKSIVSFFN,"{""Q49419"": 4}"
EKSINLVVE,"{""P47637"": 1}"
EKPIEXQSQ,"{""Q49411"": 6}"
EKPLTLQFE,"{""P47649"": 5}"
EKPGVMFGN,"{""P47581"": 15}"
EKPANGTSS,"{""P47563"": 4}"
EKHESLAXE,"{""P47301"": 8}"
EKGMGATVV,"{""P20796"": 26}"
EKGYNXXXX,"{""P47407"": 18}"
EKGXXXXXX,"{""P22747"": 5}"
EKNDESFQX,"{""P47264"": 6}"
EKNDESFQK,"{""P47264"": 1}"
EKNLLXIHL,"{""P47627"": 2}"
EKNLLXXXX,"{""P47627"": 3}"
EKNNLXLFD,"{""P47491"": 4}"
EKNNLKLFD,"{""P47491"": 1}"
EKNNQTLXT,"{""P47580"": 18}"
EKNNQTLXX,"{""P47580"": 5}"
EKNSLAVEM,"{""P47295"": 8}"
EKNCXQSKS,"{""P47526"": 1}"
EKNCXQSXS,"{""P47526"": 3}"
EKNCXQSXX,"{""P47526"": 1}"
EKNTNLXTI,"{""P47706"": 4}"
EKNTNLXXX,"{""P47706"": 3}"
EKTIRTVVY,"{""P47543"": 2}"
EKTISAYXG,"{""P47481"": 2}"
EKTTVIGGX,"{""P47632"": 2}"
EKTGVVQXX,"{""P47498"": 4}"
EKTLEILFN,"{""P35888"": 5}"
EKTHIXGFN,"{""P47525"": 1}"
EKYILXIAQ,"{""P47591"": 21}"
EKYILXXXX,"{""P47591"": 4}"
EKYQQVISN,"{""P47448"": 4}"
EKYDSMLXV,"{""P47248"": 1}"
EKYDSMLXX,"{""P47248"": 1}"
EKAXADYEE,"{""P47530"": 2}"
EKAXXXXXX,"{""P47530"": 19}"
EKAXQXQXX,"{""P47402"": 2}"
EKAEXDXXX,"{""P47278"": 8}"
EKAEXXXXX,"{""P47278"": 2}"
EKATIIQSE,"{""P47300"": 9}"
EKAAILAXP,"{""P47329"": 5}"
EKAAILAXX,"{""P47329"": 1}"
EKAAILAKP,"{""P47329"": 1}"
EKADFENIN,"{""P47597"": 5}"
EKMVLXXXX,"{""P47350"": 5}"
EKMVLXGRX,"{""P47350"": 2}"
EKMILLSSN,"{""P47625"": 3}"
EKMXXXXXX,"{""P47653"": 1}"
EKMXXDRXX,"{""P47653"": 1}"
EKFRNFANE,"{""P47523"": 5}"
EKFDRSXPH,"{""P13927"": 6}"
EKFNXSSDL,"{""P47502"": 2}"
EKFNXXXXX,"{""P47502"": 2}"
EKFEFLNPV,"{""Q49429"": 3}"
EKFXNFANE,"{""P47523"": 1}"
EKRXQNYSX,"{""P47702"": 4}"
EKRXXXXXX,"{""P47290"": 2}"
EKRXEIIXI,"{""P47290"": 2}"
EKRXEIIXX,"{""P47290"": 1}"
EKRLLEEXX,"{""Q49417"": 1}"
EKRKQNYSX,"{""P47702"": 1}"
ECATGFEXX,"{""P47464"": 86}"
ECATGFEXY,"{""P47464"": 25}"
ECATGFEKY,"{""P47464"": 1}"
ECFNXIAXX,"{""P47498"": 89}"
ECFNXIAKX,"{""P47498"": 3}"
ECFNXXXXX,"{""P47498"": 13}"
ECFNKIAXX,"{""P47498"": 4}"
ECNFNLFDV,"{""P47492"": 116}"
ECISALXLX,"{""P47618"": 96}"
ECISALXLK,"{""P47618"": 2}"
ECISALXXX,"{""P47618"": 21}"
ECISALKLX,"{""P47618"": 2}"
ECRATVGVV,"{""P47400"": 17}"
ECXATVGVV,"{""P47400"": 6}"
DLVVVSPDY,"{""P47304"": 117}"
DLVVVSPDX,"{""P47304"": 4}"
DLVIASXAW,"{""P47295"": 98}"
DLVIASXXX,"{""P47295"": 17}"
DLVIASKAW,"{""P47295"": 4}"
DLVLDGMRI,"{""P47360"": 120}"
DLVLDGMXI,"{""P47360"": 33}"
DLVTNDTGL,"{""P22747"": 138}"
DLVESQYQQ,"{""P47551"": 131}"
DLVESQXQQ,"{""P47551"": 6}"
DLFNXAXXA,"{""P47695"": 297}"
DLFNXAXXX,"{""P47695"": 175}"
DLFNXAXKA,"{""P47695"": 17}"
DLFNXAKXA,"{""P47695"": 15}"
DLFNXAKXX,"{""P47695"": 3}"
DLFNXAKKA,"{""P47695"": 1}"
DLFNXXXXX,"{""P47695"": 97}"
DLFNKAXXA,"{""P47695"": 17}"
DLFNKAXXX,"{""P47695"": 12}"
DLFNKAXKA,"{""P47695"": 1}"
DLFNKAKXX,"{""P47695"": 1}"
DLFANTXEA,"{""P47660"": 463}"
DLFANTXXX,"{""P47660"": 143}"
DLFANTKEA,"{""P47660"": 17}"
DLFADMLFG,"{""P47321"": 617}"
DLFLXQQQE,"{""P47339"": 482}"
DLFLXXXXX,"{""P47339"": 126}"
DLFLQMDAL,"{""P47549"": 596}"
DLFLKQQQE,"{""P47339"": 19}"
DLFIDSIXE,"{""P47291"": 102}"
DLFIDSIXX,"{""P47291"": 19}"
DLFIDSIKE,"{""P47291"": 4}"
DLFICGGXS,"{""P47470"": 84}"
DLFICGGXX,"{""P47470"": 15}"
DLFICGGKS,"{""P47470"": 3}"
DLFIXGGXS,"{""P47470"": 5}"
DLXXXXXXX,"{""P47355"": 90, ""P47427"": 566, ""P47326"": 102, ""P47540"": 33, ""P47458"": 26, ""P47445"": 29, ""P47369"": 19, ""Q49416"": 18}"
DLXXLTLQA,"{""P47540"": 73}"
DLXXGXXXX,"{""P47445"": 2}"
DLXXGXIII,"{""P47445"": 1}"
DLXPENILF,"{""P47355"": 519}"
DLXPSHLRQ,"{""P47326"": 7}"
DLXQAQXLT,"{""P47369"": 85}"
DLXQAQXXX,"{""P47369"": 14}"
DLXQAQKLT,"{""P47369"": 1}"
DLXQLYDLF,"{""Q49416"": 110}"
DLXQLXDLF,"{""Q49416"": 7}"
DLXDIDFGL,"{""P47458"": 87}"
DLXDNAAQL,"{""P47563"": 3}"
DLXEQLQNX,"{""Q49419"": 36}"
DLXYGXXXX,"{""P47445"": 72}"
DLXYGXIII,"{""P47445"": 19}"
DLXYGKIII,"{""P47445"": 1}"
DLXLFSLQX,"{""P47423"": 3}"
DLXLFSLQK,"{""P47423"": 1}"
DLXMHTDVQ,"{""P47249"": 5}"
DLXKLTLQA,"{""P47540"": 4}"
DLXTFVCYE,"{""P47482"": 1}"
DLNSAINLS,"{""P47540"": 110}"
DLNXAYIYA,"{""P47473"": 483}"
DLNXAYIXA,"{""P47473"": 19}"
DLNXAXIYA,"{""P47473"": 19}"
DLNXPNLSF,"{""P47500"": 110}"
DLNXXXXXX,"{""P47500"": 16, ""P47473"": 96}"
DLNTXAQQI,"{""P47460"": 96}"
DLNTXXXXX,"{""P47460"": 25}"
DLNTLTIAS,"{""P47313"": 127}"
DLNTKAQQI,"{""P47460"": 5}"
DLNIQYQXX,"{""P47615"": 29}"
DLNIQYQXE,"{""P47615"": 111}"
DLNIQYQKE,"{""P47615"": 6}"
DLNIQXQXE,"{""P47615"": 8}"
DLNIDIFFS,"{""P47255"": 121}"
DLNDFATXI,"{""P47431"": 10}"
DLNDFATRI,"{""P47431"": 19}"
DLNFEIRDL,"{""P47292"": 37}"
DLNFEIXDL,"{""P47292"": 7}"
DLNQSAGFV,"{""P47681"": 31}"
DLNLVXTNN,"{""P47690"": 101}"
DLNLVXXXX,"{""P47690"": 11}"
DLNLVKTNN,"{""P47690"": 4}"
DLNKAYIYA,"{""P47473"": 36}"
DLNKPNLSF,"{""P47500"": 2}"
DLGILICGT,"{""P47636"": 113}"
DLGILIXGT,"{""P47636"": 3}"
DLGNTLLVV,"{""P47660"": 630}"
DLGSVNSTS,"{""P47580"": 118}"
DLGTRIVFQ,"{""P47279"": 126}"
DLGTXIVFQ,"{""P47279"": 32}"
DLGAAGVMR,"{""P47315"": 3}"
DLGAAGVMX,"{""P47315"": 1}"
DLTELXXXX,"{""P47477"": 480}"
DLTELXXVI,"{""P47477"": 5}"
DLTELXYVI,"{""P47477"": 126}"
DLTELKYVI,"{""P47477"": 6}"
DLTSNXXXX,"{""Q49408"": 98}"
DLTSNXEFT,"{""Q49408"": 519}"
DLTSNKEFT,"{""Q49408"": 19}"
DLTTQKENS,"{""P47547"": 4}"
DLTTQXXXX,"{""P47547"": 28}"
DLTTQXENS,"{""P47547"": 114}"
DLTFSFTNP,"{""P47437"": 105}"
DLTPLTXLT,"{""P47480"": 96}"
DLTPLTXXX,"{""P47480"": 19}"
DLTPLTKLT,"{""P47480"": 2}"
DLTXXXXXX,"{""P47294"": 17}"
DLTXTISXM,"{""P47294"": 79}"
DLTXTISXX,"{""P47294"": 18}"
DLTXTISKM,"{""P47294"": 4}"
DLTKTISXM,"{""P47294"": 3}"
DLLNITIIF,"{""P47325"": 613}"
DLLAXFFNA,"{""Q49420"": 499}"
DLLAXXXXX,"{""Q49420"": 103}"
DLLAKFFNA,"{""Q49420"": 25}"
DLLSPIDWS,"{""P47291"": 637}"
DLLSAXXXX,"{""P47496"": 22}"
DLLSAXFDC,"{""P47496"": 84}"
DLLSAXFDX,"{""P47496"": 3}"
DLLSAKFDC,"{""P47496"": 1}"
DLLTSYGFD,"{""P13927"": 579}"
DLLTSXGFD,"{""P13927"": 31}"
DLLLAXTII,"{""P47398"": 505}"
DLLLAXXXX,"{""P47398"": 101}"
DLLLAKTII,"{""P47398"": 18}"
DLLLFSXGN,"{""P47609"": 29}"
DLLLFSRGN,"{""P47609"": 124}"
DLLLENREF,"{""P47386"": 20}"
DLLLENXEF,"{""P47386"": 8}"
DLLLLXTMG,"{""Q49405"": 101}"
DLLLLXXXX,"{""Q49405"": 18}"
DLLLLKTMG,"{""Q49405"": 4}"
DLLETIXNQ,"{""Q49422"": 110}"
DLLETIXXX,"{""Q49422"": 19}"
DLLETIKNQ,"{""Q49422"": 7}"
DLLDXYTLQ,"{""P47640"": 94}"
DLLDXXXXX,"{""P47640"": 20}"
DLLDXXTLQ,"{""P47640"": 7}"
DLLDKYTLQ,"{""P47640"": 3}"
DLLXTNXXX,"{""P47566"": 79}"
DLLXTNXAD,"{""P47566"": 18}"
DLLXTNKAD,"{""P47566"": 2}"
DLLXXXXXX,"{""P47566"": 22}"
DLLKTNXXX,"{""P47566"": 7}"
DLDLNXXXX,"{""P47269"": 104}"
DLDLNXXGY,"{""P47269"": 18}"
DLDLNXXGX,"{""P47269"": 2}"
DLDLNXKGY,"{""P47269"": 2}"
DLDLNKXGY,"{""P47269"": 1}"
DLDLNKXXX,"{""P47269"": 5}"
DLDATLPTF,"{""P47386"": 117}"
DLDFELXVX,"{""P47699"": 504}"
DLDFELXVK,"{""P47699"": 18}"
DLDFELXXX,"{""P47699"": 89}"
DLDFELKVX,"{""P47699"": 27}"
DLDVDDNIX,"{""Q9ZB70"": 634}"
DLDVDDNIK,"{""Q9ZB70"": 20}"
DLDDAIYVX,"{""P47350"": 122}"
DLDDAIYVK,"{""P47350"": 1}"
DLDDAIXVX,"{""P47350"": 5}"
DLAXXXXXX,"{""P47326"": 108}"
DLAXXHNLT,"{""P47326"": 4}"
DLAIDICGX,"{""P47499"": 126}"
DLAIDICGK,"{""P47499"": 3}"
DLAIDIXGX,"{""P47499"": 9}"
DLAIQSLXX,"{""P47597"": 129}"
DLAIQSLKX,"{""P47597"": 2}"
DLAATHIID,"{""P47631"": 105}"
DLAQLLNTD,"{""P47448"": 24}"
DLAKXXXXX,"{""P47326"": 5}"
DLIXVLAMT,"{""P47691"": 102}"
DLIXXXXXX,"{""P47663"": 592, ""P47691"": 26, ""P47506"": 19}"
DLIXEPNXX,"{""P47506"": 7}"
DLIXEPNXK,"{""P47506"": 1}"
DLIXEPNCX,"{""P47506"": 103}"
DLIXEPNCK,"{""P47506"": 5}"
DLINSSNVL,"{""P47393"": 666}"
DLIVPALXX,"{""P47321"": 17}"
DLIVPALXA,"{""P47321"": 108}"
DLIVPALKA,"{""P47321"": 9}"
DLITNXFEN,"{""P47254"": 109}"
DLITNXXXX,"{""P47254"": 12}"
DLITNKFEN,"{""P47254"": 6}"
DLIAINAHF,"{""P47426"": 135}"
DLIKEPNCX,"{""P47506"": 5}"
DLIKVLAMT,"{""P47691"": 5}"
DLIENNAQE,"{""P47306"": 28}"
DLILFGSFG,"{""P47533"": 4}"
DLEQSLQXX,"{""P47522"": 23}"
DLEQSLQXV,"{""P47522"": 103}"
DLEQSLQKV,"{""P47522"": 4}"
DLEQHWNHS,"{""P47635"": 4}"
DLEVWXXXX,"{""P47614"": 19}"
DLEVWXNFF,"{""P47614"": 115}"
DLEVWNRIV,"{""P47471"": 26}"
DLEVWNXIV,"{""P47471"": 5}"
DLEVWKNFF,"{""P47614"": 5}"
DLECPAGFE,"{""P47423"": 116}"
DLEXINDFF,"{""P47483"": 107}"
DLEXICDYA,"{""P47649"": 28}"
DLEXICDXA,"{""P47649"": 1}"
DLEXIXDYA,"{""P47649"": 1}"
DLEXXXXXX,"{""P47483"": 19}"
DLEXPAGFE,"{""P47423"": 6}"
DLELISFFX,"{""P47254"": 107}"
DLELISFFK,"{""P47254"": 5}"
DLENIVLIG,"{""Q49421"": 107}"
DLENSXTQL,"{""P47522"": 89}"
DLENSXXXX,"{""P47522"": 22}"
DLENSKTQL,"{""P47522"": 4}"
DLEEIXTIT,"{""P47668"": 102}"
DLEEIXXXX,"{""P47668"": 18}"
DLEEIKTIT,"{""P47668"": 5}"
DLERICDYA,"{""P47649"": 110}"
DLERICDXA,"{""P47649"": 2}"
DLERIXDYA,"{""P47649"": 5}"
DLERIXDXA,"{""P47649"": 2}"
DLEKINDFF,"{""P47483"": 6}"
DLYEQLQNX,"{""Q49419"": 570}"
DLYEQLQNK,"{""Q49419"": 24}"
DLYMHTDVQ,"{""P47249"": 130}"
DLYLFSLQX,"{""P47423"": 129}"
DLYLFSLQK,"{""P47423"": 3}"
DLYDNAAQL,"{""P47563"": 26}"
DLQTSGDLI,"{""P47317"": 147}"
DLQTTSLEN,"{""P47357"": 39}"
DLQXXXXXX,"{""P47507"": 115}"
DLQXXGIRI,"{""P47507"": 1}"
DLQAXLLAX,"{""P47431"": 90}"
DLQAXLLAK,"{""P47431"": 1}"
DLQAXXXXX,"{""P47431"": 13}"
DLQAKLLAX,"{""P47431"": 6}"
DLQKXXXXX,"{""P47507"": 4}"
DLSHIAYAC,"{""P47292"": 142}"
DLSHIAYAX,"{""P47292"": 10}"
DLSHIAXAC,"{""P47292"": 7}"
DLSAGQXXX,"{""P47532"": 100}"
DLSAGQXQX,"{""P47532"": 6}"
DLSAGQXQR,"{""P47532"": 28}"
DLSAGQKQR,"{""P47532"": 1}"
DLSEEELVA,"{""P47421"": 30}"
DLSKENNAT,"{""P47483"": 9}"
DLSXENNAT,"{""P47483"": 111}"
DLSXXXXXX,"{""P47483"": 15}"
DLMQLIQNL,"{""P47359"": 131}"
DLMVINKPS,"{""P47451"": 3}"
DLMVINXPS,"{""P47451"": 102}"
DLMVINXXX,"{""P47451"": 16}"
DLMVDNXQX,"{""P47387"": 117}"
DLMVDNXQK,"{""P47387"": 4}"
DLMVDNXXX,"{""P47387"": 22}"
DLMVDNKQX,"{""P47387"": 7}"
DLMEFSGEX,"{""P56723"": 105}"
DLPXTLDNI,"{""P47582"": 110}"
DLPXXXXXX,"{""P47582"": 16}"
DLPEXYQLD,"{""P47619"": 86}"
DLPEXXQLD,"{""P47619"": 4}"
DLPEXXXXX,"{""P47619"": 10}"
DLPEKYQLD,"{""P47619"": 9}"
DLPIILETP,"{""P47477"": 10}"
DLPLGTNRW,"{""P20796"": 5}"
DLPLGTNXW,"{""P20796"": 3}"
DLPGVRYHI,"{""P47333"": 3}"
DLPGVXYHI,"{""P47333"": 1}"
DLPKTLDNI,"{""P47582"": 5}"
DLWIISFLN,"{""P47365"": 120}"
DLKPENILF,"{""P47355"": 19}"
DLKPSHLRQ,"{""P47326"": 1}"
DLKQAQXLT,"{""P47369"": 1}"
DLKQAQXXX,"{""P47369"": 1}"
DLKQAQKLT,"{""P47369"": 1}"
DLKQLYDLF,"{""Q49416"": 3}"
DLKYGXXXX,"{""P47445"": 2}"
DLKDIDFGL,"{""P47458"": 5}"
DLKXLTLQA,"{""P47540"": 3}"
DLCTFVCYE,"{""P47482"": 22}"
DLCTFVXYE,"{""P47482"": 3}"
DXXXXXXXX,"{""P47658"": 458, ""P47496"": 34, ""P47491"": 963, ""P47576"": 215, ""P47603"": 553, ""P47656"": 483, ""P47403"": 439, ""P47655"": 41, ""P47276"": 467, ""P47577"": 103, ""P47301"": 113, ""P47500"": 150, ""P47549"": 37, ""P47320"": 608, ""P47445"": 90, ""P47315"": 119, ""P47547"": 88, ""P47319"": 461, ""P47471"": 132, ""P47429"": 464, ""Q49409"": 133, ""P47592"": 32, ""P47277"": 155, ""Q9ZB70"": 96, ""P47653"": 98, ""P47446"": 106, ""P47582"": 102, ""P47700"": 99, ""P47427"": 100, ""P47652"": 163, ""P47310"": 45, ""P47515"": 101, ""P47678"": 23, ""P47344"": 21, ""Q49460"": 113, ""P47282"": 81, ""P47395"": 27, ""P47460"": 40, ""P47342"": 90, ""P47486"": 148, ""P47388"": 477, ""Q9ZB73"": 89, ""P47283"": 102, ""P47688"": 94, ""P47455"": 132, ""P47313"": 106, ""P47662"": 116, ""P47390"": 121, ""P47431"": 85, ""P47482"": 19, ""P47502"": 81, ""P47575"": 14, ""P47318"": 99, ""P47612"": 122, ""P47335"": 32, ""Q49408"": 13, ""P47610"": 23, ""P47490"": 21, ""P47551"": 15, ""P35888"": 102, ""P47294"": 83, ""P47635"": 75, ""P47278"": 100, ""P47632"": 19, ""P47597"": 18, ""P47484"": 29, ""P47368"": 23, ""Q49396"": 29, ""Q49421"": 94, ""P47540"": 21, ""P47587"": 39, ""P47696"": 88, ""P47641"": 22, ""P47581"": 15, ""P47563"": 17, ""P47580"": 24, ""P47286"": 18, ""P47673"": 23, ""P47589"": 24, ""P47325"": 19, ""P47546"": 18, ""P47351"": 29, ""P47353"": 17, ""P47661"": 18, ""P47532"": 19, ""P47625"": 22, ""P47694"": 33, ""P47264"": 18, ""P47571"": 15, ""P47579"": 26, ""Q9ZB76"": 13, ""P47381"": 22, ""P47568"": 25, ""P47261"": 21, ""P47672"": 17, ""Q49432"": 20, ""P47312"": 20, ""Q49405"": 20, ""P47307"": 4, ""P47405"": 23}"
DXXXXILIE,"{""P47277"": 3}"
DXXXSHDAL,"{""P47603"": 3}"
DXXXLLSXX,"{""P47405"": 1}"
DXXXNELPI,"{""P47307"": 4}"
DXXXTNFWN,"{""P47576"": 1}"
DXXYTNFWN,"{""P47576"": 3}"
DXXYXILIE,"{""P47277"": 67}"
DXXYXXXXX,"{""P47277"": 19}"
DXXYKILIE,"{""P47277"": 3}"
DXXSLFXXH,"{""P47592"": 69}"
DXXSLFXXX,"{""P47592"": 19}"
DXXSLFXKH,"{""P47592"": 2}"
DXXSLFKXX,"{""P47592"": 1}"
DXXSLFKXH,"{""P47592"": 1}"
DXXSLFKKH,"{""P47592"": 1}"
DXXSLXSLT,"{""P47582"": 2}"
DXXSLXXXX,"{""P47582"": 1}"
DXXVFQKLX,"{""P47587"": 3}"
DXXVFQXLX,"{""P47587"": 57}"
DXXVFQXLK,"{""P47587"": 6}"
DXXVFQXXX,"{""P47587"": 12}"
DXXVLALSN,"{""P47277"": 18}"
DXXVXEAQN,"{""P47278"": 6}"
DXXTSWNXX,"{""P47484"": 74}"
DXXTSWNXK,"{""P47484"": 3}"
DXXTSWNKX,"{""P47484"": 3}"
DXXTVXXLW,"{""P47445"": 1}"
DXXTVXXXX,"{""P47445"": 1}"
DXXTVXYLW,"{""P47445"": 2}"
DXXLXTLTI,"{""P47652"": 345}"
DXXLXXXXX,"{""P47652"": 73}"
DXXLXARAW,"{""P47390"": 1}"
DXXLXAXAW,"{""P47390"": 1}"
DXXLSLVID,"{""P47283"": 16}"
DXXLFNQEI,"{""P47604"": 6}"
DXXLKTLTI,"{""P47652"": 10}"
DXXRSHDAL,"{""P47603"": 4}"
DXXRVLWLE,"{""P47505"": 1}"
DXXAXXXXX,"{""P47656"": 27}"
DXXAXERXX,"{""P47656"": 5}"
DXXNQVLKL,"{""P47496"": 5}"
DXXNQVLXX,"{""P47496"": 16}"
DXXNQVLXL,"{""P47496"": 61}"
DXXFVDLPG,"{""P47577"": 8}"
DXXEVLGIT,"{""P47442"": 4}"
DXXEVLGIS,"{""P47265"": 2}"
DXXIISVSS,"{""P47351"": 1}"
DXXIIXXXX,"{""P47420"": 8}"
DXXKLLSRX,"{""P47405"": 1}"
DXDHLVSAF,"{""P47446"": 519}"
DXDEFENLI,"{""P47353"": 103}"
DXDVVNLPL,"{""P47248"": 40}"
DXDVYCVYV,"{""P47641"": 69}"
DXDVYCVXV,"{""P47641"": 6}"
DXDVYXVYV,"{""P47641"": 2}"
DXDVXCVYV,"{""P47641"": 4}"
DXDVXXVYV,"{""P47641"": 1}"
DXDILLIED,"{""P47696"": 23}"
DXDTLVQQR,"{""P47493"": 3}"
DXDTLVQQX,"{""P47493"": 1}"
DXDLXTIXX,"{""P47319"": 2}"
DXDLHIVDF,"{""P47488"": 6}"
DXDFIFISA,"{""P47698"": 3}"
DXPLFXXFT,"{""P47312"": 49}"
DXPLFXXXX,"{""P47312"": 31}"
DXPLFXKFT,"{""P47312"": 2}"
DXPLFKXXX,"{""P47312"": 1}"
DXPLFKXFT,"{""P47312"": 6}"
DXPLTSFPR,"{""P47652"": 2}"
DXPASXXXX,"{""P47540"": 101}"
DXPASXLAE,"{""P47540"": 5}"
DXPTLTGIN,"{""P47261"": 106}"
DXPVVDXHA,"{""P47344"": 77}"
DXPVVDXXX,"{""P47344"": 16}"
DXPVVDKHA,"{""P47344"": 4}"
DXPVILVVN,"{""P47571"": 102}"
DXPVLLNRA,"{""P47582"": 1}"
DXPHQLSSQ,"{""P47429"": 140}"
DXPXXXXXX,"{""P47368"": 19, ""P47277"": 3}"
DXPXXHEXA,"{""P47277"": 3}"
DXPXCNQPL,"{""P47368"": 3}"
DXPXCHEXA,"{""P47277"": 20}"
DXPXCHEXX,"{""P47277"": 4}"
DXPXCHEKA,"{""P47277"": 2}"
DXPKCHEXA,"{""P47277"": 1}"
DXPQDNIPE,"{""P47577"": 1}"
DXGIEXLXX,"{""P35888"": 395}"
DXGIEXLXK,"{""P35888"": 3}"
DXGIEXLKX,"{""P35888"": 17}"
DXGIEXXXX,"{""P35888"": 82}"
DXGIEKLXX,"{""P35888"": 20}"
DXGIEKLKX,"{""P35888"": 2}"
DXGIELIDL,"{""P47515"": 20}"
DXGIQLQHD,"{""P47491"": 126}"
DXGITINGQ,"{""P47513"": 2}"
DXGTTIVIV,"{""Q9ZB70"": 494}"
DXGSDAMQX,"{""P47549"": 100}"
DXGSDAMQK,"{""P47549"": 4}"
DXGFEFVDX,"{""P47335"": 96}"
DXGFVXXXX,"{""P58061"": 6}"
DXGXXXXXX,"{""P47656"": 71}"
DXGXITINH,"{""P47656"": 18}"
DXGYLGSVN,"{""P47336"": 3}"
DXGHLSXDQ,"{""P47593"": 14}"
DXNQIALFX,"{""P47264"": 118}"
DXNQIALFK,"{""P47264"": 5}"
DXNFAENSS,"{""P47612"": 517}"
DXNFQLSEI,"{""P47445"": 31}"
DXNVLDTAT,"{""P47563"": 104}"
DXNSANQVV,"{""P47579"": 93}"
DXNSISADL,"{""P47678"": 93}"
DXNXPLTSI,"{""P47325"": 79}"
DXNXQEVVD,"{""P47575"": 81}"
DXNXXXXXX,"{""P47325"": 21, ""P47575"": 27}"
DXNXEISLL,"{""P47700"": 3}"
DXNIXISGN,"{""Q49432"": 17}"
DXNIXXXXX,"{""Q49432"": 74}"
DXNIDLDIN,"{""P47653"": 94}"
DXNIKISGN,"{""Q49432"": 2}"
DXNATFLPT,"{""P47672"": 103}"
DXNTTTSQF,"{""P47276"": 121}"
DXNNFYNLT,"{""P47431"": 23}"
DXNNFYNLI,"{""P47502"": 21}"
DXNNFXNLI,"{""P47502"": 1}"
DXNNFXNLT,"{""P47431"": 4}"
DXNNSFTAI,"{""P47576"": 18}"
DXNNTASQA,"{""P47551"": 6}"
DXNKQEVVD,"{""P47575"": 5}"
DXNKPLTSI,"{""P47325"": 3}"
DXNREISLL,"{""P47700"": 11}"
DXNGNGFVI,"{""P47265"": 7}"
DXEISLSQN,"{""P47319"": 117}"
DXEILDGGN,"{""P47395"": 83}"
DXEIIFEGR,"{""P47388"": 85}"
DXEIIFEGX,"{""P47388"": 24}"
DXEVLVAFX,"{""P47486"": 465}"
DXEVLVAFK,"{""P47486"": 2}"
DXEXXXXXX,"{""P47673"": 80}"
DXEXTXEXE,"{""P47301"": 3}"
DXEFLVFET,"{""P47568"": 106}"
DXELIYAIV,"{""Q9ZB80"": 3}"
DXENYVHFE,"{""P47326"": 7}"
DXENXVHFE,"{""P47326"": 1}"
DXECACGXF,"{""P47582"": 6}"
DXERTXEXE,"{""P47301"": 10}"
DXERTXEXX,"{""P47301"": 1}"
DXERTXXXX,"{""P47301"": 3}"
DXEQIQQLT,"{""P47282"": 16}"
DXVIHNXYS,"{""P47471"": 20}"
DXVIHNXXS,"{""P47471"": 2}"
DXVIHNYYS,"{""P47471"": 395}"
DXVIHNYXS,"{""P47471"": 27}"
DXVXYNFEM,"{""P47342"": 2}"
DXVXXXXXX,"{""P47688"": 65}"
DXVXSIIND,"{""P47688"": 409}"
DXVWFXSDE,"{""Q49460"": 71}"
DXVWFXXXX,"{""Q49460"": 11}"
DXVWFKSDE,"{""Q49460"": 6}"
DXVDNLGPV,"{""P47310"": 105}"
DXVDDNVXF,"{""P47491"": 18}"
DXVDDNVRF,"{""P47491"": 74}"
DXVDQDIDS,"{""P47460"": 94}"
DXVFIXNLF,"{""Q49409"": 75}"
DXVFIXXXX,"{""Q49409"": 21}"
DXVFIKNLF,"{""Q49409"": 2}"
DXVFLSVDN,"{""P47653"": 96}"
DXVNLXTGF,"{""P47613"": 33}"
DXVNLXXXX,"{""P47613"": 5}"
DXVNLKTGF,"{""P47613"": 1}"
DXVKSIIND,"{""P47688"": 21}"
DXVRYNFEM,"{""P47342"": 22}"
DXVRXNFEM,"{""P47342"": 1}"
DXVLIRSDX,"{""P47618"": 1}"
DXVLIXSDX,"{""P47618"": 1}"
DXIIELAXF,"{""P47612"": 96}"
DXIIELAXX,"{""P47612"": 14}"
DXIIELAKF,"{""P47612"": 3}"
DXIXXXXXX,"{""P47632"": 67}"
DXIXXHVEL,"{""P47632"": 15}"
DXILAILXE,"{""P47532"": 82}"
DXILAILXX,"{""P47532"": 14}"
DXILAILKE,"{""P47532"": 3}"
DXILSAFLD,"{""P47427"": 19}"
DXILYVVDN,"{""P47395"": 8}"
DXIFIXXXX,"{""P47381"": 91}"
DXIFIXXEN,"{""P47381"": 17}"
DXIFIKXXX,"{""P47381"": 1}"
DXIFIKKEN,"{""P47381"": 1}"
DXIFGIGEW,"{""P47571"": 25}"
DXIFQAILP,"{""P47445"": 4}"
DXISVITPX,"{""Q49396"": 109}"
DXIHVYDIC,"{""P47364"": 25}"
DXIHVYDIX,"{""P47364"": 2}"
DXIHVXDIC,"{""P47364"": 1}"
DXIHLFXXX,"{""P47686"": 8}"
DXIASPXXX,"{""P47520"": 9}"
DXIASPXQN,"{""P47520"": 1}"
DXIAMLXLA,"{""P47482"": 5}"
DXIGVCLDT,"{""P47477"": 6}"
DXIGVXLDT,"{""P47477"": 1}"
DXIKXXXXX,"{""P47632"": 3}"
DXMIANLVE,"{""P47455"": 462}"
DXMIINAIX,"{""P47482"": 95}"
DXMIINAIK,"{""P47482"": 4}"
DXMYFLSQN,"{""P47653"": 101}"
DXMYFLEQN,"{""P47655"": 93}"
DXMYIEGNM,"{""P47403"": 116}"
DXMAMQRLX,"{""P47547"": 16}"
DXMAMQXLX,"{""P47547"": 3}"
DXMAMQXLK,"{""P47547"": 1}"
DXMXFLSQN,"{""P47653"": 9}"
DXMXFLEQN,"{""P47655"": 9}"
DXMXIEGNM,"{""P47403"": 4}"
DXHCLMXXX,"{""P47490"": 83}"
DXHCLMXHY,"{""P47490"": 17}"
DXHCLMKHY,"{""P47490"": 1}"
DXHSELYIF,"{""P47455"": 5}"
DXHSELXIF,"{""P47455"": 1}"
DXHANINAG,"{""P47477"": 6}"
DXHXLMXXX,"{""P47490"": 1}"
DXLXMGNXX,"{""P47286"": 71}"
DXLXMGNXK,"{""P47286"": 3}"
DXLXMGNKX,"{""P47286"": 3}"
DXLXTXMEE,"{""P47662"": 80}"
DXLXTXXXX,"{""P47662"": 14}"
DXLXTKMEE,"{""P47662"": 2}"
DXLXXXXXX,"{""P47662"": 16, ""P47610"": 19, ""P47286"": 19, ""P47661"": 14, ""P47458"": 7}"
DXLXNDLNS,"{""P47661"": 83}"
DXLXLXXXX,"{""P47458"": 2}"
DXLXLXNAS,"{""P47458"": 11}"
DXLXIIFED,"{""P47610"": 82}"
DXLXELYEG,"{""P47471"": 4}"
DXLEIHELX,"{""P47662"": 491}"
DXLEIHELK,"{""P47662"": 13}"
DXLHLLLAH,"{""P47456"": 11}"
DXLPNGYIF,"{""P47658"": 124}"
DXLPNGXIF,"{""P47658"": 3}"
DXLPLIGDE,"{""Q49429"": 13}"
DXLTPSYAF,"{""P47549"": 110}"
DXLTPSXAF,"{""P47549"": 6}"
DXLTPYXXX,"{""P47281"": 2}"
DXLTPYXLE,"{""P47281"": 3}"
DXLTPXXXX,"{""P47281"": 1}"
DXLTDPXLA,"{""P47429"": 6}"
DXLTDPXXX,"{""P47429"": 2}"
DXLVNLVTT,"{""Q9ZB73"": 524}"
DXLVSLNYV,"{""P47319"": 9}"
DXLVSLNXV,"{""P47319"": 1}"
DXLAXXXXX,"{""P47694"": 103}"
DXLITMDLX,"{""Q9ZB76"": 97}"
DXLITMDLK,"{""Q9ZB76"": 2}"
DXLLHLGDE,"{""P47597"": 101}"
DXLLVHGTL,"{""P47512"": 11}"
DXLNTQXXX,"{""P47460"": 4}"
DXLNTQXEA,"{""P47460"": 5}"
DXLFLAXXX,"{""Q49460"": 3}"
DXLFLARXX,"{""Q49460"": 11}"
DXLFLARXR,"{""Q49460"": 3}"
DXLKNDLNS,"{""P47661"": 2}"
DXLKMGNXX,"{""P47286"": 5}"
DXLKIIFED,"{""P47610"": 1}"
DXFAXFTXX,"{""P47589"": 96}"
DXFAXFTXK,"{""P47589"": 4}"
DXFAXFTKX,"{""P47589"": 2}"
DXFAXXXXX,"{""P47589"": 16}"
DXFAKFTXX,"{""P47589"": 2}"
DXFAKFTKX,"{""P47589"": 1}"
DXFLLANDL,"{""P47318"": 490}"
DXFLHSSEX,"{""P47366"": 8}"
DXFQHYDLI,"{""P47635"": 489}"
DXFQHXDLI,"{""P47635"": 28}"
DXFSFQXNY,"{""P47576"": 97}"
DXFSFQXNX,"{""P47576"": 3}"
DXFSFQXXX,"{""P47576"": 15}"
DXFSFQKNY,"{""P47576"": 2}"
DXFSARXTP,"{""P47534"": 1}"
DXFTLWSLI,"{""P47580"": 98}"
DXFNNYVGI,"{""P47581"": 96}"
DXFNNXVGI,"{""P47581"": 6}"
DXFNLPIFF,"{""P47606"": 4}"
DXFINAIXX,"{""P47653"": 71}"
DXFINAIXE,"{""P47653"": 17}"
DXFINAIKE,"{""P47653"": 2}"
DXFEXQLLI,"{""P47685"": 28}"
DXFEXXXXX,"{""P47685"": 6}"
DXFEKQLLI,"{""P47685"": 4}"
DXFVNDDQF,"{""P47551"": 38}"
DXFVTTSVM,"{""P47356"": 7}"
DXFVLSAGH,"{""P47312"": 27}"
DXFHSFFSX,"{""P47277"": 6}"
DXFYALVQS,"{""P47282"": 6}"
DXFXNXXXX,"{""P47606"": 1}"
DXFXNXPFN,"{""P47606"": 2}"
DXFXNKPFN,"{""P47606"": 1}"
DXTVGQTIE,"{""P47294"": 482}"
DXTIXSVAI,"{""Q49408"": 75}"
DXTIXXXXX,"{""Q49408"": 12}"
DXTITFXTF,"{""P47315"": 4}"
DXTITFXXX,"{""P47315"": 1}"
DXTIKSVAI,"{""Q49408"": 2}"
DXTFFQFAL,"{""P47655"": 117}"
DXTEFSLSE,"{""P47486"": 100}"
DXTNFLNNL,"{""P47637"": 1}"
DXQXLIIXT,"{""Q49405"": 4}"
DXQXLIIRT,"{""Q49405"": 17}"
DXQXXXXXX,"{""Q49405"": 77}"
DXQLLVSGQ,"{""P47310"": 106}"
DXQIVVTHX,"{""P47625"": 97}"
DXQIVVTHK,"{""P47625"": 3}"
DXQFTPLXX,"{""P47546"": 74}"
DXQFTPLXK,"{""P47546"": 3}"
DXQFTPLKX,"{""P47546"": 4}"
DXQNEVXQH,"{""P47460"": 74}"
DXQNEVXXX,"{""P47460"": 13}"
DXQNEVKQH,"{""P47460"": 1}"
DXQNNLSYF,"{""P47658"": 69}"
DXQNNLSXF,"{""P47658"": 6}"
DXQGETIPC,"{""P47327"": 6}"
DXQGALNXV,"{""Q49409"": 1}"
DXQGALNYV,"{""Q49409"": 4}"
DXQPEHTQI,"{""P47282"": 6}"
DXQVFNEFI,"{""P47314"": 33}"
DXQVFELQX,"{""P47460"": 4}"
DXQVDFYSV,"{""P47584"": 8}"
DXQVDFXSV,"{""P47584"": 1}"
DXAMXXXXX,"{""P47500"": 362}"
DXAMXMLRA,"{""P47500"": 62}"
DXAMXMLXA,"{""P47500"": 20}"
DXAMKMLRA,"{""P47500"": 3}"
DXAMKMLXA,"{""P47500"": 2}"
DXAXXXXXX,"{""P47368"": 22}"
DXAXCXXXX,"{""P47368"": 53}"
DXAXCXXIT,"{""P47368"": 6}"
DXAXCXRIT,"{""P47368"": 9}"
DXAFGRFTS,"{""Q49415"": 7}"
DXAFGXFTS,"{""Q49415"": 2}"
DXAERMANF,"{""Q49421"": 15}"
DXAEXMANF,"{""Q49421"": 7}"
DXAKCXXXX,"{""P47368"": 7}"
DXSIIENFF,"{""P47551"": 119}"
DXSDSVFGT,"{""P47318"": 8}"
DXSDLTIFG,"{""P47457"": 19}"
DXSFFANXA,"{""P47669"": 3}"
DXSFFANXX,"{""P47669"": 1}"
DXSQIEINE,"{""P47272"": 7}"
DXSQLDLXX,"{""P47317"": 10}"
DXYXXXXXX,"{""P47405"": 66}"
DXYXLLSXX,"{""P47405"": 4}"
DXYXLLSRX,"{""P47405"": 17}"
DXYEVLGIS,"{""P47265"": 40}"
DXYEVLGIT,"{""P47442"": 30}"
DXYFQAILP,"{""P47249"": 9}"
DXYSLGFGX,"{""P47571"": 1}"
DXRAXXXXX,"{""P47656"": 60}"
DXRAXERXX,"{""P47656"": 18}"
DXRAXEXXX,"{""P47656"": 6}"
DXRAXEXKX,"{""P47656"": 1}"
DXRFVDLPG,"{""P47577"": 15}"
DXRVXEAQN,"{""P47278"": 15}"
DXRVXXXXX,"{""P47278"": 4}"
DXRVKEAQN,"{""P47278"": 1}"
DXRXSHDAL,"{""P47603"": 7}"
DXRSLXSLT,"{""P47582"": 6}"
DXRSLXXXX,"{""P47582"": 8}"
DXRRSHDAL,"{""P47603"": 22}"
DXRQXXXXX,"{""P47440"": 5}"
DXRYTNFWN,"{""P47576"": 18}"
DXCXVLWLE,"{""P47505"": 2}"
DXCRVLWLE,"{""P47505"": 7}"
DXWTSYWET,"{""P47288"": 6}"
DXWTSXWET,"{""P47288"": 1}"
DXWXNQXXD,"{""P47530"": 3}"
DXWXNQXXX,"{""P47530"": 2}"
DXKLXTLTI,"{""P47652"": 11}"
DXKLXXXXX,"{""P47652"": 5}"
DXKLSLVID,"{""P47283"": 2}"
DXKLRARAW,"{""P47390"": 1}"
DXKVFQXLX,"{""P47587"": 6}"
DXKVLALSN,"{""P47277"": 1}"
DXKTSWNXX,"{""P47484"": 5}"
DXKTSWNKX,"{""P47484"": 1}"
DXKYXILIE,"{""P47277"": 4}"
DXKSLFXXH,"{""P47592"": 1}"
DXKSLFKXX,"{""P47592"": 1}"
DXKNQVLXX,"{""P47496"": 1}"
DIVXATXIV,"{""P47658"": 402}"
DIVXATXXX,"{""P47658"": 68}"
DIVXATKIV,"{""P47658"": 23}"
DIVXAAISG,"{""P47475"": 7}"
DIVXXXXXX,"{""P47658"": 99}"
DIVLNNLAG,"{""P47254"": 145}"
DIVTTGGSL,"{""P47345"": 123}"
DIVCAAISG,"{""P47475"": 121}"
DIVKATXXX,"{""P47658"": 2}"
DIVKATXIV,"{""P47658"": 27}"
DIVKATKIV,"{""P47658"": 2}"
DIVPFSIAT,"{""P47345"": 8}"
DIDNEINFI,"{""P47695"": 115}"
DIDXXLVSF,"{""P47446"": 81}"
DIDXXXXXX,"{""P47446"": 39, ""P47250"": 14}"
DIDXDTVDF,"{""P47250"": 91}"
DIDXKLVSF,"{""P47446"": 5}"
DIDFGLSQG,"{""P47458"": 127}"
DIDESICQI,"{""P47484"": 103}"
DIDESIXQI,"{""P47484"": 5}"
DIDKXXXXX,"{""P47446"": 2}"
DIDKXLVSF,"{""P47446"": 4}"
DIDKDTVDF,"{""P47250"": 6}"
DIDKKLVSF,"{""P47446"": 1}"
DIFDXPEIN,"{""P47599"": 492}"
DIFDXXXXX,"{""P47599"": 130}"
DIFDKPEIN,"{""P47599"": 22}"
DIFVNALVX,"{""P47484"": 107}"
DIFVNALVK,"{""P47484"": 5}"
DIFLDELTC,"{""P47492"": 125}"
DIFLDELTX,"{""P47492"": 6}"
DIAIXYGGG,"{""P22746"": 497}"
DIAIXXXXX,"{""P22746"": 89}"
DIAIXXGGG,"{""P22746"": 19}"
DIAIKYGGG,"{""P22746"": 23}"
DIAIKXGGG,"{""P22746"": 2}"
DIAPVDXVL,"{""P47297"": 32}"
DIAPVDXXX,"{""P47297"": 88}"
DIAPVDKVL,"{""P47297"": 4}"
DIAAVQAQL,"{""P47323"": 29}"
DIANAIENX,"{""P47403"": 3}"
DIANAIENR,"{""P47403"": 7}"
DIIITSMDX,"{""P47318"": 603}"
DIIITSMDK,"{""P47318"": 25}"
DIIIFSLGY,"{""P47386"": 133}"
DIIIFSLGX,"{""P47386"": 4}"
DIIENSEFX,"{""P47566"": 623}"
DIIENSEFK,"{""P47566"": 29}"
DIIDXVSSN,"{""P47551"": 100}"
DIIDXXXXX,"{""P47551"": 18}"
DIIDKVSSN,"{""P47551"": 8}"
DIGTVVLXX,"{""P47572"": 105}"
DIGTVVLXN,"{""P47572"": 486}"
DIGTVVLKN,"{""P47572"": 22}"
DIGGILMLI,"{""Q49432"": 140}"
DITTMVELI,"{""P47486"": 647}"
DITQWXQEX,"{""P47668"": 106}"
DITQWXQEK,"{""P47668"": 3}"
DITQWXXXX,"{""P47668"": 21}"
DITQWKQEK,"{""P47668"": 1}"
DITQWKQEX,"{""P47668"": 5}"
DITGTVDSL,"{""P47297"": 600}"
DITEQDAXX,"{""P47609"": 108}"
DITEQDAXK,"{""P47609"": 3}"
DITEQDAKX,"{""P47609"": 3}"
DITPTIXXX,"{""P47321"": 44}"
DITPTIXXV,"{""P47321"": 75}"
DITPTIXKV,"{""P47321"": 1}"
DITPTIKXX,"{""P47321"": 1}"
DITPTIKXV,"{""P47321"": 2}"
DIXXXXXXX,"{""Q49434"": 88, ""P47385"": 568, ""P47472"": 27, ""P47319"": 139, ""P47342"": 16, ""P47397"": 13, ""P47299"": 106, ""Q49426"": 50, ""P47254"": 21}"
DIXXXLWPL,"{""Q49426"": 65}"
DIXXKLWPL,"{""Q49426"": 5}"
DIXNYPDRN,"{""P47385"": 28}"
DIXNYPDXN,"{""P47385"": 5}"
DIXNXPDRN,"{""P47385"": 1}"
DIXLVXXXX,"{""P47472"": 57}"
DIXLVXETE,"{""P47472"": 15}"
DIXLAVQTV,"{""P47397"": 105}"
DIXELVDLL,"{""P47254"": 96}"
DIXERMXXX,"{""Q49434"": 3}"
DIXERMXSD,"{""Q49434"": 17}"
DIXERMKSD,"{""Q49434"": 1}"
DIXEXMXSD,"{""Q49434"": 5}"
DIXEXMXXX,"{""Q49434"": 2}"
DIXEXMKSD,"{""Q49434"": 1}"
DIXVENTVE,"{""P47342"": 106}"
DIXVVFSGL,"{""P47299"": 13}"
DIXIFQSTC,"{""P47304"": 3}"
DIXIGAXQR,"{""P47426"": 1}"
DIXIGAXXX,"{""P47426"": 7}"
DIXINDTVV,"{""P47496"": 9}"
DIXADFAVI,"{""P47314"": 8}"
DIXFGLNNV,"{""P47321"": 5}"
DIXKXLWPL,"{""Q49426"": 2}"
DINHQELVA,"{""P47494"": 662}"
DINFDYCQT,"{""P47640"": 580}"
DINFDYXQT,"{""P47640"": 23}"
DINFDXCQT,"{""P47640"": 29}"
DINFDXXQT,"{""P47640"": 1}"
DINFIDANN,"{""P47627"": 106}"
DINFEAXXX,"{""P47257"": 112}"
DINFEAXIN,"{""P47257"": 8}"
DINFEAKIN,"{""P47257"": 1}"
DINNGXXXX,"{""P47251"": 102}"
DINNGXNSY,"{""P47251"": 21}"
DINNGXNSX,"{""P47251"": 1}"
DINNGKNSY,"{""P47251"": 1}"
DINLYXGSI,"{""P47502"": 104}"
DINLYXXXX,"{""P47502"": 21}"
DINLYKGSI,"{""P47502"": 6}"
DINLVXXXX,"{""P47661"": 86}"
DINLVXWIF,"{""P47661"": 26}"
DINLVKWIF,"{""P47661"": 4}"
DINLXXGSI,"{""P47502"": 7}"
DINLXKGSI,"{""P47502"": 1}"
DINRFVFXX,"{""P35888"": 15}"
DINRFVFXN,"{""P35888"": 6}"
DINXFVFXN,"{""P35888"": 3}"
DINXFVFXX,"{""P35888"": 2}"
DILXXXXXX,"{""P47651"": 91, ""P47652"": 80}"
DILXGIINY,"{""P47652"": 520}"
DILXGIINX,"{""P47652"": 21}"
DILXLPPLS,"{""P47651"": 527}"
DILSQPEIX,"{""P47260"": 118}"
DILSQPEIK,"{""P47260"": 7}"
DILSLSEDG,"{""P47373"": 101}"
DILKLPPLS,"{""P47651"": 23}"
DILKGIINY,"{""P47652"": 21}"
DILKGIINX,"{""P47652"": 1}"
DILQANLXY,"{""P47549"": 95}"
DILQANLXX,"{""P47549"": 23}"
DILQANLKY,"{""P47549"": 2}"
DILLIEDIV,"{""P47696"": 38}"
DILIGSGRG,"{""Q49405"": 26}"
DILIGSGXG,"{""Q49405"": 5}"
DIPNVSDAN,"{""P47583"": 572}"
DIPALEGYD,"{""Q49429"": 126}"
DIPALEGXD,"{""Q49429"": 11}"
DIEXQXXXX,"{""P47549"": 354}"
DIEXQXQFL,"{""P47549"": 93}"
DIEXQKQFL,"{""P47549"": 3}"
DIEXXXXXX,"{""P47549"": 145}"
DIETNELFV,"{""P47537"": 119}"
DIENTEECH,"{""P47583"": 26}"
DIEKQXXXX,"{""P47549"": 15}"
DIEKQXQFL,"{""P47549"": 6}"
DISALXTTI,"{""P47523"": 98}"
DISALXXXX,"{""P47523"": 23}"
DISALKTTI,"{""P47523"": 3}"
DISLNIXXX,"{""P47288"": 200}"
DISLNIXXG,"{""P47288"": 402}"
DISLNIXKG,"{""P47288"": 29}"
DISLNIKXG,"{""P47288"": 29}"
DISLNIKXX,"{""P47288"": 3}"
DISLNIKKG,"{""P47288"": 1}"
DISXXXXXX,"{""P47691"": 43, ""Q49460"": 86}"
DISXXEVLE,"{""P47691"": 73}"
DISXFNYLT,"{""Q49460"": 23}"
DISXFNXLT,"{""Q49460"": 1}"
DISXKEVLE,"{""P47691"": 6}"
DISKXEVLE,"{""P47691"": 4}"
DISKFNYLT,"{""Q49460"": 2}"
DIYADFAVI,"{""P47314"": 130}"
DIYIGAXXX,"{""P47426"": 94}"
DIYIGAXQR,"{""P47426"": 14}"
DIYIGAXQX,"{""P47426"": 6}"
DIYIGAKQX,"{""P47426"": 1}"
DIYIGAKQR,"{""P47426"": 1}"
DIYIFQSTC,"{""P47304"": 123}"
DIYIFQSTX,"{""P47304"": 4}"
DIMFGPVAL,"{""P47426"": 122}"
DIHQLEXLT,"{""P47284"": 109}"
DIHQLEXXX,"{""P47284"": 17}"
DIHQLEKLT,"{""P47284"": 4}"
DIRINDTVV,"{""P47496"": 31}"
DIRFGLNNV,"{""P47321"": 34}"
DIKVENTVE,"{""P47342"": 4}"
DIKVVFSGL,"{""P47299"": 1}"
DIKLAVQTV,"{""P47397"": 4}"
DIKLVXETE,"{""P47472"": 1}"
DIKLVXXXX,"{""P47472"": 2}"
DIKXXLWPL,"{""Q49426"": 4}"
DIKXXXXXX,"{""Q49426"": 1}"
DIKELVDLL,"{""P47254"": 3}"
DIKERMXXX,"{""Q49434"": 1}"
DIKNYPDXN,"{""P47385"": 1}"
DEXIIQDAH,"{""P47368"": 105}"
DEXITNNQL,"{""P47342"": 116}"
DEXIVIMLN,"{""P47484"": 98}"
DEXICSLLS,"{""P47250"": 5}"
DEXIDAIFF,"{""P47655"": 5}"
DEXTTEIND,"{""Q49396"": 112}"
DEXTTQFIE,"{""P47700"": 515}"
DEXXXXXXX,"{""P47540"": 26, ""P47484"": 23, ""P47700"": 93, ""P47275"": 27, ""P47368"": 13, ""P47342"": 12, ""Q49396"": 20}"
DEXLLXTIN,"{""P47275"": 65}"
DEXLLXXXX,"{""P47275"": 18}"
DEXLLKTIN,"{""P47275"": 4}"
DEXQXAAAL,"{""P47540"": 88}"
DEXQXXXXX,"{""P47540"": 18}"
DEXQKAAAL,"{""P47540"": 4}"
DEXAHXLFS,"{""Q49434"": 24}"
DEXAHXXXX,"{""Q49434"": 4}"
DEXAHKLFS,"{""Q49434"": 1}"
DEXSLIQII,"{""P47319"": 2}"
DEINSXXXX,"{""P47540"": 101}"
DEINSXLXL,"{""P47540"": 382}"
DEINSXLXX,"{""P47540"": 85}"
DEINSXLKL,"{""P47540"": 18}"
DEINSKLXL,"{""P47540"": 28}"
DEINSKLXX,"{""P47540"": 3}"
DEINSKLKL,"{""P47540"": 3}"
DEILSDINN,"{""P47549"": 628}"
DEIIVDGPA,"{""P47583"": 118}"
DEIIALCRQ,"{""P47330"": 29}"
DEIIALCXQ,"{""P47330"": 5}"
DEIAFLFDI,"{""P47610"": 134}"
DEIERXXXX,"{""P47460"": 16}"
DEIERXESQ,"{""P47460"": 96}"
DEIERKESQ,"{""P47460"": 2}"
DEIEXXESQ,"{""P47460"": 18}"
DEIEXXXXX,"{""P47460"": 1}"
DEIXPEATX,"{""Q49419"": 87}"
DEIXPEATK,"{""Q49419"": 1}"
DEIXXXXXX,"{""Q49419"": 22}"
DEIYSSFPN,"{""P47275"": 26}"
DEIKPEATX,"{""Q49419"": 1}"
DEVSLPGIV,"{""P47481"": 622}"
DEVVNNIDS,"{""Q49429"": 646}"
DEVWXXXXX,"{""P47604"": 23}"
DEVWXTIKQ,"{""P47604"": 5}"
DEVWXTIXQ,"{""P47604"": 88}"
DEVWXTIXX,"{""P47604"": 23}"
DEVWKTIXQ,"{""P47604"": 5}"
DEVWKTIXX,"{""P47604"": 2}"
DERICSLLS,"{""P47250"": 23}"
DERIDAIFF,"{""P47655"": 27}"
DERSLIQII,"{""P47319"": 3}"
DEYAHXLFS,"{""Q49434"": 482}"
DEYAHXXXX,"{""Q49434"": 88}"
DEYAHKLFS,"{""Q49434"": 31}"
DEPVLXVQN,"{""P47365"": 87}"
DEPVLXXXX,"{""P47365"": 23}"
DEPVLKVQN,"{""P47365"": 4}"
DELMQXXXX,"{""P47678"": 106}"
DELMRYCXF,"{""P47625"": 4}"
DELMRYCRF,"{""P47625"": 18}"
DELMRYXXF,"{""P47625"": 1}"
DELMRXCRF,"{""P47625"": 2}"
DELMXYCXF,"{""P47625"": 3}"
DELMXYCRF,"{""P47625"": 5}"
DELMXYXRF,"{""P47625"": 1}"
DELSQLEXX,"{""P47460"": 18}"
DELSQLERX,"{""P47460"": 118}"
DELSQLERK,"{""P47460"": 2}"
DELSEEQIP,"{""P47291"": 623}"
DELXXXXXX,"{""P47642"": 577, ""P47376"": 36}"
DELXXIVDX,"{""P47376"": 88}"
DELXKIVDX,"{""P47376"": 2}"
DELXIDLSX,"{""P47368"": 5}"
DELTDLTIH,"{""P47449"": 105}"
DELYIDLSX,"{""P47368"": 113}"
DELYIDLSK,"{""P47368"": 3}"
DELKXIVDX,"{""P47376"": 4}"
DELLEICRQ,"{""P47386"": 18}"
DELLEICXQ,"{""P47386"": 5}"
DELLEIXRQ,"{""P47386"": 3}"
DEQQXXELQ,"{""P47460"": 407}"
DEQQXXXXX,"{""P47460"": 175}"
DEQQXKELQ,"{""P47460"": 20}"
DEQQKKELQ,"{""P47460"": 2}"
DEQQKXELQ,"{""P47460"": 23}"
DEQQKXXXX,"{""P47460"": 4}"
DEQNRXMSX,"{""P47576"": 89}"
DEQNRXXXX,"{""P47576"": 15}"
DEQNRKMSX,"{""P47576"": 2}"
DEQNXXMSX,"{""P47576"": 26}"
DEQNXXXXX,"{""P47576"": 4}"
DEQNXKMSX,"{""P47576"": 1}"
DEQYGRNQF,"{""P47584"": 121}"
DEQYGXNQF,"{""P47584"": 34}"
DEQLVIIHD,"{""P47535"": 34}"
DEQSDQGTE,"{""P47635"": 133}"
DEQRYNDLS,"{""Q49460"": 19}"
DEQRXNDLS,"{""Q49460"": 3}"
DEQXGRNQF,"{""P47584"": 7}"
DEQXGXNQF,"{""P47584"": 2}"
DEQXYNDLS,"{""Q49460"": 9}"
DEQXXNDLS,"{""Q49460"": 1}"
DETNQXLQX,"{""P47661"": 488}"
DETNQXLQK,"{""P47661"": 19}"
DETNQXXXX,"{""P47661"": 96}"
DETNQKLQX,"{""P47661"": 23}"
DETNQKLQK,"{""P47661"": 1}"
DETLINHLX,"{""P47431"": 117}"
DETLINHLK,"{""P47431"": 6}"
DEFENLIXX,"{""P47353"": 13}"
DEFENLIXQ,"{""P47353"": 100}"
DEFENLIKQ,"{""P47353"": 6}"
DEFLLYRLI,"{""P47368"": 22}"
DEFLLYXLI,"{""P47368"": 11}"
DEFLLXRLI,"{""P47368"": 2}"
DEFDLNITL,"{""P47520"": 125}"
DEEYSTLXT,"{""P47486"": 82}"
DEEYSTLXX,"{""P47486"": 18}"
DEEYSTLKT,"{""P47486"": 10}"
DEEXSTLXT,"{""P47486"": 5}"
DEEXSTLXX,"{""P47486"": 1}"
DEAVVXNLX,"{""P47300"": 97}"
DEAVVXNLK,"{""P47300"": 7}"
DEAVVXXXX,"{""P47300"": 10}"
DEAVVKNLX,"{""P47300"": 3}"
DEAQSRAQS,"{""P47583"": 126}"
DEAQSXAQS,"{""P47583"": 27}"
DEANVDRFL,"{""P47481"": 6}"
DENLFNNVS,"{""P47629"": 124}"
DENDALNLE,"{""P47448"": 120}"
DENYTVXVE,"{""P47249"": 454}"
DENYTVXXX,"{""P47249"": 125}"
DENYTVKVE,"{""P47249"": 16}"
DENQQIEIT,"{""P47596"": 118}"
DENXTVXVE,"{""P47249"": 25}"
DENXTVXXX,"{""P47249"": 5}"
DENXTVKVE,"{""P47249"": 2}"
DESENAXXX,"{""P47530"": 44}"
DESENAXXA,"{""P47530"": 83}"
DESENAXKA,"{""P47530"": 2}"
DESENAKXA,"{""P47530"": 5}"
DESENAKXX,"{""P47530"": 2}"
DESSREGIR,"{""P47250"": 24}"
DESSREGIX,"{""P47250"": 7}"
DESSXEGIR,"{""P47250"": 8}"
DESSXEGIX,"{""P47250"": 2}"
DESHGMIRT,"{""P47686"": 32}"
DESHGMIXT,"{""P47686"": 10}"
DEGIXVNWQ,"{""Q49430"": 113}"
DEGIXXXXX,"{""Q49430"": 19}"
DEGIKVNWQ,"{""Q49430"": 8}"
DEDSRXDXQ,"{""P47282"": 6}"
DEDSRXDRQ,"{""P47282"": 21}"
DEDSRXXXX,"{""P47282"": 88}"
DEDSRKDRQ,"{""P47282"": 1}"
DEDSXXDRQ,"{""P47282"": 3}"
DEDSXXXXX,"{""P47282"": 20}"
DEDSXKDRQ,"{""P47282"": 2}"
DEKIVIMLN,"{""P47484"": 5}"
DEKITNNQL,"{""P47342"": 8}"
DEKIIQDAH,"{""P47368"": 2}"
DEKTTQFIE,"{""P47700"": 20}"
DEKTTEIND,"{""Q49396"": 7}"
DEKLLXTIN,"{""P47275"": 3}"
DEKLLXXXX,"{""P47275"": 1}"
DEKLLKTIN,"{""P47275"": 1}"
DEKQXAAAL,"{""P47540"": 2}"
DEKQXXXXX,"{""P47540"": 1}"
DEWCISRQR,"{""P47587"": 21}"
DEWCISRQX,"{""P47587"": 9}"
DEWCISXQR,"{""P47587"": 10}"
DEWCISXQX,"{""P47587"": 3}"
DEWXISXQR,"{""P47587"": 1}"
DEWXISRQR,"{""P47587"": 1}"
DCPXXXXXX,"{""P47368"": 444, ""P47277"": 82}"
DCPXXHEXX,"{""P47277"": 4}"
DCPXXHEXA,"{""P47277"": 22}"
DCPXXNQPL,"{""P47368"": 3}"
DCPXCHEXA,"{""P47277"": 385}"
DCPXCHEXX,"{""P47277"": 88}"
DCPXCHEKA,"{""P47277"": 16}"
DCPXCNQPL,"{""P47368"": 107}"
DCPQDNIPE,"{""P47577"": 20}"
DCPKCHEXA,"{""P47277"": 16}"
DCPKCHEXX,"{""P47277"": 4}"
DCPKCHEKA,"{""P47277"": 1}"
DCPKCNQPL,"{""P47368"": 4}"
DCPKXHEXA,"{""P47277"": 1}"
DCFXALVQS,"{""P47282"": 14}"
DCFVTTSVM,"{""P47356"": 90}"
DCFYALVQS,"{""P47282"": 108}"
DCSDLTIFG,"{""P47457"": 618}"
DCNGNGFVI,"{""P47265"": 117}"
DCDLHIVDF,"{""P47488"": 112}"
DCXIIXXXX,"{""P47420"": 105}"
DCXXXXXXX,"{""P47420"": 15}"
DCTNFLNNL,"{""P47637"": 31}"
DCKIIXXXX,"{""P47420"": 3}"
DNAAEFXXX,"{""P47368"": 124}"
DNAXXXXXX,"{""P47502"": 94}"
DNAXXLXFS,"{""P47502"": 6}"
DNAXRLXXX,"{""P47502"": 3}"
DNAXRLXFS,"{""P47502"": 16}"
DNAXRLKFS,"{""P47502"": 1}"
DNALAMANW,"{""P47634"": 114}"
DNAKRLXFS,"{""P47502"": 1}"
DNNLQLVXT,"{""P47372"": 82}"
DNNLQLVXX,"{""P47372"": 28}"
DNNLQLVKT,"{""P47372"": 6}"
DNNXXQIIX,"{""P47596"": 72}"
DNNXXQIIK,"{""P47596"": 7}"
DNNXXXXXX,"{""P47596"": 46}"
DNNXKQIIX,"{""P47596"": 2}"
DNNFHWYNN,"{""P47653"": 625}"
DNNFHWXNN,"{""P47653"": 37}"
DNNNGIVTV,"{""P47610"": 156}"
DNNSQPDLI,"{""P47551"": 32}"
DNNKXQIIK,"{""P47596"": 1}"
DNNKXQIIX,"{""P47596"": 3}"
DNNKXXXXX,"{""P47596"": 1}"
DNXXXXXXX,"{""P47547"": 451, ""Q49416"": 21, ""P47251"": 42, ""P47409"": 89, ""P47247"": 18}"
DNXXLLAES,"{""P47251"": 90}"
DNXFLESAL,"{""P47409"": 504}"
DNXFIVIVX,"{""P47317"": 8}"
DNXFXFLSS,"{""P47429"": 2}"
DNXSLGRFN,"{""P47547"": 92}"
DNXSLGXFN,"{""P47547"": 25}"
DNXLVETVI,"{""Q49416"": 115}"
DNXCSVSIL,"{""P47267"": 7}"
DNXHFSVFY,"{""P47506"": 7}"
DNXDSFSTE,"{""P47247"": 104}"
DNXQNVFIA,"{""P47618"": 8}"
DNXQNESNF,"{""P47528"": 3}"
DNXNATLLS,"{""P47397"": 5}"
DNXTTININ,"{""P47695"": 8}"
DNXKLLAES,"{""P47251"": 4}"
DNIIRERIE,"{""P47547"": 9}"
DNIIREXIE,"{""P47547"": 1}"
DNIIXERIE,"{""P47547"": 3}"
DNIIXEXIE,"{""P47547"": 1}"
DNITITQNN,"{""P47597"": 121}"
DNIATXDIV,"{""P47345"": 92}"
DNIATXXXX,"{""P47345"": 21}"
DNIATKDIV,"{""P47345"": 6}"
DNIXLAXXX,"{""P47698"": 97}"
DNIXXXXXX,"{""P47698"": 22}"
DNIHXQXET,"{""P47508"": 2}"
DNIHIYPXF,"{""P47277"": 85}"
DNIHIYPXX,"{""P47277"": 20}"
DNIHIYPKF,"{""P47277"": 9}"
DNIHIXPXX,"{""P47277"": 2}"
DNIHIXPXF,"{""P47277"": 3}"
DNIHIXPKF,"{""P47277"": 1}"
DNIHYQRET,"{""P47508"": 24}"
DNIHYQXET,"{""P47508"": 6}"
DNIELFTNX,"{""P47361"": 118}"
DNIELFTNK,"{""P47361"": 7}"
DNINDLYDL,"{""P47652"": 134}"
DNINDLXDL,"{""P47652"": 5}"
DNIGMSQLL,"{""P47635"": 26}"
DNIKLAXXX,"{""P47698"": 6}"
DNDPXNYFG,"{""P47647"": 494}"
DNDPXNXFG,"{""P47647"": 33}"
DNDPXXXXX,"{""P47647"": 90}"
DNDPKNYFG,"{""P47647"": 30}"
DNDPKNXFG,"{""P47647"": 1}"
DNDVNDFED,"{""P47264"": 128}"
DNDAATGXP,"{""P47528"": 26}"
DNDAATGXX,"{""P47528"": 90}"
DNDAATGKP,"{""P47528"": 2}"
DNDFNNTXN,"{""Q49419"": 100}"
DNDFNNTXX,"{""Q49419"": 20}"
DNDFNNTKN,"{""Q49419"": 5}"
DNMXLIXXX,"{""P47660"": 11}"
DNMXLIXTM,"{""P47660"": 1}"
DNMVHSYQD,"{""P47318"": 607}"
DNMVHSXQD,"{""P47318"": 40}"
DNMRLIXXX,"{""P47660"": 17}"
DNMRLIXTM,"{""P47660"": 3}"
DNMRLIKTM,"{""P47660"": 1}"
DNVQLIXXX,"{""P47335"": 91}"
DNVQLIXAX,"{""P47335"": 486}"
DNVQLIXAK,"{""P47335"": 18}"
DNVQLIKAX,"{""P47335"": 27}"
DNVIDDEII,"{""P47387"": 110}"
DNVIXXXXX,"{""P47650"": 41}"
DNVIXXDFD,"{""P47650"": 62}"
DNVIXKDFD,"{""P47650"": 6}"
DNVIKXXXX,"{""P47650"": 2}"
DNVIKXDFD,"{""P47650"": 2}"
DNVRLQFGE,"{""P47339"": 25}"
DNVXLQFGE,"{""P47339"": 7}"
DNVSFSVDL,"{""P47580"": 2}"
DNLXNLXQN,"{""P47551"": 88}"
DNLXNLXXX,"{""P47551"": 19}"
DNLXNLKQN,"{""P47551"": 3}"
DNLXXWYQL,"{""P47449"": 411}"
DNLXXWXQL,"{""P47449"": 22}"
DNLXXXXXX,"{""P47449"": 178, ""P47551"": 22, ""P47321"": 28}"
DNLXFFPFX,"{""P47321"": 81}"
DNLXKWYQL,"{""P47449"": 20}"
DNLXKWXQL,"{""P47449"": 2}"
DNLNXXXXX,"{""P47590"": 99}"
DNLNXIRAN,"{""P47590"": 10}"
DNLNXIXAN,"{""P47590"": 1}"
DNLMNEAXX,"{""P47278"": 144}"
DNLMNEAXV,"{""P47278"": 438}"
DNLMNEAKV,"{""P47278"": 24}"
DNLSTTLXT,"{""P47310"": 118}"
DNLSTTLXX,"{""P47310"": 14}"
DNLSTTLKT,"{""P47310"": 5}"
DNLLVYQDE,"{""Q49398"": 120}"
DNLLVXQDE,"{""Q49398"": 5}"
DNLHRNANT,"{""P47650"": 2}"
DNLHXNANT,"{""P47650"": 1}"
DNLFSAAMN,"{""P47617"": 122}"
DNLILDITD,"{""P47325"": 127}"
DNLALWLNV,"{""P47587"": 113}"
DNLKFFPFX,"{""P47321"": 4}"
DNLKNLXXX,"{""P47551"": 3}"
DNLKNLXQN,"{""P47551"": 1}"
DNLKNLKQN,"{""P47551"": 1}"
DNLKXWYQL,"{""P47449"": 11}"
DNLKXWXQL,"{""P47449"": 1}"
DNLKXXXXX,"{""P47449"": 2}"
DNSDVKNLI,"{""P47481"": 5}"
DNSDVXNLI,"{""P47481"": 93}"
DNSDVXXXX,"{""P47481"": 22}"
DNSNXXXXX,"{""P47590"": 124}"
DNSYFEXXX,"{""P47661"": 455}"
DNSYFEXLQ,"{""P47661"": 103}"
DNSYFEKLQ,"{""P47661"": 6}"
DNSGGTAQF,"{""P47366"": 112}"
DNSIVVMAD,"{""P47582"": 35}"
DNSIYLVEG,"{""P47256"": 37}"
DNSIXLVEG,"{""P47256"": 1}"
DNSXFEXXX,"{""P47661"": 18}"
DNSXFEXLQ,"{""P47661"": 7}"
DNYQNESNF,"{""P47528"": 141}"
DNYQNVFIA,"{""P47618"": 123}"
DNYNATLLS,"{""P47397"": 122}"
DNYFXFLSS,"{""P47429"": 73}"
DNYFXXXXX,"{""P47429"": 18}"
DNYFKFLSS,"{""P47429"": 8}"
DNYHFSVFY,"{""P47506"": 115}"
DNYHFSVFX,"{""P47506"": 4}"
DNFLTXTFL,"{""P47394"": 95}"
DNFLTXXXX,"{""P47394"": 25}"
DNFLTKTFL,"{""P47394"": 3}"
DNFDINVVV,"{""P47656"": 102}"
DNQVFSLTV,"{""Q9ZB77"": 106}"
DNQVEDLIE,"{""P47319"": 10}"
DNQSFTLTF,"{""Q49460"": 122}"
DNQLLFTLH,"{""P47530"": 113}"
DNQTYSXIV,"{""P47660"": 1}"
DNQTYSRIV,"{""P47660"": 5}"
DNRTTININ,"{""P47695"": 26}"
DNRFIVIVX,"{""P47317"": 21}"
DNRFIVIVK,"{""P47317"": 3}"
DNRCSVSIL,"{""P47267"": 24}"
DNESVAVGD,"{""P47297"": 115}"
DNEFWYHHS,"{""P47657"": 124}"
DNEFWXHHS,"{""P47657"": 9}"
DNEXLERVT,"{""P47250"": 3}"
DNEXLEXVT,"{""P47250"": 1}"
DNEXVLMIF,"{""P47484"": 1}"
DNEIRRLIE,"{""P47597"": 6}"
DNEIRXLIE,"{""P47597"": 1}"
DNEIXXLIE,"{""P47597"": 1}"
DNEIXRLIE,"{""P47597"": 1}"
DNERVLMIF,"{""P47484"": 4}"
DNERLERVT,"{""P47250"": 3}"
DNERLEXVT,"{""P47250"": 1}"
DNPPITENQ,"{""Q49310"": 647}"
DNPPXEENP,"{""P47278"": 93}"
DNPPXXXXX,"{""P47278"": 25}"
DNPPKEENP,"{""P47278"": 6}"
DNPSYEIFV,"{""P47350"": 19}"
DNPSXEIFV,"{""P47350"": 4}"
DNTLNELVH,"{""P47275"": 124}"
DNTIVDLES,"{""P47288"": 118}"
DNTIVCGDG,"{""P47505"": 117}"
DNTIVXGDG,"{""P47505"": 5}"
DNTIDYRYF,"{""P47346"": 11}"
DNTIDYXYF,"{""P47346"": 6}"
DNTIDXRYF,"{""P47346"": 3}"
DNTIDXXYF,"{""P47346"": 2}"
DNGIHLXQA,"{""P47342"": 84}"
DNGIHLXXX,"{""P47342"": 28}"
DNGIHLKQA,"{""P47342"": 4}"
DNGFVXXXX,"{""P47609"": 20}"
DNGFVXVHA,"{""P47609"": 113}"
DNGFVKVHA,"{""P47609"": 4}"
DNHNEDLEN,"{""P47673"": 141}"
DNKDSFSTE,"{""P47247"": 3}"
DNKFLESAL,"{""P47409"": 29}"
DNKSLGRFN,"{""P47547"": 7}"
DNKXLLAES,"{""P47251"": 3}"
DNKLVETVI,"{""Q49416"": 5}"
DQPCSVCNQ,"{""P55825"": 107}"
DQPCSVXNQ,"{""P55825"": 11}"
DQIXDLLSA,"{""P47496"": 523}"
DQIXXXXXX,"{""P47496"": 94}"
DQIXEGYXQ,"{""Q49406"": 19}"
DQIXEGYXX,"{""Q49406"": 8}"
DQIXEGYKQ,"{""Q49406"": 1}"
DQIDSSRTA,"{""P47572"": 118}"
DQIDSSXTA,"{""P47572"": 29}"
DQILSXCAX,"{""P47453"": 29}"
DQILSXCAK,"{""P47453"": 1}"
DQILSXXAX,"{""P47453"": 1}"
DQILSRCAX,"{""P47453"": 108}"
DQILSRCAK,"{""P47453"": 3}"
DQILSRXAX,"{""P47453"": 3}"
DQILSRXAK,"{""P47453"": 1}"
DQILAQLNE,"{""P47369"": 131}"
DQIFAFHTX,"{""Q49422"": 111}"
DQIFAFHTK,"{""Q49422"": 3}"
DQIYEGYXQ,"{""Q49406"": 428}"
DQIYEGYXX,"{""Q49406"": 129}"
DQIYEGYKQ,"{""Q49406"": 15}"
DQIYEGXXQ,"{""Q49406"": 20}"
DQIYEGXXX,"{""Q49406"": 10}"
DQIYEGXKQ,"{""Q49406"": 1}"
DQIQLVVSD,"{""P47465"": 118}"
DQIKDLLSA,"{""P47496"": 21}"
DQLQAGDVG,"{""P47384"": 619}"
DQLQXLISN,"{""P47310"": 92}"
DQLQXXXXX,"{""P47310"": 11}"
DQLQKLISN,"{""P47310"": 3}"
DQLAXALAN,"{""P47341"": 96}"
DQLAXXXXX,"{""P47341"": 17}"
DQLAKALAN,"{""P47341"": 3}"
DQLXQELEX,"{""P47350"": 503}"
DQLXQELEK,"{""P47350"": 21}"
DQLXXXXXX,"{""P47350"": 92}"
DQLXDATLL,"{""P47267"": 10}"
DQLDXXXXX,"{""P47460"": 122}"
DQLDXXHRS,"{""P47460"": 6}"
DQLDXXHXS,"{""P47460"": 1}"
DQLDKXXXX,"{""P47460"": 7}"
DQLRDATLL,"{""P47267"": 33}"
DQLNSQIXQ,"{""P47460"": 9}"
DQLNSQIRQ,"{""P47460"": 21}"
DQLPTIXEL,"{""P47549"": 99}"
DQLPTIXXX,"{""P47549"": 22}"
DQLPTIKEL,"{""P47549"": 7}"
DQLKQELEX,"{""P47350"": 21}"
DQLKQELEK,"{""P47350"": 1}"
DQLVLDNIA,"{""P47549"": 8}"
DQLTLRGPL,"{""P47665"": 5}"
DQLTLXGPL,"{""P47665"": 2}"
DQNYXFEEX,"{""P47470"": 4}"
DQNYFNLVN,"{""P47661"": 128}"
DQNYRFEEX,"{""P47470"": 28}"
DQNFEFIHN,"{""Q49408"": 121}"
DQNVVLYGQ,"{""P47515"": 155}"
DQNVVLXGQ,"{""P47515"": 3}"
DQNXFNLVN,"{""P47661"": 9}"
DQNXRFEEX,"{""P47470"": 1}"
DQGDLSENA,"{""P47524"": 614}"
DQTFYFQTS,"{""P47332"": 566}"
DQTFXFQTS,"{""P47332"": 31}"
DQTGITLDV,"{""P47542"": 141}"
DQTYFLANV,"{""P47537"": 109}"
DQTLLVXTX,"{""P47247"": 96}"
DQTLLVXTK,"{""P47247"": 7}"
DQTLLVXXX,"{""P47247"": 14}"
DQTLLVKTX,"{""P47247"": 4}"
DQTLLVKTK,"{""P47247"": 1}"
DQTITFTDL,"{""Q49405"": 122}"
DQTIGLSIS,"{""P47345"": 120}"
DQTXFLANV,"{""P47537"": 5}"
DQHIQTVFE,"{""Q49407"": 638}"
DQXLVEQYC,"{""P47330"": 454}"
DQXLVEQYX,"{""P47330"": 27}"
DQXLVEQXC,"{""P47330"": 18}"
DQXLVEQXX,"{""P47330"": 1}"
DQXXXXXXX,"{""P47330"": 106, ""P47584"": 94, ""P47260"": 92, ""P22747"": 21}"
DQXSTVXIN,"{""P22747"": 80}"
DQXSTVXXX,"{""P22747"": 26}"
DQXSTVKIN,"{""P22747"": 2}"
DQXSLILML,"{""P47584"": 36}"
DQXELLPTL,"{""P47260"": 38}"
DQXTIDLSR,"{""P47314"": 1}"
DQXWDXEMI,"{""P47669"": 2}"
DQXWDREMI,"{""P47669"": 6}"
DQEFRQIEA,"{""P47460"": 26}"
DQEFXQIEA,"{""P47460"": 8}"
DQEINWRFK,"{""P47460"": 3}"
DQEINWRFX,"{""P47460"": 24}"
DQEINWXFX,"{""P47460"": 3}"
DQMSESGVV,"{""P47662"": 598}"
DQQLXDNLI,"{""P47325"": 118}"
DQQLXXXXX,"{""P47325"": 24}"
DQQLKDNLI,"{""P47325"": 4}"
DQFNCNWND,"{""P47455"": 117}"
DQFNXNWND,"{""P47455"": 7}"
DQFLGXXXX,"{""P47345"": 144}"
DQFLGXQLX,"{""P47345"": 469}"
DQFLGXQLK,"{""P47345"": 3}"
DQFLGKQLX,"{""P47345"": 18}"
DQFIQXXXX,"{""P47593"": 113}"
DQVIYDLVI,"{""P47348"": 113}"
DQVIXDLVI,"{""P47348"": 7}"
DQVDNNQTN,"{""P47387"": 129}"
DQALAWSTT,"{""P22747"": 131}"
DQDLVCETH,"{""P47391"": 121}"
DQDLVXETH,"{""P47391"": 7}"
DQKLVEQYC,"{""P47330"": 21}"
DQKSTVXIN,"{""P22747"": 4}"
DQKSTVXXX,"{""P22747"": 1}"
DQKELLPTL,"{""P47260"": 1}"
DQRWDREMI,"{""P47669"": 21}"
DQRWDXEMI,"{""P47669"": 3}"
DQRTIDLSX,"{""P47314"": 1}"
DQRTIDLSR,"{""P47314"": 4}"
DDVCEGLTA,"{""P47249"": 595}"
DDVFXXXXX,"{""P47251"": 97}"
DDVFXLENT,"{""P47251"": 32}"
DDVFKLENT,"{""P47251"": 1}"
DDVIXVEIH,"{""P47451"": 79}"
DDVIXXXXX,"{""P47451"": 22}"
DDVIKVEIH,"{""P47451"": 3}"
DDVXEGLTA,"{""P47249"": 40}"
DDFIEQAXM,"{""P47330"": 510}"
DDFIEQAXX,"{""P47330"": 102}"
DDFIEQAKM,"{""P47330"": 22}"
DDFQSQNQL,"{""P47655"": 129}"
DDFEXNQTF,"{""P47257"": 107}"
DDFEXXXXX,"{""P47257"": 21}"
DDFEKNQTF,"{""P47257"": 5}"
DDXXXXXXX,"{""P47278"": 544, ""P47625"": 19, ""P47582"": 20, ""P47453"": 15, ""Q49419"": 20}"
DDXLAXLSX,"{""Q49419"": 89}"
DDXLAXLSK,"{""Q49419"": 2}"
DDXLAXXXX,"{""Q49419"": 13}"
DDXLAKLSX,"{""Q49419"": 4}"
DDXGGYDAN,"{""P47453"": 109}"
DDXGGXDAN,"{""P47453"": 7}"
DDXENNNSL,"{""P47625"": 100}"
DDXIMPFXF,"{""P47582"": 72}"
DDXIMPFXX,"{""P47582"": 13}"
DDXIMPFKF,"{""P47582"": 5}"
DDXAFQYAF,"{""P47278"": 5}"
DDXAFQXAF,"{""P47278"": 1}"
DDHSAFFHL,"{""P47535"": 650}"
DDISXVVLM,"{""P47295"": 28}"
DDISXXXXX,"{""P47295"": 93}"
DDIMLYLIN,"{""P47277"": 605}"
DDIMLXLIN,"{""P47277"": 36}"
DDIVHXAHQ,"{""Q9ZB78"": 10}"
DDIVHYAHQ,"{""Q9ZB78"": 112}"
DDILNILDE,"{""P47347"": 18}"
DDGIYAIPI,"{""P47502"": 126}"
DDGIXAIPI,"{""P47502"": 8}"
DDGVNVTDQ,"{""P47563"": 638}"
DDGLPTLTF,"{""P47313"": 591}"
DDQLVNLAL,"{""P47506"": 142}"
DDQLTINTV,"{""Q49413"": 118}"
DDQQHDEIA,"{""Q49429"": 121}"
DDQSAILLA,"{""P47382"": 121}"
DDAIDNALX,"{""P47389"": 143}"
DDAIDNALK,"{""P47389"": 5}"
DDSVFGGIP,"{""P47613"": 145}"
DDNGFXXXX,"{""P47299"": 17}"
DDNGFXVXD,"{""P47299"": 3}"
DDNGFXVYD,"{""P47299"": 102}"
DDNGFKVYD,"{""P47299"": 3}"
DDPYVIXNF,"{""P47563"": 105}"
DDPYVIXXX,"{""P47563"": 23}"
DDPYVIKNF,"{""P47563"": 5}"
DDPXVIKNF,"{""P47563"": 1}"
DDPXVIXNF,"{""P47563"": 6}"
DDTHXMAEA,"{""P47334"": 89}"
DDTHXXXXX,"{""P47334"": 32}"
DDTHKMAEA,"{""P47334"": 4}"
DDLLFDNIN,"{""P47442"": 120}"
DDLXXFISE,"{""P47549"": 78}"
DDLXXXXXX,"{""P47549"": 37}"
DDLXKFISE,"{""P47549"": 3}"
DDLIELLIL,"{""P47574"": 103}"
DDLKXFISE,"{""P47549"": 6}"
DDKGGYDAN,"{""P47453"": 5}"
DDKGGXDAN,"{""P47453"": 2}"
DDKIMPFXF,"{""P47582"": 5}"
DDKIMPFXX,"{""P47582"": 2}"
DDKENNNSL,"{""P47625"": 8}"
DDKLAXLSX,"{""Q49419"": 2}"
DSPVXDSSX,"{""P20796"": 104}"
DSPVXDSSK,"{""P20796"": 3}"
DSPVXXXXX,"{""P20796"": 17}"
DSPVKDSSX,"{""P20796"": 4}"
DSPLXXXXX,"{""P47563"": 89}"
DSPLXXNQN,"{""P47563"": 5}"
DSPLXYNQN,"{""P47563"": 29}"
DSPLKYNQN,"{""P47563"": 1}"
DSIFELEXE,"{""P47319"": 491}"
DSIFELEXX,"{""P47319"": 108}"
DSIFELEKE,"{""P47319"": 26}"
DSIEFCXXX,"{""P47250"": 31}"
DSIEFCXXV,"{""P47250"": 80}"
DSIEFCXKV,"{""P47250"": 1}"
DSIEFCKXV,"{""P47250"": 6}"
DSIEFCKXX,"{""P47250"": 1}"
DSIEFXXXV,"{""P47250"": 4}"
DSIEQFAXQ,"{""P47466"": 112}"
DSIEQFAXX,"{""P47466"": 11}"
DSIEQFAKQ,"{""P47466"": 10}"
DSFINQLQL,"{""P47441"": 662}"
DSFXXXXXX,"{""P47271"": 88}"
DSFXXVARF,"{""P47271"": 16}"
DSFXXVAXF,"{""P47271"": 1}"
DSFXKVARF,"{""P47271"": 1}"
DSFEVDSXX,"{""P47678"": 479}"
DSFEVDSXS,"{""P47678"": 130}"
DSFEVDSKS,"{""P47678"": 4}"
DSFENAQSX,"{""P47310"": 127}"
DSFENAQSK,"{""P47310"": 5}"
DSFSTEMLI,"{""P47247"": 123}"
DSFTTTIXE,"{""Q49429"": 6}"
DSFTTTIRE,"{""Q49429"": 23}"
DSFKXXXXX,"{""P47271"": 2}"
DSFKXVARF,"{""P47271"": 2}"
DSETFFNXT,"{""P47359"": 102}"
DSETFFNXX,"{""P47359"": 22}"
DSETFFNKT,"{""P47359"": 6}"
DSEFQNEIL,"{""P47523"": 595}"
DSEQXWDXT,"{""P20796"": 80}"
DSEQXWDXX,"{""P20796"": 17}"
DSEQXWDKT,"{""P20796"": 2}"
DSEQXXXXX,"{""P20796"": 16}"
DSEQKWDXT,"{""P20796"": 4}"
DSEQKWDKT,"{""P20796"": 1}"
DSEDHTIXX,"{""P47473"": 18}"
DSEDHTIXI,"{""P47473"": 84}"
DSEDHTIKI,"{""P47473"": 6}"
DSERXNMSG,"{""P47395"": 12}"
DSERXXXXX,"{""P47395"": 5}"
DSERKNMSG,"{""P47395"": 3}"
DSEVIINTM,"{""P47458"": 124}"
DSEALALLR,"{""P47409"": 29}"
DSEALALLX,"{""P47409"": 3}"
DSEXXXXXX,"{""P47395"": 1}"
DSEXXNMSG,"{""P47395"": 5}"
DSLINEWXX,"{""P47597"": 592}"
DSLINEWXK,"{""P47597"": 25}"
DSLINEWKX,"{""P47597"": 16}"
DSLLNXXIE,"{""P47460"": 74}"
DSLLNXXXX,"{""P47460"": 32}"
DSLLNXKIE,"{""P47460"": 2}"
DSLLNKXIE,"{""P47460"": 4}"
DSLDPYINI,"{""P47351"": 123}"
DSLDPXINI,"{""P47351"": 6}"
DSLHNLLGV,"{""P47384"": 115}"
DSLNRWIVN,"{""P47624"": 23}"
DSLNXWIVN,"{""P47624"": 6}"
DSAXADLSN,"{""Q49429"": 106}"
DSAXXXXXX,"{""Q49429"": 19}"
DSAWEVSLF,"{""P47681"": 147}"
DSATRNYLX,"{""P47312"": 22}"
DSATRNXLX,"{""P47312"": 2}"
DSATXNXLX,"{""P47312"": 1}"
DSATXNYLX,"{""P47312"": 8}"
DSAKADLSN,"{""Q49429"": 2}"
DSSLXVSHG,"{""P47583"": 475}"
DSSLXXXXX,"{""P47583"": 114}"
DSSLKVSHG,"{""P47583"": 22}"
DSSIRWNQL,"{""P47291"": 28}"
DSSIXWNQL,"{""P47291"": 9}"
DSSXSITED,"{""P47563"": 471}"
DSSXXXXXX,"{""P47563"": 135, ""P20796"": 24}"
DSSXQGEXX,"{""P20796"": 76}"
DSSXQGEXL,"{""P20796"": 18}"
DSSXQGEKL,"{""P20796"": 1}"
DSSXQNLES,"{""P47502"": 6}"
DSSGWSSTE,"{""P22747"": 117}"
DSSYQNLES,"{""P47502"": 110}"
DSSKSITED,"{""P47563"": 22}"
DSSKQGEXX,"{""P20796"": 5}"
DSNILIFDE,"{""P47365"": 602}"
DSNFSFQNL,"{""P47694"": 122}"
DSNFWIXXX,"{""Q49405"": 111}"
DSNTTLSTH,"{""P47431"": 136}"
DSNGXVLYV,"{""P47448"": 80}"
DSNGXVLXV,"{""P47448"": 2}"
DSNGXXXXX,"{""P47448"": 35}"
DSNGKVLYV,"{""P47448"": 5}"
DSNGKVLXV,"{""P47448"": 1}"
DSNNQAFNS,"{""P47314"": 41}"
DSHSXXXXX,"{""P47476"": 464}"
DSHSXXLGA,"{""P47476"": 23}"
DSHSXRLGA,"{""P47476"": 79}"
DSHSKRLGA,"{""P47476"": 4}"
DSWFDSNGX,"{""P47613"": 117}"
DSDEXXXXX,"{""P47249"": 84}"
DSDEXINRD,"{""P47249"": 21}"
DSDEXINXD,"{""P47249"": 6}"
DSDQQCCQN,"{""P47538"": 122}"
DSDQQCXQN,"{""P47538"": 3}"
DSDQQXCQN,"{""P47538"": 6}"
DSDQNXIDI,"{""P22747"": 93}"
DSDQNXXXX,"{""P22747"": 27}"
DSDQNKIDI,"{""P22747"": 4}"
DSDXLTLDI,"{""P47418"": 93}"
DSDXXXXXX,"{""P47418"": 21}"
DSDDDLVYX,"{""P47523"": 4}"
DSDDDLVYR,"{""P47523"": 21}"
DSDDDLVXR,"{""P47523"": 1}"
DSDKLTLDI,"{""P47418"": 4}"
DSXXXXXXX,"{""P47326"": 22, ""P47291"": 81}"
DSXQNMQLT,"{""P47326"": 107}"
DSXNNELLH,"{""P47291"": 25}"
DSXGQFLHA,"{""P47451"": 2}"
DSQNLFNVA,"{""Q49419"": 110}"
DSQNISQDL,"{""P47251"": 122}"
DSQGRVVNF,"{""P47597"": 28}"
DSQGXVVNF,"{""P47597"": 9}"
DSYGQFLHA,"{""P47451"": 25}"
DSVEDAXVX,"{""P47582"": 86}"
DSVEDAXVK,"{""P47582"": 3}"
DSVEDAXXX,"{""P47582"": 20}"
DSVEDAKVX,"{""P47582"": 2}"
DSVEDAKVK,"{""P47582"": 1}"
DSTVNSLYX,"{""Q49460"": 118}"
DSTVNSLYK,"{""Q49460"": 5}"
DSTVNSLXX,"{""Q49460"": 3}"
DSTVNSLXK,"{""Q49460"": 1}"
DSTGICFIG,"{""P47537"": 29}"
DSGXXDQLA,"{""P47341"": 6}"
DSGYXXXXX,"{""P47341"": 13}"
DSGYXDQLA,"{""P47341"": 101}"
DSGYKDQLA,"{""P47341"": 4}"
DSKQNMQLT,"{""P47326"": 4}"
DSKNNELLH,"{""P47291"": 1}"
DSRPILSDL,"{""P47340"": 2}"
DANXTGDPT,"{""P47317"": 104}"
DANXXXXXX,"{""P47317"": 22}"
DANNAMXIL,"{""P47318"": 486}"
DANNAMXXX,"{""P47318"": 117}"
DANNAMKIL,"{""P47318"": 12}"
DANNLEQML,"{""P47300"": 144}"
DANWXXXXX,"{""P47279"": 114}"
DANTNNDXL,"{""P47664"": 98}"
DANTNNDXX,"{""P47664"": 17}"
DANTNNDKL,"{""P47664"": 3}"
DANKTGDPT,"{""P47317"": 5}"
DASDTLLAL,"{""P47534"": 650}"
DASDLIISD,"{""P47317"": 40}"
DASEANIXX,"{""P47387"": 92}"
DASEANIXF,"{""P47387"": 27}"
DASEANIKF,"{""P47387"": 2}"
DAEQILXAL,"{""P47251"": 487}"
DAEQILXXX,"{""P47251"": 136}"
DAEQILKAL,"{""P47251"": 27}"
DAEANXXXX,"{""P47547"": 556}"
DAEANXERD,"{""P47547"": 1}"
DAEANXEXD,"{""P47547"": 1}"
DALXXXXXX,"{""P47284"": 97}"
DALXIIYSE,"{""P47284"": 453}"
DALXIIXSE,"{""P47284"": 19}"
DALFSITFI,"{""Q49432"": 641}"
DALQMIXXD,"{""P47673"": 417}"
DALQMIXXX,"{""P47673"": 171}"
DALQMIXKD,"{""P47673"": 18}"
DALQMIKXD,"{""P47673"": 31}"
DALQMIKXX,"{""P47673"": 8}"
DALQMIKKD,"{""P47673"": 3}"
DALQXIQTL,"{""P47247"": 2}"
DALQRIQTL,"{""P47247"": 3}"
DALSVXLGG,"{""P47660"": 104}"
DALSVXXXX,"{""P47660"": 14}"
DALSVKLGG,"{""P47660"": 5}"
DALIXXXXX,"{""P47658"": 101}"
DALIXIADL,"{""P47658"": 20}"
DALAXVEXX,"{""P47512"": 103}"
DALAXVEXR,"{""P47512"": 14}"
DALAXVEKX,"{""P47512"": 1}"
DALAXXXXX,"{""P47512"": 32}"
DALAKVEXX,"{""P47512"": 7}"
DALAKVEXR,"{""P47512"": 1}"
DALKIIYSE,"{""P47284"": 26}"
DALKIIXSE,"{""P47284"": 2}"
DATLIMVIN,"{""P47261"": 630}"
DATLLXXII,"{""P47267"": 381}"
DATLLXXXX,"{""P47267"": 210}"
DATLLXKII,"{""P47267"": 21}"
DATLLKXXX,"{""P47267"": 9}"
DATLLKXII,"{""P47267"": 14}"
DATVXXXXX,"{""Q49429"": 124}"
DATNNDSLN,"{""Q49413"": 129}"
DAHEXXXXX,"{""P47255"": 459}"
DAHEXIYEI,"{""P47255"": 123}"
DAHEXIXEI,"{""P47255"": 6}"
DAHEKIYEI,"{""P47255"": 2}"
DAYFTGTSH,"{""P47699"": 531}"
DAYQAAALL,"{""P47299"": 27}"
DAIPNGMVX,"{""P47407"": 127}"
DAIPNGMVK,"{""P47407"": 5}"
DAILXXXXX,"{""P47699"": 19}"
DAILXTLLD,"{""P47699"": 90}"
DAILKTLLD,"{""P47699"": 6}"
DAIDVPLXV,"{""P47571"": 515}"
DAIDVPLXX,"{""P47571"": 89}"
DAIDVPLKV,"{""P47571"": 19}"
DAIAVIYXA,"{""P47652"": 114}"
DAIAVIYXX,"{""P47652"": 12}"
DAIAVIYKA,"{""P47652"": 5}"
DAIAVIXXA,"{""P47652"": 8}"
DAIAVIXXX,"{""P47652"": 3}"
DAINXLGWS,"{""P47368"": 114}"
DAINXXXXX,"{""P47368"": 23}"
DAINKLGWS,"{""P47368"": 5}"
DAXXXXXXX,"{""P47394"": 453, ""P47604"": 99, ""P47691"": 75, ""P47388"": 19, ""Q49409"": 21, ""P47385"": 17, ""P47617"": 12, ""P47638"": 16}"
DAXXANCXX,"{""P47394"": 28}"
DAXXANXXX,"{""P47394"": 2}"
DAXESALYH,"{""P47617"": 96}"
DAXESALXH,"{""P47617"": 5}"
DAXLNXIVT,"{""P47385"": 93}"
DAXLNXXXX,"{""P47385"": 14}"
DAXLNVXIE,"{""P47638"": 85}"
DAXLNVXXX,"{""P47638"": 14}"
DAXLNVKIE,"{""P47638"": 5}"
DAXLNKIVT,"{""P47385"": 6}"
DAXLIANXF,"{""P47388"": 87}"
DAXLIANXX,"{""P47388"": 11}"
DAXLIANKF,"{""P47388"": 2}"
DAXRANCXX,"{""P47394"": 89}"
DAXRANCXY,"{""P47394"": 6}"
DAXRANXXX,"{""P47394"": 2}"
DAXFTGTSH,"{""P47699"": 41}"
DAXALTXTS,"{""Q49409"": 95}"
DAXALTXXX,"{""Q49409"": 23}"
DAXALTKTS,"{""Q49409"": 5}"
DAXSTEVDD,"{""P47604"": 28}"
DAXSNLAIL,"{""P47691"": 28}"
DAXQAAALL,"{""P47299"": 2}"
DAXNYLAXX,"{""P47302"": 6}"
DAXTXLLQG,"{""P47632"": 1}"
DAFISSNDS,"{""P47549"": 122}"
DAFEIMEXV,"{""P47277"": 33}"
DAFEIMEXX,"{""P47277"": 94}"
DAFEIMEKV,"{""P47277"": 2}"
DADXIFPST,"{""P47278"": 104}"
DADXXXXXX,"{""P47278"": 11}"
DADEXTIQS,"{""P47617"": 96}"
DADEXXXXX,"{""P47617"": 21}"
DADEKTIQS,"{""P47617"": 5}"
DADKIFPST,"{""P47278"": 3}"
DAVYYNNAD,"{""P47572"": 107}"
DAVYXNNAD,"{""P47572"": 5}"
DAVNVXIDG,"{""P47296"": 7}"
DAVNVCIDG,"{""P47296"": 115}"
DAVREGAXI,"{""P47583"": 99}"
DAVREGAXX,"{""P47583"": 27}"
DAVREGAKI,"{""P47583"": 5}"
DAVXHXIGM,"{""P47365"": 70}"
DAVXHXXXX,"{""P47365"": 28}"
DAVXHKIGM,"{""P47365"": 3}"
DAVXYNNAD,"{""P47572"": 8}"
DAVXEGAXI,"{""P47583"": 29}"
DAVXEGAXX,"{""P47583"": 6}"
DAVXEGAKI,"{""P47583"": 1}"
DAVXXXXXX,"{""P47365"": 14}"
DAVXXNNAD,"{""P47572"": 1}"
DAVSFVEQF,"{""P47670"": 129}"
DAVKHXIGM,"{""P47365"": 5}"
DAVKHXXXX,"{""P47365"": 1}"
DAPRTPWGX,"{""P47400"": 108}"
DAPRTPWGK,"{""P47400"": 1}"
DAPQXFFLA,"{""P47321"": 113}"
DAPQXXXXX,"{""P47321"": 24}"
DAPQKFFLA,"{""P47321"": 5}"
DAPXTPWGX,"{""P47400"": 26}"
DACNYLAXX,"{""P47302"": 109}"
DACNYLAXK,"{""P47302"": 5}"
DACNYLAKX,"{""P47302"": 3}"
DACNXLAXX,"{""P47302"": 9}"
DAKXANCXX,"{""P47394"": 1}"
DAKLNXXXX,"{""P47385"": 3}"
DAKLNXIVT,"{""P47385"": 2}"
DAKLNVXIE,"{""P47638"": 2}"
DAKLIANXF,"{""P47388"": 3}"
DAKLIANXX,"{""P47388"": 1}"
DAKESALYH,"{""P47617"": 4}"
DAKALTXTS,"{""Q49409"": 2}"
DAKALTXXX,"{""Q49409"": 2}"
DAKSTEVDD,"{""P47604"": 2}"
DAKSNLAIL,"{""P47691"": 1}"
DAKRANCXX,"{""P47394"": 3}"
DARTRLLQG,"{""P47632"": 5}"
DARTXLLQG,"{""P47632"": 1}"
DYIHVYDIC,"{""P47364"": 515}"
DYIHVYDIX,"{""P47364"": 23}"
DYIHVXDIC,"{""P47364"": 26}"
DYIHVXDIX,"{""P47364"": 1}"
DYIHLFXXX,"{""P47686"": 102}"
DYIASPXXX,"{""P47520"": 93}"
DYIASPXQN,"{""P47520"": 19}"
DYIASPKQN,"{""P47520"": 1}"
DYILYVVDN,"{""P47395"": 103}"
DYILXVVDN,"{""P47395"": 3}"
DYYEVLGIS,"{""P47265"": 567}"
DYYEVLGIT,"{""P47442"": 572}"
DYYSLGFGR,"{""P47571"": 20}"
DYYSLGFGX,"{""P47571"": 4}"
DYLXLXXXX,"{""P47458"": 92}"
DYLXLXNAS,"{""P47458"": 394}"
DYLXLKNAS,"{""P47458"": 12}"
DYLXXXXXX,"{""P47458"": 94, ""P47471"": 18}"
DYLXELYEG,"{""P47471"": 100}"
DYLXELXEG,"{""P47471"": 2}"
DYLTDPXLA,"{""P47429"": 80}"
DYLTDPXXX,"{""P47429"": 24}"
DYLTDPKLA,"{""P47429"": 5}"
DYLTPYXLE,"{""P47281"": 95}"
DYLTPYXXX,"{""P47281"": 22}"
DYLTPYKLE,"{""P47281"": 3}"
DYLTPXXLE,"{""P47281"": 4}"
DYLPLIGDE,"{""Q49429"": 133}"
DYLHLLLAH,"{""P47456"": 111}"
DYLKLXNAS,"{""P47458"": 12}"
DYLKLXXXX,"{""P47458"": 3}"
DYLKELYEG,"{""P47471"": 3}"
DYFVNDDQF,"{""P47551"": 606}"
DYFXNXPFN,"{""P47606"": 84}"
DYFXNXXXX,"{""P47606"": 17}"
DYFXNKPFN,"{""P47606"": 5}"
DYFXXXXXX,"{""P47606"": 11}"
DYFHSFFSX,"{""P47277"": 109}"
DYFHSFFSK,"{""P47277"": 6}"
DYFSARXXX,"{""P47534"": 2}"
DYFSARXTP,"{""P47534"": 20}"
DYFSARKTP,"{""P47534"": 1}"
DYFSAXXTP,"{""P47534"": 7}"
DYFNLPIFF,"{""P47606"": 113}"
DYFKNXPFN,"{""P47606"": 4}"
DYFKNXXXX,"{""P47606"": 1}"
DYVNLXTGF,"{""P47613"": 467}"
DYVNLXXXX,"{""P47613"": 97}"
DYVNLKTGF,"{""P47613"": 12}"
DYGYLGSVN,"{""P47336"": 140}"
DYGHLSXDQ,"{""P47593"": 91}"
DYGHLSXXX,"{""P47593"": 25}"
DYGHLSKDQ,"{""P47593"": 6}"
DYGITINGQ,"{""P47513"": 112}"
DYGXLGSVN,"{""P47336"": 7}"
DYXXXXXXX,"{""P47351"": 527, ""P47307"": 30}"
DYXXNELPI,"{""P47307"": 68}"
DYXXVLWLE,"{""P47505"": 3}"
DYXEVLGIT,"{""P47442"": 35}"
DYXEVLGIS,"{""P47265"": 23}"
DYXRVLWLE,"{""P47505"": 4}"
DYXIISVSS,"{""P47351"": 5}"
DYXKNELPI,"{""P47307"": 1}"
DYQVFNEFI,"{""P47314"": 614}"
DYQVFELQX,"{""P47460"": 124}"
DYQVFELQK,"{""P47460"": 3}"
DYQVDFYSV,"{""P47584"": 117}"
DYQVDFXSV,"{""P47584"": 6}"
DYECACGXF,"{""P47582"": 85}"
DYECACGXX,"{""P47582"": 15}"
DYECACGKF,"{""P47582"": 3}"
DYECAXGXF,"{""P47582"": 5}"
DYECAXGXX,"{""P47582"": 1}"
DYENYVHFE,"{""P47326"": 115}"
DYENXVHFE,"{""P47326"": 7}"
DYEXACGXF,"{""P47582"": 2}"
DYCRVLWLE,"{""P47505"": 94}"
DYCXVLWLE,"{""P47505"": 29}"
DYWXNQKXD,"{""P47530"": 3}"
DYWXNQKXX,"{""P47530"": 1}"
DYWXNQXXX,"{""P47530"": 18}"
DYWXNQXXD,"{""P47530"": 58}"
DYWXNQXKD,"{""P47530"": 3}"
DYWXXXXXX,"{""P47530"": 19}"
DYWTSXWET,"{""P47288"": 7}"
DYWTSYWET,"{""P47288"": 115}"
DYWKNQXXD,"{""P47530"": 2}"
DYTITFXTF,"{""P47315"": 74}"
DYTITFXXX,"{""P47315"": 24}"
DYTITFKTF,"{""P47315"": 2}"
DYDFIFISA,"{""P47698"": 28}"
DYDLXTIXX,"{""P47319"": 70}"
DYDLXTIXD,"{""P47319"": 17}"
DYDLXTIKD,"{""P47319"": 1}"
DYDLXXXXX,"{""P47319"": 25}"
DYDLKTIXX,"{""P47319"": 2}"
DYDLKTIXD,"{""P47319"": 3}"
DYPLTSFPX,"{""P47652"": 6}"
DYPLTSFPR,"{""P47652"": 23}"
DYSQIEINE,"{""P47272"": 133}"
DYHSELYIF,"{""P47455"": 109}"
DYHSELXIF,"{""P47455"": 3}"
DFYDNNFXX,"{""P47436"": 522}"
DFYNXYNAL,"{""P47310"": 449}"
DFYNXXXXX,"{""P47310"": 100}"
DFYNXXNAL,"{""P47310"": 18}"
DFYNKYNAL,"{""P47310"": 16}"
DFYNKXNAL,"{""P47310"": 1}"
DFYLREXXX,"{""P47481"": 96}"
DFYLREXLR,"{""P47481"": 8}"
DFYLXEXXX,"{""P47481"": 19}"
DFYLXEXLR,"{""P47481"": 1}"
DFNLLFQTE,"{""P47493"": 597}"
DFNSFFENL,"{""P47701"": 130}"
DFNSFXLEV,"{""P47612"": 93}"
DFNSFXXXX,"{""P47612"": 31}"
DFNSFKLEV,"{""P47612"": 6}"
DFNSXIVEM,"{""Q49425"": 99}"
DFNSXXXXX,"{""Q49425"": 21}"
DFNSKIVEM,"{""Q49425"": 9}"
DFNQQFLLH,"{""P47585"": 131}"
DFNPGDFIG,"{""P47385"": 140}"
DFNEQRWIA,"{""P47653"": 24}"
DFNEQXWIA,"{""P47653"": 7}"
DFSKVLGXX,"{""Q49433"": 6}"
DFSKQQILA,"{""Q49411"": 2}"
DFSNSEIAQ,"{""P47253"": 620}"
DFSXQQILA,"{""Q49411"": 101}"
DFSXXXXXX,"{""Q49411"": 34, ""Q49433"": 27}"
DFSXVLGXX,"{""Q49433"": 90}"
DFSVLREQL,"{""P47495"": 25}"
DFSVLXEQL,"{""P47495"": 7}"
DFFVFYNXX,"{""P47254"": 94}"
DFFVFYNXK,"{""P47254"": 2}"
DFFVFYNKX,"{""P47254"": 1}"
DFFVFXNXX,"{""P47254"": 4}"
DFFVHSTGH,"{""P47566"": 120}"
DFFYXNEIL,"{""P47591"": 94}"
DFFYXXXXX,"{""P47591"": 25}"
DFFYKNEIL,"{""P47591"": 4}"
DFFNTHQLT,"{""P47583"": 113}"
DFFTAXEAN,"{""Q49399"": 104}"
DFFTAXXXX,"{""Q49399"": 22}"
DFFTAKEAN,"{""Q49399"": 2}"
DFFXXNEIL,"{""P47591"": 1}"
DFFXXXXXX,"{""P47591"": 1}"
DFMXXXXXX,"{""P47268"": 102}"
DFMXFDEWN,"{""P47268"": 534}"
DFMKFDEWN,"{""P47268"": 27}"
DFMVSLVLT,"{""P47416"": 5}"
DFXXXXXXX,"{""Q9ZB76"": 43, ""P47678"": 441, ""Q49408"": 84, ""P47342"": 23}"
DFXXAXXXX,"{""Q9ZB76"": 83}"
DFXDNNFXX,"{""P47436"": 29}"
DFXFYWLTX,"{""P47342"": 91}"
DFXFYWLTK,"{""P47342"": 3}"
DFXFSGFSW,"{""P47306"": 9}"
DFXFXWLTX,"{""P47342"": 4}"
DFXFXWLTK,"{""P47342"": 1}"
DFXVQIXLQ,"{""P47678"": 27}"
DFXVQIRLQ,"{""P47678"": 110}"
DFXVNAYDR,"{""Q49408"": 22}"
DFXVNAYDX,"{""Q49408"": 4}"
DFXVNAXDX,"{""Q49408"": 2}"
DFXNXXXXX,"{""P47310"": 8}"
DFXNXXNAL,"{""P47310"": 1}"
DFXNXYNAL,"{""P47310"": 25}"
DFXIPLNXN,"{""P47653"": 5}"
DFXGLSLRS,"{""P47409"": 3}"
DFXLXEXXX,"{""P47481"": 2}"
DFXLREXXX,"{""P47481"": 1}"
DFXKAXXXX,"{""Q9ZB76"": 1}"
DFVNNILQX,"{""P47484"": 600}"
DFVNNILQK,"{""P47484"": 22}"
DFVEHEEXX,"{""Q49418"": 115}"
DFVEHEEXR,"{""Q49418"": 31}"
DFVEHEEKR,"{""Q49418"": 1}"
DFVSACGGX,"{""Q49397"": 100}"
DFVSACGGK,"{""Q49397"": 3}"
DFVSAXGGX,"{""Q49397"": 6}"
DFVSIFYXX,"{""P47687"": 3}"
DFVSIFYXK,"{""P47687"": 1}"
DFVSIFYRX,"{""P47687"": 18}"
DFVSIFXRX,"{""P47687"": 1}"
DFVIQNXDD,"{""Q49419"": 539}"
DFVIQNXXX,"{""Q49419"": 87}"
DFVIQNKDD,"{""Q49419"": 24}"
DFVLAXEXM,"{""P47625"": 87}"
DFVLAXEXX,"{""P47625"": 12}"
DFVLAXEKM,"{""P47625"": 5}"
DFVLAXXXX,"{""P47625"": 16}"
DFVLAKEXM,"{""P47625"": 4}"
DFINFTMVL,"{""P47662"": 626}"
DFIDXLXST,"{""P47374"": 71}"
DFIDXLXXX,"{""P47374"": 26}"
DFIDXLKST,"{""P47374"": 7}"
DFIDXXXXX,"{""P47374"": 21}"
DFIDKLXST,"{""P47374"": 5}"
DFISXXGLY,"{""P47663"": 8}"
DFISXXGLX,"{""P47663"": 1}"
DFISXXXXX,"{""P47663"": 94}"
DFISXRGLY,"{""P47663"": 21}"
DFISXRGLX,"{""P47663"": 1}"
DFISKRGLY,"{""P47663"": 1}"
DFISKXGLY,"{""P47663"": 1}"
DFITNLLTQ,"{""P47577"": 28}"
DFILRSWLY,"{""P47587"": 22}"
DFILRSWLX,"{""P47587"": 1}"
DFILXSWLY,"{""P47587"": 4}"
DFTSLFQDH,"{""P47282"": 124}"
DFTTIXXXX,"{""P47662"": 112}"
DFTTIXXXI,"{""P47662"": 3}"
DFTTIXXRI,"{""P47662"": 10}"
DFTTIKXXX,"{""P47662"": 5}"
DFENTXFAD,"{""P47473"": 97}"
DFENTXXXX,"{""P47473"": 22}"
DFENTKFAD,"{""P47473"": 4}"
DFEXAVISE,"{""P47582"": 123}"
DFEXXXXXX,"{""P47582"": 27}"
DFEXGFETY,"{""P47563"": 2}"
DFEKAVISE,"{""P47582"": 10}"
DFERGFETY,"{""P47563"": 5}"
DFERGFETX,"{""P47563"": 1}"
DFDQYNXXX,"{""P47261"": 27}"
DFDQYNXSM,"{""P47261"": 82}"
DFDQYNKSM,"{""P47261"": 3}"
DFDQXNXSM,"{""P47261"": 5}"
DFDQXNKSM,"{""P47261"": 1}"
DFDEXXXXX,"{""P47650"": 92}"
DFDEXNVFE,"{""P47650"": 26}"
DFDDFQRRE,"{""Q49407"": 22}"
DFDDFQRXE,"{""Q49407"": 5}"
DFDDFQXXE,"{""Q49407"": 2}"
DFDDFQXRE,"{""Q49407"": 8}"
DFCFSGFSW,"{""P47306"": 120}"
DFLPAEXIM,"{""P47446"": 102}"
DFLPAEXXX,"{""P47446"": 17}"
DFLPAEKIM,"{""P47446"": 4}"
DFLSNVDPE,"{""P47583"": 121}"
DFLEXLXXX,"{""P47525"": 81}"
DFLEXLXIR,"{""P47525"": 16}"
DFLEXLXIX,"{""P47525"": 2}"
DFLEXLKIX,"{""P47525"": 1}"
DFLEXXXXX,"{""P47525"": 25}"
DFLEKLXXX,"{""P47525"": 4}"
DFLEKLXIR,"{""P47525"": 1}"
DFLVYXPNG,"{""P47549"": 93}"
DFLVYXXXX,"{""P47549"": 11}"
DFLVYKPNG,"{""P47549"": 3}"
DFLVXXPNG,"{""P47549"": 5}"
DFLTAGNIX,"{""P47623"": 120}"
DFLTAGNIK,"{""P47623"": 1}"
DFLNQINNP,"{""P47312"": 29}"
DFQSQFERI,"{""P47366"": 101}"
DFQSQFEXI,"{""P47366"": 35}"
DFAEXXXXX,"{""P47547"": 34}"
DFAEXXIGX,"{""P47547"": 89}"
DFAEXXIGK,"{""P47547"": 3}"
DFAEXKIGX,"{""P47547"": 5}"
DFAEKXIGX,"{""P47547"": 4}"
DFAFXXXXX,"{""P47384"": 96}"
DFAFXXAXX,"{""P47384"": 2}"
DFAFXRAXX,"{""P47384"": 21}"
DFAFXRAXK,"{""P47384"": 1}"
DFAFKXAXX,"{""P47384"": 1}"
DFADLIRVS,"{""P47277"": 25}"
DFADLIXVS,"{""P47277"": 5}"
DFRGLSLRS,"{""P47409"": 20}"
DFRGLSLXS,"{""P47409"": 1}"
DFRIPLNXN,"{""P47653"": 19}"
DFRIPLNXX,"{""P47653"": 3}"
DFRIPLNKN,"{""P47653"": 1}"
DFWIXSDHL,"{""Q49405"": 32}"
DFWIXXXXX,"{""Q49405"": 102}"
DFWIKSDHL,"{""Q49405"": 1}"
DFGFQEPXF,"{""P47549"": 10}"
DFGFQEPRF,"{""P47549"": 16}"
DFKXXXXXX,"{""Q9ZB76"": 1}"
DFKXAXXXX,"{""Q9ZB76"": 6}"
DFKVNAYDX,"{""Q49408"": 2}"
DFKVQIRLQ,"{""P47678"": 7}"
DFKVQIXLQ,"{""P47678"": 1}"
DFKFXWLTX,"{""P47342"": 1}"
DHPDLIQID,"{""P47496"": 23}"
DHPDIWLEX,"{""Q49422"": 111}"
DHPDIWLEK,"{""Q49422"": 1}"
DHXNXVHAL,"{""Q57081"": 402}"
DHXNXXXXX,"{""Q57081"": 92}"
DHXNKVHAL,"{""Q57081"": 16}"
DHXXXXXXX,"{""Q57081"": 89, ""P47508"": 26}"
DHXEAIAIF,"{""P47508"": 108}"
DHXSLGXQL,"{""P47615"": 5}"
DHXSLGXXX,"{""P47615"": 1}"
DHFLXXXXX,"{""Q49460"": 116}"
DHFLXATAF,"{""Q49460"": 500}"
DHFLIPIVT,"{""P47655"": 113}"
DHFLKATAF,"{""Q49460"": 19}"
DHFVIVXNX,"{""Q49430"": 115}"
DHFVIVXNK,"{""Q49430"": 4}"
DHFVIVXXX,"{""Q49430"": 18}"
DHFVIVKNX,"{""Q49430"": 3}"
DHLVLASKS,"{""P47534"": 5}"
DHLVLASXS,"{""P47534"": 102}"
DHLVLASXX,"{""P47534"": 21}"
DHLVSAFLQ,"{""P47446"": 132}"
DHLYLXXYP,"{""P47576"": 68}"
DHLYLXXXX,"{""P47576"": 32}"
DHLYLXXXP,"{""P47576"": 1}"
DHLYLXKYP,"{""P47576"": 2}"
DHLYLKKYP,"{""P47576"": 1}"
DHLYLKXYP,"{""P47576"": 2}"
DHLYLKXXX,"{""P47576"": 1}"
DHLXLXXXP,"{""P47576"": 1}"
DHLXLXXXX,"{""P47576"": 2}"
DHLXLXXYP,"{""P47576"": 3}"
DHLXLKXXX,"{""P47576"": 1}"
DHLXLKXYP,"{""P47576"": 1}"
DHISXXXXX,"{""P47394"": 99}"
DHISXLVRD,"{""P47394"": 23}"
DHISXLVXD,"{""P47394"": 5}"
DHISKLVXD,"{""P47394"": 1}"
DHISKLVRD,"{""P47394"": 1}"
DHIGGNCYD,"{""Q49398"": 565}"
DHIGGNCXD,"{""Q49398"": 42}"
DHIGGNXYD,"{""Q49398"": 36}"
DHIGGNXXD,"{""Q49398"": 3}"
DHKNXVHAL,"{""Q57081"": 19}"
DHKNXXXXX,"{""Q57081"": 1}"
DHKNKVHAL,"{""Q57081"": 3}"
DHKEAIAIF,"{""P47508"": 2}"
DHNNXXXXX,"{""P47513"": 122}"
DHNNXIVLN,"{""P47513"": 478}"
DHNNKIVLN,"{""P47513"": 20}"
DHNLYNQLV,"{""P47354"": 128}"
DHNLXNQLV,"{""P47354"": 7}"
DHSXXXXXX,"{""Q49423"": 118}"
DHSXFQIRL,"{""Q49423"": 6}"
DHSSRNESD,"{""P47436"": 20}"
DHSSXNESD,"{""P47436"": 8}"
DHSKFQIXL,"{""Q49423"": 1}"
DHTGGYQNF,"{""P55825"": 117}"
DHTGGXQNF,"{""P55825"": 3}"
DHDNQNVLL,"{""P47639"": 38}"
DHDVSLEVH,"{""P47282"": 149}"
DHRSLGXQL,"{""P47615"": 14}"
DHRSLGXXX,"{""P47615"": 5}"
DVAPCSLXX,"{""P47669"": 80}"
DVAPCSLXQ,"{""P47669"": 467}"
DVAPCSLKQ,"{""P47669"": 27}"
DVAPXSLXQ,"{""P47669"": 24}"
DVAPXSLXX,"{""P47669"": 6}"
DVAXXXXXX,"{""P47458"": 489}"
DVAXAMNIP,"{""P47458"": 124}"
DVALWLQXX,"{""P47634"": 34}"
DVALWLQXA,"{""P47634"": 86}"
DVALWLQKA,"{""P47634"": 5}"
DVAKAMNIP,"{""P47458"": 3}"
DVIAKLYGG,"{""P47384"": 4}"
DVIACRDDI,"{""P47277"": 104}"
DVIACXDDI,"{""P47277"": 25}"
DVIAXXXXX,"{""P47384"": 91}"
DVIAXXDDI,"{""P47277"": 1}"
DVIAXLYGG,"{""P47384"": 20}"
DVIAXLXGG,"{""P47384"": 1}"
DVIAXRDDI,"{""P47277"": 9}"
DVIVVGSVA,"{""P47319"": 137}"
DVIXXTNGQ,"{""Q49460"": 420}"
DVIXXXXXX,"{""Q49460"": 177, ""P47652"": 21}"
DVIXNIYDE,"{""P47652"": 92}"
DVIXNIXDE,"{""P47652"": 5}"
DVIXKTNGQ,"{""Q49460"": 15}"
DVILFGHSI,"{""Q49412"": 119}"
DVILDRRNE,"{""Q49423"": 4}"
DVISLAXEX,"{""P47295"": 85}"
DVISLAXEK,"{""P47295"": 6}"
DVISLAXXX,"{""P47295"": 16}"
DVISLAKEX,"{""P47295"": 3}"
DVIKXTNGQ,"{""Q49460"": 17}"
DVIKXXXXX,"{""Q49460"": 7}"
DVIKNIYDE,"{""P47652"": 6}"
DVVEGDFNL,"{""P47254"": 601}"
DVVEIQXXX,"{""P47438"": 17}"
DVVEIQXPL,"{""P47438"": 100}"
DVVEIQKPL,"{""P47438"": 7}"
DVVQXLEQL,"{""P47386"": 37}"
DVVQRLEQL,"{""P47386"": 99}"
DVVNLPLXI,"{""P47248"": 536}"
DVVNLPLXX,"{""P47248"": 100}"
DVVNLPLKI,"{""P47248"": 31}"
DVVXNHGQI,"{""P47316"": 106}"
DVVXDADEX,"{""P47617"": 472}"
DVVXDADEK,"{""P47617"": 20}"
DVVXXXXXX,"{""P47617"": 109, ""P47310"": 22, ""P47316"": 18}"
DVVXILXHD,"{""P47310"": 64}"
DVVXILXXX,"{""P47310"": 30}"
DVVXILKHD,"{""P47310"": 4}"
DVVFDTGGS,"{""P47413"": 99}"
DVVKDADEX,"{""P47617"": 25}"
DVVKDADEK,"{""P47617"": 1}"
DVVKNHGQI,"{""P47316"": 6}"
DVVKILKHD,"{""P47310"": 2}"
DVVKILXHD,"{""P47310"": 1}"
DVVKILXXX,"{""P47310"": 2}"
DVEIYELSL,"{""P47597"": 602}"
DVEIXELSL,"{""P47597"": 41}"
DVELVLXXX,"{""P47294"": 93}"
DVELVLXEI,"{""P47294"": 31}"
DVELVLKEI,"{""P47294"": 1}"
DVEXXXXXX,"{""P47637"": 28}"
DVEXQIAFL,"{""P47637"": 82}"
DVEKQIAFL,"{""P47637"": 5}"
DVNYAXXXX,"{""P47545"": 35}"
DVNYAXXXL,"{""P47545"": 5}"
DVNYAXXYL,"{""P47545"": 78}"
DVNYAXKYL,"{""P47545"": 5}"
DVNYAKXYL,"{""P47545"": 4}"
DVNXQXXXX,"{""P47551"": 390}"
DVNXQXQFL,"{""P47551"": 95}"
DVNXQKQFL,"{""P47551"": 4}"
DVNXXXXXX,"{""P47551"": 120, ""P47507"": 14}"
DVNXAXXYL,"{""P47545"": 3}"
DVNXAXXXX,"{""P47545"": 2}"
DVNXAXGLX,"{""P47507"": 5}"
DVNXAYGLX,"{""P47507"": 91}"
DVNXAYGLK,"{""P47507"": 1}"
DVNXFESDS,"{""P47508"": 6}"
DVNPFXEIV,"{""Q49460"": 111}"
DVNPFXXXX,"{""Q49460"": 19}"
DVNPFKEIV,"{""Q49460"": 2}"
DVNNXXXXX,"{""P47551"": 97}"
DVNNXIVDD,"{""P47551"": 507}"
DVNNKIVDD,"{""P47551"": 19}"
DVNSVSLTX,"{""Q49397"": 125}"
DVNSVSLTK,"{""Q49397"": 6}"
DVNINMFFX,"{""P47690"": 115}"
DVNRFESDS,"{""P47508"": 31}"
DVNKAYGLX,"{""P47507"": 4}"
DVNKQXXXX,"{""P47551"": 20}"
DVNKQXQFL,"{""P47551"": 5}"
DVXEACQQN,"{""P47248"": 481}"
DVXEAXQQN,"{""P47248"": 16}"
DVXVXYESS,"{""P22747"": 360}"
DVXVXXXXX,"{""P22747"": 82}"
DVXVXXESS,"{""P22747"": 26}"
DVXVKYESS,"{""P22747"": 22}"
DVXVIGGCA,"{""Q49408"": 4}"
DVXVIGGXA,"{""Q49408"": 1}"
DVXXXXXXX,"{""P47248"": 102, ""P22747"": 106, ""Q49405"": 24}"
DVXXVYVAI,"{""P47641"": 1}"
DVXLIQXNX,"{""Q49405"": 67}"
DVXLIQXXX,"{""Q49405"": 19}"
DVXLIQKNX,"{""Q49405"": 5}"
DVXFDAQLT,"{""P47527"": 6}"
DVXFLHTED,"{""P47264"": 2}"
DVXQAXGIE,"{""Q49405"": 11}"
DVXWAXXEY,"{""P47593"": 8}"
DVXWAXKEY,"{""P47593"": 1}"
DVXYFIDEI,"{""Q49399"": 2}"
DVXNYLLRQ,"{""P35888"": 6}"
DVXNYLLXQ,"{""P35888"": 1}"
DVXGLNVIN,"{""Q9ZB77"": 7}"
DVXCVYVAI,"{""P47641"": 4}"
DVXDLAXXL,"{""P47580"": 9}"
DVXDLAXXX,"{""P47580"": 2}"
DVXDLAKXL,"{""P47580"": 1}"
DVDGLTTNH,"{""P47259"": 129}"
DVGVGDTIV,"{""P47384"": 644}"
DVGFSFFHX,"{""P47347"": 117}"
DVGFSFFHK,"{""P47347"": 4}"
DVCNYLLXQ,"{""P35888"": 28}"
DVCNYLLRQ,"{""P35888"": 106}"
DVCNXLLRQ,"{""P35888"": 7}"
DVCNXLLXQ,"{""P35888"": 2}"
DVCDLAXXL,"{""P47580"": 86}"
DVCDLAXXX,"{""P47580"": 38}"
DVCDLAXKL,"{""P47580"": 2}"
DVCDLAKXL,"{""P47580"": 2}"
DVCWAXXEY,"{""P47593"": 75}"
DVCWAXXEX,"{""P47593"": 3}"
DVCWAXXXX,"{""P47593"": 42}"
DVCWAXKEY,"{""P47593"": 3}"
DVCWAKXEY,"{""P47593"": 1}"
DVFLXXXXX,"{""P47382"": 473}"
DVFLXXTXI,"{""P47382"": 18}"
DVFLXXTXX,"{""P47382"": 4}"
DVFLXXTKI,"{""P47382"": 1}"
DVFLXRTXI,"{""P47382"": 73}"
DVFLXRTXX,"{""P47382"": 25}"
DVFLXRTKI,"{""P47382"": 2}"
DVFLKRTXX,"{""P47382"": 1}"
DVFLKRTXI,"{""P47382"": 5}"
DVFGSNDXX,"{""Q49429"": 128}"
DVFFFSTTY,"{""P47592"": 103}"
DVFFFSTTX,"{""P47592"": 3}"
DVQNLISLL,"{""Q49460"": 606}"
DVQTXVSTX,"{""P47502"": 90}"
DVQTXVSTK,"{""P47502"": 5}"
DVQTXXXXX,"{""P47502"": 11}"
DVQTKVSTX,"{""P47502"": 3}"
DVQAYVIGE,"{""P47698"": 131}"
DVQAXVIGE,"{""P47698"": 4}"
DVTVDNLGD,"{""P47632"": 33}"
DVTXXXXXX,"{""P47342"": 43}"
DVTXXADLI,"{""P47342"": 73}"
DVTXFLXPD,"{""P47587"": 6}"
DVTXFLXXX,"{""P47587"": 2}"
DVTXKADLI,"{""P47342"": 3}"
DVTCFLXPD,"{""P47587"": 93}"
DVTCFLXXX,"{""P47587"": 20}"
DVTCFLKPD,"{""P47587"": 3}"
DVTDXTQLI,"{""P47530"": 107}"
DVTDXXXXX,"{""P47530"": 21}"
DVTDKTQLI,"{""P47530"": 5}"
DVTKXADLI,"{""P47342"": 7}"
DVLLLDVTP,"{""P47547"": 122}"
DVLIVFDDL,"{""P47641"": 108}"
DVLNGLFGL,"{""P47695"": 11}"
DVLDTWFSS,"{""P47576"": 34}"
DVSLAFFQL,"{""P47248"": 135}"
DVHYSQYGR,"{""P47583"": 96}"
DVHYSQYGX,"{""P47583"": 31}"
DVHYSQXGX,"{""P47583"": 1}"
DVHYSQXGR,"{""P47583"": 3}"
DVHYLNVTE,"{""P47614"": 107}"
DVHLVNSAD,"{""P47257"": 114}"
DVHXSQYGR,"{""P47583"": 7}"
DVHXSQYGX,"{""P47583"": 3}"
DVHXLNVTE,"{""P47614"": 9}"
DVYCVYVAI,"{""P47641"": 117}"
DVYCVXVAI,"{""P47641"": 5}"
DVYQAXGIE,"{""Q49405"": 114}"
DVYQAXXXX,"{""Q49405"": 16}"
DVYQAKGIE,"{""Q49405"": 5}"
DVYFDAQLT,"{""P47527"": 102}"
DVYFLHTED,"{""P47264"": 29}"
DVYVIGGCA,"{""Q49408"": 128}"
DVYVIGGXA,"{""Q49408"": 6}"
DVYGLNVIN,"{""Q9ZB77"": 110}"
DVYYFIDEI,"{""Q49399"": 119}"
DVYXVYVAI,"{""P47641"": 4}"
DVYXFIDEI,"{""Q49399"": 2}"
DVKEACQQN,"{""P47248"": 25}"
DVKEAXQQN,"{""P47248"": 2}"
DVKVXYESS,"{""P22747"": 28}"
DVKVXXXXX,"{""P22747"": 7}"
DVKLIQXXX,"{""Q49405"": 2}"
DVKLIQXNX,"{""Q49405"": 4}"
DTLYQNSGL,"{""P35888"": 593}"
DTLYLIRVN,"{""P47429"": 23}"
DTLYLIXVN,"{""P47429"": 5}"
DTLYCDAXN,"{""P47587"": 25}"
DTLYCDAXX,"{""P47587"": 77}"
DTLYCDAKN,"{""P47587"": 1}"
DTLYXDAKN,"{""P47587"": 1}"
DTLYXDAXN,"{""P47587"": 1}"
DTLYXDAXX,"{""P47587"": 3}"
DTLLXXXXX,"{""Q49434"": 497}"
DTLLXXLFP,"{""Q49434"": 109}"
DTLLXKLFP,"{""Q49434"": 6}"
DTLLKXXXX,"{""Q49434"": 14}"
DTLLKXLFP,"{""Q49434"": 6}"
DTLLKKLFP,"{""Q49434"": 1}"
DTLGFVYXL,"{""P47283"": 465}"
DTLGFVYXX,"{""P47283"": 146}"
DTLGFVYKL,"{""P47283"": 15}"
DTLGFVXXX,"{""P47283"": 7}"
DTLGFVXXL,"{""P47283"": 28}"
DTLGFVXKL,"{""P47283"": 1}"
DTLIANAXX,"{""P47395"": 589}"
DTLIANAXK,"{""P47395"": 26}"
DTLIANAKX,"{""P47395"": 33}"
DTLIANAKK,"{""P47395"": 1}"
DTLVQQRIA,"{""P47493"": 128}"
DTLVQQXIA,"{""P47493"": 35}"
DTLXCDAXX,"{""P47587"": 6}"
DTLXCDAXN,"{""P47587"": 2}"
DTLXQNSGL,"{""P35888"": 38}"
DTLXPALQL,"{""P47541"": 4}"
DTLXLIRVN,"{""P47429"": 1}"
DTLXXDAXX,"{""P47587"": 1}"
DTLEFISQT,"{""Q49429"": 122}"
DTLRPALQL,"{""P47541"": 30}"
DTTIRSFAN,"{""P47422"": 23}"
DTTITINIX,"{""P47655"": 123}"
DTTITINIK,"{""P47655"": 4}"
DTTIXSFAN,"{""P47422"": 6}"
DTTXXXXXX,"{""P47574"": 91, ""P47502"": 13}"
DTTXSDNXI,"{""P47502"": 79}"
DTTXSDNXX,"{""P47502"": 21}"
DTTXSDNKI,"{""P47502"": 9}"
DTTXISEFC,"{""P47574"": 17}"
DTTTGETLT,"{""P47335"": 125}"
DTTKISEFC,"{""P47574"": 2}"
DTTKSDNXI,"{""P47502"": 1}"
DTTKSDNXX,"{""P47502"": 3}"
DTHNXIVLA,"{""P47542"": 102}"
DTHNXXXXX,"{""P47542"": 28}"
DTHNKIVLA,"{""P47542"": 5}"
DTNXDQTYF,"{""P47537"": 99}"
DTNXDQTXF,"{""P47537"": 1}"
DTNXXXXXX,"{""P47537"": 19}"
DTNXIMDLS,"{""P47372"": 4}"
DTNGXXXXX,"{""P47665"": 103}"
DTNGXVTRI,"{""P47665"": 18}"
DTNGXVTXI,"{""P47665"": 8}"
DTNGKVTRI,"{""P47665"": 1}"
DTNRIMDLS,"{""P47372"": 17}"
DTNKDQTYF,"{""P47537"": 10}"
DTVPEVLLN,"{""P47250"": 582}"
DTVLSIINS,"{""P47597"": 98}"
DTVLFXLMX,"{""Q49402"": 97}"
DTVLFXLMK,"{""Q49402"": 1}"
DTVLFXXXX,"{""Q49402"": 25}"
DTVLFKLMX,"{""Q49402"": 4}"
DTVDFIANY,"{""P47250"": 126}"
DTVDFIANX,"{""P47250"": 6}"
DTVEXDIMF,"{""P47426"": 99}"
DTVEXXXXX,"{""P47426"": 22}"
DTVEKDIMF,"{""P47426"": 4}"
DTXYGMXWI,"{""P47486"": 5}"
DTXYGMXXX,"{""P47486"": 1}"
DTXXXXXXX,"{""P47698"": 94, ""P47514"": 17, ""P47652"": 31, ""P47314"": 11, ""P47549"": 34, ""P47299"": 7, ""P47660"": 3}"
DTXXNVDDQ,"{""P47549"": 57}"
DTXXNGGLF,"{""P47299"": 28}"
DTXXGMXWI,"{""P47486"": 1}"
DTXXEIIGA,"{""P47660"": 4}"
DTXLXYVNT,"{""P47314"": 76}"
DTXLXXXXX,"{""P47314"": 17}"
DTXLXXVNT,"{""P47314"": 3}"
DTXLKYVNT,"{""P47314"": 6}"
DTXLFSHLD,"{""P47386"": 9}"
DTXVASSTN,"{""P47514"": 108}"
DTXNMSNEX,"{""P47652"": 96}"
DTXNMSNEK,"{""P47652"": 1}"
DTXEVXVVA,"{""P47698"": 3}"
DTXEVRVVA,"{""P47698"": 21}"
DTXKNGGLF,"{""P47299"": 2}"
DTXKNVDDQ,"{""P47549"": 3}"
DTXTLXXXX,"{""P47463"": 6}"
DTSIEVVVP,"{""P47387"": 595}"
DTSGAIVVC,"{""P47451"": 557}"
DTSGAIVVX,"{""P47451"": 28}"
DTFNALWAI,"{""P47434"": 632}"
DTQXXXXXX,"{""Q9ZB74"": 439}"
DTQXIQSAT,"{""Q9ZB74"": 123}"
DTQKIQSAT,"{""Q9ZB74"": 10}"
DTDVANVYE,"{""P47362"": 613}"
DTDVANVXE,"{""P47362"": 23}"
DTDAQTPDE,"{""P47491"": 20}"
DTWILAQXY,"{""P47299"": 105}"
DTWILAQXX,"{""P47299"": 26}"
DTWILAQKY,"{""P47299"": 3}"
DTWSVGPYY,"{""P47563"": 90}"
DTWSVGPYX,"{""P47563"": 5}"
DTWSVGPXY,"{""P47563"": 2}"
DTATIDXLP,"{""P47261"": 89}"
DTATIDXXX,"{""P47261"": 28}"
DTATIDKLP,"{""P47261"": 5}"
DTYLFSHLD,"{""P47386"": 134}"
DTYXXXXXX,"{""P47660"": 27}"
DTYXEIIGA,"{""P47660"": 87}"
DTYKEIIGA,"{""P47660"": 5}"
DTIFXTQNG,"{""Q49460"": 19}"
DTIFXXXXX,"{""Q49460"": 80}"
DTIFKTQNG,"{""Q49460"": 1}"
DTILNSLPG,"{""Q49460"": 130}"
DTISIISNG,"{""Q49434"": 33}"
DTIEVPIKH,"{""P47582"": 3}"
DTIEVPIXX,"{""P47582"": 67}"
DTIEVPIXH,"{""P47582"": 25}"
DTEYIQAAX,"{""P47324"": 107}"
DTEXIQAAX,"{""P47324"": 6}"
DTRXNGGLF,"{""P47299"": 93}"
DTRXXXXXX,"{""P47299"": 13}"
DTRTLXXXX,"{""P47463"": 15}"
DTRTLXRLI,"{""P47463"": 2}"
DTRYGMXXX,"{""P47486"": 7}"
DTRYGMXWI,"{""P47486"": 16}"
DTRYGMKWI,"{""P47486"": 3}"
DTRKNGGLF,"{""P47299"": 5}"
DTPNTFELI,"{""P47259"": 135}"
DTKVASSTN,"{""P47514"": 6}"
DTKLXYVNT,"{""P47314"": 6}"
DTKLKYVNT,"{""P47314"": 1}"
DTKEVRVVA,"{""P47698"": 1}"
DTKNMSNEX,"{""P47652"": 5}"
DTKXNVDDQ,"{""P47549"": 2}"
DTKKNVDDQ,"{""P47549"": 1}"
DGXILIPQA,"{""P47251"": 107}"
DGXXXXXXX,"{""P47318"": 560, ""P47583"": 580, ""P47334"": 95, ""P47388"": 119, ""P47444"": 42, ""P47613"": 41, ""P47251"": 17, ""Q49398"": 1}"
DGXXNDDDN,"{""P47444"": 76}"
DGXXDSWFD,"{""P47613"": 82}"
DGXXGLAQR,"{""P47334"": 17}"
DGXXGLAQX,"{""P47334"": 2}"
DGXXLVSFF,"{""Q49398"": 3}"
DGXLLLXXG,"{""P47583"": 54}"
DGXLLLXXX,"{""P47583"": 38}"
DGXLLLXKG,"{""P47583"": 3}"
DGXLLLKXX,"{""P47583"": 1}"
DGXLLLKXG,"{""P47583"": 2}"
DGXKDSWFD,"{""P47613"": 3}"
DGXKNDDDN,"{""P47444"": 3}"
DGXTDLRXX,"{""P47583"": 5}"
DGXTDLRRX,"{""P47583"": 16}"
DGXTDLXRX,"{""P47583"": 4}"
DGXTDLXRK,"{""P47583"": 1}"
DGXTDLXXX,"{""P47583"": 1}"
DGXVLIVDH,"{""P47318"": 32}"
DGXFVGPRG,"{""P47277"": 1}"
DGXPIVTPT,"{""P47582"": 2}"
DGIXQETID,"{""P47481"": 125}"
DGIXXXXXX,"{""P47481"": 19}"
DGIWLXXLF,"{""P47391"": 68}"
DGIWLXXXX,"{""P47391"": 38}"
DGIWLXKLF,"{""P47391"": 6}"
DGIWLKXLF,"{""P47391"": 6}"
DGIEIDYDH,"{""P47568"": 625}"
DGIEIDXDH,"{""P47568"": 31}"
DGIEVEVVF,"{""P47445"": 124}"
DGILHAVRG,"{""P47325"": 27}"
DGILHAVXG,"{""P47325"": 6}"
DGIKQETID,"{""P47481"": 6}"
DGIHLMGVD,"{""P47551"": 32}"
DGNNFVFMD,"{""P47272"": 126}"
DGNGLSFPF,"{""P47313"": 132}"
DGNGYSQNN,"{""P47467"": 36}"
DGLSLLDQI,"{""P47658"": 603}"
DGLXXXXXX,"{""P47250"": 599, ""P47446"": 549, ""Q49408"": 21}"
DGLXLMMGC,"{""Q49408"": 99}"
DGLXLMMGX,"{""Q49408"": 5}"
DGLXPVQRR,"{""P47446"": 20}"
DGLXPVQRX,"{""P47446"": 3}"
DGLXPVQXR,"{""P47446"": 3}"
DGLXPVQXX,"{""P47446"": 1}"
DGLXPVHRR,"{""P47250"": 7}"
DGLXPVHRX,"{""P47250"": 1}"
DGLXPVHXR,"{""P47250"": 1}"
DGLANSHLM,"{""P47473"": 27}"
DGLNTAXTG,"{""P47549"": 113}"
DGLNTAXXX,"{""P47549"": 18}"
DGLKPVQRR,"{""P47446"": 1}"
DGLKPVHRR,"{""P47250"": 1}"
DGLKLMMGC,"{""Q49408"": 1}"
DGRXLVSFF,"{""Q49398"": 29}"
DGRXXXXXX,"{""Q49398"": 3}"
DGRPIVTPT,"{""P47582"": 10}"
DGFEADDLI,"{""Q49406"": 108}"
DGFEYXFXX,"{""P47653"": 57}"
DGFEYXFXY,"{""P47653"": 10}"
DGFEYXXXX,"{""P47653"": 24}"
DGFEYKFXX,"{""P47653"": 1}"
DGFEYKFXY,"{""P47653"": 3}"
DGFEXXFXX,"{""P47653"": 4}"
DGFEXKFXY,"{""P47653"": 1}"
DGFAIHFLF,"{""P47339"": 106}"
DGFXXXXXX,"{""P20796"": 40}"
DGFXXNSSS,"{""P20796"": 68}"
DGFXKNSSS,"{""P20796"": 1}"
DGFKXNSSS,"{""P20796"": 5}"
DGFKKNSSS,"{""P20796"": 1}"
DGSEFVFGH,"{""P47694"": 132}"
DGSELLSDA,"{""P47619"": 32}"
DGSLSFLLN,"{""P47642"": 129}"
DGSCIRDYI,"{""P47364"": 16}"
DGSCIXDYI,"{""P47364"": 7}"
DGSXIRDYI,"{""P47364"": 1}"
DGSXIXDYI,"{""P47364"": 1}"
DGHTNEXWT,"{""P47653"": 122}"
DGHTNEXXX,"{""P47653"": 477}"
DGHTNEKWT,"{""P47653"": 7}"
DGVXXXXXX,"{""P47431"": 143}"
DGVXSNLNA,"{""P47431"": 468}"
DGVFIYXGP,"{""P47388"": 105}"
DGVFIYXXX,"{""P47388"": 14}"
DGVFIYKGP,"{""P47388"": 8}"
DGVFIXXGP,"{""P47388"": 4}"
DGVFIXXXX,"{""P47388"": 1}"
DGVFLWRLL,"{""P47548"": 20}"
DGVFLWXLL,"{""P47548"": 7}"
DGVKSNLNA,"{""P47431"": 24}"
DGMFAVIVV,"{""P47385"": 586}"
DGQIGSEIF,"{""P47635"": 152}"
DGDTLEVSF,"{""P47432"": 573}"
DGDVCNFXX,"{""P47270"": 101}"
DGDVXNFXX,"{""P47270"": 5}"
DGDQLVQEM,"{""P47307"": 31}"
DGPSAGAAL,"{""P47481"": 123}"
DGGFENLIN,"{""Q49432"": 127}"
DGGVALLLS,"{""P47473"": 148}"
DGAYELGFE,"{""P47473"": 128}"
DGAXELGFE,"{""P47473"": 10}"
DGALERRFQ,"{""P47597"": 4}"
DGALERXFQ,"{""P47597"": 1}"
DGALEXRFQ,"{""P47597"": 2}"
DGALEXXFQ,"{""P47597"": 1}"
DGEISETQS,"{""Q49407"": 152}"
DGEIPQNQN,"{""P47549"": 109}"
DGKILIPQA,"{""P47251"": 6}"
DGKXXXXXX,"{""P47444"": 4, ""P47334"": 2, ""P47613"": 3}"
DGKXDSWFD,"{""P47613"": 4}"
DGKXNDDDN,"{""P47444"": 4}"
DGKXGLAQX,"{""P47334"": 2}"
DGKTDLRRX,"{""P47583"": 4}"
DGKLLLXXG,"{""P47583"": 3}"
DGKKGLAQR,"{""P47334"": 1}"
DGKVLIVDH,"{""P47318"": 1}"
DGYFVGPRG,"{""P47277"": 1}"
DGYFVGPXG,"{""P47277"": 1}"
DPLXQQNAI,"{""P47477"": 100}"
DPLXXXXXX,"{""P47477"": 20}"
DPLLLSNFD,"{""Q49413"": 35}"
DPLKQQNAI,"{""P47477"": 3}"
DPXXXXXXX,"{""P47468"": 118, ""P47346"": 22}"
DPXSLAXLH,"{""P47346"": 96}"
DPXSLAXXX,"{""P47346"": 10}"
DPXSLAKLH,"{""P47346"": 4}"
DPXAINNYG,"{""P47468"": 2}"
DPQVXXXXX,"{""P47443"": 80}"
DPQVXNYTT,"{""P47443"": 22}"
DPQVXNXTT,"{""P47443"": 3}"
DPQTQQFIP,"{""P20796"": 27}"
DPQNLPWDE,"{""P47543"": 33}"
DPSXXXXXX,"{""P47293"": 117}"
DPSXVDRTG,"{""P47293"": 10}"
DPSSLAATL,"{""P47541"": 635}"
DPSISELYI,"{""P47249"": 550}"
DPSISELXI,"{""P47249"": 32}"
DPDXYLSXX,"{""P47563"": 95}"
DPDXYLSXR,"{""P47563"": 5}"
DPDXYLSKR,"{""P47563"": 1}"
DPDXXXXXX,"{""P47563"": 26}"
DPDXXLSXX,"{""P47563"": 5}"
DPDELXSXV,"{""P47442"": 1}"
DPDELXSXX,"{""P47442"": 6}"
DPDELRSXX,"{""P47442"": 20}"
DPDELRSXV,"{""P47442"": 3}"
DPDKYLSXR,"{""P47563"": 1}"
DPDKYLSXX,"{""P47563"": 1}"
DPGFYLTSD,"{""P47427"": 561}"
DPGFXLTSD,"{""P47427"": 33}"
DPGDYPIEI,"{""P47502"": 115}"
DPGDXPIEI,"{""P47502"": 5}"
DPWFFQHSE,"{""P47288"": 38}"
DPNTQILYG,"{""P47277"": 139}"
DPNTQILXG,"{""P47277"": 3}"
DPNRXXXXX,"{""P47294"": 102}"
DPNRXQXII,"{""P47294"": 3}"
DPNRXQRII,"{""P47294"": 16}"
DPNDYPVEL,"{""P47431"": 27}"
DPNDXPVEL,"{""P47431"": 2}"
DPNXXXXXX,"{""P47294"": 26}"
DPNXXQRII,"{""P47294"": 6}"
DPNXXQXII,"{""P47294"": 1}"
DPNIQITNE,"{""P35888"": 7}"
DPTTXXXXX,"{""P47479"": 133}"
DPEXLIXXX,"{""P47655"": 24}"
DPEXLIXXS,"{""P47655"": 71}"
DPEXLIXKS,"{""P47655"": 4}"
DPEXLIKXS,"{""P47655"": 3}"
DPEXXXXXX,"{""P47655"": 22}"
DPEKLIXXX,"{""P47655"": 1}"
DPEKLIXXS,"{""P47655"": 3}"
DPILGEIIF,"{""P47699"": 116}"
DPVGIHARP,"{""P47287"": 17}"
DPVGIHAXP,"{""P47287"": 9}"
DPKSLAXLH,"{""P47346"": 3}"
DMMFGTPCV,"{""P47698"": 30}"
DMMFGTPXV,"{""P47698"": 3}"
DMINXNSDX,"{""P47657"": 461}"
DMINXNSDK,"{""P47657"": 23}"
DMINXXXXX,"{""P47657"": 113}"
DMINKNSDX,"{""P47657"": 29}"
DMINKNSDK,"{""P47657"": 1}"
DMLIDVQHH,"{""P47621"": 132}"
DMLQLVNAF,"{""Q49406"": 647}"
DMGVEIPED,"{""P47295"": 127}"
DMGHTPHIV,"{""P47693"": 7}"
DMFNLPVXL,"{""P47539"": 102}"
DMFNLPVXX,"{""P47539"": 16}"
DMFNLPVKL,"{""P47539"": 5}"
DMAIHXXXX,"{""P47288"": 102}"
DMAIHXXPF,"{""P47288"": 5}"
DMAIHXRPF,"{""P47288"": 30}"
DMAIHKRPF,"{""P47288"": 1}"
DMAIHKXPF,"{""P47288"": 1}"
DMAILFRXN,"{""P47486"": 3}"
DMAILFRXX,"{""P47486"": 11}"
DMAILFXXX,"{""P47486"": 7}"
DMAILFXXN,"{""P47486"": 1}"
DMXLTVSVY,"{""P47423"": 98}"
DMXLTVSVX,"{""P47423"": 3}"
DMXXXXXXX,"{""P47423"": 29}"
DMQTGEIXH,"{""P47595"": 7}"
DMQTGEIRH,"{""P47595"": 27}"
DMDLAVEYN,"{""P47668"": 31}"
DMKLTVSVY,"{""P47423"": 7}"
DMSLITIXL,"{""P47610"": 2}"
DMSLITIRL,"{""P47610"": 1}"
DKNTTTSQF,"{""P47276"": 8}"
DKNQIALFX,"{""P47264"": 7}"
DKNQIALFK,"{""P47264"": 1}"
DKNFAENSS,"{""P47612"": 23}"
DKNFQLSEI,"{""P47445"": 1}"
DKNIDLDIN,"{""P47653"": 3}"
DKNIXISGN,"{""Q49432"": 1}"
DKNIXXXXX,"{""Q49432"": 3}"
DKNNFYNLT,"{""P47431"": 1}"
DKNNSFTAI,"{""P47576"": 1}"
DKNSISADL,"{""P47678"": 2}"
DKNSANQVV,"{""P47579"": 6}"
DKNATFLPT,"{""P47672"": 6}"
DKNREISLL,"{""P47700"": 2}"
DKNVLDTAT,"{""P47563"": 1}"
DKNXPLTSI,"{""P47325"": 1}"
DKNXQEVVD,"{""P47575"": 4}"
DKPHQLSSQ,"{""P47429"": 8}"
DKPTLTGIN,"{""P47261"": 9}"
DKPASXXXX,"{""P47540"": 5}"
DKPVILVVN,"{""P47571"": 4}"
DKPVVDXHA,"{""P47344"": 6}"
DKPLFXXFT,"{""P47312"": 5}"
DKPLFXXXX,"{""P47312"": 1}"
DKMIANLVE,"{""P47455"": 24}"
DKMIINAIX,"{""P47482"": 9}"
DKMYFLSQN,"{""P47653"": 5}"
DKMYFLEQN,"{""P47655"": 5}"
DKMYIEGNM,"{""P47403"": 9}"
DKEVLVAFX,"{""P47486"": 23}"
DKEIIFEGX,"{""P47388"": 2}"
DKEIIFEGR,"{""P47388"": 3}"
DKEILDGGN,"{""P47395"": 4}"
DKEISLSQN,"{""P47319"": 5}"
DKEQIQQLT,"{""P47282"": 2}"
DKEXXXXXX,"{""P47673"": 3}"
DKEXTXEXE,"{""P47301"": 1}"
DKEFLVFET,"{""P47568"": 3}"
DKXXXXXXX,"{""P47390"": 3, ""P47277"": 7, ""P47315"": 3, ""P47652"": 3, ""P47283"": 3, ""P47405"": 1, ""P47496"": 1, ""P47484"": 1}"
DKXVLALSN,"{""P47277"": 1}"
DKXVFQXLX,"{""P47587"": 5}"
DKXVFQXXX,"{""P47587"": 1}"
DKXLSLVID,"{""P47283"": 2}"
DKXLXTLTI,"{""P47652"": 14}"
DKXLXXXXX,"{""P47652"": 3}"
DKXTSWNXX,"{""P47484"": 7}"
DKXNQVLXX,"{""P47496"": 1}"
DKXNQVLXL,"{""P47496"": 1}"
DKXSLFXKH,"{""P47592"": 1}"
DKXSLFXXH,"{""P47592"": 2}"
DKXSLFXXX,"{""P47592"": 1}"
DKXYXILIE,"{""P47277"": 3}"
DKXFVDLPG,"{""P47577"": 1}"
DKFNNYVGI,"{""P47581"": 4}"
DKFNNXVGI,"{""P47581"": 1}"
DKFQHYDLI,"{""P47635"": 24}"
DKFQHXDLI,"{""P47635"": 3}"
DKFLLANDL,"{""P47318"": 29}"
DKFINAIXX,"{""P47653"": 7}"
DKFAXFTXX,"{""P47589"": 3}"
DKFAXFTXK,"{""P47589"": 1}"
DKFAXXXXX,"{""P47589"": 1}"
DKFSFQXNY,"{""P47576"": 4}"
DKFTLWSLI,"{""P47580"": 3}"
DKTEFSLSE,"{""P47486"": 5}"
DKTVGQTIE,"{""P47294"": 31}"
DKTIKSVAI,"{""Q49408"": 1}"
DKTIXSVAI,"{""Q49408"": 9}"
DKTIXXXXX,"{""Q49408"": 2}"
DKTFFQFAL,"{""P47655"": 2}"
DKLPNGYIF,"{""P47658"": 12}"
DKLTPSYAF,"{""P47549"": 6}"
DKLTPSXAF,"{""P47549"": 1}"
DKLEIHELX,"{""P47662"": 30}"
DKLVNLVTT,"{""Q9ZB73"": 24}"
DKLAXXXXX,"{""P47694"": 6}"
DKLLHLGDE,"{""P47597"": 6}"
DKLXNDLNS,"{""P47661"": 4}"
DKLXTXXXX,"{""P47662"": 3}"
DKLXTXMEE,"{""P47662"": 2}"
DKLXIIFED,"{""P47610"": 2}"
DKLXXXXXX,"{""P47286"": 2}"
DKLITMDLX,"{""Q9ZB76"": 4}"
DKLITMDLK,"{""Q9ZB76"": 1}"
DKLFLARXR,"{""Q49460"": 1}"
DKGIEXXXX,"{""P35888"": 3}"
DKGIEXLXX,"{""P35888"": 32}"
DKGIEKLXX,"{""P35888"": 2}"
DKGIQLQHD,"{""P47491"": 2}"
DKGFEFVDX,"{""P47335"": 3}"
DKGTTIVIV,"{""Q9ZB70"": 21}"
DKGSDAMQX,"{""P47549"": 7}"
DKGXXXXXX,"{""P47656"": 3}"
DKGXITINH,"{""P47656"": 1}"
DKDEFENLI,"{""P47353"": 6}"
DKDVYCVYV,"{""P47641"": 3}"
DKDVXCVYV,"{""P47641"": 1}"
DKDHLVSAF,"{""P47446"": 24}"
DKDILLIED,"{""P47696"": 1}"
DKAMXXXXX,"{""P47500"": 14}"
DKAMXMLXA,"{""P47500"": 1}"
DKAMXMLRA,"{""P47500"": 5}"
DKAXCXXXX,"{""P47368"": 3}"
DKAXCXRIT,"{""P47368"": 2}"
DKAXXXXXX,"{""P47368"": 2}"
DKAXXXRIT,"{""P47368"": 1}"
DKQIVVTHX,"{""P47625"": 6}"
DKQNEVXXX,"{""P47460"": 2}"
DKQNEVXQH,"{""P47460"": 2}"
DKQNNLSYF,"{""P47658"": 1}"
DKQFTPLXX,"{""P47546"": 2}"
DKQXXXXXX,"{""Q49405"": 6}"
DKQXLIIXT,"{""Q49405"": 1}"
DKQXLIIRT,"{""Q49405"": 1}"
DKQLLVSGQ,"{""P47310"": 3}"
DKRAXXXXX,"{""P47656"": 3}"
DKRAXERXX,"{""P47656"": 2}"
DKRYTNFWN,"{""P47576"": 1}"
DKRFVDLPG,"{""P47577"": 1}"
DKRVXEAQN,"{""P47278"": 1}"
DKRRSHDAL,"{""P47603"": 1}"
DKRSLXXXX,"{""P47582"": 1}"
DKVDNLGPV,"{""P47310"": 8}"
DKVDDNVRF,"{""P47491"": 6}"
DKVDDNVXF,"{""P47491"": 1}"
DKVDQDIDS,"{""P47460"": 5}"
DKVXSIIND,"{""P47688"": 23}"
DKVXXXXXX,"{""P47688"": 4}"
DKVWFXXXX,"{""Q49460"": 2}"
DKVWFXSDE,"{""Q49460"": 1}"
DKVFIXNLF,"{""Q49409"": 8}"
DKVFLSVDN,"{""P47653"": 4}"
DKVIHNYYS,"{""P47471"": 28}"
DKISVITPX,"{""Q49396"": 3}"
DKIXXXXXX,"{""P47632"": 4}"
DKIXXHVEL,"{""P47632"": 1}"
DKIIELAXF,"{""P47612"": 2}"
DKIFIXXXX,"{""P47381"": 2}"
DKILAILXE,"{""P47532"": 2}"
DKILAILXX,"{""P47532"": 1}"
DKSIIENFF,"{""P47551"": 6}"
DKKTSWNXX,"{""P47484"": 1}"
DKYXXXXXX,"{""P47405"": 3}"
DKHCLMXXX,"{""P47490"": 3}"
DWQIFNEFI,"{""P47635"": 614}"
DWQDLITXX,"{""P47471"": 102}"
DWQDLITXT,"{""P47471"": 28}"
DWQDLITKT,"{""P47471"": 1}"
DWQRGRNID,"{""P47622"": 23}"
DWQRGXNID,"{""P47622"": 5}"
DWQXGRNID,"{""P47622"": 5}"
DWDELYLNX,"{""P47492"": 113}"
DWDELYLNK,"{""P47492"": 3}"
DWDELXLNX,"{""P47492"": 7}"
DWXXXXXXX,"{""P47537"": 26, ""P47310"": 47}"
DWXDXVDNL,"{""P47310"": 78}"
DWXDXXXXX,"{""P47310"": 17}"
DWXDKVDNL,"{""P47310"": 5}"
DWXTXXXXX,"{""P47537"": 81}"
DWXTXQTIS,"{""P47537"": 24}"
DWXTKQTIS,"{""P47537"": 2}"
DWXNQQVIN,"{""P47310"": 106}"
DWXSCITSA,"{""P47563"": 6}"
DWXSXITSA,"{""P47563"": 1}"
DWLXXXXXX,"{""Q49460"": 38}"
DWLXXXVES,"{""Q49460"": 72}"
DWLXXKVES,"{""Q49460"": 2}"
DWLXKXVES,"{""Q49460"": 10}"
DWLXKXXXX,"{""Q49460"": 1}"
DWLKXXVES,"{""Q49460"": 3}"
DWLKXXXXX,"{""Q49460"": 1}"
DWNSFXXXX,"{""P47493"": 100}"
DWNSFXVNC,"{""P47493"": 25}"
DWNSFXVNX,"{""P47493"": 1}"
DWNSFKVNC,"{""P47493"": 3}"
DWSLTSXEM,"{""P47647"": 88}"
DWSLTSXXX,"{""P47647"": 23}"
DWSLTSKEM,"{""P47647"": 8}"
DWSEALMGL,"{""P47266"": 108}"
DWSFFVNDA,"{""P47687"": 24}"
DWCSCITSA,"{""P47563"": 104}"
DWCSXITSA,"{""P47563"": 9}"
DWIFSRQRY,"{""P47508"": 23}"
DWIFSRQXY,"{""P47508"": 2}"
DWIFSXQRY,"{""P47508"": 3}"
DWFGDELVY,"{""P47281"": 122}"
DWFGDELVX,"{""P47281"": 6}"
DWKTXXXXX,"{""P47537"": 3}"
DWKTXQTIS,"{""P47537"": 1}"
DWKNQQVIN,"{""P47310"": 4}"
DWKDXXXXX,"{""P47310"": 3}"
DWKDXVDNL,"{""P47310"": 2}"
DRSDSVFGT,"{""P47318"": 21}"
DRSFFANXA,"{""P47669"": 23}"
DRSFFANXX,"{""P47669"": 3}"
DRSFFANKA,"{""P47669"": 1}"
DRSQLDLXX,"{""P47317"": 15}"
DRSQLDLXT,"{""P47317"": 4}"
DRIFGIGEW,"{""P47571"": 116}"
DRIFQAILP,"{""P47445"": 30}"
DRIGVCLDT,"{""P47477"": 25}"
DRIAMLKLA,"{""P47482"": 1}"
DRIAMLXLA,"{""P47482"": 19}"
DRIAMLXXX,"{""P47482"": 6}"
DRFVLSAGH,"{""P47312"": 129}"
DRFEXQLLI,"{""P47685"": 100}"
DRFEXXXXX,"{""P47685"": 23}"
DRFEKQLLI,"{""P47685"": 9}"
DRFLHSSEX,"{""P47366"": 24}"
DRFNDNRLV,"{""P47291"": 1}"
DRDVVNLPL,"{""P47248"": 103}"
DRDTLVQQR,"{""P47493"": 29}"
DRDTLVQQX,"{""P47493"": 6}"
DRLVSLNYV,"{""P47319"": 22}"
DRLNTQXXX,"{""P47460"": 19}"
DRLNTQXEA,"{""P47460"": 4}"
DRLLVHGTL,"{""P47512"": 24}"
DRGFVXXXX,"{""P58061"": 24}"
DRELIXAIV,"{""Q9ZB80"": 3}"
DRELIYAIV,"{""Q9ZB80"": 16}"
DRHANINAG,"{""P47477"": 24}"
DRRQXXXXX,"{""P47440"": 24}"
DRRQKXXXX,"{""P47440"": 3}"
DRRDLLLEN,"{""P47386"": 2}"
DRXXXXXXX,"{""P47604"": 4, ""P47653"": 26, ""P47445"": 3}"
DRXLFNQEI,"{""P47604"": 24}"
DRXTVXYLW,"{""P47445"": 10}"
DRXTVXXXX,"{""P47445"": 2}"
DRXTVXXLW,"{""P47445"": 2}"
DRXTVKYLW,"{""P47445"": 1}"
DRXQXXXXX,"{""P47440"": 8}"
DRYFQAILP,"{""P47249"": 26}"
DRNNTASQA,"{""P47551"": 28}"
DRQGETIPC,"{""P47327"": 22}"
DRQGETIPX,"{""P47327"": 1}"
DRQPEHTQI,"{""P47282"": 23}"
DRAFGRFTS,"{""Q49415"": 24}"
DRAFGXFTS,"{""Q49415"": 6}"
DRVLIRSDX,"{""P47618"": 5}"
DRVLIXSDX,"{""P47618"": 2}"
RPSHNVAES,"{""P47304"": 143}"
RPSTVXXXX,"{""P47328"": 2}"
RPSTVXGTY,"{""P47328"": 17}"
RPSTVKGTY,"{""P47328"": 1}"
RPXXXXXXX,"{""P47433"": 29}"
RPXLLLMDE,"{""P47433"": 98}"
RPXLTXXXX,"{""P47548"": 1}"
RPLXXXXXX,"{""P47294"": 3}"
RPLXIMMVG,"{""P47294"": 13}"
RPLVYGFYN,"{""P47354"": 19}"
RPLVYGFXN,"{""P47354"": 3}"
RPLNFQRYC,"{""P47349"": 4}"
RPLNFQXYC,"{""P47349"": 1}"
RPLKIMMVG,"{""P47294"": 1}"
RPENRGASV,"{""P22747"": 7}"
RPEIIXLLQ,"{""P47524"": 1}"
RPIIIQYNS,"{""P47373"": 102}"
RPIIIQXNS,"{""P47373"": 13}"
RPYLTXXXX,"{""P47548"": 22}"
RPYLTXEQI,"{""P47548"": 3}"
RPGMYIGST,"{""P47445"": 19, ""P47249"": 21}"
RPGMXIGST,"{""P47445"": 3, ""P47249"": 1}"
RPGFTLSDR,"{""P47286"": 9}"
RPGFTLSDX,"{""P47286"": 1}"
RPASICNVV,"{""P47345"": 104}"
RPASIXNVV,"{""P47345"": 2}"
RPDXXXXXX,"{""P47433"": 15}"
RPKLLLMDE,"{""P47433"": 10}"
RPFATVFQD,"{""P47288"": 26}"
RPFYTPIDP,"{""Q49410"": 2}"
RITFNEITX,"{""P47368"": 15}"
RITASGXYS,"{""P47523"": 15}"
RITASGXXS,"{""P47523"": 1}"
RITASGXXX,"{""P47523"": 4}"
RITASGKYS,"{""P47523"": 2}"
RITGNCNMH,"{""P47338"": 33}"
RITGIESWX,"{""P47437"": 23}"
RITGIESWK,"{""P47437"": 1}"
RIDXXXXXX,"{""P47636"": 99}"
RIDXIIRYE,"{""P47636"": 15}"
RIDXIIXYE,"{""P47636"": 5}"
RIDDVLLFX,"{""P47254"": 23}"
RIDLTXLNI,"{""P47446"": 18}"
RIDLTXXXX,"{""P47446"": 7}"
RIDEIQIGY,"{""Q49435"": 22}"
RIDNXIINQ,"{""P47310"": 3}"
RIDNXXXXX,"{""P47310"": 16}"
RIDNQLRGR,"{""P47318"": 2}"
RIDQIGGVS,"{""Q49422"": 18}"
RICSINGVX,"{""P47411"": 117}"
RICSINGVK,"{""P47411"": 1}"
RICYLMPLG,"{""P47384"": 24}"
RICXLMPLG,"{""P47384"": 1}"
RILEXXXXX,"{""P47661"": 9}"
RILEXXIVS,"{""P47661"": 15}"
RILEXKIVS,"{""P47661"": 1}"
RILEDGTVP,"{""P47582"": 99}"
RILSAMQTX,"{""P47448"": 105}"
RILSAMQTK,"{""P47448"": 5}"
RILSELEHY,"{""P47481"": 30}"
RILSELEHX,"{""P47481"": 3}"
RILSEFGEY,"{""P47299"": 19}"
RILSLQEQL,"{""Q49407"": 20}"
RILNSSAFL,"{""P47699"": 128}"
RILYGMFQM,"{""P47446"": 123}"
RILXEQHPT,"{""Q49419"": 27}"
RILXXXXXX,"{""Q49419"": 6}"
RILXGMFQM,"{""P47446"": 7}"
RILDTFFXX,"{""Q49418"": 19}"
RILDTFFXR,"{""Q49418"": 2}"
RISXTTXXX,"{""P47414"": 18}"
RISXTTXGG,"{""P47414"": 2}"
RISXXXXXX,"{""P47414"": 4}"
RISEXEGID,"{""P47353"": 28}"
RISEXXXXX,"{""P47353"": 3}"
RISELLGYD,"{""P47687"": 20}"
RISELLGXD,"{""P47687"": 1}"
RISFHVEPF,"{""P47358"": 28}"
RISTIANLV,"{""P47490"": 22}"
RISAMGPGG,"{""P47583"": 1}"
RISKTTXXX,"{""P47414"": 2}"
RISKTTXGG,"{""P47414"": 1}"
RISIDALLE,"{""P47311"": 25}"
RIXSLLEXY,"{""P47283"": 16}"
RIXSLLEXX,"{""P47283"": 6}"
RIXSINGVX,"{""P47411"": 10}"
RIXXXXXXX,"{""P47282"": 13, ""P47286"": 8, ""P47703"": 15, ""P47661"": 22, ""P47283"": 2}"
RIXXLGEIN,"{""P47282"": 14}"
RIXXIXWIS,"{""P47286"": 17}"
RIXXIXXXX,"{""P47286"": 4}"
RIXXIKWIS,"{""P47286"": 1}"
RIXHXXXXX,"{""P47413"": 10}"
RIXNFLSQP,"{""P47639"": 5}"
RIXNSLLXF,"{""P47587"": 2}"
RIXNSLLRF,"{""P47587"": 2}"
RIXTXILLL,"{""P47661"": 1}"
RIXTRILLL,"{""P47661"": 5}"
RIXKLGEIN,"{""P47282"": 1}"
RIXYLMPLG,"{""P47384"": 1}"
RIAVVEFIF,"{""P47273"": 126}"
RIALALRWI,"{""P47334"": 18}"
RIALALXWI,"{""P47334"": 4}"
RIASAVXXX,"{""P47574"": 4}"
RIASAVXXG,"{""P47574"": 9}"
RIASAVXKG,"{""P47574"": 3}"
RIASAVKXG,"{""P47574"": 1}"
RIASAVKXX,"{""P47574"": 1}"
RIASAVKKG,"{""P47574"": 1}"
RIAEEQRRQ,"{""P47278"": 1}"
RIAGSNYQV,"{""P47334"": 1}"
RIPVDITQS,"{""P47472"": 27}"
RIPRFGHLS,"{""P47700"": 9}"
RIPXFGHLS,"{""P47700"": 1}"
RIRNFLSQP,"{""P47639"": 18}"
RIRNSLLXF,"{""P47587"": 4}"
RIRNSLLRF,"{""P47587"": 2}"
RIRHXRIVX,"{""P47413"": 1}"
RIRHXRIVK,"{""P47413"": 1}"
RIRHXXXXX,"{""P47413"": 16}"
RIRGFDITI,"{""P47409"": 2}"
RIGFCYSFC,"{""P47568"": 18}"
RIGVIIEIQ,"{""P47246"": 22}"
RIGVDAYNL,"{""P47250"": 8}"
RIGXEISXE,"{""P47662"": 16}"
RIGXEISXX,"{""P47662"": 5}"
RIGXXXXXX,"{""P47662"": 3}"
RIGKEISXE,"{""P47662"": 1}"
RIFEQXIVN,"{""Q49425"": 109}"
RIFEQXXXX,"{""Q49425"": 20}"
RIFEQKIVN,"{""Q49425"": 4}"
RIFSVIEST,"{""Q49426"": 22}"
RIFAFVXXX,"{""P47701"": 4}"
RIFAFVXNL,"{""P47701"": 24}"
RIFGTDIIX,"{""P47520"": 35}"
RIFGTDIIK,"{""P47520"": 1}"
RIFISLXXX,"{""Q49460"": 25}"
RIFISLXAI,"{""Q49460"": 3}"
RIFFFNLQX,"{""P47592"": 18}"
RINTILXQV,"{""P47597"": 26}"
RINTILXXX,"{""P47597"": 7}"
RINSLANEH,"{""P47621"": 22}"
RINAGISFV,"{""P47365"": 5}"
RIQSILPDS,"{""P47581"": 102}"
RIQAQQQQN,"{""P47455"": 21}"
RIMNAIXXX,"{""P47435"": 15}"
RIMNAIXNR,"{""P47435"": 3}"
RIMNAIKNR,"{""P47435"": 1}"
RIMLTNTAI,"{""P47300"": 22}"
RIEIALTYI,"{""P47421"": 23}"
RIEERXXXX,"{""P47340"": 19}"
RIEEXXXXX,"{""P47340"": 7}"
RIEXDWQXG,"{""P47622"": 1}"
RIEXDWQRG,"{""P47622"": 1}"
RIYXXXXXX,"{""Q49460"": 21}"
RIYXGLAVS,"{""Q49460"": 3}"
RIYXAILSG,"{""P47308"": 1}"
RIYRAILSG,"{""P47308"": 4}"
RIYKGLAVS,"{""Q49460"": 1}"
RIVEFTXIQ,"{""P52271"": 25}"
RIVEFTXXX,"{""P52271"": 1}"
RIVEFTKIQ,"{""P52271"": 4}"
RIVXXIRLT,"{""P47413"": 2}"
RIVXXXXXX,"{""P47413"": 19}"
RIVNLWFGV,"{""P47301"": 33}"
RIVDFCXAN,"{""P47669"": 18}"
RIVDFCXXX,"{""P47669"": 3}"
RIVDFCKAN,"{""P47669"": 2}"
RIVKXXXXX,"{""P47413"": 1}"
RIIENSXQL,"{""P47254"": 22}"
RIIENSXXX,"{""P47254"": 4}"
RIIENSKQL,"{""P47254"": 1}"
RIILRLEXX,"{""P47343"": 2}"
RIILRLEXE,"{""P47343"": 2}"
RIILRLEKE,"{""P47343"": 1}"
RIIVXNAXX,"{""P47255"": 17}"
RIIVXNAKX,"{""P47255"": 1}"
RIIVXXXXX,"{""P47255"": 6}"
RIIFILFIV,"{""P47533"": 7}"
RIKXXXXXX,"{""P47286"": 1}"
RIKXLGEIN,"{""P47282"": 1}"
RIKSLLEXY,"{""P47283"": 1}"
RFFGXNXQA,"{""P47628"": 3}"
RFFGXNYQA,"{""P47628"": 17}"
RFFGXXXXX,"{""P47628"": 5}"
RFFGKNYQA,"{""P47628"": 1}"
RFFVFLSGW,"{""P47468"": 26}"
RFFNSLLXQ,"{""Q9ZB73"": 20}"
RFFNSLLXX,"{""Q9ZB73"": 5}"
RFFNSLLKQ,"{""Q9ZB73"": 1}"
RFNLPIILV,"{""Q9ZB76"": 28}"
RFNXQVSNW,"{""P47576"": 26}"
RFNXXXXXX,"{""P47576"": 4}"
RFNQXKYQT,"{""Q49398"": 1}"
RFNQXXXQT,"{""Q49398"": 2}"
RFNQXXXXX,"{""Q49398"": 9}"
RFNQXXYQT,"{""Q49398"": 14}"
RFNPEFGLS,"{""P47667"": 30}"
RFNVPMDSV,"{""P35888"": 21}"
RFNFLMLNF,"{""Q49430"": 5}"
RFNNNLEEL,"{""Q9ZB70"": 6}"
RFNKQVSNW,"{""P47576"": 1}"
RFCWIFVFL,"{""Q9ZB72"": 108}"
RFCFYASWW,"{""P47548"": 31}"
RFCFXASWW,"{""P47548"": 2}"
RFXHFLFNQ,"{""P47679"": 6}"
RFXXXXXXX,"{""P47704"": 104, ""P47624"": 6, ""P47679"": 17, ""P47642"": 4, ""P47267"": 3, ""P47373"": 9, ""P47439"": 5}"
RFXXLEXFL,"{""P47624"": 11}"
RFXXLEXXX,"{""P47624"": 2}"
RFXXLEKFL,"{""P47624"": 1}"
RFXTXXXXX,"{""P47642"": 4}"
RFXTXVVYX,"{""P47642"": 14}"
RFXTXVVXX,"{""P47642"": 1}"
RFXDILSLS,"{""P47373"": 18}"
RFXIQNGYE,"{""P47267"": 25}"
RFXIQNGXE,"{""P47267"": 2}"
RFXITVXED,"{""P47534"": 1}"
RFXWIFVFL,"{""Q9ZB72"": 6}"
RFXAYGFXS,"{""P47540"": 1}"
RFXAYGFXX,"{""P47540"": 2}"
RFXLTXSGQ,"{""P47439"": 17}"
RFXLTXXXX,"{""P47439"": 3}"
RFXFYASWW,"{""P47548"": 3}"
RFXQGCEVV,"{""P47634"": 2}"
RFXNQFAEF,"{""P47386"": 2}"
RFXKLEXXX,"{""P47624"": 1}"
RFIYAIDSD,"{""P47310"": 23}"
RFIDHSVAT,"{""P47597"": 21}"
RFIXEFASA,"{""P47609"": 17}"
RFIXXXXXX,"{""P47566"": 6, ""P47609"": 3}"
RFIXPXMTE,"{""P47566"": 20}"
RFIXPXXXX,"{""P47566"": 4}"
RFIXPKMTE,"{""P47566"": 1}"
RFIXAIDSD,"{""P47310"": 1}"
RFISTLTDY,"{""P47641"": 27}"
RFIIDDDIS,"{""P47486"": 31}"
RFIKEFASA,"{""P47609"": 2}"
RFENIPIXD,"{""P47264"": 86}"
RFENIPIXX,"{""P47264"": 18}"
RFENIPIKD,"{""P47264"": 3}"
RFENFPNQG,"{""P47518"": 22}"
RFENFXNXY,"{""P47278"": 19}"
RFENFXNXX,"{""P47278"": 5}"
RFENFXNKY,"{""P47278"": 2}"
RFENFXXXX,"{""P47278"": 3}"
RFERQFQGY,"{""P47523"": 28}"
RFERQFQGX,"{""P47523"": 3}"
RFEQQLEEX,"{""P47382"": 18}"
RFEQXTDYN,"{""P47564"": 16}"
RFEQXTDXN,"{""P47564"": 2}"
RFEQXXXXX,"{""P47564"": 4}"
RFEQKTDYN,"{""P47564"": 4}"
RFEXQFQGY,"{""P47523"": 6}"
RFSIANGDE,"{""P47583"": 21}"
RFSISFXXX,"{""P47533"": 30}"
RFSIIDQXX,"{""P47330"": 4}"
RFSIIDQXQ,"{""P47330"": 23}"
RFSIIDQKQ,"{""P47330"": 1}"
RFSFFXALN,"{""P47479"": 15}"
RFSFFXXXX,"{""P47479"": 3}"
RFSFFKALN,"{""P47479"": 2}"
RFSDLNQID,"{""Q49421"": 17}"
RFSLDWILX,"{""Q49409"": 16}"
RFSLDWILK,"{""Q49409"": 1}"
RFSGGGAVF,"{""P47512"": 28}"
RFYQGCEVV,"{""P47634"": 22}"
RFYQGXEVV,"{""P47634"": 1}"
RFYNQFAEF,"{""P47386"": 25}"
RFYITVYED,"{""P47534"": 25}"
RFYITVXED,"{""P47534"": 1}"
RFLPIXXXX,"{""Q49422"": 26}"
RFLPIXPIA,"{""Q49422"": 7}"
RFLINNFAS,"{""P47437"": 22}"
RFLITGSFN,"{""P47496"": 5}"
RFLSPYAXX,"{""P47338"": 30}"
RFLSPYAXI,"{""P47338"": 1}"
RFLHRVXXX,"{""P47551"": 7}"
RFLHXVXXX,"{""P47551"": 3}"
RFLQNNQQT,"{""P47336"": 7}"
RFLTLVETS,"{""Q9ZB79"": 22}"
RFLFITAVL,"{""P47486"": 27}"
RFLVELXQS,"{""P47492"": 20}"
RFLVELXXX,"{""P47492"": 3}"
RFLVELKQS,"{""P47492"": 2}"
RFLRIMIHE,"{""P47485"": 6}"
RFLDLTYNL,"{""P47382"": 5}"
RFLXIMIHE,"{""P47485"": 1}"
RFDVVEVXX,"{""P47339"": 3}"
RFDVVEVXD,"{""P47339"": 23}"
RFDDINAEY,"{""P47540"": 14}"
RFDDINAEX,"{""P47540"": 1}"
RFVDLPGYG,"{""P47577"": 28}"
RFVIGAFAT,"{""P47345"": 123}"
RFVXWXXXX,"{""P47311"": 16}"
RFVXWXENF,"{""P47311"": 3}"
RFVXWKENF,"{""P47311"": 1}"
RFVXXXXXX,"{""P47311"": 9}"
RFVKWXENF,"{""P47311"": 2}"
RFQXXXXXX,"{""P47597"": 80, ""P47414"": 3}"
RFQXILINE,"{""P47597"": 26}"
RFQXHNFNN,"{""P47414"": 28}"
RFQKHNFNN,"{""P47414"": 2}"
RFQKILINE,"{""P47597"": 1}"
RFQHCLRVG,"{""P47482"": 2}"
RFGXNPLIX,"{""Q49433"": 22}"
RFGXXXXXX,"{""Q49433"": 5}"
RFGFHGIVT,"{""P47551"": 6}"
RFASASFXY,"{""P47543"": 11}"
RFASASFXX,"{""P47543"": 6}"
RFAHDXXXX,"{""P47318"": 13}"
RFAHDXIER,"{""P47318"": 5}"
RFAHDXIEX,"{""P47318"": 1}"
RFAHDKIER,"{""P47318"": 1}"
RFPLYXXXX,"{""P47634"": 24}"
RFPEAAYXL,"{""P47505"": 19}"
RFPEAAYXX,"{""P47505"": 4}"
RFPEAAXXL,"{""P47505"": 3}"
RFKTXXXXX,"{""P47642"": 1}"
RFKTXVVYX,"{""P47642"": 2}"
RFKXLEXFL,"{""P47624"": 1}"
REAHYDXGG,"{""P47624"": 11}"
REAHYDXXX,"{""P47624"": 2}"
REAHYDKGG,"{""P47624"": 2}"
REAXXXXXX,"{""P47278"": 108}"
REAFNSXWD,"{""P47653"": 95}"
REAFNSXXX,"{""P47653"": 23}"
REAFNSKWD,"{""P47653"": 6}"
REAIIGAGL,"{""P47638"": 23}"
REAEEXXXX,"{""P47342"": 90}"
REAEEXXXA,"{""P47342"": 3}"
REAEEXRXA,"{""P47342"": 13}"
REAEEXRXX,"{""P47342"": 1}"
REAEEKRXA,"{""P47342"": 1}"
REIINLETE,"{""P47597"": 31}"
REIINEEER,"{""P47493"": 22}"
REIINEEEX,"{""P47493"": 3}"
REISFAQIA,"{""P47467"": 122}"
REIALNIXH,"{""P47421"": 109}"
REIALNIXX,"{""P47421"": 17}"
REIALNIKH,"{""P47421"": 2}"
REIDTLLTQ,"{""P47460"": 26}"
REXITLVFV,"{""P47532"": 9}"
REXIISNDA,"{""P47387"": 104}"
REXXXXXXX,"{""P47387"": 21, ""P47702"": 101, ""P47532"": 7, ""P47460"": 5}"
REXXXQNYS,"{""P47702"": 5}"
REXXKQNYS,"{""P47702"": 1}"
REXRXQNYS,"{""P47702"": 10}"
REXRXQNXS,"{""P47702"": 1}"
REXRXXXXX,"{""P47702"": 4}"
REXLATDFT,"{""P47460"": 26}"
REXMGHIAL,"{""P47582"": 3}"
REXEAYEXS,"{""P47342"": 6}"
REFIEXXXX,"{""P47249"": 84}"
REFIEXNAR,"{""P47249"": 24}"
REFIEXNAX,"{""P47249"": 3}"
REFIEKNAX,"{""P47249"": 1}"
REFIEKNAR,"{""P47249"": 1}"
REFIFLNQX,"{""P47331"": 19}"
REFIFLNQK,"{""P47331"": 2}"
REFXXXXXX,"{""P47335"": 11}"
REFXVEVNI,"{""P47335"": 4}"
REQLSLNRI,"{""P47371"": 8}"
REQLSLNXI,"{""P47371"": 1}"
REQLTFNLD,"{""P47496"": 26}"
REQDNIVIY,"{""P47538"": 25}"
REQDNIVIX,"{""P47538"": 2}"
RENNXWLYS,"{""P47355"": 18}"
RENNXXXXX,"{""P47355"": 5}"
RENNKWLYS,"{""P47355"": 1}"
RENADEXIR,"{""P47473"": 3}"
RENADEXXX,"{""P47473"": 12}"
REVIFXIVL,"{""P47651"": 23}"
REVIFXXXX,"{""P47651"": 5}"
REVIFKIVL,"{""P47651"": 2}"
REVSTSVLD,"{""P47622"": 127}"
REVVNIEEV,"{""Q49435"": 111}"
REVFRSDAL,"{""P47348"": 18}"
REVFXSDAL,"{""P47348"": 8}"
RETINFFLA,"{""Q49407"": 123}"
RETIXXXXX,"{""P47305"": 22}"
RETIXKXXX,"{""P47305"": 1}"
RETIKXXXX,"{""P47305"": 1}"
RETNPNGMN,"{""P47492"": 23}"
RERMGHIAL,"{""P47582"": 22}"
REREAYEXX,"{""P47342"": 4}"
REREAYEXS,"{""P47342"": 17}"
REREAYEKS,"{""P47342"": 2}"
REREAXEKS,"{""P47342"": 1}"
REDIYXNLE,"{""P47288"": 93}"
REDIYXXXX,"{""P47288"": 20}"
REDIYKNLE,"{""P47288"": 3}"
REDIXXNLE,"{""P47288"": 5}"
REDIXXXXX,"{""P47288"": 1}"
RELNQXTVV,"{""Q49429"": 91}"
RELNQXXXX,"{""Q49429"": 16}"
RELNQKTVV,"{""Q49429"": 3}"
RELIEQXSQ,"{""Q49422"": 18}"
RELIEQXXX,"{""Q49422"": 2}"
RELSXXXXX,"{""P47387"": 15}"
RELSXGEXL,"{""P47387"": 1}"
RELSXGERL,"{""P47387"": 2}"
RELEELEXX,"{""P47460"": 27}"
RELLRLVXX,"{""Q2MHT0"": 2}"
RELLRLVXL,"{""Q2MHT0"": 3}"
RELLXLVXL,"{""Q2MHT0"": 1}"
RESEXXXXX,"{""P47635"": 6}"
RESEXNXXX,"{""P47635"": 15}"
RESEXNXTR,"{""P47635"": 2}"
REKIISNDA,"{""P47387"": 2}"
REKITLVFV,"{""P47532"": 1}"
REKRXQNYS,"{""P47702"": 1}"
REKLATDFT,"{""P47460"": 1}"
REHIVXASL,"{""P47284"": 19}"
REHIVXXXX,"{""P47284"": 4}"
REEEITTGI,"{""P47308"": 32}"
REELLQQXE,"{""P47460"": 26}"
REELLQQXX,"{""P47460"": 5}"
REELLQQKE,"{""P47460"": 1}"
RLGNXXXXX,"{""P47624"": 22}"
RLGNXIXXX,"{""P47624"": 18}"
RLGNXIXEI,"{""P47624"": 85}"
RLGNXIKEI,"{""P47624"": 2}"
RLGNKIXEI,"{""P47624"": 3}"
RLGFSLLEN,"{""P47553"": 105}"
RLGAKXXXX,"{""P47476"": 1}"
RLGAXXXXX,"{""P47476"": 34}"
RLEXXXXXX,"{""P47281"": 20, ""P47424"": 3}"
RLEXNPLRI,"{""P47281"": 3}"
RLEXNPLXI,"{""P47281"": 1}"
RLEXIITIA,"{""P47424"": 20}"
RLEXFLXAL,"{""Q49423"": 3}"
RLEIILGLI,"{""P47446"": 17}"
RLEEERXXX,"{""P47342"": 21}"
RLEEEXXXX,"{""P47342"": 7}"
RLEEINFXQ,"{""P47565"": 1}"
RLEEINFRQ,"{""P47565"": 3}"
RLEYFLXAL,"{""Q49423"": 18}"
RLEYFLXXX,"{""Q49423"": 4}"
RLEQAXIEF,"{""P47353"": 26}"
RLEQAXXXX,"{""P47353"": 2}"
RLEQAKIEF,"{""P47353"": 1}"
RLEKIITIA,"{""P47424"": 1}"
RLSEEXXXX,"{""Q49419"": 22}"
RLSEEXSXX,"{""Q49419"": 16}"
RLSEEXSXH,"{""Q49419"": 78}"
RLSEEXSKH,"{""Q49419"": 7}"
RLSEEKSXH,"{""Q49419"": 1}"
RLSEEKSXX,"{""Q49419"": 2}"
RLSGGNQQX,"{""P47365"": 95}"
RLSGGNQQK,"{""P47365"": 2}"
RLSGEPFFI,"{""P47520"": 10}"
RLSLDPVSL,"{""P47491"": 25}"
RLTSPDFLX,"{""P47589"": 104}"
RLTSPDFLK,"{""P47589"": 2}"
RLIVSSWNP,"{""P47469"": 119}"
RLIVNDXTI,"{""P47431"": 18}"
RLIVNDXXX,"{""P47431"": 2}"
RLIVNDKTI,"{""P47431"": 1}"
RLIFANANL,"{""P47463"": 9}"
RLIEILSXX,"{""P47597"": 7}"
RLIEILSXK,"{""P47597"": 1}"
RLIEILSRX,"{""P47597"": 23}"
RLIEILSRK,"{""P47597"": 1}"
RLIEYLLVE,"{""P47701"": 26}"
RLIXVEPNQ,"{""P47433"": 22}"
RLIXXXXXX,"{""P47433"": 2}"
RLISQKGLT,"{""P47693"": 7}"
RLISQXGLT,"{""P47693"": 98}"
RLISQXXXX,"{""P47693"": 20}"
RLISIXDFS,"{""Q49433"": 25}"
RLISIXXXX,"{""Q49433"": 5}"
RLISIKDFS,"{""Q49433"": 1}"
RLITXXXXX,"{""P47657"": 25}"
RLITXVHVF,"{""P47657"": 90}"
RLITKVHVF,"{""P47657"": 6}"
RLIWYWXXX,"{""P47533"": 12}"
RLIWYWXLL,"{""P47533"": 5}"
RLIAQXXXX,"{""P47460"": 19}"
RLIKVEPNQ,"{""P47433"": 2}"
RLMGTSNXV,"{""P47547"": 15}"
RLMGTSNXX,"{""P47547"": 7}"
RLMGTSNKV,"{""P47547"": 1}"
RLMIWLETX,"{""P47376"": 118}"
RLMIWLETK,"{""P47376"": 5}"
RLMILVDVN,"{""P47396"": 18}"
RLMQXXXXX,"{""P47282"": 101}"
RLMQXRLLL,"{""P47282"": 2}"
RLMQAVAQN,"{""P47340"": 119}"
RLMNSLNID,"{""P47282"": 21}"
RLLLCTGDM,"{""P47251"": 110}"
RLLLCNNLN,"{""P47303"": 26}"
RLLLXNNLN,"{""P47303"": 5}"
RLLLXTGDM,"{""P47251"": 4}"
RLLLXHQFI,"{""P47282"": 1}"
RLLTSNELN,"{""Q9ZB79"": 17}"
RLLSIEXEN,"{""P47460"": 1}"
RLLSIEYEN,"{""P47460"": 3}"
RLLXRALIA,"{""P47534"": 1}"
RLLXYLXXX,"{""P47663"": 13}"
RLLXXLXXX,"{""P47663"": 2}"
RLLXXXXXX,"{""P47663"": 7}"
RLLEEXXXX,"{""Q49417"": 31}"
RLLRRALIA,"{""P47534"": 6}"
RLLQESVDA,"{""P47582"": 4}"
RLLKYLXXX,"{""P47663"": 1}"
RLQTTXXXX,"{""P47653"": 23}"
RLQTTXNVR,"{""P47653"": 2}"
RLQTTXNVX,"{""P47653"": 1}"
RLQTTKNVX,"{""P47653"": 1}"
RLQDMGISL,"{""P47572"": 126}"
RLQELQTLE,"{""P47460"": 21}"
RLQQFAXXX,"{""P47340"": 71}"
RLQQFAXXV,"{""P47340"": 1}"
RLQQFAXRV,"{""P47340"": 25}"
RLQQFAKRV,"{""P47340"": 1}"
RLQITYAVQ,"{""P47571"": 20}"
RLQCLLLTP,"{""P47579"": 17}"
RLQAVSXXP,"{""P47541"": 26}"
RLQAVSXXX,"{""P47541"": 10}"
RLQAVSKXP,"{""P47541"": 1}"
RLQXLLLTP,"{""P47579"": 1}"
RLYLFEINX,"{""P47483"": 122}"
RLYLFEINK,"{""P47483"": 3}"
RLYLNLTXX,"{""Q49423"": 22}"
RLYLNLTXK,"{""Q49423"": 1}"
RLYLNLTKX,"{""Q49423"": 1}"
RLYDILGQT,"{""P47580"": 22}"
RLNCDEIIV,"{""P47391"": 27}"
RLNXXXXXX,"{""Q49411"": 29, ""P47597"": 4}"
RLNXQNLFF,"{""P47597"": 19}"
RLNXDEIIV,"{""P47391"": 1}"
RLNKQNLFF,"{""P47597"": 2}"
RLNLPNAQY,"{""P47458"": 19}"
RLNLPNAQX,"{""P47458"": 2}"
RLNTLXIXX,"{""P47520"": 2}"
RLNTLRIXX,"{""P47520"": 2}"
RLNQEFDXX,"{""P47639"": 14}"
RLPXXXXXX,"{""P47415"": 17}"
RLPXXGVAN,"{""P47415"": 6}"
RLPXYGVAN,"{""P47415"": 92}"
RLPNLIVID,"{""P47316"": 15}"
RLPKXGVAN,"{""P47415"": 1}"
RLPKYGVAN,"{""P47415"": 1}"
RLXFSNYAI,"{""P47502"": 19}"
RLXLTGFII,"{""P47294"": 20}"
RLXLFEINX,"{""P47483"": 5}"
RLXXXXXXX,"{""P55750"": 4, ""P47325"": 20, ""P47651"": 24, ""P47384"": 6, ""Q49402"": 3, ""P47502"": 4, ""P47353"": 16, ""P47294"": 7, ""Q49411"": 4, ""P47530"": 6}"
RLXXXNDED,"{""P47353"": 2}"
RLXXENLLX,"{""P47651"": 1}"
RLXXENLLR,"{""P47651"": 4}"
RLXEQQEQF,"{""P47530"": 14}"
RLXEHGVXX,"{""Q49402"": 12}"
RLXEHGVXK,"{""Q49402"": 1}"
RLXEHGVKX,"{""Q49402"": 2}"
RLXDFSXQQ,"{""Q49411"": 22}"
RLXDFSXXX,"{""Q49411"": 4}"
RLXDFSKQQ,"{""Q49411"": 2}"
RLXDILGQT,"{""P47580"": 4}"
RLXAVGSVQ,"{""P47384"": 14}"
RLXAFPSEF,"{""P47325"": 1}"
RLXSXNAVI,"{""P55750"": 17}"
RLXSXXXXX,"{""P55750"": 2}"
RLXVSTLHS,"{""P47319"": 1}"
RLXQDIXXX,"{""P55750"": 1}"
RLXYWFDXI,"{""P47624"": 1}"
RLXKXNDED,"{""P47353"": 1}"
RLDIEELAE,"{""P47705"": 107}"
RLDLSLEEF,"{""P47551"": 30}"
RLDLSXQXX,"{""P47277"": 11}"
RLDLSXXXX,"{""P47277"": 5}"
RLDSLLASL,"{""P47451"": 8}"
RLRYWFDXX,"{""P47624"": 5}"
RLRQDIXXX,"{""P55750"": 5}"
RLRMTADQC,"{""P22746"": 2}"
RLRIFSSFF,"{""P47248"": 7}"
RLRINNDAV,"{""P47551"": 3}"
RLRSFASNL,"{""P47460"": 5}"
RLRNFLFDR,"{""P47516"": 1}"
RLRVSTLHS,"{""P47319"": 1}"
RLAXXXXXX,"{""P20796"": 15, ""P47248"": 18}"
RLAXXSWAF,"{""P20796"": 16}"
RLAXRYHPD,"{""P47248"": 4}"
RLALASVLA,"{""P47545"": 30}"
RLAQRHEYH,"{""P57085"": 5}"
RLAKXSWAF,"{""P20796"": 1}"
RLKXXXXXX,"{""P47651"": 3, ""P47353"": 1}"
RLKAVGSVQ,"{""P47384"": 2}"
RLKSXNAVI,"{""P55750"": 2}"
RLKLTGFII,"{""P47294"": 2}"
RLKEQQEQF,"{""P47530"": 1}"
RLFAXXXXX,"{""P47460"": 23}"
RLFAXEQDQ,"{""P47460"": 6}"
RLFAKEQDQ,"{""P47460"": 1}"
RLFRFVLXX,"{""P47553"": 2}"
RLFRFVLXQ,"{""P47553"": 13}"
RLFRFVLKQ,"{""P47553"": 1}"
RLFGSEIXX,"{""P47275"": 22}"
RLFGEXSFT,"{""P47616"": 2}"
RLFGERSFT,"{""P47616"": 3}"
RLFXFVLXQ,"{""P47553"": 6}"
RLFXFVLXX,"{""P47553"": 4}"
RLFQNXXXX,"{""P47324"": 21}"
RLFQNXWAI,"{""P47324"": 5}"
RLFQNKWAI,"{""P47324"": 1}"
RLFWNLXHX,"{""P47590"": 15}"
RLFWNLXXX,"{""P47590"": 2}"
RLFNRLLIN,"{""Q49426"": 5}"
RLFMRNXXV,"{""P47510"": 1}"
RLFMRNRXV,"{""P47510"": 1}"
RLVFLRPET,"{""P47493"": 5}"
RLVFLXPET,"{""P47493"": 1}"
RLVLVTQXX,"{""P47481"": 4}"
RLVLVTQXF,"{""P47481"": 14}"
RLVNAQICL,"{""P47534"": 1}"
RSLXEQSIX,"{""P47643"": 92}"
RSLXEQSIK,"{""P47643"": 2}"
RSLXDXVFI,"{""Q49409"": 15}"
RSLXDXXXX,"{""Q49409"": 2}"
RSLXDKVFI,"{""Q49409"": 1}"
RSLXXXXXX,"{""P47643"": 21, ""Q49409"": 7, ""P47582"": 12}"
RSLXSLTDR,"{""P47582"": 3}"
RSLXSLTDX,"{""P47582"": 1}"
RSLEAEIYN,"{""P47583"": 32}"
RSLEAEIXN,"{""P47583"": 1}"
RSLEENYQL,"{""P47378"": 22}"
RSLEENXQL,"{""P47378"": 1}"
RSLSQSNVE,"{""P47460"": 28}"
RSLSQXMVD,"{""P47658"": 13}"
RSLSQXXXX,"{""P47658"": 3}"
RSLSQKMVD,"{""P47658"": 1}"
RSLKDXVFI,"{""Q49409"": 1}"
RSLKEQSIX,"{""P47643"": 1}"
RSLKEQSIK,"{""P47643"": 1}"
RSLAGFDTP,"{""P47342"": 17}"
RSHDALTLQ,"{""P47603"": 99}"
RSHSSVLMA,"{""P35888"": 29}"
RSIXQLIFE,"{""Q49404"": 20}"
RSIXXXXXX,"{""Q49404"": 6}"
RSIIYNPNL,"{""P47311"": 30}"
RSIIXNPNL,"{""P47311"": 1}"
RSITATQML,"{""P47458"": 22}"
RSILSSVVL,"{""P47366"": 24}"
RSIDQTTVI,"{""P47564"": 1}"
RSIKQLIFE,"{""Q49404"": 2}"
RSXXXXXXX,"{""P47408"": 7, ""P47563"": 2}"
RSXIDDNXP,"{""P47563"": 19}"
RSXIDDNXX,"{""P47563"": 3}"
RSXQTNPTT,"{""P47408"": 13}"
RSSXXXXXX,"{""P47603"": 111}"
RSSXHRRDX,"{""P47603"": 3}"
RSSXHRXDX,"{""P47603"": 1}"
RSSSSSSTT,"{""P47502"": 23}"
RSSNLVIXX,"{""P47402"": 15}"
RSSNLVIXL,"{""P47402"": 4}"
RSSNXTEXV,"{""P47694"": 15}"
RSSNXTEXX,"{""P47694"": 2}"
RSSNXTEKV,"{""P47694"": 1}"
RSSNXXXXX,"{""P47694"": 6}"
RSSYRQYXX,"{""P47427"": 3}"
RSSYRQYXI,"{""P47427"": 2}"
RSEINLDXL,"{""P47619"": 20}"
RSEINLDXX,"{""P47619"": 4}"
RSEILYDIS,"{""P47250"": 101}"
RSEILXDIS,"{""P47250"": 11}"
RSEITFXII,"{""P47591"": 2}"
RSEITFCII,"{""P47591"": 18}"
RSEXXXXXX,"{""P47649"": 10}"
RSEXXLLXL,"{""P47649"": 7}"
RSEXXLLXX,"{""P47649"": 4}"
RSEXKLLXL,"{""P47649"": 1}"
RSEXKLLXX,"{""P47649"": 1}"
RSEKXXXXX,"{""P47649"": 1}"
RSESSVXLA,"{""P47310"": 10}"
RSESSVXXX,"{""P47310"": 2}"
RSESSVKLA,"{""P47310"": 1}"
RSTIFPEFV,"{""P47401"": 111}"
RSTQTNQXF,"{""P47549"": 12}"
RSTQTNQXX,"{""P47549"": 4}"
RSTXLGCNE,"{""P47567"": 2}"
RSTRLGCNE,"{""P47567"": 3}"
RSQICGFIN,"{""P47446"": 119}"
RSQIXGFIN,"{""P47446"": 9}"
RSQAIVXNX,"{""P47576"": 16}"
RSQAIVXXX,"{""P47576"": 2}"
RSQLILKHQ,"{""P47526"": 2}"
RSQLILXHQ,"{""P47526"": 17}"
RSQLILXXX,"{""P47526"": 2}"
RSQEARELT,"{""P47249"": 4}"
RSFFANLEF,"{""Q49409"": 25}"
RSFFEMXYY,"{""P47332"": 14}"
RSFFEMXXX,"{""P47332"": 4}"
RSDDNXAVV,"{""P47417"": 20}"
RSDDNXXXX,"{""P47417"": 6}"
RSDDNKAVV,"{""P47417"": 1}"
RSDNNVIAN,"{""P47265"": 14}"
RSDFFXXXX,"{""P47610"": 23}"
RSDFFXYLR,"{""P47610"": 2}"
RSDFFXYLX,"{""P47610"": 2}"
RSDFFKYLR,"{""P47610"": 1}"
RSWXNAXXX,"{""P56723"": 5}"
RSWXNAXXE,"{""P56723"": 13}"
RSWXNAXKE,"{""P56723"": 1}"
RSWXXXXXX,"{""P56723"": 4}"
RSWDPAILV,"{""P47364"": 26}"
RSGIHTLQE,"{""P47423"": 26}"
RSGIWXTTI,"{""P47616"": 20}"
RSGIWXXXX,"{""P47616"": 3}"
RSGIWKTTI,"{""P47616"": 1}"
RSAFNXLSN,"{""P47448"": 16}"
RSAFNXXXX,"{""P47448"": 2}"
RSRRLGFSL,"{""P47553"": 1}"
RSNFFVDXD,"{""P47325"": 18}"
RSNFFVDXX,"{""P47325"": 3}"
RSNFFVDKD,"{""P47325"": 1}"
RSVFELLGL,"{""P47331"": 25}"
RSKIDDNXX,"{""P47563"": 1}"
RXYYNETSA,"{""P47670"": 91}"
RXYFLEIIY,"{""P47606"": 23}"
RXYFLEIIX,"{""P47606"": 1}"
RXYGXIETN,"{""P47583"": 2}"
RXYGXXXXX,"{""P47583"": 1}"
RXYGKIETN,"{""P47583"": 1}"
RXYDPITPF,"{""P47315"": 15}"
RXYXLIDFX,"{""P47400"": 2}"
RXYXNETSA,"{""P47670"": 3}"
RXYRLIDFX,"{""P47400"": 5}"
RXYITTPIY,"{""P47267"": 1}"
RXYVALVHF,"{""P47451"": 1}"
RXXXXXXXX,"{""P47530"": 26, ""P47706"": 97, ""P47265"": 42, ""P47469"": 17, ""P47440"": 45, ""P47416"": 87, ""P47561"": 200, ""P57085"": 105, ""P47315"": 109, ""P47597"": 17, ""P47264"": 6, ""P47438"": 23, ""P47583"": 39, ""Q49427"": 77, ""P47543"": 2, ""P47663"": 17, ""P47249"": 21, ""P47665"": 20, ""P47553"": 22, ""P47257"": 4, ""P47622"": 7, ""P47540"": 100, ""P47541"": 9, ""Q49418"": 24, ""P47649"": 5, ""P47641"": 6, ""P47290"": 12, ""P47400"": 16, ""P47523"": 18, ""Q49460"": 23, ""P47656"": 24, ""Q9ZB70"": 6, ""P47587"": 6, ""P47638"": 19, ""Q57081"": 4, ""P47270"": 3, ""P47571"": 7, ""P47439"": 2, ""P47592"": 4, ""P47297"": 3, ""P47669"": 4, ""P47606"": 2, ""P47670"": 19, ""P47695"": 19, ""Q49423"": 14, ""P47385"": 5, ""P55825"": 10, ""P47701"": 18, ""P47338"": 4, ""P47533"": 3, ""P47631"": 11, ""P47296"": 3, ""P47496"": 2, ""P47386"": 6, ""Q49424"": 2, ""P47458"": 5, ""Q49417"": 8, ""P47702"": 2, ""P47442"": 5, ""P47693"": 3, ""P47342"": 3, ""P47604"": 3, ""P47492"": 4, ""P47508"": 2, ""Q49431"": 4, ""P47371"": 1, ""P47528"": 1}"
RXXXVYEIL,"{""P47371"": 2}"
RXXWLXXXX,"{""P47440"": 60}"
RXXWLXQAS,"{""P47440"": 15}"
RXXIIIEVL,"{""P47264"": 16}"
RXXTXLNIN,"{""P47631"": 12}"
RXXTXXXXX,"{""P47631"": 3}"
RXXRQAXXN,"{""P47438"": 3}"
RXXRNMXXX,"{""P47561"": 1}"
RXXFLEIIY,"{""P47606"": 4}"
RXXYNETSA,"{""P47670"": 4}"
RXXNMKXXX,"{""P47561"": 1}"
RXXNMXXXX,"{""P47561"": 2}"
RXXHANHQF,"{""P47344"": 7}"
RXXLLXXXX,"{""P47663"": 2}"
RXXDPITPF,"{""P47315"": 1}"
RXXGXIETN,"{""P47583"": 1}"
RXXGLVFGQ,"{""P47610"": 1}"
RXHAYTSHL,"{""P47439"": 16}"
RXHAXTSHL,"{""P47439"": 2}"
RXHVATGDS,"{""Q49431"": 17}"
RXHXXXXXX,"{""P47541"": 3}"
RXHXGMDLX,"{""P47541"": 12}"
RXHXDNLXA,"{""P47400"": 1}"
RXHPDVNXL,"{""P47248"": 2}"
RXHWFSXXX,"{""P47442"": 1}"
RXHWFSXXP,"{""P47442"": 4}"
RXHKGMDLX,"{""P47541"": 1}"
RXPYSVLLF,"{""P47597"": 96}"
RXPXSVLLF,"{""P47597"": 9}"
RXPXPNFXX,"{""P47338"": 8}"
RXPXXXXXX,"{""P47338"": 2}"
RXPXNTPXX,"{""P47344"": 2}"
RXPKPNFXX,"{""P47338"": 1}"
RXPSHNVAE,"{""P47304"": 1}"
RXPAHNTLH,"{""P47666"": 1}"
RXWNVNLQS,"{""P47665"": 101}"
RXWNPXMGF,"{""P47316"": 1}"
RXWXXXXXX,"{""P47533"": 15}"
RXWXRIIFI,"{""P47533"": 1}"
RXRNMXXXX,"{""P47561"": 22}"
RXRNMKXXX,"{""P47561"": 1}"
RXRLLXYLX,"{""P47663"": 2}"
RXRLLXXLX,"{""P47663"": 1}"
RXRTVQMEY,"{""P47319"": 1}"
RXSSTAXVY,"{""P47656"": 81}"
RXSSTAXVX,"{""P47656"": 6}"
RXSSTAXXX,"{""P47656"": 10}"
RXSSTAKVY,"{""P47656"": 3}"
RXSPFDSGS,"{""P47249"": 89}"
RXSPTATRR,"{""P47583"": 1}"
RXSLLXIAI,"{""Q49418"": 9}"
RXSLLXXXX,"{""Q49418"": 2}"
RXSLNSFEA,"{""Q9ZB70"": 22}"
RXSYXXXXX,"{""P47615"": 2}"
RXSVNQPLE,"{""P47641"": 13}"
RXSDLLAMI,"{""P47695"": 7}"
RXSNXGDIH,"{""P47592"": 1}"
RXSNXXXXX,"{""P47592"": 5}"
RXSXEQLFE,"{""Q49430"": 2}"
RXSHDALTL,"{""P47603"": 2}"
RXSQEAREL,"{""P47249"": 1}"
RXLYDQFGH,"{""P47265"": 9}"
RXLNXTLIE,"{""P47492"": 17}"
RXLNXXXXX,"{""P47492"": 4}"
RXLNXENLI,"{""P47606"": 2}"
RXLNCENLI,"{""P47606"": 23}"
RXLXVIIET,"{""P47296"": 11}"
RXLXXXXXX,"{""P47296"": 3}"
RXLXWVSFA,"{""P47655"": 1}"
RXLXHQFAL,"{""P47587"": 1}"
RXLICGFLL,"{""P47528"": 16}"
RXLCHQFAL,"{""P47587"": 14}"
RXLSVXLSD,"{""P47297"": 17}"
RXLSEEXSX,"{""Q49419"": 1}"
RXLSEEXXX,"{""Q49419"": 1}"
RXLSRKLTX,"{""P47288"": 1}"
RXLLLGSTL,"{""P47563"": 1}"
RXLFWTIGV,"{""P47523"": 4}"
RXLVFETVI,"{""Q49423"": 3}"
RXLVNSAFX,"{""P47458"": 19}"
RXLTEVSQI,"{""P47521"": 1}"
RXLESLSSY,"{""P47660"": 2}"
RXLEDADLN,"{""P47481"": 2}"
RXLMQXXXX,"{""P47282"": 3}"
RXLDENGII,"{""P47583"": 3}"
RXQEEELXX,"{""P47530"": 67}"
RXQEEELXR,"{""P47530"": 10}"
RXQNYSXXX,"{""P47702"": 14}"
RXQNLTXIF,"{""P47627"": 1}"
RXQLASNYP,"{""Q57081"": 16}"
RXQLASNXP,"{""Q57081"": 2}"
RXQTTMIIV,"{""P47311"": 1}"
RXQQTQTLF,"{""P47562"": 1}"
RXMLINNLX,"{""P47701"": 107}"
RXMLINNLK,"{""P47701"": 2}"
RXMXQWVLX,"{""P47508"": 21}"
RXMXXXXXX,"{""P47508"": 3}"
RXMNTVXXX,"{""P47640"": 2}"
RXGIASDQX,"{""P47583"": 80}"
RXGIASDQK,"{""P47583"": 2}"
RXGXXXXXX,"{""P55825"": 13, ""P47682"": 3, ""P47571"": 2}"
RXGXINMGI,"{""P47571"": 13}"
RXGXYIIFL,"{""P55825"": 2}"
RXGXTDVIS,"{""P47628"": 1}"
RXGXVRRAY,"{""P47682"": 1}"
RXGXNLPXL,"{""P47277"": 1}"
RXGRXXXXX,"{""P47491"": 1}"
RXGRXPXXX,"{""P47491"": 1}"
RXGDLFVHL,"{""P47442"": 10}"
RXGFNLQDF,"{""P47256"": 3}"
RXGFHGTSY,"{""P47599"": 5}"
RXGFHGTSX,"{""P47599"": 1}"
RXGAFVHXT,"{""P47299"": 1}"
RXGCTDVIS,"{""P47628"": 2}"
RXGKINMGI,"{""P47571"": 1}"
RXVLNYVLE,"{""P47386"": 18}"
RXVLNXVLE,"{""P47386"": 1}"
RXVNSSMQI,"{""Q49427"": 18}"
RXVILDLDG,"{""P47706"": 25}"
RXVILFTQF,"{""P47264"": 14}"
RXVIVDDVL,"{""P47518"": 1}"
RXVXTFILD,"{""P55825"": 10}"
RXVXXXXXX,"{""P55825"": 2}"
RXVRVIIXX,"{""Q49400"": 3}"
RXVAIAGIL,"{""P47426"": 1}"
RXVKTFILD,"{""P55825"": 1}"
RXIAFIDTG,"{""P47571"": 15}"
RXITVXXXX,"{""P47543"": 19}"
RXITVXQNI,"{""P47543"": 1}"
RXIXXXXXX,"{""P47257"": 7}"
RXIXXIAXX,"{""P47257"": 10}"
RXIXLLGXX,"{""P47385"": 2}"
RXIEMITRI,"{""P47416"": 16}"
RXIEMITXI,"{""P47416"": 9}"
RXIFEDASG,"{""P47540"": 12}"
RXICLLGXX,"{""P47385"": 15}"
RXICLLGXS,"{""P47385"": 3}"
RXIQIGDXX,"{""P47583"": 4}"
RXIQIGDXL,"{""P47583"": 4}"
RXIIVEHNW,"{""Q49424"": 16}"
RXEXEEQXX,"{""P47604"": 17}"
RXEXEEQXK,"{""P47604"": 1}"
RXEXXXXXX,"{""Q49417"": 12, ""P47604"": 2, ""P47702"": 1}"
RXEXRLLEE,"{""Q49417"": 4}"
RXEXIISND,"{""P47387"": 1}"
RXELIXXXX,"{""P47649"": 15}"
RXELIXTIY,"{""P47649"": 5}"
RXEEEAXXX,"{""P47530"": 17}"
RXEEEAXRL,"{""P47530"": 6}"
RXEEVVNQL,"{""P47540"": 3}"
RXETXAXXX,"{""P47386"": 6}"
RXETXAXXE,"{""P47386"": 1}"
RXETXAXYE,"{""P47386"": 10}"
RXETXXXXX,"{""P47386"": 2}"
RXENLFFVT,"{""P47669"": 23}"
RXEAEEXXX,"{""P47342"": 6}"
RXEAEEXRX,"{""P47342"": 1}"
RXEAXXXXX,"{""P47278"": 1}"
RXEASSIIG,"{""P47315"": 1}"
RXEIDTLLT,"{""P47460"": 1}"
RXEIIXIRQ,"{""P47290"": 2}"
RXEIIXXXX,"{""P47290"": 13}"
RXEKEEQXX,"{""P47604"": 3}"
RXEKRLLEE,"{""Q49417"": 1}"
RXAEEAXXN,"{""P47342"": 2}"
RXAEEAXXX,"{""P47342"": 8}"
RXAEEAXRN,"{""P47342"": 3}"
RXAESGDXX,"{""P47270"": 2}"
RXAESGDXI,"{""P47270"": 16}"
RXAESGDKI,"{""P47270"": 1}"
RXAANNYLA,"{""Q49460"": 3}"
RXAYEIIER,"{""P47698"": 2}"
RXAGDLIII,"{""P47265"": 5}"
RXNINSLXX,"{""P47448"": 8}"
RXNDTIIIQ,"{""P47496"": 13}"
RXNVFIFLH,"{""Q49418"": 5}"
RXNNASVFG,"{""P47693"": 17}"
RXNXTDTDT,"{""P47469"": 1}"
RXNRTDTDT,"{""P47469"": 2}"
RXFQAXXXX,"{""P47325"": 2}"
RXFQAXSDL,"{""P47325"": 5}"
RXFCWIFVF,"{""Q9ZB72"": 2}"
RXFVIGAFA,"{""P47345"": 2}"
RXFNNAGLF,"{""P47512"": 1}"
RXDVFFFST,"{""P47592"": 15}"
RXDYLIEVN,"{""P47484"": 7}"
RXDNNGRAL,"{""P20796"": 2}"
RXDNNGXAL,"{""P20796"": 1}"
RXTINFDHP,"{""P47622"": 22}"
RXTIQIAIS,"{""P47444"": 1}"
RXTVQMEYN,"{""P47319"": 3}"
RXTVQMEXN,"{""P47319"": 1}"
RXTELERXI,"{""P47638"": 1}"
RXTELERXX,"{""P47638"": 3}"
RXKWLXXXX,"{""P47440"": 4}"
RXKIIIEVL,"{""P47264"": 1}"
RXKTXLNIN,"{""P47631"": 1}"
RXCILNXXX,"{""P47661"": 1}"
RNSLFXNNY,"{""P47386"": 19}"
RNSLFXNNX,"{""P47386"": 2}"
RNSLFXXXX,"{""P47386"": 8}"
RNSLFKNNY,"{""P47386"": 1}"
RNSNNTITI,"{""P47372"": 29}"
RNSHGGXDV,"{""P47257"": 29}"
RNSHGGXXX,"{""P47257"": 4}"
RNPLAGLFS,"{""Q49427"": 31}"
RNEVIFRNP,"{""Q49429"": 15}"
RNEVIFXNP,"{""Q49429"": 5}"
RNEVRLEIE,"{""P47330"": 4}"
RNEVXLEIE,"{""P47330"": 2}"
RNEQIILQL,"{""Q49423"": 118}"
RNENAXXXX,"{""P47702"": 4}"
RNENAXAHS,"{""P47702"": 22}"
RNEXXXXXX,"{""P47334"": 15, ""P47653"": 7}"
RNEXFNDXE,"{""P47653"": 3}"
RNEXFNDYE,"{""P47653"": 18}"
RNEXTMLER,"{""P47334"": 7}"
RNEXTMLEX,"{""P47334"": 1}"
RNEKFNDYE,"{""P47653"": 3}"
RNEKTMLER,"{""P47334"": 1}"
RNAISSVEH,"{""Q49409"": 33}"
RNAHXXXXX,"{""P47473"": 88}"
RNAHXNXIV,"{""P47473"": 7}"
RNAHXNRIV,"{""P47473"": 13}"
RNAXGVXXX,"{""P47250"": 16}"
RNAXXXXXX,"{""P47250"": 6}"
RNMXXXXXX,"{""P47561"": 28}"
RNMKXXXXX,"{""P47561"": 1}"
RNGXYIALI,"{""P47684"": 15}"
RNGXXXXXX,"{""P47684"": 2}"
RNGQIYQSV,"{""P47445"": 19}"
RNGQIXQSV,"{""P47445"": 1}"
RNGVPQFXX,"{""P47286"": 14}"
RNGVPQFXS,"{""P47286"": 4}"
RNGGYSXVL,"{""P47424"": 3}"
RNGGYSRVL,"{""P47424"": 3}"
RNNSNHXDF,"{""Q49418"": 17}"
RNNSNHXXX,"{""Q49418"": 3}"
RNNXXXXXX,"{""P47582"": 3}"
RNNXLYXNI,"{""P47582"": 20}"
RNNXLYXXX,"{""P47582"": 3}"
RNNXLXXNI,"{""P47582"": 3}"
RNNXWIGVX,"{""P47283"": 1}"
RNNRWIGVX,"{""P47283"": 8}"
RNNKLYXNI,"{""P47582"": 1}"
RNDQLIGXP,"{""P47324"": 19}"
RNDQLIGXX,"{""P47324"": 6}"
RNDQLIGKP,"{""P47324"": 2}"
RNDEDETTI,"{""P47353"": 21}"
RNVNLXVXX,"{""P47465"": 24}"
RNVNLXVXK,"{""P47465"": 1}"
RNVNLXVKX,"{""P47465"": 1}"
RNVNLXXXX,"{""P47465"": 6}"
RNVNLKVXX,"{""P47465"": 2}"
RNVNEGAYF,"{""P47386"": 6}"
RNLPFAIAQ,"{""P47493"": 25}"
RNLNQILVT,"{""Q49411"": 27}"
RNLNNXXXX,"{""P55750"": 5}"
RNLNNXGQK,"{""P55750"": 1}"
RNLNNXGQX,"{""P55750"": 17}"
RNLTYLTFX,"{""P47685"": 31}"
RNLTYLTFK,"{""P47685"": 1}"
RNLTXLTFX,"{""P47685"": 2}"
RNLAIEVQQ,"{""P47416"": 110}"
RNLVLILSX,"{""P47326"": 32}"
RNLVLILSK,"{""P47326"": 1}"
RNLMLVFXD,"{""P47429"": 1}"
RNLMLVFRD,"{""P47429"": 2}"
RNXRNNXLY,"{""P47582"": 18}"
RNXRNNXLX,"{""P47582"": 4}"
RNXRNNXXX,"{""P47582"": 1}"
RNXXXXXXX,"{""P47582"": 87, ""Q49414"": 30, ""P47650"": 3, ""P47695"": 4, ""P47694"": 2}"
RNXXNNXLY,"{""P47582"": 7}"
RNXQLEIMS,"{""P47702"": 2}"
RNXGLVEQT,"{""P47695"": 18}"
RNXLLXXXX,"{""P47694"": 5}"
RNXLLXXVN,"{""P47694"": 12}"
RNXLLXKVN,"{""P47694"": 1}"
RNXITALIG,"{""P47650"": 13}"
RNXEQALLT,"{""Q49414"": 1}"
RNQIYDAII,"{""P47563"": 17}"
RNQIXDAII,"{""P47563"": 1}"
RNQEXXXXX,"{""P47342"": 28}"
RNQXXQLIG,"{""P47406"": 1}"
RNQFLALXG,"{""P47460"": 19}"
RNQFLALXX,"{""P47460"": 4}"
RNQFLALKG,"{""P47460"": 2}"
RNFEXXXXX,"{""P47580"": 10}"
RNFEXQAEV,"{""P47580"": 3}"
RNFFERAVQ,"{""Q49405"": 7}"
RNFFEXAVQ,"{""Q49405"": 1}"
RNRQLEIMS,"{""P47702"": 7}"
RNTTIPVSX,"{""P47547"": 30}"
RNTYGTGWL,"{""P47314"": 17}"
RNTXGTGWL,"{""P47314"": 2}"
RNIHGSEXD,"{""P47574"": 20}"
RNIHGSEKD,"{""P47574"": 1}"
RNWXQHYNV,"{""P47274"": 1}"
RNWRQHXNV,"{""P47274"": 2}"
RNWRQHYNV,"{""P47274"": 4}"
RNKRNNXLY,"{""P47582"": 1}"
RNKRNNXLX,"{""P47582"": 1}"
RNKLLXXXX,"{""P47694"": 1}"
RNKLLXKVN,"{""P47694"": 1}"
RNKLLKXVN,"{""P47694"": 2}"
RNKITALIG,"{""P47650"": 2}"
RDALQMIXX,"{""P47673"": 110}"
RDALQMIXK,"{""P47673"": 6}"
RDALQMIKX,"{""P47673"": 10}"
RDXNFAENS,"{""P47612"": 100}"
RDXXXXXXX,"{""P47603"": 101, ""P47612"": 15}"
RDXXRSHDA,"{""P47603"": 3}"
RDXFVNDDQ,"{""P47551"": 4}"
RDXFEXQLL,"{""P47685"": 1}"
RDXRRSHDA,"{""P47603"": 6}"
RDXYEVLGI,"{""P47265"": 4, ""P47442"": 2}"
RDDHSAFFH,"{""P47535"": 28}"
RDFVIQNXD,"{""Q49419"": 15}"
RDFVIQNXX,"{""Q49419"": 6}"
RDFCFSGFS,"{""P47306"": 5}"
RDEKTTQFI,"{""P47700"": 1}"
RDEINSKLK,"{""P47540"": 1}"
RDEINSXLX,"{""P47540"": 23}"
RDEINSXXX,"{""P47540"": 4}"
RDEXTTQFI,"{""P47700"": 30}"
RDEXXXXXX,"{""P47700"": 3}"
RDEQQXXEL,"{""P47460"": 20}"
RDEQQXXXX,"{""P47460"": 3}"
RDEQQKXEL,"{""P47460"": 1}"
RDEFLLYRL,"{""P47368"": 1}"
RDSLDPYIN,"{""P47351"": 7}"
RDSLDPXIN,"{""P47351"": 2}"
RDSLINEWX,"{""P47597"": 21}"
RDSLINEWK,"{""P47597"": 1}"
RDVVXDADE,"{""P47617"": 25}"
RDVVXXXXX,"{""P47617"": 5}"
RDVXEACQQ,"{""P47248"": 97}"
RDVXEAXQQ,"{""P47248"": 8}"
RDVXXXXXX,"{""P47248"": 15}"
RDVKEACQQ,"{""P47248"": 5}"
RDYYEVLGI,"{""P47265"": 16, ""P47442"": 15}"
RDYFVNDDQ,"{""P47551"": 97}"
RDYXEVLGI,"{""P47265"": 1, ""P47442"": 1}"
RDHNNXXXX,"{""P47513"": 8}"
RDHNNXIVL,"{""P47513"": 19}"
RDHIGGNCY,"{""Q49398"": 18}"
RDHIGGNXX,"{""Q49398"": 1}"
RDLDFELXV,"{""P47699"": 17}"
RDLDFELXX,"{""P47699"": 2}"
RDLDFELKV,"{""P47699"": 2}"
RDLLLENRE,"{""P47386"": 8}"
RDRFEXXXX,"{""P47685"": 2}"
RDRFEXQLL,"{""P47685"": 3}"
RDIYADFAV,"{""P47314"": 4}"
RDKNFAENS,"{""P47612"": 4}"
RDKRRSHDA,"{""P47603"": 1}"
RDTVPEVLL,"{""P47250"": 16}"
RDQLQAGDV,"{""P47384"": 30}"
RDQHIQTVF,"{""Q49407"": 19}"
RDGGVALLL,"{""P47473"": 5}"
RVLVDNFLN,"{""P47345"": 150}"
RVLYGAYIG,"{""P47250"": 26}"
RVLYGAXIG,"{""P47250"": 4}"
RVLLSCIPG,"{""P47423"": 123}"
RVLLSXIPG,"{""P47423"": 5}"
RVLLXLNHP,"{""P47455"": 15}"
RVLLXXXXX,"{""P47455"": 2}"
RVLLNLFLT,"{""P47317"": 24}"
RVLLKLNHP,"{""P47455"": 2}"
RVLLVAGDT,"{""P47539"": 7}"
RVLXXXXXX,"{""P47609"": 24}"
RVLXPAIVA,"{""P47609"": 2}"
RVLIVEXXX,"{""Q49398"": 20}"
RVLIVEXRD,"{""Q49398"": 4}"
RVLSTMGIR,"{""P47565"": 5}"
RVLSTMGIX,"{""P47565"": 2}"
RVVXLWNNV,"{""P47582"": 20}"
RVVXXXXXX,"{""P47582"": 5}"
RVVVFETXT,"{""P47246"": 94}"
RVVVFETXX,"{""P47246"": 16}"
RVVVFETKT,"{""P47246"": 5}"
RVVSNDVPL,"{""P47597"": 26}"
RVVNVXXXX,"{""P47512"": 5}"
RVVNVXEYL,"{""P47512"": 10}"
RVVNVXEXL,"{""P47512"": 1}"
RVVNVKEYL,"{""P47512"": 4}"
RVVKLWNNV,"{""P47582"": 1}"
RVXXXXXXX,"{""P47421"": 19, ""P47597"": 29, ""P47544"": 23, ""P47687"": 18, ""P47566"": 25, ""P47278"": 3, ""Q49406"": 5, ""Q49415"": 4, ""P47583"": 5}"
RVXLINELI,"{""P47583"": 18}"
RVXLPSEIQ,"{""P47566"": 86}"
RVXTXXXXX,"{""Q49415"": 5}"
RVXTXXPDH,"{""Q49415"": 10}"
RVXTXKPDH,"{""Q49415"": 1}"
RVXTPVELL,"{""Q49406"": 24}"
RVXTKXPDH,"{""Q49415"": 1}"
RVXEAQNNL,"{""P47278"": 21}"
RVXGQDEAI,"{""P47597"": 3}"
RVXNEEFXL,"{""P47340"": 1}"
RVXDLSEEE,"{""P47421"": 3}"
RVXDLFNXA,"{""P47695"": 1}"
RVXYLLDLF,"{""P47667"": 5}"
RVGMSVGCN,"{""P47318"": 19}"
RVGNSMSIP,"{""P47306"": 3}"
RVAIAGILA,"{""P47426"": 27}"
RVAXXFXXX,"{""P47372"": 3}"
RVAXXFXLX,"{""P47372"": 9}"
RVAXXXXXX,"{""P35888"": 18, ""P47372"": 6}"
RVAXKFXXX,"{""P47372"": 1}"
RVPLASDLF,"{""P47664"": 20}"
RVPDFNLXS,"{""P47653"": 15}"
RVPDFNLXX,"{""P47653"": 1}"
RVFTNTAIV,"{""P47277"": 25}"
RVFYKAASM,"{""P47612"": 4}"
RVFYXAASM,"{""P47612"": 96}"
RVFYXXXXX,"{""P47612"": 17}"
RVFFLLLIN,"{""Q9ZB77"": 22}"
RVFXXXXXX,"{""P47612"": 2}"
RVFXXAASM,"{""P47612"": 2}"
RVFXKAASM,"{""P47612"": 1}"
RVELLXDXX,"{""P47581"": 3}"
RVELLXDXF,"{""P47581"": 7}"
RVELLXXXX,"{""P47581"": 4}"
RVELVFHTX,"{""P47277"": 32}"
RVELVFHTK,"{""P47277"": 1}"
RVEXXXXXX,"{""Q49421"": 20}"
RVEXLILLA,"{""Q49421"": 4}"
RVEAINFDT,"{""P47318"": 5}"
RVIXXXXXX,"{""Q9ZB70"": 2}"
RVIXIHDGX,"{""Q9ZB70"": 17}"
RVISLYYEX,"{""P47617"": 12}"
RVISLXYEX,"{""P47617"": 2}"
RVIGYIFRN,"{""P47582"": 28}"
RVIGYIFXN,"{""P47582"": 13}"
RVIGXIFRN,"{""P47582"": 1}"
RVIISAPAK,"{""P47543"": 3}"
RVIISAPAX,"{""P47543"": 33}"
RVIKIHDGX,"{""Q9ZB70"": 1}"
RVSESTFSS,"{""P47677"": 137}"
RVRDLFNXA,"{""P47695"": 5}"
RVRDLFNXX,"{""P47695"": 1}"
RVRYLLDLF,"{""P47667"": 14}"
RVRXLLDLF,"{""P47667"": 1}"
RVRNYVVRT,"{""P47351"": 1}"
RVRNYVVXT,"{""P47351"": 1}"
RVRISNSFL,"{""P47681"": 2}"
RVDLATTAE,"{""P47277"": 4}"
RVDINLLXX,"{""P47324"": 18}"
RVDINLLXR,"{""P47324"": 5}"
RVDYSGRSV,"{""P47582"": 8}"
RVDYSGXSV,"{""P47582"": 1}"
RVMEVSEII,"{""P47605"": 39}"
RVMEMIXQP,"{""P47641"": 18}"
RVMEMIXXX,"{""P47641"": 2}"
RVYTGHGVD,"{""P47458"": 29}"
RVYNEEFXL,"{""P47340"": 14}"
RVYNEEFXX,"{""P47340"": 4}"
RVYXGSGQS,"{""P47540"": 8}"
RVYRGSGQS,"{""P47540"": 22}"
RVNFDXXXX,"{""P47528"": 7}"
RVNFDXAFL,"{""P47528"": 19}"
RVNFDKAFL,"{""P47528"": 3}"
RVNVAYITQ,"{""P47316"": 9}"
RVQEGYVCE,"{""P47583"": 22}"
RVQEGYVXE,"{""P47583"": 2}"
RVCXETVSY,"{""P47385"": 20}"
RVCXXXXXX,"{""P47385"": 1}"
RVCKETVSY,"{""P47385"": 2}"
RVKLPSEIQ,"{""P47566"": 12}"
RVKTPVELL,"{""Q49406"": 2}"
RAVXXXXXX,"{""P47424"": 35, ""P47326"": 21}"
RAVXXWLLN,"{""P47424"": 79}"
RAVXESNVF,"{""P47326"": 7}"
RAVXYGIXX,"{""P47330"": 1}"
RAVXKWLLN,"{""P47424"": 5}"
RAVLEDQIS,"{""P47460"": 21}"
RAVYYGIXX,"{""P47330"": 25}"
RAVYYGIXT,"{""P47330"": 4}"
RAVYXGIXX,"{""P47330"": 2}"
RAVELLNLX,"{""P47285"": 24}"
RAVKXWLLN,"{""P47424"": 9}"
RAVKESNVF,"{""P47326"": 2}"
RAVMNLFTX,"{""P47662"": 24}"
RAISFDDND,"{""P47250"": 26}"
RAISXXXXX,"{""Q49405"": 42}"
RAISXXDVX,"{""Q49405"": 85}"
RAISXXDVK,"{""Q49405"": 4}"
RAISXKDVK,"{""Q49405"": 1}"
RAISXKDVX,"{""Q49405"": 1}"
RAISKXDVX,"{""Q49405"": 4}"
RAISKXXXX,"{""Q49405"": 1}"
RAITGIQAS,"{""P47372"": 7}"
RAIGFMPXT,"{""P47370"": 10}"
RAIGFMPXX,"{""P47370"": 5}"
RAIGFMPKT,"{""P47370"": 1}"
RAANINXXX,"{""P47336"": 28}"
RAALLTTMF,"{""P47688"": 98}"
RAAEALETV,"{""P47502"": 24}"
RAMIRYXDI,"{""P47251"": 19}"
RAMIRYXXX,"{""P47251"": 6}"
RAMIXYXDI,"{""P47251"": 8}"
RALIACXXX,"{""P47534"": 34}"
RALIACXXL,"{""P47534"": 71}"
RALIACXKL,"{""P47534"": 3}"
RALIACKXL,"{""P47534"": 1}"
RALIAXXXL,"{""P47534"": 8}"
RALXTSNFE,"{""P36263"": 103}"
RALXXXXXX,"{""P36263"": 23}"
RALQALXIW,"{""P47486"": 14}"
RALQALXXX,"{""P47486"": 2}"
RALKTSNFE,"{""P36263"": 2}"
RASANIIFL,"{""P47359"": 25}"
RASXFGTDV,"{""P47618"": 2}"
RASTLSGGE,"{""P47660"": 7}"
RASYFGTDV,"{""P47618"": 23}"
RAFXXXXXX,"{""P47265"": 1}"
RAFVAGAYH,"{""P47482"": 22}"
RAFVAGAXH,"{""P47482"": 2}"
RAFRXXXXX,"{""P47265"": 1}"
RAFRXLAMQ,"{""P47265"": 1}"
RANCXXXXX,"{""P47394"": 16}"
RANLNLAII,"{""P47348"": 23}"
RANDGSYPS,"{""P47580"": 32}"
RANXXXXXX,"{""Q49426"": 8, ""P47394"": 1}"
RANXLXXXX,"{""Q49426"": 14}"
RANXDXYGF,"{""P47442"": 1}"
RANXDXXXX,"{""P47442"": 1}"
RANYDXYGF,"{""P47442"": 16}"
RANYDXXXX,"{""P47442"": 3}"
RANYDKYGF,"{""P47442"": 2}"
RANKLXXXX,"{""Q49426"": 2}"
RAXXXXXXX,"{""P47704"": 20, ""P47338"": 10, ""P47384"": 2, ""P47656"": 16, ""P47513"": 4, ""P47471"": 3, ""P47512"": 2}"
RAXXFCTXL,"{""P47384"": 10}"
RAXXFCTXX,"{""P47384"": 5}"
RAXEIIEXX,"{""P47698"": 1}"
RAXEHFQSW,"{""P47512"": 20}"
RAXERXXXX,"{""P47656"": 5}"
RAXEXXXXX,"{""P47656"": 1}"
RAXIIDYLV,"{""P47513"": 21}"
RAXILYAGN,"{""P47350"": 2}"
RAXALIPYY,"{""P47471"": 15}"
RAXALIPXY,"{""P47471"": 1}"
RAXAAAVNI,"{""P47543"": 4}"
RAXTHGFMA,"{""P47704"": 1}"
RAXTPFSNF,"{""P47298"": 1}"
RAXLIANTL,"{""P47304"": 2}"
RAXYLALVP,"{""P47338"": 1}"
RADRVXWPI,"{""P47580"": 3}"
RADRVXXXX,"{""P47580"": 1}"
RADQIXATN,"{""P47373"": 18}"
RADQIXXXX,"{""P47373"": 7}"
RADYLXXXY,"{""P47455"": 8}"
RADYLXXXX,"{""P47455"": 8}"
RADYLXKXY,"{""P47455"": 1}"
RADYLKXXY,"{""P47455"": 3}"
RADYLKXXX,"{""P47455"": 1}"
RADFCIIGL,"{""P47565"": 5}"
RAEMINYLF,"{""Q49405"": 23}"
RAEMINXLF,"{""Q49405"": 1}"
RAEQNGVTF,"{""P47523"": 24}"
RAELNDLEX,"{""P47487"": 40}"
RAPQFTXXX,"{""P47656"": 105}"
RAYEIIERX,"{""P47698"": 30}"
RAYEIIERK,"{""P47698"": 2}"
RAYEIIEXX,"{""P47698"": 4}"
RAYEIIEXK,"{""P47698"": 1}"
RAYEAGVXL,"{""P35888"": 1}"
RAYEAGVRL,"{""P35888"": 11}"
RAYTPFSNF,"{""P47298"": 20}"
RAYISYMRE,"{""P47682"": 8}"
RAYISYMXE,"{""P47682"": 1}"
RATDLFLCR,"{""Q49423"": 7}"
RARXLALVP,"{""P47338"": 1}"
RARAAAVNI,"{""P47543"": 20}"
RARILYAGN,"{""P47350"": 3}"
RARYLALVP,"{""P47338"": 5}"
RARLIANTL,"{""P47304"": 4}"
RAGNVITIE,"{""P47618"": 3}"
RAKXXXXXX,"{""P47338"": 1}"
RAKIIDYLV,"{""P47513"": 1}"
RWIINDIEF,"{""P47484"": 133}"
RWIXHXIDX,"{""P47534"": 14}"
RWIXHXIDK,"{""P47534"": 1}"
RWIXHXXXX,"{""P47534"": 2}"
RWIXXXXXX,"{""P47534"": 6}"
RWIEGTQPX,"{""Q49423"": 20}"
RWIKHXIDX,"{""P47534"": 1}"
RWTXXXXXX,"{""Q9ZB82"": 19}"
RWTXQPLQR,"{""Q9ZB82"": 2}"
RWTXQPLQX,"{""Q9ZB82"": 1}"
RWLDRVYNF,"{""P47508"": 22}"
RWLDRVXNF,"{""P47508"": 1}"
RWLDXVYNF,"{""P47508"": 1}"
RWLDXVXNF,"{""P47508"": 1}"
RWLXIVXQS,"{""P47429"": 18}"
RWLXIVXXX,"{""P47429"": 3}"
RWLXIVKQS,"{""P47429"": 2}"
RWLXXXXXX,"{""P47429"": 4}"
RWLKIVXQS,"{""P47429"": 1}"
RWGLTIFXL,"{""P47548"": 91}"
RWGLTIFXX,"{""P47548"": 13}"
RWGLTIFKL,"{""P47548"": 5}"
RWNFXXXXX,"{""P47397"": 21}"
RWMHFLLTA,"{""P47307"": 25}"
RWXIAXISV,"{""P47280"": 22}"
RWXIAXXXX,"{""P47280"": 3}"
RWXXXXXXX,"{""P47280"": 2}"
RWRIVXXXX,"{""P47406"": 5}"
RWYLNXXXX,"{""P47558"": 18}"
RWYLNXLSG,"{""P47558"": 6}"
RWYLNKLSG,"{""P47558"": 1}"
RWVVLNLNX,"{""P47415"": 20}"
RWEQLIEGX,"{""P47549"": 27}"
RWKIAXISV,"{""P47280"": 2}"
RWKIAXXXX,"{""P47280"": 1}"
RWSLIALAF,"{""P47580"": 5}"
RHPEWFDEG,"{""P20796"": 117}"
RHPXXXXXX,"{""P47294"": 97}"
RHPXLINXD,"{""P47294"": 1}"
RHPXLINRD,"{""P47294"": 1}"
RHLETNSQV,"{""P47660"": 25}"
RHLXXQATV,"{""P47439"": 3}"
RHLXXXXXX,"{""P47439"": 1}"
RHLRXQATV,"{""P47439"": 3}"
RHLRKQATV,"{""P47439"": 1}"
RHXXDEXII,"{""P47368"": 12}"
RHXXDEXXX,"{""P47368"": 4}"
RHXXDEKII,"{""P47368"": 1}"
RHXXXXXXX,"{""P47368"": 7}"
RHXKDEXII,"{""P47368"": 1}"
RHCVTSVDX,"{""P47347"": 16}"
RHWSNXTSQ,"{""P47460"": 23}"
RHWSNXXXX,"{""P47460"": 1}"
RHWSNKTSQ,"{""P47460"": 2}"
RHMGVXTRN,"{""P47400"": 6}"
RHMGVXTXN,"{""P47400"": 1}"
RHMGVXXXX,"{""P47400"": 10}"
RHMGVKTRN,"{""P47400"": 1}"
RHYAHVDCP,"{""P13927"": 11}"
RHIQXRLTS,"{""P47589"": 1}"
RHKXDEXII,"{""P47368"": 2}"
RTMVQPTTT,"{""P47437"": 26}"
RTMGHXXXX,"{""P47402"": 10}"
RTMGHXXEX,"{""P47402"": 11}"
RTMGHXXEK,"{""P47402"": 2}"
RTMGHXKEX,"{""P47402"": 1}"
RTMGHKXEX,"{""P47402"": 1}"
RTXIIATCG,"{""P47458"": 16}"
RTXIIATXG,"{""P47458"": 1}"
RTXIIXSIR,"{""P47382"": 2}"
RTXIIXXXX,"{""P47382"": 11}"
RTXILPGDV,"{""P47419"": 17}"
RTXITXXXX,"{""P47277"": 6}"
RTXITXXHV,"{""P47277"": 11}"
RTXFNAKXX,"{""P47368"": 6}"
RTXFNAKXT,"{""P47368"": 1}"
RTXFNAKKT,"{""P47368"": 1}"
RTXFNAXXX,"{""P47368"": 86}"
RTXFNAXXT,"{""P47368"": 16}"
RTXXXXXXX,"{""P47368"": 16, ""P47277"": 4, ""P47419"": 3, ""P47264"": 18, ""P47404"": 25, ""P47458"": 2, ""P47382"": 2, ""P47653"": 1}"
RTXNXVLXE,"{""P47264"": 51}"
RTXNXVLXX,"{""P47264"": 15}"
RTXNXVLKE,"{""P47264"": 2}"
RTXNXXXXX,"{""P47264"": 17}"
RTXNKVLXE,"{""P47264"": 7}"
RTXDGFEYX,"{""P47653"": 19}"
RTXYRXXXX,"{""P47404"": 1}"
RTXYRXPHN,"{""P47404"": 1}"
RTVQMEYNX,"{""P47319"": 108}"
RTVQMEYNK,"{""P47319"": 2}"
RTVQMEXNX,"{""P47319"": 2}"
RTVLPDPVF,"{""P47334"": 9}"
RTIFLLSXX,"{""P47470"": 26}"
RTIFLLSXD,"{""P47470"": 5}"
RTIDSLFDL,"{""Q49434"": 15}"
RTIQIAISE,"{""P47444"": 108}"
RTIAXAXXX,"{""P47402"": 1}"
RTIAXAXGS,"{""P47402"": 1}"
RTIARAXGS,"{""P47402"": 3}"
RTIARAXXX,"{""P47402"": 1}"
RTNXQTXHG,"{""Q49432"": 80}"
RTNXQTXXX,"{""Q49432"": 25}"
RTNXQTKHG,"{""Q49432"": 4}"
RTNXXXXXX,"{""Q49432"": 19}"
RTNXLINNV,"{""P47386"": 1}"
RTNTNFNFF,"{""P47312"": 23}"
RTNYLINNV,"{""P47386"": 18}"
RTNQQPLTV,"{""P47334"": 22}"
RTNKQTXHG,"{""Q49432"": 5}"
RTKNXXXXX,"{""P47264"": 2}"
RTKNXVLXX,"{""P47264"": 2}"
RTKNXVLXE,"{""P47264"": 2}"
RTKFNAXXX,"{""P47368"": 3}"
RTKDGFEYX,"{""P47653"": 1}"
RTKDGFEYK,"{""P47653"": 1}"
RTKIIATCG,"{""P47458"": 2}"
RTKIIXXXX,"{""P47382"": 1}"
RTKILPGDV,"{""P47419"": 1}"
RTFNQLLFM,"{""P47483"": 134}"
RTFFIDSEE,"{""P47661"": 4}"
RTHSVMXXX,"{""P47641"": 22}"
RTHSVMXTP,"{""P47641"": 1}"
RTTGQHPGG,"{""P47277"": 21}"
RTTFXTLYS,"{""Q49418"": 16}"
RTTFXTLXS,"{""Q49418"": 1}"
RTTFXXXXX,"{""Q49418"": 4}"
RTTFKTLXS,"{""Q49418"": 1}"
RTTFKTLYS,"{""Q49418"": 1}"
RTTPSIVSX,"{""P47547"": 3}"
RTTPSIVSY,"{""P47547"": 21}"
RTTNEENTM,"{""P47341"": 19}"
RTGYADYSN,"{""P47502"": 30}"
RTGYADXSN,"{""P47502"": 1}"
RTGGHRIQL,"{""P47395"": 6}"
RTLESVIQS,"{""P47385"": 25}"
RTLTXLQFD,"{""P47686"": 5}"
RTLTXXXXX,"{""P47686"": 14}"
RTLNIGIVL,"{""P47362"": 3}"
RTSEIEFHL,"{""P47283"": 27}"
RTSVFIALL,"{""Q49433"": 6}"
RTSLNEFIN,"{""P47250"": 21}"
RTYQPSXLX,"{""P47704"": 22}"
RTYQPSXXX,"{""P47704"": 2}"
RTYQPSKLX,"{""P47704"": 2}"
RTPGFSGAQ,"{""P47695"": 1}"
RGIIEGTEQ,"{""P47335"": 37}"
RGIEDASLL,"{""P47632"": 126}"
RGINNLVVI,"{""P47457"": 19}"
RGILXAYGE,"{""Q49460"": 21}"
RGILXAXGE,"{""Q49460"": 1}"
RGILXXXXX,"{""Q49460"": 5}"
RGILKAYGE,"{""Q49460"": 1}"
RGSAXXXXX,"{""P47304"": 22}"
RGSAXSITA,"{""P47304"": 1}"
RGFNLQDFL,"{""P47256"": 104}"
RGFRTQFXI,"{""P47314"": 26}"
RGFRTQFXX,"{""P47314"": 4}"
RGFXTQFXX,"{""P47314"": 1}"
RGFXTQFXI,"{""P47314"": 8}"
RGFLLLERC,"{""Q9ZB78"": 2}"
RGVCTRVGT,"{""P47333"": 1}"
RGVFIVPPE,"{""Q49429"": 1}"
RGVHVVTVN,"{""P47318"": 8}"
RGVSSYYDS,"{""P47362"": 7}"
RGXXXXXXX,"{""P47682"": 109, ""P47491"": 1}"
RGXXPXHAP,"{""P47491"": 4}"
RGXXPXXXX,"{""P47491"": 2}"
RGXXPKHAP,"{""P47491"": 1}"
RGXXRNPLA,"{""Q49427"": 1}"
RGXTDVISL,"{""P47628"": 13}"
RGXKPXHAP,"{""P47491"": 1}"
RGXGISETF,"{""P47682"": 2}"
RGXVRXAYI,"{""P47682"": 1}"
RGTLXXXXX,"{""P47388"": 20}"
RGTLXLGDI,"{""P47388"": 1}"
RGTIDLSHX,"{""P47350"": 23}"
RGTIDLSHK,"{""P47350"": 1}"
RGCTDVISL,"{""P47628"": 112}"
RGNEXFVGC,"{""P47368"": 21}"
RGNEXFVGX,"{""P47368"": 1}"
RGNEXXXXX,"{""P47368"": 2}"
RGNDNLLDE,"{""P47252"": 30}"
RGNLCXXXX,"{""P47388"": 20}"
RGNLCXLFR,"{""P47388"": 1}"
RGYXXXXXX,"{""Q49427"": 13}"
RGYXRNPLA,"{""Q49427"": 5}"
RGRXPXHAP,"{""P47491"": 19}"
RGRXPXXXX,"{""P47491"": 2}"
RGRXPKHAP,"{""P47491"": 2}"
RGRXXXXXX,"{""P47491"": 1}"
RGRGISETF,"{""P47682"": 7}"
RGRKPXHAP,"{""P47491"": 1}"
RGLNTNXXX,"{""P47647"": 5}"
RGLNTNXGD,"{""P47647"": 20}"
RGLNTNKGD,"{""P47647"": 1}"
RGLYTXVSX,"{""P47663"": 24}"
RGLYTXXXX,"{""P47663"": 4}"
RGLXTXVSX,"{""P47663"": 1}"
RGELNPTIN,"{""Q49413"": 21}"
RGMEELNFQ,"{""P47460"": 23}"
RYDYLIEVN,"{""P47484"": 104}"
RYDXLIEVN,"{""P47484"": 8}"
RYDNNGRAL,"{""P20796"": 19}"
RYDNNGXAL,"{""P20796"": 4}"
RYQQTQTLF,"{""P47562"": 5}"
RYQTTMIIV,"{""P47311"": 16}"
RYQNLTRIF,"{""P47627"": 3}"
RYQNLTXIF,"{""P47627"": 1}"
RYNINSLXX,"{""P47448"": 99}"
RYNINSLKX,"{""P47448"": 7}"
RYNLSNAGR,"{""P47583"": 4}"
RYNLSNAGX,"{""P47583"": 1}"
RYHYDNLXA,"{""P47400"": 19}"
RYHYDNLXX,"{""P47400"": 2}"
RYHYDNLKA,"{""P47400"": 2}"
RYHPDVNXL,"{""P47248"": 18}"
RYHPDVNXX,"{""P47248"": 6}"
RYHPDVNKL,"{""P47248"": 1}"
RYHWFSXXP,"{""P47442"": 13}"
RYHWFSXXX,"{""P47442"": 6}"
RYHXDNLXA,"{""P47400"": 1}"
RYSYXXXXX,"{""P47615"": 22}"
RYSYKXXXX,"{""P47615"": 1}"
RYSPTATXR,"{""P47583"": 2}"
RYSPTATRR,"{""P47583"": 1}"
RYSXKXXXX,"{""P47615"": 1}"
RYYGXIETN,"{""P47583"": 76}"
RYYGXXXXX,"{""P47583"": 19}"
RYYGKIETN,"{""P47583"": 4}"
RYYVALVHF,"{""P47451"": 4}"
RYGNXHYQR,"{""P47357"": 6}"
RYGNXHYQX,"{""P47357"": 1}"
RYGNXXXXX,"{""P47357"": 14}"
RYGXNLPXL,"{""P47277"": 11}"
RYGXNLPXX,"{""P47277"": 4}"
RYGXNLPKL,"{""P47277"": 1}"
RYGXXXXXX,"{""P47277"": 5}"
RYGFHGTSY,"{""P47599"": 120}"
RYGFHGTSX,"{""P47599"": 7}"
RYGHRQPYT,"{""P47474"": 4}"
RYGAFVHRT,"{""P47299"": 4}"
RYGAFVHXT,"{""P47299"": 2}"
RYGKNLPXL,"{""P47277"": 1}"
RYGKNLPKL,"{""P47277"": 1}"
RYXGXXXXX,"{""P47583"": 1}"
RYXGXIETN,"{""P47583"": 10}"
RYXGLVFGQ,"{""P47610"": 18}"
RYXGKIETN,"{""P47583"": 2}"
RYXXXXXXX,"{""P47610"": 5, ""P47344"": 28, ""P47604"": 26, ""P47493"": 1}"
RYXXADAIG,"{""P47493"": 3}"
RYXHANHQF,"{""P47344"": 79}"
RYXNEQTRL,"{""P47604"": 1}"
RYXDSLGEF,"{""P47455"": 1}"
RYLLLGSTL,"{""P47563"": 21}"
RYLXWVSFA,"{""P47655"": 16}"
RYLXXXXXX,"{""P47655"": 2}"
RYLESLSSY,"{""P47660"": 17}"
RYLTEVSQI,"{""P47521"": 18}"
RYLSRXXXX,"{""P47288"": 1}"
RYLSRXLTX,"{""P47288"": 8}"
RYLSRXLTK,"{""P47288"": 1}"
RYLSXXLTX,"{""P47288"": 1}"
RYLDENGII,"{""P47583"": 26}"
RYLKWVSFA,"{""P47655"": 1}"
RYFQAXSDL,"{""P47325"": 94}"
RYFQAXXXX,"{""P47325"": 15}"
RYFQAKSDL,"{""P47325"": 2}"
RYFNNAGLF,"{""P47512"": 28}"
RYFNINVEL,"{""P47248"": 1}"
RYPXNTPXX,"{""P47344"": 12}"
RYPXNTPXI,"{""P47344"": 1}"
RYPXXXXXX,"{""P47344"": 3}"
RYPKNTPXX,"{""P47344"": 3}"
RYPSRSYWS,"{""Q57081"": 16}"
RYPSRSXWS,"{""Q57081"": 2}"
RYPSXSYWS,"{""Q57081"": 9}"
RYPSXSXWS,"{""Q57081"": 1}"
RYPDVSVVY,"{""Q57081"": 7}"
RYCILNXXX,"{""P47661"": 20}"
RYCILNXTL,"{""P47661"": 5}"
RYCDSLGEF,"{""P47455"": 19}"
RYTNFWNXX,"{""P47576"": 8}"
RYTNFWNXL,"{""P47576"": 24}"
RYVRVIIXX,"{""Q49400"": 28}"
RYVNVDEQF,"{""P47539"": 22}"
RYVXVIIXX,"{""Q49400"": 5}"
RYVVVCEIS,"{""P47350"": 5}"
RYRXXXXXX,"{""P47493"": 1}"
RYRXADAIG,"{""P47493"": 2}"
RYAFLGDVV,"{""P47407"": 22}"
RYIDLTIHR,"{""P47350"": 11}"
RYIDLTIHX,"{""P47350"": 3}"
RYWNPXXXX,"{""P47316"": 17}"
RYWNPKMGF,"{""P47316"": 1}"
RYWEINNAL,"{""P47492"": 5}"
RYKHANHQF,"{""P47344"": 4}"
RYEFVLLDT,"{""P47706"": 4}"
RQGGIVYNG,"{""P47291"": 17}"
RQMAFIIXX,"{""P47653"": 5}"
RQMAFIIXN,"{""P47653"": 19}"
RQMAFIIKN,"{""P47653"": 1}"
RQMFVWFAL,"{""Q9ZB73"": 124}"
RQMVTNPNT,"{""P47547"": 25}"
RQAHTAVIG,"{""P47286"": 107}"
RQAXXXXXX,"{""P47438"": 12}"
RQAXXNQTI,"{""P47438"": 15}"
RQAXKNQTI,"{""P47438"": 1}"
RQAKXNQTI,"{""P47438"": 2}"
RQAKXXXXX,"{""P47438"": 1}"
RQQRSAYGA,"{""P47333"": 21}"
RQQQIVVPY,"{""P47265"": 17}"
RQQQIVVPX,"{""P47265"": 4}"
RQQLXAXGL,"{""Q49435"": 15}"
RQQLXAXXX,"{""Q49435"": 3}"
RQQLXXXXX,"{""Q49435"": 1}"
RQQXSAYGA,"{""P47333"": 7}"
RQQXSAXGA,"{""P47333"": 1}"
RQXXXXXXX,"{""P47440"": 110}"
RQXNNSYTE,"{""P47314"": 3}"
RQXNLLEXX,"{""P47460"": 1}"
RQNLIEYLV,"{""P47492"": 27}"
RQNLIEXLV,"{""P47492"": 1}"
RQYNNSXTE,"{""P47314"": 7}"
RQYNNSYTE,"{""P47314"": 107}"
RQWNLINIW,"{""P47386"": 20}"
RQRNLLEXX,"{""P47460"": 24}"
RQRNLLEKX,"{""P47460"": 1}"
RQLHDXXXX,"{""P47460"": 15}"
RQLEELXRR,"{""P47342"": 1}"
RQKXXXXXX,"{""P47440"": 4}"
RQEEERARI,"{""P47278"": 3}"
RQEEERAXI,"{""P47278"": 3}"
RQEEEXAXI,"{""P47278"": 1}"
RQIRSIFQQ,"{""P47703"": 5}"
RQIXSIFQQ,"{""P47703"": 2}"
RQSWXSALF,"{""P47562"": 2}"
RQSWRSALF,"{""P47562"": 3}"
RMNTVXSTI,"{""P47640"": 76}"
RMNTVXXXX,"{""P47640"": 21}"
RMNTVKSTI,"{""P47640"": 5}"
RMQALLAFE,"{""P47369"": 102}"
RMQAVTXLI,"{""P47328"": 15}"
RMQAVTXXX,"{""P47328"": 2}"
RMVRAGLNC,"{""P47588"": 8}"
RMYCAFDAL,"{""P47618"": 22}"
RMYXAFDAL,"{""P47618"": 1}"
RMDISNVDA,"{""P47310"": 24}"
RMRIGYNSS,"{""P47373"": 9}"
RMRIGXNSS,"{""P47373"": 1}"
RMSFLGEDI,"{""P47277"": 11}"
RKYYNETSA,"{""P47670"": 5}"
RKYXNETSA,"{""P47670"": 1}"
RKSPFDSGS,"{""P47249"": 1}"
RKSSTAXVY,"{""P47656"": 4}"
RKSSTAXXX,"{""P47656"": 2}"
RKSLLXIAI,"{""Q49418"": 2}"
RKSLLXXXX,"{""Q49418"": 1}"
RKSLNSFEA,"{""Q9ZB70"": 1}"
RKQEEELXX,"{""P47530"": 6}"
RKQEEELXR,"{""P47530"": 1}"
RKQNYSXXX,"{""P47702"": 1}"
RKQLASNYP,"{""Q57081"": 1}"
RKWNVNLQS,"{""P47665"": 5}"
RKWXXXXXX,"{""P47533"": 1}"
RKAESGDXX,"{""P47270"": 1}"
RKAESGDXI,"{""P47270"": 1}"
RKAGDLIII,"{""P47265"": 1}"
RKTELERXI,"{""P47638"": 1}"
RKXXXXXXX,"{""P47264"": 1, ""P47438"": 1, ""P47440"": 2}"
RKXWLXXXX,"{""P47440"": 1}"
RKXWLXQAS,"{""P47440"": 1}"
RKXYNETSA,"{""P47670"": 1}"
RKXIIIEVL,"{""P47264"": 1}"
RKXTXLNIN,"{""P47631"": 1}"
RKEEEAXXX,"{""P47530"": 2}"
RKELIXXXX,"{""P47649"": 1}"
RKENLFFVT,"{""P47669"": 1}"
RKETXAXXX,"{""P47386"": 2}"
RKETXAXYE,"{""P47386"": 2}"
RKEXEEQXX,"{""P47604"": 1}"
RKEXEEQKX,"{""P47604"": 1}"
RKEXXXXXX,"{""Q49417"": 1}"
RKLSVXLSD,"{""P47297"": 3}"
RKLCHQFAL,"{""P47587"": 2}"
RKLNCENLI,"{""P47606"": 2}"
RKVILDLDG,"{""P47706"": 2}"
RKVNSSMQI,"{""Q49427"": 2}"
RKVXTFILD,"{""P55825"": 2}"
RKHXXXXXX,"{""P47541"": 1}"
RKHAYTSHL,"{""P47439"": 2}"
RKMLINNLX,"{""P47701"": 5}"
RKMXQWVLX,"{""P47508"": 1}"
RKGXXXXXX,"{""P55825"": 1}"
RKGXYIIFL,"{""P55825"": 1}"
RKGIASDQX,"{""P47583"": 4}"
RKGDLFVHL,"{""P47442"": 1}"
RKDVFFFST,"{""P47592"": 1}"
RKICLLGXX,"{""P47385"": 2}"
RKITVXXXX,"{""P47543"": 2}"
RKRLLXXXX,"{""P47663"": 1}"
RKPYSVLLF,"{""P47597"": 3}"
RKPXPNFXX,"{""P47338"": 1}"
RKNXTDTDT,"{""P47469"": 1}"
RKNVFIFLH,"{""Q49418"": 1}"
RCYITTPIY,"{""P47267"": 15}"
RCYITTPIX,"{""P47267"": 1}"
RCSNXXXXX,"{""P47592"": 79}"
RCSNXGDIH,"{""P47592"": 25}"
RCSNKGDIH,"{""P47592"": 3}"
RCSXEQLFE,"{""Q49430"": 20}"
RCSXXXXXX,"{""Q49430"": 2}"
RCSKEQLFE,"{""Q49430"": 1}"
RCXXVYEIL,"{""P47371"": 19}"
RCXXVXEIL,"{""P47371"": 1}"
RCXXXXXXX,"{""P47371"": 9, ""P47687"": 5}"
RCXVNTGLT,"{""P47687"": 8}"
RCXITTPIY,"{""P47267"": 1}"
RCLEDADLN,"{""P47481"": 20}"
RCPAHNTLH,"{""P47666"": 32}"
RCACVITEI,"{""P47296"": 4}"
RCAXVITEI,"{""P47296"": 1}"
RCVIVDDVL,"{""P47518"": 28}"
RCVFFNQNH,"{""P47371"": 17}"
RCKXVYEIL,"{""P47371"": 2}"
RCKVNTGLT,"{""P47687"": 1}"
RREXIISND,"{""P47387"": 1}"
RREXRXQNY,"{""P47702"": 2}"
RREXXXXXX,"{""P47702"": 3, ""P47387"": 1}"
RREAEEXRX,"{""P47342"": 1}"
RREAEEXXX,"{""P47342"": 17}"
RREAXXXXX,"{""P47278"": 4}"
RREIDTLLT,"{""P47460"": 3}"
RRLMQXXXX,"{""P47282"": 23}"
RRLSEEXXX,"{""Q49419"": 1}"
RRLSEEXSX,"{""Q49419"": 1}"
RRTVQMEXN,"{""P47319"": 4}"
RRTVQMEYN,"{""P47319"": 19}"
RRTIQIAIS,"{""P47444"": 4}"
RRTXXXXXX,"{""P47368"": 2}"
RRTXFNAXX,"{""P47368"": 5}"
RRHLETNSQ,"{""P47660"": 2}"
RRSHDALTL,"{""P47603"": 2}"
RRXXXXXXX,"{""P47561"": 2, ""P57085"": 3}"
RRXVRVIIX,"{""Q49400"": 1}"
RRXRNMXXX,"{""P47561"": 1}"
RRXFQAXSD,"{""P47325"": 1}"
RRXFQAKSD,"{""P47325"": 1}"
RRMNTVXST,"{""P47640"": 4}"
RRPSHNVAE,"{""P47304"": 8}"
RRDVXEACQ,"{""P47248"": 5}"
RRDVXEAXQ,"{""P47248"": 1}"
RRDVXXXXX,"{""P47248"": 2}"
RRDVKEACQ,"{""P47248"": 1}"
RRDXNFAEN,"{""P47612"": 3}"
RRFCWIFVF,"{""Q9ZB72"": 7}"
RRFVIGAFA,"{""P47345"": 7}"
RRGCTDVIS,"{""P47628"": 4}"
RRGXTDVIS,"{""P47628"": 1}"
RRGXXXXXX,"{""P47682"": 3}"
RRGXXPXHA,"{""P47491"": 1}"
RRGFNLQDF,"{""P47256"": 6}"
RRGRGISET,"{""P47682"": 1}"
RRAYEIIEX,"{""P47698"": 1}"
RRAYEIIER,"{""P47698"": 2}"
RRYLESLSS,"{""P47660"": 4}"
RRYFQAXSD,"{""P47325"": 3}"
RRYVXVIIX,"{""Q49400"": 1}"
RRRTVQMEY,"{""P47319"": 1}"
RRQQRSAYG,"{""P47333"": 2}"
HIEWIXXXX,"{""P47304"": 601}"
HIEWIKXXX,"{""P47304"": 27}"
HIEXCEILI,"{""P47624"": 35}"
HIEXXXXXX,"{""Q49432"": 119}"
HIEXXEILI,"{""P47624"": 5}"
HIEXINDXC,"{""P47649"": 1}"
HIEXINDYC,"{""P47649"": 4}"
HIEXIRNYL,"{""Q49432"": 4}"
HIERCEILI,"{""P47624"": 106}"
HIERINDYC,"{""P47649"": 14}"
HIERINDYX,"{""P47649"": 1}"
HIERXEILI,"{""P47624"": 2}"
HIALFNASV,"{""P47386"": 100}"
HIISDPQNL,"{""Q49460"": 558}"
HIDNTYCXL,"{""P47376"": 7}"
HIDNTYCRL,"{""P47376"": 13}"
HIDNTYXRL,"{""P47376"": 2}"
HIDIPXTLC,"{""Q49423"": 92}"
HIDIPXTLX,"{""Q49423"": 2}"
HIDIPXXXX,"{""Q49423"": 15}"
HIDIPKTLC,"{""Q49423"": 1}"
HIDLVFXNN,"{""Q49426"": 95}"
HIDLVFXXX,"{""Q49426"": 15}"
HIDLVFKNN,"{""Q49426"": 4}"
HICSLVXDN,"{""P47264"": 495}"
HICSLVXXX,"{""P47264"": 84}"
HICSLVKDN,"{""P47264"": 28}"
HIQFIXIIT,"{""P47642"": 128}"
HIQFIXXXX,"{""P47642"": 23}"
HIQFIKIIT,"{""P47642"": 2}"
HIQRRLTSP,"{""P47589"": 27}"
HIQRXLTSP,"{""P47589"": 8}"
HIQITEXID,"{""P47495"": 105}"
HIQITEXXX,"{""P47495"": 17}"
HIQITEKID,"{""P47495"": 8}"
HIQINLPDI,"{""P47695"": 597}"
HIQXRLTSP,"{""P47589"": 5}"
HIQXXLTSP,"{""P47589"": 1}"
HIXXXXXXX,"{""P47484"": 125}"
HIXSLVXDN,"{""P47264"": 13}"
HIXSLVXXX,"{""P47264"": 3}"
HIXSLVKDN,"{""P47264"": 5}"
HIPQVEVQP,"{""Q57081"": 271}"
HIPPXPLVR,"{""P47595"": 102}"
HIPPXPLVX,"{""P47595"": 24}"
HIPPXXXXX,"{""P47595"": 447}"
HIPPKPLVR,"{""P47595"": 5}"
HIPPKPLVX,"{""P47595"": 1}"
HISQXHHLX,"{""P47474"": 86}"
HISQXXXXX,"{""P47474"": 22}"
HISQKHHLX,"{""P47474"": 5}"
HIWISPHTF,"{""P47278"": 106}"
HILGLXXXX,"{""P47582"": 113}"
HILGLXDGR,"{""P47582"": 3}"
HIVSLGWAS,"{""P47293"": 119}"
HIVNELSIS,"{""P47583"": 1}"
HLLSXXXXX,"{""P47368"": 14}"
HLLSXFEII,"{""P47368"": 114}"
HLLSKFEII,"{""P47368"": 6}"
HLLXXXXXX,"{""P47266"": 112}"
HLTEIGSWX,"{""P47421"": 118}"
HLTVXALVL,"{""P47331"": 113}"
HLTVXXXXX,"{""P47331"": 16}"
HLTVKALVL,"{""P47331"": 7}"
HLTXXXXXX,"{""P47465"": 116}"
HLTXNELEX,"{""P47534"": 21}"
HLTRNELEX,"{""P47534"": 140}"
HLTRNELEK,"{""P47534"": 4}"
HLSEFWMIE,"{""P47359"": 641}"
HLSYQELXX,"{""P47386"": 129}"
HLSYQELXK,"{""P47386"": 3}"
HLSYQELKX,"{""P47386"": 1}"
HLSDAQDSS,"{""P47286"": 118}"
HLSRXYNIN,"{""P47448"": 2}"
HLSRRYNIN,"{""P47448"": 3}"
HLSXRYNIN,"{""P47448"": 3}"
HLSXQELXX,"{""P47386"": 6}"
HLNFVNVEV,"{""P47387"": 143}"
HLNVQYXVL,"{""P47321"": 80}"
HLNVQYXXX,"{""P47321"": 20}"
HLNVQYKVL,"{""P47321"": 4}"
HLNVQXXVL,"{""P47321"": 8}"
HLNVQXKVL,"{""P47321"": 1}"
HLNLVAQGQ,"{""P20796"": 10}"
HLNIENATE,"{""P47257"": 27}"
HLXNXXENL,"{""P47520"": 330}"
HLXNXXXXX,"{""P47520"": 156}"
HLXNXKENL,"{""P47520"": 16}"
HLXNKXENL,"{""P47520"": 14}"
HLXNKXXXX,"{""P47520"": 4}"
HLXNKKENL,"{""P47520"": 1}"
HLXXISPNS,"{""Q49420"": 71}"
HLXXXXXXX,"{""P47288"": 91, ""Q49420"": 36, ""P47520"": 83, ""Q2MHT0"": 34, ""P47439"": 7, ""P47615"": 19}"
HLXXQATVS,"{""P47439"": 18}"
HLXVSCNDA,"{""Q2MHT0"": 101}"
HLXVSXNDA,"{""Q2MHT0"": 4}"
HLXAAXXLY,"{""P47615"": 60}"
HLXAAXXLX,"{""P47615"": 1}"
HLXAAXXXX,"{""P47615"": 34}"
HLXAAXKLY,"{""P47615"": 5}"
HLXAAKXLY,"{""P47615"": 7}"
HLXAVVEXH,"{""Q2MHT0"": 78}"
HLXAVVEXX,"{""Q2MHT0"": 20}"
HLXAVVEKH,"{""Q2MHT0"": 4}"
HLXLERXIE,"{""P47288"": 11}"
HLXLERXXX,"{""P47288"": 6}"
HLXLEXXIE,"{""P47288"": 2}"
HLXLEXXXX,"{""P47288"": 1}"
HLXKISPNS,"{""Q49420"": 4}"
HLXKQATVS,"{""P47439"": 1}"
HLXSKSGDD,"{""P47540"": 1}"
HLHTXXXXX,"{""Q49419"": 86}"
HLHTXXLQD,"{""Q49419"": 23}"
HLHTXKLQD,"{""Q49419"": 1}"
HLHTKXXXX,"{""Q49419"": 4}"
HLHTKXLQD,"{""Q49419"": 1}"
HLFEIPIQA,"{""P47384"": 130}"
HLFAEDGQN,"{""P47624"": 128}"
HLQXXXXXX,"{""P47345"": 39}"
HLQXXWNNL,"{""P47345"": 72}"
HLQXKWNNL,"{""P47345"": 5}"
HLRSXXXXX,"{""P47540"": 7}"
HLRSXSGDD,"{""P47540"": 21}"
HLRSKSGDD,"{""P47540"": 1}"
HLRXQATVS,"{""P47439"": 83}"
HLRXXXXXX,"{""P47439"": 24}"
HLRKQATVS,"{""P47439"": 5}"
HLADLTXIN,"{""P47277"": 101}"
HLADLTXXX,"{""P47277"": 8}"
HLADLTKIN,"{""P47277"": 3}"
HLAMHIAAN,"{""P47246"": 4}"
HLDXDEXLL,"{""P47275"": 72}"
HLDXDEXXX,"{""P47275"": 17}"
HLDXDEKLL,"{""P47275"": 6}"
HLDXXXXXX,"{""P47275"": 15}"
HLDFAPVLF,"{""P47571"": 114}"
HLDTEQFNX,"{""P47329"": 18}"
HLDTEQFNR,"{""P47329"": 29}"
HLDKDEXLL,"{""P47275"": 4}"
HLDKDEKLL,"{""P47275"": 1}"
HLEPTNEXX,"{""P47653"": 123}"
HLEPTNEXK,"{""P47653"": 1}"
HLEPTNEKX,"{""P47653"": 3}"
HLEPTNEKK,"{""P47653"": 1}"
HLETNSQVS,"{""P47660"": 159}"
HLELRMANS,"{""P47319"": 102}"
HLELXMANS,"{""P47319"": 41}"
HLEHQQNEF,"{""P47460"": 139}"
HLEXGLDFN,"{""P47491"": 7}"
HLERGLDFN,"{""P47491"": 23}"
HLIANQTNX,"{""P47574"": 139}"
HLIANQTNK,"{""P47574"": 7}"
HLIYRAIDD,"{""P47350"": 7}"
HLIYXAIDD,"{""P47350"": 2}"
HLIXRAIDD,"{""P47350"": 1}"
HLVATISLF,"{""P47433"": 30}"
HLKVSCNDA,"{""Q2MHT0"": 4}"
HLKNXKENL,"{""P47520"": 4}"
HLKNXXENL,"{""P47520"": 16}"
HLKNXXXXX,"{""P47520"": 6}"
HLKNKXENL,"{""P47520"": 1}"
HLKXISPNS,"{""Q49420"": 4}"
HLKAVVEXH,"{""Q2MHT0"": 6}"
HLKAVVEXX,"{""Q2MHT0"": 1}"
HLKAAXXLY,"{""P47615"": 3}"
HLKAAXXXX,"{""P47615"": 1}"
HLKKISPNS,"{""Q49420"": 1}"
HLKLERXIE,"{""P47288"": 1}"
HLMHESQTS,"{""P47340"": 9}"
HFGNVINKE,"{""P47368"": 4}"
HFGNVINXE,"{""P47368"": 107}"
HFGNVINXX,"{""P47368"": 24}"
HFGVVSPLP,"{""Q49428"": 116}"
HFGFLAFRY,"{""P47376"": 108}"
HFGFLAFRX,"{""P47376"": 5}"
HFGFLAFXY,"{""P47376"": 36}"
HFGFLAFXX,"{""P47376"": 1}"
HFSDFLXNY,"{""P47537"": 485}"
HFSDFLXNX,"{""P47537"": 27}"
HFSDFLXXX,"{""P47537"": 108}"
HFSDFLKNY,"{""P47537"": 17}"
HFSDFLKNX,"{""P47537"": 1}"
HFSLFEXSF,"{""P47658"": 104}"
HFSLFEXXX,"{""P47658"": 17}"
HFSLFEKSF,"{""P47658"": 1}"
HFSXXXXXX,"{""P47698"": 21}"
HFSXASDIE,"{""P47698"": 99}"
HFSKASDIE,"{""P47698"": 5}"
HFVVAXDIE,"{""P47537"": 524}"
HFVVAXXXX,"{""P47537"": 98}"
HFVVAKDIE,"{""P47537"": 25}"
HFVVHLNTE,"{""P52271"": 31}"
HFVXXXXXX,"{""Q2MHT0"": 119}"
HFVXRELLR,"{""Q2MHT0"": 2}"
HFVIGPLLX,"{""P47549"": 111}"
HFVIGPLLK,"{""P47549"": 2}"
HFVKRELLR,"{""Q2MHT0"": 1}"
HFWIEDLTL,"{""P47615"": 131}"
HFNNXEXEQ,"{""P47277"": 387}"
HFNNXEXXX,"{""P47277"": 107}"
HFNNXEKEQ,"{""P47277"": 10}"
HFNNXXXXX,"{""P47277"": 109}"
HFNNKEXEQ,"{""P47277"": 17}"
HFNNKEXXX,"{""P47277"": 1}"
HFNNKEKEQ,"{""P47277"": 2}"
HFNYAYSXX,"{""P47344"": 85}"
HFNYAYSXF,"{""P47344"": 4}"
HFNYAYSKF,"{""P47344"": 1}"
HFNYAXSXX,"{""P47344"": 2}"
HFNIPEIVI,"{""P47623"": 22}"
HFNGEFIIR,"{""P47700"": 3}"
HFNGEFIIX,"{""P47700"": 1}"
HFNXAYSXX,"{""P47344"": 7}"
HFXISXXXX,"{""P47268"": 96}"
HFXISXQDE,"{""P47268"": 2}"
HFXIDFYRV,"{""P47385"": 4}"
HFXIDFXXV,"{""P47385"": 1}"
HFXXXXXXX,"{""P47385"": 108, ""P47290"": 26, ""P47268"": 24}"
HFXNLIXNS,"{""P47290"": 23}"
HFXNLIXXX,"{""P47290"": 83}"
HFXNLIKNS,"{""P47290"": 2}"
HFXETGSES,"{""P47386"": 2}"
HFXPEFINR,"{""P47597"": 3}"
HFEXXXXXX,"{""P47631"": 23}"
HFEXAASXL,"{""P47631"": 88}"
HFEXAASXX,"{""P47631"": 15}"
HFEXAASKL,"{""P47631"": 2}"
HFELLXXXX,"{""P47386"": 132}"
HFELLXXLF,"{""P47386"": 1}"
HFELLKXXX,"{""P47386"": 4}"
HFHFDPDQP,"{""P47312"": 126}"
HFAYLXLTE,"{""P47592"": 81}"
HFAYLXXXX,"{""P47592"": 20}"
HFAYLKLTE,"{""P47592"": 3}"
HFAXXXXXX,"{""Q49410"": 36}"
HFAXNYPGL,"{""Q49410"": 83}"
HFAXNXPGL,"{""Q49410"": 8}"
HFAXLXLTE,"{""P47592"": 5}"
HFAKNYPGL,"{""Q49410"": 2}"
HFFAVDYLL,"{""P47701"": 118}"
HFFAVDXLL,"{""P47701"": 6}"
HFFLNGLAL,"{""P47388"": 113}"
HFTSQNXXL,"{""P47620"": 84}"
HFTSQNXXX,"{""P47620"": 43}"
HFTSQNXKL,"{""P47620"": 1}"
HFTSQNKKL,"{""P47620"": 2}"
HFTSQNKXL,"{""P47620"": 5}"
HFTSQNKXX,"{""P47620"": 1}"
HFMILSXHL,"{""P47465"": 109}"
HFMILSXXX,"{""P47465"": 26}"
HFMILSKHL,"{""P47465"": 3}"
HFLNALXXX,"{""P47599"": 35}"
HFLNALXXN,"{""P47599"": 67}"
HFLNALXKN,"{""P47599"": 3}"
HFLNALKXX,"{""P47599"": 1}"
HFLNALKXN,"{""P47599"": 2}"
HFLNALKKN,"{""P47599"": 1}"
HFLNVCFFA,"{""P47347"": 118}"
HFLNVXFFA,"{""P47347"": 3}"
HFLXXXXXX,"{""P47619"": 107}"
HFLFNQTSL,"{""P47679"": 29}"
HFICNQLYP,"{""P47484"": 143}"
HFICNQLXP,"{""P47484"": 6}"
HFIXNQLYP,"{""P47484"": 4}"
HFDXXXXXX,"{""P47367"": 112, ""P47551"": 102}"
HFDXNXVLF,"{""P47551"": 4}"
HFDXNRVLF,"{""P47551"": 22}"
HFDKNRVLF,"{""P47551"": 1}"
HFRPEFINR,"{""P47597"": 6}"
HFRPEFINX,"{""P47597"": 1}"
HFRETGSES,"{""P47386"": 7}"
HFQNEIAXF,"{""P47386"": 10}"
HFQNEIARF,"{""P47386"": 16}"
HFKISXXXX,"{""P47268"": 4}"
HFKISXQDE,"{""P47268"": 1}"
HFKNLIXXX,"{""P47290"": 2}"
HAXSITLIS,"{""P47696"": 498}"
HAXQLLNNC,"{""P47344"": 96}"
HAXQLLNNX,"{""P47344"": 8}"
HAXXXXXXX,"{""P47312"": 24, ""P47669"": 89, ""P47696"": 95, ""P47344"": 17}"
HAXGGHVGM,"{""P47312"": 109}"
HAXYLMNLS,"{""P47516"": 2}"
HAXTSHLAP,"{""P47439"": 10}"
HAXVVLHLF,"{""P47669"": 24}"
HAIXXIXAQ,"{""P47482"": 73}"
HAIXXIXXX,"{""P47482"": 13}"
HAIXXXXXX,"{""P47482"": 37}"
HAIXKIXXX,"{""P47482"": 1}"
HAIXKIXAQ,"{""P47482"": 3}"
HAIFAFICS,"{""Q49436"": 20}"
HAIFAFIXS,"{""Q49436"": 3}"
HAIKXIXAQ,"{""P47482"": 4}"
HAIKXIXXX,"{""P47482"": 2}"
HAIKXIKAQ,"{""P47482"": 1}"
HAIKXXXXX,"{""P47482"": 1}"
HANINAGMI,"{""P47477"": 645}"
HANHQFTLF,"{""P47344"": 113}"
HASNAGIAX,"{""P47542"": 125}"
HASNAGIAK,"{""P47542"": 8}"
HASLSXXXX,"{""Q49460"": 489}"
HASLSXWII,"{""Q49460"": 116}"
HASLSKWII,"{""Q49460"": 1}"
HAFXPXPXV,"{""P47701"": 347}"
HAFXPXPXX,"{""P47701"": 61}"
HAFXPXPKV,"{""P47701"": 22}"
HAFXPXXXX,"{""P47701"": 80}"
HAFXPKPXV,"{""P47701"": 20}"
HAFXPKPXX,"{""P47701"": 1}"
HAFXXXXXX,"{""P47701"": 89}"
HAFKPXPXV,"{""P47701"": 13}"
HAFKPXPXX,"{""P47701"": 4}"
HAFKPXPKV,"{""P47701"": 1}"
HAFKPXXXX,"{""P47701"": 3}"
HAQXPEIAX,"{""P47537"": 484}"
HAQXPEIAK,"{""P47537"": 27}"
HAQXXXXXX,"{""P47537"": 104}"
HAQKPEIAX,"{""P47537"": 20}"
HAQKPEIAK,"{""P47537"": 2}"
HAEHNHIYL,"{""P47478"": 624}"
HAEHNHIXL,"{""P47478"": 23}"
HAHVSGNVS,"{""Q49422"": 648}"
HADXXXXXX,"{""P47260"": 88}"
HADXILVID,"{""P47260"": 24}"
HAVLEMSTT,"{""P47518"": 117}"
HAVDFSSTD,"{""P47378"": 138}"
HAVAYRTLS,"{""P47641"": 28}"
HAVAYXTLS,"{""P47641"": 3}"
HAVRNNPIS,"{""P47491"": 27}"
HAVXNNPIS,"{""P47491"": 4}"
HAKVVLHLF,"{""P47669"": 3}"
HAKSITLIS,"{""P47696"": 32}"
HAKQLLNNC,"{""P47344"": 2}"
HAKGGHVGM,"{""P47312"": 6}"
HAYTSHLAP,"{""P47439"": 138}"
HAYYLMNLS,"{""P47516"": 34}"
HAYXLMNLS,"{""P47516"": 2}"
HAGRNNQGX,"{""P47400"": 22}"
HAGXNNQGX,"{""P47400"": 4}"
HAPLXEXNN,"{""P47491"": 97}"
HAPLXEXXX,"{""P47491"": 18}"
HAPLXEKNN,"{""P47491"": 8}"
HAPLXXXXX,"{""P47491"": 13}"
HAPLKEKNN,"{""P47491"": 1}"
HALEXSFIX,"{""P47460"": 6}"
HALERSFIX,"{""P47460"": 26}"
HALATXWLX,"{""P47448"": 101}"
HALATXWLK,"{""P47448"": 4}"
HALATXXXX,"{""P47448"": 18}"
HALATKWLX,"{""P47448"": 4}"
HYAHVDCPG,"{""P13927"": 560}"
HYAHVDXPG,"{""P13927"": 19}"
HYFXTXVEL,"{""P47433"": 76}"
HYFXTXXXX,"{""P47433"": 11}"
HYFXTKVEL,"{""P47433"": 6}"
HYFXQDLPX,"{""P47346"": 10}"
HYFXXXXXX,"{""P47433"": 15}"
HYFYQDLPX,"{""P47346"": 122}"
HYFYQDLPK,"{""P47346"": 2}"
HYFKTXVEL,"{""P47433"": 5}"
HYFKTXXXX,"{""P47433"": 1}"
HYLFNGRPS,"{""P47690"": 113}"
HYLFNGXPS,"{""P47690"": 33}"
HYLHPIDLN,"{""P47495"": 116}"
HYVFQNTNE,"{""P47624"": 135}"
HYVSMFGLE,"{""Q49404"": 127}"
HYEXTIGFH,"{""P35888"": 92}"
HYEXXXXXX,"{""P35888"": 16}"
HYEKTIGFH,"{""P35888"": 4}"
HYXQLLPFE,"{""Q49435"": 94}"
HYXXLYEQQ,"{""P47650"": 6}"
HYXXLXEQQ,"{""P47650"": 2}"
HYXXXXXXX,"{""Q49435"": 25}"
HYXKLYEQQ,"{""P47650"": 1}"
HYQXVVVIT,"{""P47357"": 5}"
HYQXXXXXX,"{""P47313"": 102}"
HYQXQPLQQ,"{""P47313"": 2}"
HYQCLLXVX,"{""P47490"": 2}"
HYQCLLXVY,"{""P47490"": 8}"
HYQCLLRVY,"{""P47490"": 23}"
HYQRVVVIT,"{""P47357"": 26}"
HYRXLYEQQ,"{""P47650"": 15}"
HYRXLXEQQ,"{""P47650"": 2}"
HYRXXXXXX,"{""P47650"": 4}"
HYKQLLPFE,"{""Q49435"": 4}"
HPEWFDEGQ,"{""P20796"": 628}"
HPELHQSVC,"{""P47541"": 120}"
HPELHQSVX,"{""P47541"": 1}"
HPXXXXXXX,"{""P47294"": 558, ""P47564"": 18, ""Q9ZB70"": 90, ""P47464"": 24}"
HPXXXSLNS,"{""Q9ZB70"": 8}"
HPXXKSLNS,"{""Q9ZB70"": 1}"
HPXLINRDP,"{""P47294"": 34}"
HPXLINXDP,"{""P47294"": 6}"
HPXPIAIGL,"{""P47464"": 103}"
HPXANSYSY,"{""P47564"": 92}"
HPXANSYSX,"{""P47564"": 8}"
HPXANSXSY,"{""P47564"": 11}"
HPXRXXXXX,"{""Q9ZB70"": 4}"
HPXRXSLNS,"{""Q9ZB70"": 16}"
HPXRKSLNS,"{""Q9ZB70"": 2}"
HPFVVGXXX,"{""P47605"": 105}"
HPFXXXXXX,"{""Q49409"": 94}"
HPLTFLTYP,"{""P47291"": 114}"
HPLTFLTXP,"{""P47291"": 2}"
HPLYHXXXX,"{""P47406"": 94}"
HPLYHXSVI,"{""P47406"": 22}"
HPLXHXXXX,"{""P47406"": 8}"
HPLXHXSVI,"{""P47406"": 2}"
HPSXXXXXX,"{""P47438"": 36}"
HPSXXEQXP,"{""P47438"": 47}"
HPSXXEQXX,"{""P47438"": 8}"
HPSXXEQKP,"{""P47438"": 7}"
HPSXKEQXP,"{""P47438"": 1}"
HPSKXXXXX,"{""P47438"": 1}"
HPSKXEQXP,"{""P47438"": 1}"
HPSKXEQXX,"{""P47438"": 1}"
HPNPQYEGQ,"{""P47249"": 114}"
HPNPQXEGQ,"{""P47249"": 8}"
HPNFEQXNL,"{""P47585"": 107}"
HPNFEQXXX,"{""P47585"": 22}"
HPNFEQKNL,"{""P47585"": 7}"
HPMLIPLTW,"{""Q9ZB77"": 115}"
HPQVVDXXX,"{""P47266"": 95}"
HPQVVDXIF,"{""P47266"": 5}"
HPKLINRDP,"{""P47294"": 1}"
HPKPIAIGL,"{""P47464"": 3}"
HPKANSYSX,"{""P47564"": 2}"
HPKANSYSY,"{""P47564"": 1}"
HPKANSXSY,"{""P47564"": 1}"
HXAENETTQ,"{""P47265"": 500}"
HXAHVDCPG,"{""P13927"": 38}"
HXAHVDXPG,"{""P13927"": 3}"
HXALAWLXD,"{""P47485"": 1}"
HXXXXXXXX,"{""P47513"": 21, ""P47400"": 1091, ""P47494"": 184, ""Q49409"": 54, ""P47365"": 601, ""P47413"": 466, ""P47420"": 115, ""P47368"": 177, ""P47406"": 594, ""Q9ZB70"": 201, ""P47291"": 119, ""P47446"": 17, ""P47265"": 91, ""P47483"": 133, ""P47492"": 21, ""P47582"": 104, ""P47254"": 23, ""P47585"": 18, ""P47590"": 110, ""P47364"": 89, ""P47683"": 23, ""P47500"": 23, ""P47467"": 12, ""P47662"": 76, ""P47699"": 26, ""P20796"": 15, ""Q49420"": 19, ""P47394"": 16, ""P47421"": 34, ""P47350"": 27, ""Q9ZB76"": 18, ""P47541"": 17, ""P47620"": 35, ""Q49460"": 28, ""P47299"": 6, ""Q49428"": 25, ""P47523"": 14, ""P47534"": 16}"
HXXXYRLID,"{""P47400"": 5}"
HXXXYXLID,"{""P47400"": 2}"
HXXXHVHNF,"{""P47406"": 2}"
HXXDEXIIQ,"{""P47368"": 339}"
HXXDEXXXX,"{""P47368"": 78}"
HXXDEKIIQ,"{""P47368"": 13}"
HXXLIPLIE,"{""P47494"": 404}"
HXXVHXXXX,"{""Q9ZB70"": 354}"
HXXVHXLSG,"{""Q9ZB70"": 18}"
HXXVHKLSG,"{""Q9ZB70"": 1}"
HXXINSADL,"{""Q49420"": 4}"
HXXISFLNX,"{""P47620"": 84}"
HXXISFLNK,"{""P47620"": 5}"
HXXIVXXXX,"{""P47413"": 21}"
HXXIVXXIR,"{""P47413"": 1}"
HXXIVKXXX,"{""P47413"": 1}"
HXXHPFXXX,"{""Q49409"": 79}"
HXXQLLPFE,"{""Q49435"": 1}"
HXXAWLVLL,"{""P47590"": 16}"
HXXYHVHNF,"{""P47406"": 29}"
HXXEQNITL,"{""P47299"": 20}"
HXXKYRLID,"{""P47400"": 1}"
HXXGLILDQ,"{""P47365"": 1}"
HXPSLSXDX,"{""P47582"": 382}"
HXPSLSXDK,"{""P47582"": 4}"
HXPSLSXXX,"{""P47582"": 105}"
HXPSLSKDX,"{""P47582"": 16}"
HXLFNGXPS,"{""P47690"": 4}"
HXLFNGRPS,"{""P47690"": 8}"
HXLTEVIAA,"{""P47364"": 542}"
HXLAXXXXX,"{""Q49428"": 96}"
HXLAXETVR,"{""Q49428"": 1}"
HXLXTLVIE,"{""P47513"": 72}"
HXLXXXXXX,"{""P47513"": 15}"
HXLKTLVIE,"{""P47513"": 5}"
HXLHPIDLN,"{""P47495"": 4}"
HXLMXXXXX,"{""P47490"": 3}"
HXLMXHYQC,"{""P47490"": 1}"
HXVSMFGLE,"{""Q49404"": 9}"
HXVTSVDXE,"{""P47347"": 32}"
HXVTSVDXX,"{""P47347"": 9}"
HXVFQNTNE,"{""P47624"": 3}"
HXYINSADL,"{""Q49420"": 94}"
HXYGLILDQ,"{""P47365"": 37}"
HXSXXXXXX,"{""P47585"": 24, ""P47394"": 12}"
HXSXNNVMF,"{""P47585"": 81}"
HXSXNXDHI,"{""P47394"": 52}"
HXSXNXXXX,"{""P47394"": 18}"
HXSXNKDHI,"{""P47394"": 2}"
HXSLEQLNR,"{""P47662"": 23}"
HXSLEQLNX,"{""P47662"": 2}"
HXSGLEXAG,"{""P47254"": 73}"
HXSGLEXXX,"{""P47254"": 17}"
HXSGLEKAG,"{""P47254"": 6}"
HXSHTMSPL,"{""Q49460"": 105}"
HXSKNNVMF,"{""P47585"": 4}"
HXSKNXDHI,"{""P47394"": 6}"
HXSKNXXXX,"{""P47394"": 1}"
HXSIFAXLT,"{""P47460"": 1}"
HXSIFARLT,"{""P47460"": 1}"
HXSISXXXX,"{""P47534"": 2}"
HXSISXQNN,"{""P47534"": 8}"
HXSALGLSE,"{""P47351"": 23}"
HXNSSGEVX,"{""P20796"": 94}"
HXNSSGEVK,"{""P20796"": 3}"
HXNSVXFXX,"{""P47523"": 59}"
HXNSVXFXR,"{""P47523"": 8}"
HXNSVXFKX,"{""P47523"": 1}"
HXNSVXXXX,"{""P47523"": 23}"
HXNSVKFXX,"{""P47523"": 4}"
HXNELXXXX,"{""P47699"": 15}"
HXNELXIXT,"{""P47699"": 59}"
HXNELXIXX,"{""P47699"": 9}"
HXNELXIKT,"{""P47699"": 4}"
HXNELKIKT,"{""P47699"": 1}"
HXNELKIXT,"{""P47699"": 4}"
HXNXQNANX,"{""P47467"": 78}"
HXNXXXXXX,"{""P47467"": 18}"
HXNKQNANX,"{""P47467"": 3}"
HXFXNXSAV,"{""P47483"": 58}"
HXFXNXXXX,"{""P47483"": 14}"
HXFXNKSAV,"{""P47483"": 5}"
HXFXXXXXX,"{""P47433"": 1, ""P47483"": 14}"
HXFXTXVEL,"{""P47433"": 1}"
HXFYQDLPX,"{""P47346"": 9}"
HXFKNXXXX,"{""P47483"": 2}"
HXFKNXSAV,"{""P47483"": 5}"
HXFKNKSAV,"{""P47483"": 1}"
HXRXXXXXX,"{""P47400"": 81}"
HXRXXXLID,"{""P47400"": 1}"
HXRXXRLID,"{""P47400"": 1}"
HXRXYRLID,"{""P47400"": 18}"
HXRXYXLID,"{""P47400"": 3}"
HXRIVXXXX,"{""P47413"": 85}"
HXRIVXXIR,"{""P47413"": 2}"
HXRIVXKIR,"{""P47413"": 1}"
HXRKYRLID,"{""P47400"": 1}"
HXRDXXXXX,"{""P47603"": 1}"
HXTVDDMAY,"{""P47683"": 97}"
HXTVDDMAX,"{""P47683"": 6}"
HXTSSIYLP,"{""P47350"": 97}"
HXTSSIXLP,"{""P47350"": 2}"
HXGMDLXEA,"{""P47541"": 77}"
HXGMDLXXX,"{""P47541"": 26}"
HXGMDLKEA,"{""P47541"": 10}"
HXGLCLAXL,"{""P47371"": 2}"
HXGLCLAYL,"{""P47371"": 4}"
HXGYXQFDS,"{""P47610"": 1}"
HXGIRPTVR,"{""P47400"": 1}"
HXDFXXXXX,"{""Q9ZB76"": 38}"
HXDFXXAXX,"{""Q9ZB76"": 62}"
HXDFXKAXX,"{""Q9ZB76"": 1}"
HXDFLPAEK,"{""P47446"": 6}"
HXDFLPAEX,"{""P47446"": 95}"
HXDFKXXXX,"{""Q9ZB76"": 3}"
HXDFKXAXX,"{""Q9ZB76"": 7}"
HXDRFNDNR,"{""P47291"": 1}"
HXKLIPLIE,"{""P47494"": 20}"
HXKDEXIIQ,"{""P47368"": 16}"
HXKDEXXXX,"{""P47368"": 3}"
HXKDEKIIQ,"{""P47368"": 1}"
HXKEQNITL,"{""P47299"": 1}"
HXKAWLVLL,"{""P47590"": 1}"
HXKVHXXXX,"{""Q9ZB70"": 11}"
HXKHPFXXX,"{""Q49409"": 3}"
HXKYHVHNF,"{""P47406"": 3}"
HXKISFLNK,"{""P47620"": 1}"
HXKISFLNX,"{""P47620"": 2}"
HXIGMVHQH,"{""P47365"": 92}"
HXIDXNHII,"{""P47534"": 88}"
HXIDXXXXX,"{""P47534"": 15}"
HXIDKNHII,"{""P47534"": 6}"
HXILRVICX,"{""P47420"": 8}"
HXIEEILIF,"{""P47593"": 4}"
HXEXLVSXF,"{""P47492"": 18}"
HXEXLVSXX,"{""P47492"": 61}"
HXEXLVSKF,"{""P47492"": 2}"
HXEXXXXXX,"{""P47492"": 24}"
HXEXTIGFH,"{""P35888"": 4}"
HXEKLVSXF,"{""P47492"": 1}"
HXEKLVSXX,"{""P47492"": 2}"
HXQPLIVXF,"{""P47500"": 84}"
HXQPLIVXX,"{""P47500"": 10}"
HXQPLIVKF,"{""P47500"": 4}"
HXQXXXXXX,"{""P47313"": 4}"
HXQXVVVIT,"{""P47357"": 1}"
HXQCLLRVX,"{""P47490"": 1}"
HXQCLLRVY,"{""P47490"": 1}"
HXHENIAFL,"{""P47491"": 8}"
HWLYTTXXF,"{""P47357"": 374}"
HWLYTTXXX,"{""P47357"": 177}"
HWLYTTXKF,"{""P47357"": 19}"
HWLYTTKXX,"{""P47357"": 5}"
HWLYTTKXF,"{""P47357"": 15}"
HWLXTTKXF,"{""P47357"": 1}"
HWLXTTXXF,"{""P47357"": 22}"
HWLXTTXXX,"{""P47357"": 10}"
HWSNXXXXX,"{""P47460"": 97}"
HWSNXTSQL,"{""P47460"": 520}"
HWSNKTSQL,"{""P47460"": 25}"
HWTEHLDSV,"{""P47318"": 110}"
HWMHIGHLM,"{""P47495"": 131}"
HWNVFLAGF,"{""P47349"": 127}"
HNLLGXXXX,"{""P47582"": 528}"
HNLLGXXVD,"{""P47582"": 12}"
HNLLGXRVD,"{""P47582"": 33}"
HNLLGKRVD,"{""P47582"": 3}"
HNLLGKXVD,"{""P47582"": 1}"
HNLLTTVAW,"{""P47284"": 100}"
HNLEQXIQN,"{""P47459"": 474}"
HNLEQXXXX,"{""P47459"": 123}"
HNLEQKIQN,"{""P47459"": 29}"
HNLSSLCEI,"{""P35888"": 116}"
HNLSSLXEI,"{""P35888"": 5}"
HNLYVXVET,"{""P47308"": 75}"
HNLYVXXXX,"{""P47308"": 26}"
HNLYVKVET,"{""P47308"": 5}"
HNLXXXXXX,"{""Q49412"": 19, ""P47414"": 21}"
HNLXVXVET,"{""P47308"": 5}"
HNLXVXXXX,"{""P47308"": 1}"
HNLXDVILF,"{""Q49412"": 105}"
HNLXPSSEA,"{""P47414"": 89}"
HNLTVLFIA,"{""P47326"": 7}"
HNLKDVILF,"{""Q49412"": 5}"
HNLKPSSEA,"{""P47414"": 4}"
HNDNITIXX,"{""P47287"": 97}"
HNDNITIXA,"{""P47287"": 526}"
HNDNITIKA,"{""P47287"": 17}"
HNDGQIIXC,"{""P47545"": 108}"
HNDGQIIXX,"{""P47545"": 24}"
HNDGQIIKC,"{""P47545"": 8}"
HNDGFAIPL,"{""Q49416"": 100}"
HNXXXXXXX,"{""Q49460"": 119, ""P47527"": 46}"
HNXXLISDI,"{""P47527"": 77}"
HNXEILPQE,"{""Q49460"": 475}"
HNXELCXGV,"{""P47472"": 1}"
HNXELCRGV,"{""P47472"": 2}"
HNXKLISDI,"{""P47527"": 4}"
HNNSFSVLI,"{""P47661"": 124}"
HNNDLLXLD,"{""P47316"": 89}"
HNNDLLXXX,"{""P47316"": 13}"
HNNDLLKLD,"{""P47316"": 7}"
HNSYPNYYE,"{""P47459"": 127}"
HNSYPNYXE,"{""P47459"": 6}"
HNSYPNXYE,"{""P47459"": 2}"
HNSPLXFXX,"{""P47623"": 110}"
HNSPLXXXX,"{""P47623"": 27}"
HNSPLKFXX,"{""P47623"": 5}"
HNSXPNYYE,"{""P47459"": 4}"
HNSXPNXYE,"{""P47459"": 1}"
HNMNALSFF,"{""P47391"": 117}"
HNMEAQXXX,"{""P47657"": 109}"
HNIXSSAAF,"{""P47702"": 4}"
HNIXXXXXX,"{""P47702"": 110}"
HNISFEWTD,"{""P47281"": 31}"
HNISVVIDR,"{""P47660"": 26}"
HNISVVIDX,"{""P47660"": 5}"
HNIIRPAVF,"{""P47510"": 3}"
HNIIXPAVF,"{""P47510"": 1}"
HNIKSSAAF,"{""P47702"": 1}"
HNAGFMVLD,"{""P47329"": 164}"
HNTHLYDQI,"{""P47635"": 116}"
HNTHLXDQI,"{""P47635"": 9}"
HNKEILPQE,"{""Q49460"": 20}"
HNKXLISDI,"{""P47527"": 4}"
HNKXXXXXX,"{""P47527"": 1}"
HNWVSLXST,"{""P47385"": 112}"
HNWVSLXXX,"{""P47385"": 16}"
HNWVSLKST,"{""P47385"": 5}"
HNEYHHAVL,"{""P47468"": 130}"
HNEXHHAVL,"{""P47468"": 5}"
HNFNNXSEF,"{""P47414"": 31}"
HNFNNXXXX,"{""P47414"": 97}"
HNFLVLGTG,"{""P47623"": 121}"
HNQRXXXXX,"{""P47308"": 15}"
HNQXXXXXX,"{""P47308"": 2}"
HNRELCRGV,"{""P47472"": 5}"
HNRELCXGV,"{""P47472"": 1}"
HCXXXXXXX,"{""P47299"": 130}"
HCXEQNITL,"{""P47299"": 440}"
HCVTSVDXE,"{""P47347"": 488}"
HCVTSVDXX,"{""P47347"": 96}"
HCVTSVDKE,"{""P47347"": 24}"
HCKEQNITL,"{""P47299"": 20}"
HCLMXHYQC,"{""P47490"": 25}"
HCLMXHYQX,"{""P47490"": 1}"
HCLMXXXXX,"{""P47490"": 82}"
HCGYRQFDS,"{""P47610"": 20}"
HCGYXQFDS,"{""P47610"": 2}"
HCGXXQFDS,"{""P47610"": 1}"
HGENAFALI,"{""P47581"": 629}"
HGEIVLXXX,"{""P47483"": 19}"
HGEIVLXSC,"{""P47483"": 92}"
HGEIVLXSX,"{""P47483"": 10}"
HGEIVLKSC,"{""P47483"": 8}"
HGDVVAIVG,"{""P47261"": 149}"
HGNXGVISX,"{""P47583"": 469}"
HGNXGVISK,"{""P47583"": 3}"
HGNXXXXXX,"{""P47583"": 132}"
HGNKGVISX,"{""P47583"": 30}"
HGLXSXIXL,"{""P47474"": 64}"
HGLXSXIXX,"{""P47474"": 7}"
HGLXSXIKL,"{""P47474"": 2}"
HGLXSXXXX,"{""P47474"": 12}"
HGLXSKIXL,"{""P47474"": 3}"
HGLXXXXXX,"{""P47474"": 17}"
HGLKSXIXL,"{""P47474"": 3}"
HGLKSXIXX,"{""P47474"": 1}"
HGLKSXXXX,"{""P47474"": 2}"
HGIDSWFEX,"{""P47587"": 123}"
HGIDSWFEK,"{""P47587"": 2}"
HGIITXXXX,"{""P47275"": 86}"
HGIITXDEI,"{""P47275"": 25}"
HGVPNLYVI,"{""P47510"": 121}"
HGVPNLXVI,"{""P47510"": 6}"
HGTENXXXX,"{""Q49432"": 107}"
HGQINTSSH,"{""P47312"": 132}"
HMGVXXXXX,"{""P47400"": 475}"
HMGVXTXNM,"{""P47400"": 19}"
HMGVXTRNM,"{""P47400"": 99}"
HMGVKTRNM,"{""P47400"": 5}"
HMGVKTXNM,"{""P47400"": 1}"
HSGNGXTII,"{""P47660"": 511}"
HSGNGXXXX,"{""P47660"": 99}"
HSGNGKTII,"{""P47660"": 24}"
HSXRIFSVI,"{""Q49426"": 31}"
HSXMAXKLS,"{""Q49421"": 5}"
HSXMAXXXX,"{""Q49421"": 29}"
HSXMAXXLS,"{""Q49421"": 52}"
HSXMAKXLS,"{""Q49421"": 4}"
HSXMAKXXX,"{""Q49421"": 2}"
HSXXXXXXX,"{""Q49401"": 108, ""Q49426"": 101, ""Q49421"": 17}"
HSXXIFSVI,"{""Q49426"": 6}"
HSVAXXXXX,"{""P47597"": 119}"
HSVAXLIGA,"{""P47597"": 4}"
HSVSLIGSN,"{""P47505"": 133}"
HSHDFLXXX,"{""P47520"": 99}"
HSHDFLXXI,"{""P47520"": 1}"
HSHDFLXRI,"{""P47520"": 19}"
HSHDFLKRI,"{""P47520"": 1}"
HSAPSSYDL,"{""P47313"": 130}"
HSAPSSXDL,"{""P47313"": 8}"
HSSXLFVIT,"{""P47621"": 117}"
HSSXXXXXX,"{""P47621"": 23}"
HSSKLFVIT,"{""P47621"": 5}"
HSIINLSNM,"{""P47610"": 105}"
HSFFEGLTI,"{""P47582"": 25}"
HSTGGIGDX,"{""P47297"": 124}"
HSTGGIGDK,"{""P47297"": 2}"
HSTNLIIXN,"{""P47400"": 3}"
HSTNLIIRN,"{""P47400"": 6}"
HSLNNIXPV,"{""P47591"": 81}"
HSLNNIXXX,"{""P47591"": 27}"
HSLNNIKPV,"{""P47591"": 7}"
HSLVFQNXN,"{""Q49404"": 108}"
HSLVFQNXX,"{""Q49404"": 15}"
HSLVFQNKN,"{""Q49404"": 3}"
HSLSCELIE,"{""P47584"": 105}"
HSLSXELIE,"{""P47584"": 4}"
HSNYELITX,"{""P47627"": 121}"
HSNYELITK,"{""P47627"": 1}"
HSNYLFYSR,"{""Q9ZB74"": 19}"
HSNYLFYSX,"{""Q9ZB74"": 4}"
HSNYLFXSX,"{""Q9ZB74"": 1}"
HSNXELITX,"{""P47627"": 3}"
HSNXLFYSX,"{""Q9ZB74"": 1}"
HSKMAXXXX,"{""Q49421"": 2}"
HSKMAXXLS,"{""Q49421"": 2}"
HHVXXXXXX,"{""P47382"": 18}"
HHVXLAXHQ,"{""P47382"": 91}"
HHVXLAXXX,"{""P47382"": 17}"
HHVXLAKHQ,"{""P47382"": 5}"
HHVKLAXHQ,"{""P47382"": 5}"
HHTEPNXLF,"{""P47573"": 110}"
HHTEPNXXX,"{""P47573"": 22}"
HHTEPNKLF,"{""P47573"": 4}"
HHQNQQIIV,"{""P52271"": 122}"
HHGGRHXXX,"{""P47400"": 113}"
HHGGRHXRX,"{""P47400"": 22}"
HHGGXHXXX,"{""P47400"": 19}"
HHGGXHXRX,"{""P47400"": 3}"
HHLVFWXXX,"{""P47366"": 87}"
HHLVFWXDR,"{""P47366"": 19}"
HHLVFWXDX,"{""P47366"": 4}"
HHLVFWKDR,"{""P47366"": 3}"
HHLXXXXXX,"{""P47474"": 114}"
HHLXXYGHX,"{""P47474"": 1}"
HHLXXYGHR,"{""P47474"": 1}"
HHLXRYGHR,"{""P47474"": 1}"
HHLXRXGHR,"{""P47474"": 1}"
HHMYQSIYS,"{""P47699"": 36}"
HHMYQSIXS,"{""P47699"": 1}"
HHMXQSIYS,"{""P47699"": 3}"
HHNQPHSLQ,"{""P47434"": 128}"
HQQNXXXXX,"{""P47382"": 25}"
HQQNXQHII,"{""P47382"": 96}"
HQQNKQHII,"{""P47382"": 4}"
HQQAVDETL,"{""P20796"": 126}"
HQQXFVLNW,"{""P47366"": 103}"
HQQXXXXXX,"{""P47366"": 26}"
HQQKFVLNW,"{""P47366"": 1}"
HQWLMXWNX,"{""P47323"": 502}"
HQWLMXWNK,"{""P47323"": 27}"
HQWLMXXXX,"{""P47323"": 100}"
HQWLMKWNX,"{""P47323"": 19}"
HQWLMKWNK,"{""P47323"": 2}"
HQWXXXXXX,"{""P47325"": 92}"
HQWXYYRGT,"{""P47325"": 19}"
HQWXYYXGT,"{""P47325"": 8}"
HQWKYYRGT,"{""P47325"": 4}"
HQWKYYXGT,"{""P47325"": 1}"
HQALHAYEL,"{""P47610"": 120}"
HQALHAXEL,"{""P47610"": 5}"
HQALNMQQA,"{""P47460"": 33}"
HQANNIALE,"{""P47526"": 128}"
HQIFVEPES,"{""P47619"": 647}"
HQIIPAFSX,"{""P47582"": 104}"
HQIIPAFSK,"{""P47582"": 2}"
HQIIHRDLX,"{""P47355"": 31}"
HQIIHXDLX,"{""P47355"": 6}"
HQIIHXDLK,"{""P47355"": 2}"
HQEEPPLIV,"{""Q9ZB78"": 127}"
HQTLFEMLG,"{""P47534"": 640}"
HQPFGVAFF,"{""Q49432"": 120}"
HQVLTANQX,"{""Q49401"": 126}"
HQVLTANQK,"{""Q49401"": 7}"
HQNNVLNQI,"{""P47546"": 113}"
HQXINADYV,"{""P47609"": 91}"
HQXINADXV,"{""P47609"": 3}"
HQXLLEXAT,"{""P47336"": 83}"
HQXLLEXXX,"{""P47336"": 6}"
HQXLLEKAT,"{""P47336"": 2}"
HQXLTTEIE,"{""Q49407"": 104}"
HQXXXXXXX,"{""P47336"": 20, ""P47609"": 14, ""Q49407"": 24}"
HQXXIDXXX,"{""P47636"": 2}"
HQXXIDXII,"{""P47636"": 1}"
HQXRIDXII,"{""P47636"": 2}"
HQXRIDXXX,"{""P47636"": 1}"
HQXQTYRDE,"{""P47460"": 1}"
HQFAITNLN,"{""P47433"": 132}"
HQFILAIRN,"{""P47282"": 116}"
HQFILAIXN,"{""P47282"": 42}"
HQFSLFTKL,"{""P47564"": 6}"
HQFSLFTXL,"{""P47564"": 89}"
HQFSLFTXX,"{""P47564"": 16}"
HQKLTTEIE,"{""Q49407"": 5}"
HQKLLEXAT,"{""P47336"": 2}"
HQKINADYV,"{""P47609"": 5}"
HQLGEIVNI,"{""P47605"": 30}"
HQLVSLLGP,"{""P47433"": 132}"
HQLAIVGPT,"{""P47447"": 25}"
HQLXNVXTG,"{""P47388"": 6}"
HQLRNVXTG,"{""P47388"": 12}"
HQLRNVXXX,"{""P47388"": 3}"
HQLRNVKTG,"{""P47388"": 2}"
HQRXIDXXX,"{""P47636"": 5}"
HQRXIDXII,"{""P47636"": 1}"
HQRRIDXXX,"{""P47636"": 19}"
HQRRIDXII,"{""P47636"": 4}"
HQYQTYRDE,"{""P47460"": 9}"
HQYQTYXDE,"{""P47460"": 4}"
HVLDLNQII,"{""P47693"": 111}"
HVLFYXPSN,"{""P47386"": 105}"
HVLFYXXXX,"{""P47386"": 16}"
HVLFYKPSN,"{""P47386"": 3}"
HVLFXXPSN,"{""P47386"": 4}"
HVLFXXXXX,"{""P47386"": 2}"
HVLXVNXVE,"{""P47429"": 79}"
HVLXVNXXX,"{""P47429"": 18}"
HVLXVNKVE,"{""P47429"": 2}"
HVLXXXXXX,"{""P47429"": 24}"
HVLESXXXX,"{""Q9ZB73"": 102}"
HVLVEFHFD,"{""P55825"": 35}"
HVLKVNXVE,"{""P47429"": 4}"
HVLKVNKVE,"{""P47429"": 1}"
HVETMEQLQ,"{""P47277"": 132}"
HVEHLSQDY,"{""Q49429"": 127}"
HVEHLSQDX,"{""Q49429"": 8}"
HVEXLNSLF,"{""P47371"": 108}"
HVEXXXXXX,"{""P47371"": 22}"
HVELLNGRL,"{""P47632"": 15}"
HVELLNGXL,"{""P47632"": 4}"
HVEKLNSLF,"{""P47371"": 9}"
HVANALXXX,"{""P47338"": 554}"
HVANALXXA,"{""P47338"": 4}"
HVANALXRA,"{""P47338"": 28}"
HVANALKXA,"{""P47338"": 1}"
HVANALKRA,"{""P47338"": 2}"
HVATGDSFX,"{""Q49431"": 112}"
HVDELXVSV,"{""P47551"": 94}"
HVDELXXXX,"{""P47551"": 31}"
HVDELKVSV,"{""P47551"": 3}"
HVDQDELSL,"{""P47461"": 629}"
HVDFFSIGS,"{""P47668"": 35}"
HVGNVLAXN,"{""P47496"": 103}"
HVGNVLAXX,"{""P47496"": 25}"
HVGNVLAKN,"{""P47496"": 8}"
HVQRAITEN,"{""Q49413"": 99}"
HVQXAITEN,"{""Q49413"": 39}"
HVKXXXXXX,"{""P47673"": 5}"
HVPHVEVQP,"{""Q57081"": 113}"
HVYPYRYSG,"{""P20796"": 19}"
HVYPYRXSG,"{""P20796"": 1}"
HVYPYXYSG,"{""P20796"": 4}"
HVYPXRYSG,"{""P20796"": 1}"
HVYPXXYSG,"{""P20796"": 1}"
HVXXXXXXX,"{""P47673"": 131}"
HVXPYRYSG,"{""P20796"": 1}"
HVXPXRYSG,"{""P20796"": 1}"
HVIFSLSXX,"{""P47304"": 19}"
HVIFSLSXS,"{""P47304"": 99}"
HVIFSLSKS,"{""P47304"": 7}"
HVINAHETL,"{""P47649"": 128}"
HVSHVEIQP,"{""Q57081"": 142}"
HVTVXXXXX,"{""P47280"": 18}"
HVTVXTXNF,"{""P47280"": 79}"
HVTVXTXXX,"{""P47280"": 13}"
HVTVXTKNF,"{""P47280"": 3}"
HVTVKTXNF,"{""P47280"": 2}"
HVTVKTXXX,"{""P47280"": 1}"
HTIENXXXX,"{""Q49425"": 435}"
HTIENXIEP,"{""Q49425"": 131}"
HTIENKIEP,"{""Q49425"": 5}"
HTIDLVVNN,"{""P47457"": 125}"
HTINPVPFV,"{""P47669"": 127}"
HTXHQFSLF,"{""P47564"": 529}"
HTXXXXXXX,"{""P47564"": 91}"
HTGXXXXXX,"{""P47398"": 99}"
HTGXAXQGS,"{""P47398"": 1}"
HTGXARQGS,"{""P47398"": 5}"
HTGFLNGYR,"{""P13927"": 29}"
HTGFLNGYX,"{""P13927"": 9}"
HTGFLNGXR,"{""P13927"": 1}"
HTLNNITSF,"{""P47521"": 138}"
HTLTIVLYG,"{""P47467"": 118}"
HTLTIVLXG,"{""P47467"": 8}"
HTLXSXXXX,"{""P47485"": 15}"
HTLXSXPTS,"{""P47485"": 87}"
HTLXSKPTS,"{""P47485"": 4}"
HTLXXXXXX,"{""P47485"": 12}"
HTLKSXPTS,"{""P47485"": 4}"
HTPILPEQE,"{""P47653"": 36}"
HTQLQVNFN,"{""P47446"": 31}"
HTHHDHNHM,"{""P47395"": 32}"
HTKHQFSLF,"{""P47564"": 25}"
HKXXXXXXX,"{""P47406"": 13, ""Q9ZB70"": 9, ""P47494"": 4, ""P47368"": 5, ""P47590"": 3, ""P47400"": 1, ""Q49409"": 1, ""P47620"": 1}"
HKXXYRLID,"{""P47400"": 1}"
HKXDEXIIQ,"{""P47368"": 19}"
HKXDEXXXX,"{""P47368"": 2}"
HKXISFLNX,"{""P47620"": 5}"
HKXIVXXXX,"{""P47413"": 1}"
HKXVHXXXX,"{""Q9ZB70"": 12}"
HKXLIPLIE,"{""P47494"": 17}"
HKXHPFXXX,"{""Q49409"": 5}"
HKXAWLVLL,"{""P47590"": 1}"
HKSHTMSPL,"{""Q49460"": 2}"
HKSXXXXXX,"{""P47394"": 3}"
HKSXNXDHI,"{""P47394"": 1}"
HKSXNXXXX,"{""P47394"": 2}"
HKSXNNVMF,"{""P47585"": 2}"
HKSXNKDHI,"{""P47394"": 1}"
HKSGLEXAG,"{""P47254"": 2}"
HKSGLEKAG,"{""P47254"": 1}"
HKSKNXDHI,"{""P47394"": 1}"
HKSKNNVMF,"{""P47585"": 1}"
HKSLEQLNX,"{""P47662"": 1}"
HKPSLSXDX,"{""P47582"": 20}"
HKPSLSXXX,"{""P47582"": 4}"
HKPSLSKDX,"{""P47582"": 1}"
HKFXNXSAV,"{""P47483"": 3}"
HKFXNXXXX,"{""P47483"": 1}"
HKFXXXXXX,"{""P47483"": 4}"
HKAENETTQ,"{""P47265"": 23}"
HKLTEVIAA,"{""P47364"": 17}"
HKLAXETVR,"{""Q49428"": 1}"
HKLAXXXXX,"{""Q49428"": 2}"
HKLXTLVIE,"{""P47513"": 3}"
HKLXXXXXX,"{""P47513"": 1}"
HKQPLIVXX,"{""P47500"": 1}"
HKQPLIVXF,"{""P47500"": 3}"
HKIGMVHQH,"{""P47365"": 4}"
HKIDXNHII,"{""P47534"": 6}"
HKTSSIYLP,"{""P47350"": 5}"
HKTVDDMAY,"{""P47683"": 2}"
HKDFLPAEX,"{""P47446"": 7}"
HKDFXXAXX,"{""Q9ZB76"": 3}"
HKDFXXXXX,"{""Q9ZB76"": 2}"
HKYINSADL,"{""Q49420"": 8}"
HKYGLILDQ,"{""P47365"": 1}"
HKNELXIXT,"{""P47699"": 3}"
HKNELXIXX,"{""P47699"": 2}"
HKNSVXFXX,"{""P47523"": 4}"
HKNSVXFXR,"{""P47523"": 1}"
HKNSSGEVX,"{""P20796"": 6}"
HKNXQNANX,"{""P47467"": 2}"
HKGMDLXEA,"{""P47541"": 8}"
HKRXXXXXX,"{""P47400"": 3}"
HKRIVXXXX,"{""P47413"": 8}"
HKKVHXXXX,"{""Q9ZB70"": 3}"
HKKLIPLIE,"{""P47494"": 2}"
HKKYHVHNF,"{""P47406"": 1}"
HKEXLVSXX,"{""P47492"": 1}"
HKEXXXXXX,"{""P47492"": 1}"
HDSLNSIXX,"{""P47527"": 106}"
HDSLNSIXY,"{""P47527"": 24}"
HDSLNSIKY,"{""P47527"": 2}"
HDSEFXVSR,"{""P47310"": 13}"
HDSEFXVSX,"{""P47310"": 2}"
HDSEFXXXX,"{""P47310"": 96}"
HDSEFKVSR,"{""P47310"": 3}"
HDFNVPXXX,"{""P47486"": 98}"
HDFNVPXSN,"{""P47486"": 28}"
HDFNVPKSN,"{""P47486"": 1}"
HDFIIXFLP,"{""Q9ZB73"": 110}"
HDFIIXXXX,"{""Q9ZB73"": 18}"
HDFIIKFLP,"{""Q9ZB73"": 4}"
HDYPGTFFQ,"{""P47342"": 112}"
HDXTDFSSQ,"{""P47345"": 90}"
HDXVXYAFE,"{""P47278"": 6}"
HDXVXXAFE,"{""P47278"": 1}"
HDXVRYAFE,"{""P47278"": 17}"
HDXVRXAFE,"{""P47278"": 1}"
HDXXXXXXX,"{""P47345"": 26, ""P47278"": 107}"
HDXPGTFFQ,"{""P47342"": 5}"
HDQLDWXTA,"{""P47492"": 110}"
HDQLDWXXX,"{""P47492"": 19}"
HDQLDWKTA,"{""P47492"": 7}"
HDAAQISGN,"{""P35888"": 135}"
HDHLPEQAF,"{""P47639"": 133}"
HDLFXTEVS,"{""P47597"": 111}"
HDLFXXXXX,"{""P47597"": 20}"
HDLFKTEVS,"{""P47597"": 10}"
HDLEFRAXQ,"{""P47438"": 19}"
HDLEFRAXX,"{""P47438"": 5}"
HDLEFRAKQ,"{""P47438"": 1}"
HDLEFXAXX,"{""P47438"": 1}"
HDLEFXAXQ,"{""P47438"": 2}"
HDLEFXAKQ,"{""P47438"": 1}"
HDKTDFSSQ,"{""P47345"": 6}"
HDKVRYAFE,"{""P47278"": 2}"
HDKVRXAFE,"{""P47278"": 1}"
HELTSXXXX,"{""P47342"": 95}"
HELTSXAXF,"{""P47342"": 434}"
HELTSXAXX,"{""P47342"": 76}"
HELTSXAKF,"{""P47342"": 22}"
HELTSKAXF,"{""P47342"": 10}"
HELTSKAXX,"{""P47342"": 4}"
HELXXXXXX,"{""P47283"": 100}"
HELXTFQRL,"{""P47283"": 18}"
HELXTFQXL,"{""P47283"": 4}"
HELLEIVDY,"{""P47695"": 116}"
HELLEIVDX,"{""P47695"": 5}"
HELNLVISE,"{""P47508"": 139}"
HENIAFLXX,"{""P47491"": 86}"
HENIAFLXT,"{""P47491"": 502}"
HENIAFLKT,"{""P47491"": 30}"
HENSWEVYD,"{""Q49430"": 116}"
HENSWEVXD,"{""Q49430"": 4}"
HENDVLLDE,"{""Q49419"": 25}"
HEXXXXXXX,"{""P47690"": 25, ""P47643"": 99, ""P47635"": 14, ""Q49399"": 18}"
HEXALIVSX,"{""P47643"": 494}"
HEXALIVSK,"{""P47643"": 20}"
HEXTIGIVS,"{""Q49399"": 117}"
HEXDVNINM,"{""P47690"": 100}"
HEXDQSELA,"{""P47493"": 6}"
HEXGIVTFQ,"{""P47635"": 97}"
HEXHLRXXX,"{""P57085"": 3}"
HEYDQSELA,"{""P47493"": 126}"
HEYHLRXXX,"{""P57085"": 122}"
HEYHLRXGM,"{""P57085"": 2}"
HEYHLXXXX,"{""P57085"": 28}"
HEYHLXXGM,"{""P57085"": 2}"
HESLAXEXX,"{""P47301"": 107}"
HESLAXEXK,"{""P47301"": 3}"
HESLAXEKK,"{""P47301"": 1}"
HESLAXEKX,"{""P47301"": 3}"
HESLAXXXX,"{""P47301"": 19}"
HESLAKEXX,"{""P47301"": 2}"
HEVYSLRSF,"{""P47585"": 36}"
HEVYSLXSF,"{""P47585"": 7}"
HEKALIVSX,"{""P47643"": 20}"
HEKALIVSK,"{""P47643"": 2}"
HEKDVNINM,"{""P47690"": 8}"
HEKGIVTFQ,"{""P47635"": 8}"
HEKTIGIVS,"{""Q49399"": 5}"
HEAVFDXNQ,"{""Q49429"": 98}"
HEAVFDXXX,"{""Q49429"": 17}"
HEAVFDKNQ,"{""Q49429"": 4}"
HEIXQIINX,"{""P47305"": 100}"
HEIXQIINK,"{""P47305"": 1}"
HEIXXXXXX,"{""P47305"": 21}"
HEIKQIINX,"{""P47305"": 7}"
HEQRINXXD,"{""P47484"": 2}"
HEQRINXXX,"{""P47484"": 24}"
HEQRINKXX,"{""P47484"": 1}"
HEQXINXXX,"{""P47484"": 4}"
HRXXXXXXX,"{""P47421"": 100}"
HRXDXRRSH,"{""P47603"": 1}"
HRHENIAFL,"{""P47491"": 32}"
HRSALGLSE,"{""P47351"": 138}"
HRSISXQNN,"{""P47534"": 22}"
HRSIFARLT,"{""P47460"": 5}"
HRSIFAXLT,"{""P47460"": 4}"
HRGLCLAXL,"{""P47371"": 4}"
HRGLCLAYL,"{""P47371"": 20}"
HRGLXLAYL,"{""P47371"": 2}"
HRILRVICX,"{""P47420"": 19}"
HRILRVIXX,"{""P47420"": 3}"
HRILXVICX,"{""P47420"": 5}"
HRIEEILIF,"{""P47593"": 15}"
HRRDXXXXX,"{""P47603"": 5}"
HRALAWLCD,"{""P47485"": 5}"
GTGXTTFAX,"{""P47658"": 467}"
GTGXTTFAK,"{""P47658"": 12}"
GTGXXXXXX,"{""P47658"": 107}"
GTGXGXXXX,"{""P47422"": 4}"
GTGXGXDTT,"{""P47422"": 1}"
GTGTGATPV,"{""P47466"": 136}"
GTGKTTFAX,"{""P47658"": 25}"
GTGRGXDTT,"{""P47422"": 2}"
GTGRGXXXX,"{""P47422"": 22}"
GTINVVAVX,"{""P47632"": 584}"
GTINVVAVK,"{""P47632"": 2}"
GTIFFNDXE,"{""P47546"": 108}"
GTIFFNDXX,"{""P47546"": 15}"
GTIFFNDKE,"{""P47546"": 5}"
GTIDLSHXX,"{""P47350"": 121}"
GTIDLSHXE,"{""P47350"": 481}"
GTIDLSHKE,"{""P47350"": 29}"
GTISSNIXX,"{""P47260"": 113}"
GTISSNIXI,"{""P47260"": 23}"
GTISVTNFG,"{""P47514"": 119}"
GTIRLHQFQ,"{""P47251"": 32}"
GTIXLHQFQ,"{""P47251"": 9}"
GTVXSITTV,"{""P47582"": 90}"
GTVXXARXS,"{""P47583"": 19}"
GTVXXARXX,"{""P47583"": 1}"
GTVXXARKS,"{""P47583"": 1}"
GTVXXAXXS,"{""P47583"": 2}"
GTVXXAXXX,"{""P47583"": 1}"
GTVXXXXXX,"{""P47582"": 38, ""P47583"": 85, ""P47417"": 1}"
GTVXXLLSX,"{""P47417"": 5}"
GTVXXLLSK,"{""P47417"": 1}"
GTVXFLNNS,"{""P47525"": 7}"
GTVCXLLSK,"{""P47417"": 2}"
GTVCXLLSX,"{""P47417"": 104}"
GTVCXXXXX,"{""P47417"": 16}"
GTVCFLNNS,"{""P47525"": 114}"
GTVCKLLSX,"{""P47417"": 4}"
GTVVDIXXX,"{""P47512"": 22}"
GTVVDIXFY,"{""P47512"": 99}"
GTVVDIXFX,"{""P47512"": 6}"
GTVVDIKFY,"{""P47512"": 4}"
GTVVTGRVE,"{""P13927"": 39}"
GTVVTGXVE,"{""P13927"": 2}"
GTVMFEVAN,"{""P47404"": 113}"
GTVLVNGYH,"{""P47584"": 99}"
GTVLVNGXH,"{""P47584"": 4}"
GTVKXXXXX,"{""P47583"": 4}"
GTVKSITTV,"{""P47582"": 5}"
GTYIXNIAL,"{""P47328"": 114}"
GTYIXXXXX,"{""P47328"": 19}"
GTYIKNIAL,"{""P47328"": 2}"
GTYVSYISQ,"{""P47325"": 573}"
GTYVSXISQ,"{""P47325"": 26}"
GTYASPYMV,"{""P47632"": 118}"
GTYASPXMV,"{""P47632"": 7}"
GTYLGEXXI,"{""P47288"": 84}"
GTYLGEXXX,"{""P47288"": 33}"
GTYLGEKXI,"{""P47288"": 1}"
GTYLGEKXX,"{""P47288"": 1}"
GTLDTVGVD,"{""P47333"": 566}"
GTLFXALDE,"{""P47326"": 515}"
GTLFXXXXX,"{""P47326"": 98}"
GTLFKALDE,"{""P47326"": 17}"
GTLXXXXXX,"{""P47388"": 561}"
GTLXLGDIV,"{""P47388"": 29}"
GTLLLXEEI,"{""P47583"": 118}"
GTLLLXXXX,"{""P47583"": 27}"
GTLLLKEEI,"{""P47583"": 8}"
GTLEIANDS,"{""P47502"": 137}"
GTLQAXXXX,"{""P47357"": 116}"
GTLQAXXDL,"{""P47357"": 23}"
GTLQAKXXX,"{""P47357"": 4}"
GTXXXXXXX,"{""P47476"": 454, ""Q49406"": 25}"
GTXIFAGQN,"{""P47476"": 129}"
GTXIFGPVA,"{""P47407"": 6}"
GTXIXXXXX,"{""P47328"": 3}"
GTXIXNIAL,"{""P47328"": 6}"
GTXEMVMYN,"{""Q49406"": 89}"
GTXEMVMXN,"{""Q49406"": 4}"
GTXVTFCTS,"{""P47664"": 7}"
GTXVSYISQ,"{""P47325"": 26}"
GTXVSXISQ,"{""P47325"": 3}"
GTXLGEXXI,"{""P47288"": 5}"
GTXLGEXXX,"{""P47288"": 3}"
GTXLGEKXI,"{""P47288"": 1}"
GTXASPYMV,"{""P47632"": 6}"
GTTQPXXXX,"{""Q49407"": 479}"
GTTQPXSNS,"{""Q49407"": 119}"
GTTQPKSNS,"{""Q49407"": 3}"
GTTISSFSF,"{""P55825"": 113}"
GTTIVIVTH,"{""Q9ZB70"": 135}"
GTTLRNIIG,"{""P47615"": 19}"
GTTLXNIIG,"{""P47615"": 5}"
GTCVTFCTS,"{""P47664"": 133}"
GTCVTFXTS,"{""P47664"": 7}"
GTSXIGEII,"{""P47542"": 102}"
GTSXXXXXX,"{""P47542"": 14}"
GTSILPGVI,"{""P47307"": 149}"
GTSLNXXLI,"{""P47467"": 75}"
GTSLNXXXX,"{""P47467"": 48}"
GTSLNXKLI,"{""P47467"": 5}"
GTSLNKXLI,"{""P47467"": 3}"
GTSLNKXXX,"{""P47467"": 1}"
GTSKIGEII,"{""P47542"": 9}"
GTFLIXXXX,"{""P47589"": 33}"
GTFLIXEAQ,"{""P47589"": 83}"
GTFLIKEAQ,"{""P47589"": 6}"
GTAXXXXXX,"{""Q49436"": 130}"
GTAXXEAPX,"{""Q49436"": 1}"
GTAXXEAPR,"{""Q49436"": 1}"
GTASSQGNN,"{""P20796"": 122}"
GTAKXXXXX,"{""Q49436"": 2}"
GTMVVASDS,"{""P47431"": 139}"
GTELLNGLI,"{""P47437"": 123}"
GTETHLFSL,"{""P47634"": 125}"
GTKEMVMYN,"{""Q49406"": 5}"
GTKEMVMXN,"{""Q49406"": 1}"
GTKIFAGQN,"{""P47476"": 5}"
GTQLPFSTT,"{""P47444"": 109}"
GTRIFGPVA,"{""P47407"": 5}"
GTNTTRIXR,"{""P47440"": 1}"
GTNTTRIRX,"{""P47440"": 1}"
GNEXXXXXX,"{""P47368"": 111}"
GNEXFVGCS,"{""P47368"": 468}"
GNEXFVGXS,"{""P47368"": 34}"
GNELEXXXX,"{""P47394"": 106}"
GNELEXWCE,"{""P47394"": 19}"
GNELEXWXE,"{""P47394"": 4}"
GNELEKWCE,"{""P47394"": 1}"
GNEIGRDLT,"{""P47477"": 20}"
GNEIGXDLT,"{""P47477"": 6}"
GNEKFVGCS,"{""P47368"": 31}"
GNEKFVGXS,"{""P47368"": 1}"
GNXXXXXXX,"{""P47355"": 523, ""P47632"": 18, ""P47443"": 118, ""P47705"": 18}"
GNXTVWNEX,"{""P47705"": 5}"
GNXTVWNEC,"{""P47705"": 99}"
GNXTIALNQ,"{""P47355"": 33}"
GNXTIGIXE,"{""P47409"": 6}"
GNXDXIXXX,"{""P47632"": 62}"
GNXDXIXXH,"{""P47632"": 14}"
GNXDXIKXX,"{""P47632"": 2}"
GNXDXIKXH,"{""P47632"": 2}"
GNXDXXXXX,"{""P47632"": 14}"
GNXDKIXXX,"{""P47632"": 5}"
GNXDKIXXH,"{""P47632"": 2}"
GNXALGWXX,"{""P47248"": 7}"
GNXALGWXG,"{""P47248"": 3}"
GNXVMQFSH,"{""P47335"": 33}"
GNNCQEFNI,"{""P47672"": 598}"
GNNXQEFNI,"{""P47672"": 41}"
GNNGNYVID,"{""P47653"": 32}"
GNNGNXVID,"{""P47653"": 2}"
GNNLDILFG,"{""Q49431"": 29}"
GNIRFENVA,"{""P47261"": 22}"
GNIVLDFGN,"{""P47290"": 568}"
GNIXFENVA,"{""P47261"": 10}"
GNYVMQFSH,"{""P47335"": 614}"
GNYTIGIXE,"{""P47409"": 83}"
GNYTIGIXX,"{""P47409"": 24}"
GNYTIGIKE,"{""P47409"": 5}"
GNLCXXXXX,"{""P47388"": 435}"
GNLCXLFRD,"{""P47388"": 95}"
GNLCXLFXD,"{""P47388"": 23}"
GNLCKLFRD,"{""P47388"": 2}"
GNLCKLFXD,"{""P47388"": 1}"
GNLTNLNQL,"{""P47427"": 605}"
GNLVNTWIL,"{""P47467"": 620}"
GNLXXXXXX,"{""P47388"": 20}"
GNLXXLFXD,"{""P47388"": 3}"
GNLXXLFRD,"{""P47388"": 3}"
GNSGVIFSQ,"{""P47609"": 640}"
GNSLLALCP,"{""P47492"": 126}"
GNSLLALXP,"{""P47492"": 6}"
GNSENHALG,"{""P47473"": 126}"
GNDNLLDEF,"{""P47252"": 626}"
GNDATMLSG,"{""P47458"": 616}"
GNWSDYHLF,"{""P47527"": 112}"
GNWSDXHLF,"{""P47527"": 3}"
GNWIDAXAI,"{""P47404"": 2}"
GNWIDARAI,"{""P47404"": 8}"
GNFDELAXN,"{""P47315"": 91}"
GNFDELAXX,"{""P47315"": 22}"
GNFDELAKN,"{""P47315"": 1}"
GNFCLALTG,"{""P47264"": 30}"
GNPEFWVAV,"{""P47404"": 129}"
GNAICIGED,"{""P47264"": 113}"
GNAIXIGED,"{""P47264"": 7}"
GNAAFXXXX,"{""P47624"": 80}"
GNAAFXSPI,"{""P47624"": 24}"
GNAAFKSPI,"{""P47624"": 2}"
GNGDFSSDE,"{""Q49400"": 141}"
GNGYVAFGE,"{""P47404"": 115}"
GNGXVAFGE,"{""P47404"": 5}"
GNVVIRSXX,"{""P47250"": 21}"
GNVVIRSXV,"{""P47250"": 3}"
GNVVIXSXV,"{""P47250"": 1}"
GNVVIXSXX,"{""P47250"": 7}"
GNVIFPXXF,"{""P47264"": 77}"
GNVIFPXXX,"{""P47264"": 30}"
GNVIFPXKF,"{""P47264"": 4}"
GNVIFPKKF,"{""P47264"": 1}"
GNVIFPKXF,"{""P47264"": 3}"
GNTYSIFLF,"{""P47261"": 27}"
GNTXSIFLF,"{""P47261"": 4}"
GNKTVWNEC,"{""P47705"": 3}"
GNKTIALNQ,"{""P47355"": 2}"
GNKXXXXXX,"{""P47443"": 2}"
GNKDXIXXH,"{""P47632"": 3}"
GNKDXIXXX,"{""P47632"": 3}"
GNRALGWXX,"{""P47248"": 13}"
GNRALGWXG,"{""P47248"": 4}"
GIEIINXXX,"{""P47632"": 578}"
GIEIINXGA,"{""P47632"": 29}"
GIEIINKGA,"{""P47632"": 2}"
GIEITDENY,"{""P47563"": 21}"
GIEITDENX,"{""P47563"": 3}"
GIEINQTPI,"{""Q49405"": 122}"
GIEIDXXXX,"{""P47701"": 104}"
GIEIDXXLI,"{""P47701"": 8}"
GIEIDXRLI,"{""P47701"": 17}"
GIEXINHLS,"{""P47573"": 120}"
GIEXILEIE,"{""P47698"": 94}"
GIEXXXXXX,"{""P47573"": 26, ""P35888"": 23, ""P47698"": 17}"
GIEXLXXXX,"{""P35888"": 69}"
GIEXLXXNY,"{""P35888"": 13}"
GIEXLXKNX,"{""P35888"": 1}"
GIEXLXKNY,"{""P35888"": 1}"
GIEXLKXXX,"{""P35888"": 2}"
GIEAXFFDE,"{""P47347"": 124}"
GIEAXXXXX,"{""P47347"": 14}"
GIEAKFFDE,"{""P47347"": 4}"
GIEDASLLI,"{""P47632"": 648}"
GIESYFETG,"{""P47250"": 115}"
GIESXFETG,"{""P47250"": 5}"
GIELLQQYG,"{""Q49406"": 124}"
GIELLQQXG,"{""Q49406"": 7}"
GIELIDLRT,"{""P47515"": 21}"
GIELIDLXT,"{""P47515"": 9}"
GIEKILEIE,"{""P47698"": 5}"
GIEKINHLS,"{""P47573"": 8}"
GIEKLXXXX,"{""P35888"": 3}"
GIEKLXXNY,"{""P35888"": 1}"
GIPVDIHPX,"{""P47249"": 588}"
GIPVDIHPK,"{""P47249"": 7}"
GIPXEIHQD,"{""P47445"": 40}"
GIPYEIHQD,"{""P47445"": 601}"
GIPAVNLIX,"{""P47250"": 138}"
GIPAVNLIK,"{""P47250"": 7}"
GITINSAHV,"{""P13927"": 597}"
GITIXLNAV,"{""P47384"": 523}"
GITIXXXXX,"{""P47384"": 115}"
GITITSAAT,"{""P47335"": 595}"
GITIKLNAV,"{""P47384"": 22}"
GITSTIDYQ,"{""P47425"": 599}"
GITSTIDXQ,"{""P47425"": 18}"
GITYDSGGM,"{""P47631"": 91}"
GITLRELIX,"{""P47456"": 3}"
GITLRELIR,"{""P47456"": 1}"
GITLXELIR,"{""P47456"": 2}"
GITXDSGGM,"{""P47631"": 2}"
GIXXXXXXX,"{""Q49402"": 22, ""P47247"": 113, ""P47505"": 121, ""P47290"": 34, ""P47285"": 86, ""P47277"": 13, ""P47344"": 44, ""P47645"": 128, ""P47647"": 18, ""P47335"": 23, ""P47429"": 4, ""P47310"": 21, ""P52271"": 19}"
GIXXSFSDM,"{""P47344"": 60}"
GIXXIFHSV,"{""P47247"": 20}"
GIXXACYEX,"{""P47429"": 14}"
GIXXACXEX,"{""P47429"": 1}"
GIXXAXYEX,"{""P47429"": 2}"
GIXDWXDXX,"{""P47310"": 12}"
GIXDWXDXV,"{""P47310"": 73}"
GIXDWXDKV,"{""P47310"": 4}"
GIXDWXXXX,"{""P47310"": 12}"
GIXDWKDXV,"{""P47310"": 3}"
GIXDWKDXX,"{""P47310"": 1}"
GIXNSIPVE,"{""P47285"": 497}"
GIXANILNA,"{""P47647"": 116}"
GIXAWAIAF,"{""P47290"": 84}"
GIXVNAXEV,"{""P47277"": 82}"
GIXVNAXXX,"{""P47277"": 10}"
GIXVNAKEV,"{""P47277"": 7}"
GIXVVTVND,"{""Q49402"": 111}"
GIXVGIVTG,"{""P47505"": 5}"
GIXVDITSG,"{""P47686"": 7}"
GIXLLLDAV,"{""P47335"": 99}"
GIXLVRXNA,"{""Q49414"": 1}"
GIXFQNVSL,"{""P52271"": 89}"
GIXIEXXXX,"{""P47319"": 5}"
GIXIEXSAT,"{""P47319"": 4}"
GIXIDFVDN,"{""P47249"": 2}"
GIXSTYKXX,"{""P47520"": 1}"
GIXSTYXXL,"{""P47520"": 5}"
GIXSTXXXX,"{""P47520"": 2}"
GIXKSFSDM,"{""P47344"": 1}"
GIXKAXYEX,"{""P47429"": 1}"
GIXKACYEX,"{""P47429"": 1}"
GIDLXXXXX,"{""P47325"": 452}"
GIDLXVERG,"{""P47325"": 83}"
GIDLXVEXG,"{""P47325"": 33}"
GIDLNYFSV,"{""P52271"": 548}"
GIDLNXFSV,"{""P52271"": 33}"
GIDLKVERG,"{""P47325"": 5}"
GIDLKVEXG,"{""P47325"": 2}"
GIDDXXXXX,"{""P47539"": 91}"
GIDDXYDFV,"{""P47539"": 29}"
GIDDKYDFV,"{""P47539"": 2}"
GIDSLASML,"{""P47427"": 126}"
GIIFHIXQS,"{""P47620"": 78}"
GIIFHIXXX,"{""P47620"": 25}"
GIIFHIKQS,"{""P47620"": 6}"
GIILGIEAS,"{""P47284"": 610}"
GIIRDVIXX,"{""Q49460"": 111}"
GIIRDVIXK,"{""Q49460"": 4}"
GIIRDVIKX,"{""Q49460"": 3}"
GIIGGIELT,"{""P47282"": 121}"
GIITSLASN,"{""P47633"": 147}"
GIINYGPLA,"{""P47652"": 122}"
GIINRYWFI,"{""Q49460"": 25}"
GIINRXWFI,"{""Q49460"": 1}"
GIINVEQLF,"{""P47387"": 128}"
GIINXGPLA,"{""P47652"": 5}"
GIINXYWFI,"{""Q49460"": 3}"
GIINXXWFI,"{""Q49460"": 1}"
GIISLNRAX,"{""P55750"": 21}"
GIISLNXAX,"{""P55750"": 8}"
GIISXFFWS,"{""Q9ZB80"": 6}"
GIISEGILC,"{""P47437"": 22}"
GIISEGILX,"{""P47437"": 2}"
GIISRFFWS,"{""Q9ZB80"": 22}"
GIIEGTEQR,"{""P47335"": 110}"
GIIEGTEQX,"{""P47335"": 40}"
GIIALVGII,"{""P47437"": 128}"
GIIXDVIXX,"{""Q49460"": 29}"
GIIXDVIXK,"{""Q49460"": 1}"
GIIXDVIKX,"{""Q49460"": 2}"
GIFGVXVGM,"{""P47397"": 523}"
GIFGVXXXX,"{""P47397"": 91}"
GIFGVKVGM,"{""P47397"": 26}"
GIFTNEFIX,"{""P47660"": 603}"
GIFTNEFIK,"{""P47660"": 26}"
GIFIGNAIT,"{""P47662"": 100}"
GIFQGRVXL,"{""Q9ZB73"": 18}"
GIFQGRVXX,"{""Q9ZB73"": 2}"
GIFQGRVKL,"{""Q9ZB73"": 1}"
GIFQGXVXX,"{""Q9ZB73"": 1}"
GIFQGXVXL,"{""Q9ZB73"": 5}"
GIFYVLAEI,"{""P47653"": 119}"
GIFXVLAEI,"{""P47653"": 4}"
GINNLVVIG,"{""P47457"": 611}"
GINVAIVMX,"{""Q49396"": 141}"
GINVAIVMK,"{""Q49396"": 3}"
GINIALXSN,"{""P47605"": 112}"
GINIALXXX,"{""P47605"": 20}"
GINIALKSN,"{""P47605"": 2}"
GINXXXXXX,"{""Q49397"": 99}"
GINXNQNQF,"{""Q49397"": 25}"
GINPLSAFL,"{""P47666"": 129}"
GINDRYIQN,"{""Q49405"": 19}"
GINDRXIQN,"{""Q49405"": 2}"
GINDXYIQN,"{""Q49405"": 5}"
GINDXXIQN,"{""Q49405"": 1}"
GINKNQNQF,"{""Q49397"": 1}"
GIVIALGAG,"{""P47633"": 114}"
GIVITINXM,"{""P47705"": 90}"
GIVITINXX,"{""P47705"": 16}"
GIVITINKM,"{""P47705"": 7}"
GIVTFQNFX,"{""P47635"": 124}"
GIVTFQNFK,"{""P47635"": 8}"
GIVTREIDV,"{""P47619"": 23}"
GIVTXEIDV,"{""P47619"": 5}"
GIVVEAIVE,"{""P47582"": 119}"
GIVVQLXSN,"{""Q49426"": 121}"
GIVVQLXXX,"{""Q49426"": 11}"
GIVVQLKSN,"{""Q49426"": 7}"
GIVGFDFSS,"{""P47668"": 151}"
GIVNADLVI,"{""Q49408"": 22}"
GIVPIRAVL,"{""P47284"": 22}"
GIVPIXAVL,"{""P47284"": 7}"
GISEEFNGE,"{""P47387"": 615}"
GISETFMVR,"{""P47682"": 128}"
GISETFMVX,"{""P47682"": 33}"
GISYCAICD,"{""P47348"": 101}"
GISYCAIXD,"{""P47348"": 10}"
GISYXAICD,"{""P47348"": 4}"
GISINPSXX,"{""P47300"": 103}"
GISINPSXR,"{""P47300"": 12}"
GISINPSKR,"{""P47300"": 3}"
GISAGGREE,"{""P47695"": 138}"
GISAGGXEE,"{""P47695"": 22}"
GISXCAICD,"{""P47348"": 2}"
GIRXACYEX,"{""P47429"": 87}"
GIRXACYEK,"{""P47429"": 1}"
GIRXACXEX,"{""P47429"": 7}"
GIRXAXYEX,"{""P47429"": 2}"
GIRXXXXXX,"{""P47429"": 30}"
GIRIDFVDN,"{""P47249"": 5}"
GIRHRXXXX,"{""P47421"": 8}"
GIRKAXYEX,"{""P47429"": 2}"
GIRPTVXGS,"{""P47400"": 1}"
GILXXXXXX,"{""P47415"": 98, ""Q49460"": 128}"
GILXXXWVV,"{""P47415"": 7}"
GILXXRWVV,"{""P47415"": 10}"
GILXAYGEA,"{""Q49460"": 446}"
GILXAXGEA,"{""Q49460"": 31}"
GILXKRWVV,"{""P47415"": 2}"
GILVAISGG,"{""P47622"": 143}"
GILSFIXQQ,"{""P47497"": 106}"
GILSFIXXX,"{""P47497"": 11}"
GILKXXXXX,"{""P47415"": 7}"
GILKAYGEA,"{""Q49460"": 16}"
GILKAXGEA,"{""Q49460"": 1}"
GIYIEXSAT,"{""P47319"": 84}"
GIYIEXXXX,"{""P47319"": 19}"
GIYIEKSAT,"{""P47319"": 4}"
GIYVDITSG,"{""P47686"": 113}"
GIYSTYXXX,"{""P47520"": 45}"
GIYSTYXXL,"{""P47520"": 75}"
GIYSTYXKL,"{""P47520"": 4}"
GIYSTYKXL,"{""P47520"": 1}"
GIYSTXXXX,"{""P47520"": 3}"
GIYSTXXXL,"{""P47520"": 2}"
GIYLVRXNA,"{""Q49414"": 20}"
GIYLVRXXX,"{""Q49414"": 3}"
GIYLVRKNA,"{""Q49414"": 2}"
GIYLVXXNA,"{""Q49414"": 8}"
GIYLVXXXX,"{""Q49414"": 2}"
GIAFXNQAE,"{""P47545"": 85}"
GIAFXXXXX,"{""P47545"": 17}"
GIAFKNQAE,"{""P47545"": 4}"
GIASDQXXX,"{""P47583"": 100}"
GIASDQXLR,"{""P47583"": 21}"
GIASDQXLX,"{""P47583"": 2}"
GIASDQKLX,"{""P47583"": 1}"
GIASDQKLR,"{""P47583"": 3}"
GIGPIXGIE,"{""Q49406"": 114}"
GIGPIXXXX,"{""Q49406"": 27}"
GIGPIKGIE,"{""Q49406"": 4}"
GIKNSIPVE,"{""P47285"": 24}"
GIKVNAXEV,"{""P47277"": 4}"
GIKVVTVND,"{""Q49402"": 5}"
GIKFQNVSL,"{""P52271"": 7}"
GIKANILNA,"{""P47647"": 7}"
GIKAWAIAF,"{""P47290"": 9}"
GIKXXXXXX,"{""P47247"": 4}"
GIKXSFSDM,"{""P47344"": 6}"
GIKXIFHSV,"{""P47247"": 1}"
GIKLLLDAV,"{""P47335"": 6}"
GIKDWXDXV,"{""P47310"": 1}"
GIKDWXXXX,"{""P47310"": 1}"
GIKDWKDXV,"{""P47310"": 1}"
GIQLQHDVE,"{""P47491"": 27}"
GIQFPRQGL,"{""P47530"": 4}"
GIQFPRADA,"{""P47342"": 7}"
GIQFPXQGL,"{""P47530"": 1}"
GIHVEAIDM,"{""P47664"": 9}"
GXYIIFLLS,"{""P55825"": 21}"
GXYLLTDEX,"{""Q49430"": 91}"
GXYLLTDEK,"{""Q49430"": 8}"
GXYLGWNTF,"{""P47647"": 90}"
GXYLSVFGL,"{""Q2MHT0"": 27}"
GXYDXYLSL,"{""P47487"": 1}"
GXYDRYLSL,"{""P47487"": 1}"
GXILNVEXS,"{""P47249"": 420}"
GXILNVEXX,"{""P47249"": 84}"
GXILNVEKS,"{""P47249"": 12}"
GXIFNDLIN,"{""P47247"": 105}"
GXIFYESLX,"{""P47582"": 100}"
GXIFYESLK,"{""P47582"": 4}"
GXIFXESLX,"{""P47582"": 3}"
GXINMGIET,"{""P47571"": 100}"
GXIDHQLEX,"{""P47248"": 93}"
GXIDHQLEK,"{""P47248"": 4}"
GXIDQNGLA,"{""P47562"": 4}"
GXIAVAVGI,"{""P36263"": 105}"
GXIVERGSV,"{""P47326"": 19}"
GXIVEXGSV,"{""P47326"": 7}"
GXIVGMGXX,"{""P47365"": 8}"
GXIPFLGXV,"{""P47696"": 9}"
GXIPFLGXX,"{""P47696"": 1}"
GXITINHRN,"{""P47656"": 19}"
GXITINHXN,"{""P47656"": 9}"
GXIINLETT,"{""P47387"": 1}"
GXISXXXXX,"{""P47387"": 2}"
GXISKXELS,"{""P47387"": 1}"
GXXXXXXXX,"{""P47340"": 82, ""P47582"": 133, ""P47252"": 99, ""P47326"": 575, ""P47255"": 96, ""P47605"": 99, ""P47682"": 567, ""P47551"": 459, ""P47288"": 112, ""P47308"": 26, ""Q49460"": 16, ""P47604"": 86, ""P47647"": 21, ""P47422"": 465, ""P47612"": 117, ""P47530"": 109, ""P47661"": 102, ""P47250"": 117, ""P36263"": 18, ""P47571"": 110, ""P22747"": 136, ""P47348"": 29, ""P47297"": 124, ""P47385"": 103, ""P47657"": 98, ""P47323"": 127, ""P47645"": 94, ""P47328"": 100, ""P47414"": 19, ""P20796"": 22, ""P47553"": 111, ""P47460"": 101, ""P47677"": 115, ""P55825"": 95, ""P47481"": 89, ""P47412"": 87, ""P47656"": 87, ""P47278"": 75, ""P47249"": 99, ""P47446"": 19, ""P47652"": 21, ""P47445"": 106, ""P47641"": 33, ""P47700"": 92, ""Q49427"": 19, ""P47310"": 20, ""P47475"": 25, ""P47426"": 14, ""P47587"": 28, ""P47662"": 92, ""P47547"": 18, ""P47247"": 22, ""P47248"": 22, ""P47342"": 15, ""Q49430"": 24, ""P47397"": 24, ""P47693"": 40, ""Q49436"": 21, ""P47491"": 3, ""P47542"": 14, ""P47276"": 1, ""P47667"": 2, ""P47315"": 1, ""P47283"": 1}"
GXXXSTFIP,"{""P47645"": 1}"
GXXXNPLAG,"{""Q49427"": 3}"
GXXSFLTIX,"{""P47693"": 74}"
GXXNFEIAX,"{""P47667"": 5}"
GXXLQITYA,"{""P47571"": 6}"
GXXLFAXXX,"{""P47460"": 3}"
GXXLFAXEQ,"{""P47460"": 1}"
GXXLLTDEX,"{""Q49430"": 3}"
GXXLLTDEK,"{""Q49430"": 1}"
GXXLXXXXX,"{""P47276"": 4}"
GXXLGWNTF,"{""P47647"": 5}"
GXXTNXVYX,"{""P47350"": 6}"
GXXTNXXXX,"{""P47350"": 1}"
GXXEYXTDS,"{""P47328"": 6}"
GXXEYRTDS,"{""P47328"": 13}"
GXXEXRTDS,"{""P47328"": 4}"
GXXPXHAPL,"{""P47491"": 23}"
GXXPXXXXX,"{""P47491"": 2}"
GXXRXXXXX,"{""P47553"": 11}"
GXXRXSIPG,"{""P47553"": 2}"
GXXRNPLAG,"{""Q49427"": 6}"
GXXMSGHYG,"{""P47397"": 82}"
GXXMSGHXG,"{""P47397"": 2}"
GXXVLNXXX,"{""P47283"": 3}"
GXXVLNXXI,"{""P47283"": 2}"
GXXVLNXKI,"{""P47283"": 1}"
GXXYSTFIP,"{""P47645"": 18}"
GXTDVISLC,"{""P47628"": 26}"
GXTDVISLX,"{""P47628"": 1}"
GXTVGVVGG,"{""P47348"": 105}"
GXTALLINF,"{""P47340"": 501}"
GXTQREVHL,"{""P22747"": 6}"
GXTQXEVHL,"{""P22747"": 2}"
GXALNLAEI,"{""P47297"": 491}"
GXATANSLV,"{""P47542"": 117}"
GXAYRFXXX,"{""P47278"": 24}"
GXAYRFXLS,"{""P47278"": 4}"
GXAYXFXXX,"{""P47278"": 5}"
GXAYXFXLS,"{""P47278"": 1}"
GXAIEYMAX,"{""P47371"": 9}"
GXAAGAIII,"{""P47289"": 21}"
GXAARQGDX,"{""P47318"": 4}"
GXAARQGDK,"{""P47318"": 1}"
GXAAXQGDX,"{""P47318"": 1}"
GXANLVNRF,"{""P47368"": 7}"
GXASLNYEF,"{""P47384"": 10}"
GXAQXNGST,"{""P47563"": 5}"
GXAQKNGST,"{""P47563"": 1}"
GXAXXFXLS,"{""P47278"": 1}"
GXAXRFXXX,"{""P47278"": 1}"
GXHNWVSLX,"{""P47385"": 480}"
GXHNWVSLK,"{""P47385"": 21}"
GXHNNSFSV,"{""P47661"": 514}"
GXHPAXXXX,"{""P47427"": 39}"
GXHPAXXRS,"{""P47427"": 1}"
GXVGYGIAK,"{""P47414"": 5}"
GXVGYGIAX,"{""P47414"": 95}"
GXVGXGIAX,"{""P47414"": 1}"
GXVGXGIAK,"{""P47414"": 1}"
GXVPVEVVQ,"{""P20796"": 109}"
GXVLVIGGV,"{""P47481"": 513}"
GXVLNVEXI,"{""P47445"": 423}"
GXVLNVEXX,"{""P47445"": 72}"
GXVLNVEKI,"{""P47445"": 21}"
GXVNWPEYV,"{""P47255"": 493}"
GXVNWPEXV,"{""P47255"": 22}"
GXVNINDPN,"{""P47597"": 35}"
GXVIRSEWI,"{""P47352"": 1}"
GXVILTTFA,"{""P47385"": 7}"
GXVWFWMFA,"{""Q49414"": 7}"
GXVRRAYIS,"{""P47682"": 1}"
GXSTGTQVX,"{""Q49460"": 100}"
GXSTGTQVK,"{""Q49460"": 4}"
GXSTVQFXG,"{""Q49436"": 66}"
GXSTVQFXX,"{""Q49436"": 14}"
GXSTVQFKG,"{""Q49436"": 1}"
GXSFIAPEN,"{""P47535"": 34}"
GXSSIAPEN,"{""P47625"": 43}"
GXSSIYYVR,"{""P47473"": 1}"
GXSSDXEEV,"{""P47677"": 4}"
GXSSDXXXX,"{""P47677"": 1}"
GXLTSYTDI,"{""P47530"": 495}"
GXLTSXTDI,"{""P47530"": 22}"
GXLVXAASP,"{""P47426"": 90}"
GXLVXXXXX,"{""P47426"": 14}"
GXLVKAASP,"{""P47426"": 5}"
GXLGWIIQS,"{""Q49430"": 35}"
GXLLLTXDN,"{""P47652"": 79}"
GXLLLTXXX,"{""P47652"": 22}"
GXLLLTKDN,"{""P47652"": 2}"
GXLQEIXXX,"{""P47527"": 4}"
GXLQEIXQQ,"{""P47527"": 6}"
GXLNVGDNH,"{""P47266"": 6}"
GXEIIXXXX,"{""P47604"": 83}"
GXEIIXTFV,"{""P47604"": 437}"
GXEIIKTFV,"{""P47604"": 17}"
GXEIGINXX,"{""Q49410"": 4}"
GXEIGINXN,"{""Q49410"": 20}"
GXEIGINKN,"{""Q49410"": 1}"
GXEDRLPDE,"{""P47288"": 25}"
GXEDXLPDE,"{""P47288"": 2}"
GXEPITSXX,"{""P47304"": 3}"
GXEPITSXL,"{""P47304"": 10}"
GXEPITSKL,"{""P47304"": 1}"
GXEXFFIDX,"{""P47620"": 4}"
GXEFIXXXX,"{""P47277"": 4}"
GXEFIXNXL,"{""P47277"": 1}"
GXEFIXNRL,"{""P47277"": 1}"
GXEKFFIDX,"{""P47620"": 2}"
GXNXANFTP,"{""P47657"": 417}"
GXNXXXXXX,"{""P47657"": 74, ""P47407"": 5}"
GXNXXVLEI,"{""P47662"": 2}"
GXNXSYFTX,"{""P47612"": 7}"
GXNXYVLEI,"{""P47662"": 29}"
GXNCYVLEI,"{""P47662"": 454}"
GXNCXVLEI,"{""P47662"": 18}"
GXNKANFTP,"{""P47657"": 21}"
GXNDFDTVR,"{""P47252"": 21}"
GXNDFDTVX,"{""P47252"": 2}"
GXNRSYFTX,"{""P47612"": 15}"
GXNRSYFTK,"{""P47612"": 1}"
GXNRSXFTX,"{""P47612"": 1}"
GXNIDSIIX,"{""P47622"": 31}"
GXQLANSAX,"{""P47308"": 101}"
GXQLANSAK,"{""P47308"": 4}"
GXQLFMPIX,"{""P47700"": 2}"
GXQLFMPIR,"{""P47700"": 16}"
GXQLIIIFL,"{""P47301"": 7}"
GXQIXILHD,"{""P47587"": 81}"
GXQIXXXXX,"{""P47587"": 13}"
GXQIKILHD,"{""P47587"": 4}"
GXQGLFXHN,"{""P47582"": 5}"
GXQGLFRHN,"{""P47582"": 16}"
GXDIVCAAI,"{""P47475"": 102}"
GXDIVXAAI,"{""P47475"": 6}"
GXDSSGWSS,"{""P22747"": 112}"
GXDGIHLMG,"{""P47551"": 111}"
GXDVTXXAD,"{""P47342"": 70}"
GXDVTXXXX,"{""P47342"": 34}"
GXDVTXKAD,"{""P47342"": 3}"
GXDVTKXAD,"{""P47342"": 2}"
GXDVTKXXX,"{""P47342"": 1}"
GXDVLIVFD,"{""P47641"": 90}"
GXDTTIRSF,"{""P47422"": 105}"
GXDTTIXSF,"{""P47422"": 28}"
GXDTYISNX,"{""P47261"": 8}"
GXDNLSTTL,"{""P47310"": 119}"
GXDNQTIXA,"{""P47568"": 5}"
GXDNQTIXX,"{""P47568"": 1}"
GXDDVFRQV,"{""P47523"": 10}"
GXDDVFXQV,"{""P47523"": 2}"
GXDWFEXXE,"{""P47352"": 3}"
GXDWFEXXX,"{""P47352"": 1}"
GXDQNRLLE,"{""P47635"": 4}"
GXDLTFTLN,"{""P47635"": 9}"
GXDLNNTNR,"{""P47544"": 1}"
GXFIIQAXY,"{""P47446"": 89}"
GXFIIQAXX,"{""P47446"": 16}"
GXFIIQAKY,"{""P47446"": 1}"
GXFLDAAIN,"{""P47323"": 480}"
GXFLVXXXX,"{""P47418"": 2}"
GXFLVXEFG,"{""P47418"": 2}"
GXFDEQGXW,"{""P47442"": 5}"
GXFDEQGXX,"{""P47442"": 1}"
GXFDEQGKW,"{""P47442"": 1}"
GXFFALDSN,"{""P47385"": 32}"
GXFTLVEQA,"{""P47642"": 5}"
GXFSVSEVV,"{""P47355"": 7}"
GXGGLPVYS,"{""P47612"": 92}"
GXGGLPVXS,"{""P47612"": 2}"
GXGISETFM,"{""P47682"": 15}"
GXGYYLSVF,"{""Q2MHT0"": 3}"
GXGXSXTND,"{""P47266"": 19}"
GXGXSXXXX,"{""P47266"": 2}"
GXGXYLSVF,"{""Q2MHT0"": 1}"
GXGXKAIDX,"{""P47535"": 1}"
GXGXXXXXX,"{""P47266"": 7}"
GXGXXAIDX,"{""P47535"": 1}"
GXGDLXIVF,"{""P47442"": 5}"
GXGDLXXXX,"{""P47442"": 1}"
GXGLALGNX,"{""P47468"": 29}"
GXGLQRVLI,"{""P47481"": 1}"
GXGKSXTND,"{""P47266"": 3}"
GXGKSXXXX,"{""P47266"": 1}"
GXGFTGAIX,"{""P47397"": 5}"
GXGVLYFNE,"{""P47412"": 14}"
GXGANSLIF,"{""P47315"": 1}"
GXPQIEITF,"{""P47547"": 110}"
GXPGFRVTL,"{""P47344"": 4}"
GXRLFAXXX,"{""P47460"": 21}"
GXRLFAXEQ,"{""P47460"": 3}"
GXRLQITYA,"{""P47571"": 15}"
GXRXXXXXX,"{""P47315"": 2}"
GXWFEQIGE,"{""P47605"": 18}"
GXKSFLTIX,"{""P47693"": 4}"
GXKMSGHYG,"{""P47397"": 2}"
GXKYSTFIP,"{""P47645"": 1}"
GXKRXXXXX,"{""P47553"": 1}"
GXKXXXXXX,"{""P47553"": 1}"
GELIISGLS,"{""P47340"": 629}"
GELILTGNL,"{""P47481"": 120}"
GELKVGQEV,"{""P13927"": 29}"
GELKXXXXX,"{""P47306"": 1}"
GELKXQTPF,"{""P47306"": 3}"
GELNQYLXX,"{""P47558"": 22}"
GELNQYLXL,"{""P47558"": 84}"
GELNQYLKL,"{""P47558"": 5}"
GELNQXLXL,"{""P47558"": 4}"
GELNPTINF,"{""Q49413"": 658}"
GELXVGQEV,"{""P13927"": 460}"
GELXXQTPF,"{""P47306"": 98}"
GELXXXXXX,"{""P13927"": 146, ""P47306"": 30}"
GELXKQTPF,"{""P47306"": 8}"
GELLFNFHR,"{""P47492"": 22}"
GELLFNFHX,"{""P47492"": 4}"
GELLEYXFK,"{""P47405"": 1}"
GELLEYXFX,"{""P47405"": 9}"
GELLEYRFX,"{""P47405"": 18}"
GELLEYRFK,"{""P47405"": 1}"
GELTDXEQA,"{""P47448"": 97}"
GELTDXXXX,"{""P47448"": 26}"
GELTDKEQA,"{""P47448"": 3}"
GEIFVDXXX,"{""P47496"": 211}"
GEIFVDXXT,"{""P47496"": 381}"
GEIFVDXKT,"{""P47496"": 17}"
GEIFVDKXT,"{""P47496"": 16}"
GEIFVDKXX,"{""P47496"": 9}"
GEIFVDKKT,"{""P47496"": 1}"
GEIFAIAGV,"{""P47365"": 144}"
GEIXVGQPL,"{""P47315"": 521}"
GEIXVIGAT,"{""P47597"": 487}"
GEIXXXXXX,"{""P47597"": 131, ""P47315"": 82}"
GEIEGIPLQ,"{""P47525"": 103}"
GEIQPANHL,"{""P47398"": 113}"
GEIVXLESX,"{""P47542"": 104}"
GEIVXLESK,"{""P47542"": 4}"
GEIVXXXXX,"{""P47542"": 19}"
GEIVKLESX,"{""P47542"": 3}"
GEILNVSLE,"{""P47624"": 122}"
GEINRPLXX,"{""P47384"": 9}"
GEINRPLXA,"{""P47384"": 15}"
GEINRPLKA,"{""P47384"": 2}"
GEINXPLXA,"{""P47384"": 11}"
GEINXPLXX,"{""P47384"": 2}"
GEINXPLKA,"{""P47384"": 1}"
GEIKVGQPL,"{""P47315"": 19}"
GEIKVIGAT,"{""P47597"": 14}"
GETXFFISL,"{""P47318"": 83}"
GETXXXXXX,"{""P47318"": 21}"
GETKFFISL,"{""P47318"": 2}"
GEXISELEQ,"{""P47291"": 488}"
GEXINLDLI,"{""P47394"": 107}"
GEXIRGISE,"{""P47387"": 22}"
GEXIXGISE,"{""P47387"": 4}"
GEXITRISF,"{""P47615"": 14}"
GEXITXISF,"{""P47615"": 3}"
GEXFDPXXI,"{""P47534"": 301}"
GEXFDPXXX,"{""P47534"": 170}"
GEXFDPXKI,"{""P47534"": 16}"
GEXFDPKXI,"{""P47534"": 14}"
GEXFDPKXX,"{""P47534"": 7}"
GEXXXXXXX,"{""P47615"": 89, ""P47515"": 565, ""P47291"": 112, ""P47534"": 93, ""P47387"": 95, ""P47445"": 37, ""P47394"": 19}"
GEXDGIEVE,"{""P47445"": 119}"
GEXQXXFSN,"{""P47551"": 7}"
GEXQXXXXX,"{""P47551"": 4}"
GEXLDELXX,"{""P47358"": 1}"
GEXLDELXT,"{""P47358"": 3}"
GEXLEIGXX,"{""P47387"": 4}"
GEXLEIGXK,"{""P47387"": 1}"
GEVSGGGXX,"{""P47398"": 119}"
GEVSGGGXK,"{""P47398"": 3}"
GEVSGGGKX,"{""P47398"": 5}"
GEPLISFDN,"{""P47580"": 627}"
GEPTDPNXX,"{""P47274"": 95}"
GEPTDPNXT,"{""P47274"": 38}"
GEPTDPNKT,"{""P47274"": 1}"
GEFVIVIDN,"{""P47302"": 113}"
GEFVNGLST,"{""P47250"": 139}"
GEFVSCYLL,"{""P47473"": 27}"
GEFVSCXLL,"{""P47473"": 3}"
GEFVSXYLL,"{""P47473"": 2}"
GEFITILGP,"{""P47288"": 101}"
GEFSDFNDL,"{""P47580"": 118}"
GEFQNAIWF,"{""P47467"": 126}"
GEDYNGLSS,"{""P47386"": 593}"
GEDXNGLSS,"{""P47386"": 28}"
GEWIWYGFY,"{""Q49429"": 116}"
GEWIWYGFX,"{""Q49429"": 4}"
GEWIWXGFX,"{""Q49429"": 1}"
GEWIWXGFY,"{""Q49429"": 4}"
GEWVTVLDS,"{""P47306"": 150}"
GEMVDXVVL,"{""P47541"": 102}"
GEMVDXXXX,"{""P47541"": 28}"
GEMVDKVVL,"{""P47541"": 6}"
GEMLEXELI,"{""Q49434"": 97}"
GEMLEXXXX,"{""Q49434"": 25}"
GEMLEKELI,"{""Q49434"": 5}"
GEEVQAVFG,"{""P47431"": 119}"
GEERLXFTD,"{""P47541"": 3}"
GEERLYFTD,"{""P47541"": 21}"
GEEXLYFTD,"{""P47541"": 5}"
GEYLDELXT,"{""P47358"": 92}"
GEYLDELXX,"{""P47358"": 25}"
GEYLDELKT,"{""P47358"": 8}"
GEYQXXFSN,"{""P47551"": 81}"
GEYQXXXXX,"{""P47551"": 27}"
GEYQXKFSN,"{""P47551"": 4}"
GEYQKXFSN,"{""P47551"": 2}"
GEYQKXXXX,"{""P47551"": 1}"
GEKFDPXXI,"{""P47534"": 16}"
GEKFDPXXX,"{""P47534"": 3}"
GEKFDPXKI,"{""P47534"": 1}"
GEKISELEQ,"{""P47291"": 28}"
GEKITRISF,"{""P47615"": 3}"
GEKINLDLI,"{""P47394"": 3}"
GEKIRGISE,"{""P47387"": 1}"
GEKDGIEVE,"{""P47445"": 4}"
GESVXVIVV,"{""P47258"": 7}"
GESVRVIVV,"{""P47258"": 25}"
GENLNRIGM,"{""P47607"": 22}"
GENLNXIGM,"{""P47607"": 7}"
GERLEIGXX,"{""P47387"": 23}"
GVILYGPPG,"{""P47695"": 595}"
GVILXGPPG,"{""P47695"": 28}"
GVILXXXXX,"{""P47619"": 80}"
GVILXDGSE,"{""P47619"": 25}"
GVILFDIGV,"{""P47259"": 31}"
GVILKDGSE,"{""P47619"": 2}"
GVILACDRL,"{""P47308"": 7}"
GVILACDXL,"{""P47308"": 3}"
GVISXXXXX,"{""P47583"": 86}"
GVISXVVPI,"{""P47583"": 16}"
GVISKVVPI,"{""P47583"": 1}"
GVIFGLSGG,"{""P47623"": 121}"
GVIASGNTN,"{""P47472"": 650}"
GVIXXXXXX,"{""P47351"": 111}"
GVINNPEII,"{""P47612"": 98}"
GVINDQSLI,"{""P47683"": 30}"
GVTXTFAVE,"{""P47540"": 88}"
GVTXXXXXX,"{""P47540"": 24}"
GVTINFQLX,"{""P47508"": 130}"
GVTINFQLK,"{""P47508"": 4}"
GVTKTFAVE,"{""P47540"": 6}"
GVXXXXXXX,"{""P47648"": 124, ""P47516"": 103, ""P47332"": 558, ""P47539"": 210, ""P47281"": 105, ""P47688"": 84, ""P47660"": 34, ""P47250"": 109, ""Q49428"": 15}"
GVXXGIDDX,"{""P47539"": 365}"
GVXXGIDDK,"{""P47539"": 1}"
GVXXDTYXE,"{""P47660"": 46}"
GVXXDTYXX,"{""P47660"": 17}"
GVXXDTYKE,"{""P47660"": 8}"
GVXXDTXXE,"{""P47660"": 4}"
GVXXDTXXX,"{""P47660"": 1}"
GVXXTSVGY,"{""P47648"": 2}"
GVXTAPLVV,"{""P47515"": 10}"
GVXTLRVTD,"{""P47250"": 3}"
GVXTLXVTD,"{""P47250"": 1}"
GVXTRVGTM,"{""P47333"": 3}"
GVXDWFGDE,"{""P47281"": 477}"
GVXPEQLLL,"{""P47516"": 522}"
GVXIWTTVY,"{""Q49428"": 93}"
GVXIWTTVX,"{""Q49428"": 8}"
GVXFSTSQT,"{""P47688"": 29}"
GVXKGIDDX,"{""P47539"": 14}"
GVXKDTYXE,"{""P47660"": 6}"
GVXKDTYXX,"{""P47660"": 1}"
GVXGDFXEF,"{""P47283"": 27}"
GVXGDFXXX,"{""P47283"": 7}"
GVXSGTIGF,"{""P47332"": 26}"
GVPTVACVV,"{""P47647"": 606}"
GVPTVAXVV,"{""P47647"": 23}"
GVFGISLNX,"{""P47250"": 606}"
GVFGISLNK,"{""P47250"": 22}"
GVFVVIEGV,"{""P47252"": 135}"
GVFFTSSSA,"{""P47563"": 101}"
GVFNYXXXX,"{""P47248"": 115}"
GVFNNLLND,"{""P47587"": 130}"
GVFNXXXXX,"{""P47248"": 8}"
GVFIVPPET,"{""Q49429"": 36}"
GVFIPXIDS,"{""Q49404"": 9}"
GVFIPRIDS,"{""Q49404"": 34}"
GVNIXIXGP,"{""P47396"": 83}"
GVNIXIXXX,"{""P47396"": 20}"
GVNIXIKGP,"{""P47396"": 4}"
GVNIXLISN,"{""P47387"": 7}"
GVNIXXXXX,"{""P47396"": 18}"
GVNIRLISN,"{""P47387"": 14}"
GVNIKIXGP,"{""P47396"": 7}"
GVNIKIXXX,"{""P47396"": 3}"
GVNQLITXX,"{""P47494"": 455}"
GVNQLITXN,"{""P47494"": 107}"
GVNQLITKN,"{""P47494"": 6}"
GVNNDNQVF,"{""P47653"": 117}"
GVNEAVDNV,"{""P47647"": 119}"
GVNVVYSGA,"{""P47486"": 115}"
GVNVVXSGA,"{""P47486"": 8}"
GVNTLGAXV,"{""P47568"": 90}"
GVNTLGAXX,"{""P47568"": 26}"
GVNTLGAKV,"{""P47568"": 3}"
GVNSIXXXX,"{""P47635"": 84}"
GVNSIXPVY,"{""P47635"": 25}"
GVNSIXPVX,"{""P47635"": 1}"
GVNSIKPVY,"{""P47635"": 1}"
GVNAIIPIA,"{""P47286"": 12}"
GVYTAPLVV,"{""P47515"": 149}"
GVYGDFXXX,"{""P47283"": 103}"
GVYGDFXEF,"{""P47283"": 469}"
GVYGDFKEF,"{""P47283"": 27}"
GVGYNIAVV,"{""P47597"": 131}"
GVGFSLLQN,"{""Q49401"": 96}"
GVGSTXXXX,"{""P47476"": 100}"
GVGSTXNGR,"{""P47476"": 22}"
GVGSTXNGX,"{""P47476"": 3}"
GVGSTKNGR,"{""P47476"": 1}"
GVGXNIAVV,"{""P47597"": 10}"
GVGNGITLL,"{""P47416"": 35}"
GVDSFQIVD,"{""P47456"": 575}"
GVDSVAXXX,"{""P47512"": 90}"
GVDSVAXXV,"{""P47512"": 7}"
GVDSVAXRV,"{""P47512"": 21}"
GVDLPEADS,"{""P47286"": 116}"
GVDLAIXXX,"{""P47311"": 27}"
GVDLAIXSH,"{""P47311"": 93}"
GVDLAIKSH,"{""P47311"": 5}"
GVDQSWTRY,"{""P47432"": 113}"
GVDQSWTRX,"{""P47432"": 3}"
GVDQSWTXY,"{""P47432"": 26}"
GVDQSWTXX,"{""P47432"": 2}"
GVSSYXDSC,"{""P47362"": 13}"
GVSSYYDSC,"{""P47362"": 133}"
GVSSYYDSX,"{""P47362"": 6}"
GVSSXYDSC,"{""P47362"": 11}"
GVERXEVER,"{""P13927"": 20}"
GVERXEVEX,"{""P13927"": 2}"
GVERXXXXX,"{""P13927"": 97}"
GVERKEVER,"{""P13927"": 1}"
GVETDXXXX,"{""Q49408"": 98}"
GVETDXGIV,"{""Q49408"": 37}"
GVEXXXXXX,"{""P13927"": 25}"
GVEXXEVER,"{""P13927"": 8}"
GVLAALVVS,"{""P47636"": 119}"
GVLYFNEVI,"{""P47412"": 27}"
GVLXFNEVI,"{""P47412"": 2}"
GVHVVTVNE,"{""P47318"": 129}"
GVHAINQTF,"{""P47428"": 34}"
GVVVEVRDX,"{""P47486"": 25}"
GVVVEVRDK,"{""P47486"": 2}"
GVVVEVXDX,"{""P47486"": 8}"
GVVVAEMLD,"{""P47285"": 117}"
GVVCFIRVF,"{""P47384"": 23}"
GVVCFIXVF,"{""P47384"": 6}"
GVVXFIRVF,"{""P47384"": 1}"
GVQLIFWEX,"{""Q49432"": 112}"
GVQLIFWEK,"{""Q49432"": 6}"
GVQVADGYD,"{""Q49424"": 126}"
GVQVADGXD,"{""Q49424"": 10}"
GVQIITNAH,"{""P47513"": 33}"
GVAQNTTNS,"{""P47647"": 125}"
GVKDWFGDE,"{""P47281"": 23}"
GVKXGIDDX,"{""P47539"": 12}"
GVKXDTYKE,"{""P47660"": 2}"
GVKXDTYXE,"{""P47660"": 1}"
GVKXDTYXX,"{""P47660"": 1}"
GVKXDTXXE,"{""P47660"": 1}"
GVKXXXXXX,"{""P47539"": 2, ""P47660"": 1, ""P47648"": 3}"
GVKIWTTVY,"{""Q49428"": 4}"
GVKIWTTVX,"{""Q49428"": 1}"
GVKPEQLLL,"{""P47516"": 27}"
GVCTRVGTM,"{""P47333"": 26}"
GVCTXVGTM,"{""P47333"": 8}"
GQVLAXPGS,"{""P13927"": 500}"
GQVLAXXXX,"{""P13927"": 89}"
GQVLAKPGS,"{""P13927"": 21}"
GQVLRAVIV,"{""P47407"": 7}"
GQVLXAVIV,"{""P47407"": 1}"
GQVEVSPEE,"{""P47583"": 137}"
GQVIFPFVP,"{""P47481"": 7}"
GQYLVLXNQ,"{""P47285"": 115}"
GQYLVLXXX,"{""P47285"": 17}"
GQYLVLKNQ,"{""P47285"": 2}"
GQYESLNEI,"{""P47384"": 132}"
GQYGHVXXX,"{""P47335"": 438}"
GQYGHVXIR,"{""P47335"": 88}"
GQYGHVXIX,"{""P47335"": 26}"
GQYGHVKIR,"{""P47335"": 4}"
GQYGHVKIX,"{""P47335"": 3}"
GQITIPGSA,"{""P47700"": 574}"
GQITGNTTG,"{""P47381"": 126}"
GQXXXXXXX,"{""P47415"": 223, ""P47564"": 18, ""P55750"": 21, ""Q9ZB80"": 17}"
GQXTXLXXX,"{""P55750"": 16}"
GQXTXLXTN,"{""P55750"": 66}"
GQXTXLKTN,"{""P55750"": 1}"
GQXTXXXXX,"{""P55750"": 21}"
GQXTKLXTN,"{""P55750"": 3}"
GQXTRTNAR,"{""P47421"": 2}"
GQXGQXXXX,"{""P47415"": 385}"
GQXGQXARX,"{""P47415"": 59}"
GQXGQXAXX,"{""P47415"": 21}"
GQXGQKARX,"{""P47415"": 5}"
GQXGQKAXX,"{""P47415"": 4}"
GQXGHVXXX,"{""P47335"": 20}"
GQXGHVXIR,"{""P47335"": 6}"
GQXGHVXIX,"{""P47335"": 1}"
GQXEVXXXX,"{""P47564"": 32}"
GQXEVXAFX,"{""P47564"": 67}"
GQXEVKAFX,"{""P47564"": 1}"
GQXESLNEI,"{""P47384"": 7}"
GQXELIVGD,"{""P47641"": 2}"
GQXAIENNC,"{""Q9ZB80"": 99}"
GQXAIENNX,"{""Q9ZB80"": 5}"
GQXARXXXX,"{""P47415"": 15}"
GQXAXXXXX,"{""P47415"": 2}"
GQXQLGTXI,"{""P47346"": 3}"
GQXLVLXNQ,"{""P47285"": 7}"
GQXLVLKNQ,"{""P47285"": 1}"
GQAGGYTLS,"{""P47695"": 595}"
GQAGGXTLS,"{""P47695"": 33}"
GQQINEEGQ,"{""P47583"": 650}"
GQQRQDGTH,"{""P47407"": 19}"
GQQXQDGTH,"{""P47407"": 4}"
GQLAXPNSV,"{""P47574"": 103}"
GQLAXXXXX,"{""P47574"": 22}"
GQLAKPNSV,"{""P47574"": 3}"
GQLGEGIIF,"{""P47582"": 37}"
GQLDPVYEE,"{""P47388"": 117}"
GQLDPVXEE,"{""P47388"": 12}"
GQRELIVGD,"{""P47641"": 4}"
GQRQLGTXI,"{""P47346"": 19}"
GQRQLGTXX,"{""P47346"": 3}"
GQRQLGTKI,"{""P47346"": 1}"
GQNLMQTEA,"{""Q49430"": 132}"
GQNVILERX,"{""P47632"": 18}"
GQNVILEXX,"{""P47632"": 7}"
GQKGQXXXX,"{""P47415"": 12}"
GQKGQXARX,"{""P47415"": 4}"
GQKAIENNC,"{""Q9ZB80"": 5}"
GQKTXLXTN,"{""P55750"": 3}"
GQKTXLXXX,"{""P55750"": 1}"
GQKTXXXXX,"{""P55750"": 1}"
GQKEVXXXX,"{""P47564"": 1}"
GQKEVXAFX,"{""P47564"": 2}"
GQTNXAMRY,"{""Q49415"": 1}"
GQTNRAMRY,"{""Q49415"": 6}"
GQDEAIDAV,"{""P47597"": 11}"
GSXXXXXXX,"{""P13927"": 129, ""Q49410"": 103, ""P55825"": 140, ""P36263"": 19}"
GSXXPFYTP,"{""Q49410"": 1}"
GSXFCLNCQ,"{""P55825"": 34}"
GSXFCLNXQ,"{""P55825"": 2}"
GSXFNQXXX,"{""P55825"": 366}"
GSXFNQXHV,"{""P55825"": 96}"
GSXFNQKHV,"{""P55825"": 4}"
GSXFXLNCQ,"{""P55825"": 1}"
GSXIXIVXX,"{""P36263"": 57}"
GSXIXIVXN,"{""P36263"": 5}"
GSXIXXXXX,"{""P36263"": 25}"
GSXIKIVXX,"{""P36263"": 5}"
GSXIKIVXN,"{""P36263"": 1}"
GSXIVRVLL,"{""P47391"": 2}"
GSXSNGXXD,"{""P47431"": 22}"
GSXSNGXXX,"{""P47431"": 3}"
GSXSNGXKD,"{""P47431"": 2}"
GSXLDSDGT,"{""P20796"": 4}"
GSXLFSLNG,"{""P47488"": 5}"
GSXNPTASL,"{""P47341"": 41}"
GSXVVXAPS,"{""P47428"": 8}"
GSXVVXXXX,"{""P47428"": 1}"
GSXRPFYTP,"{""Q49410"": 1}"
GSQSDSLLX,"{""P20796"": 602}"
GSQSDSLLK,"{""P20796"": 21}"
GSQIDAXYX,"{""P47516"": 85}"
GSQIDAXYK,"{""P47516"": 4}"
GSQIDAXXX,"{""P47516"": 30}"
GSQIDAKYX,"{""P47516"": 2}"
GSQIDAKXX,"{""P47516"": 2}"
GSFQDNVTP,"{""P47534"": 595}"
GSFSVEXRX,"{""P47508"": 94}"
GSFSVEXRK,"{""P47508"": 4}"
GSFSVEXXX,"{""P47508"": 509}"
GSFSVEXXK,"{""P47508"": 3}"
GSFSVEKRX,"{""P47508"": 4}"
GSFASGDNL,"{""Q49409"": 148}"
GSFXQWVGX,"{""P47315"": 24}"
GSFRQWVGX,"{""P47315"": 102}"
GSFRQWVGK,"{""P47315"": 1}"
GSFLXPFLD,"{""P47253"": 88}"
GSFLXXXXX,"{""P47253"": 13}"
GSFLKPFLD,"{""P47253"": 1}"
GSGQSEYFI,"{""P47540"": 601}"
GSGQSEXFI,"{""P47540"": 27}"
GSGSVLTXX,"{""P47402"": 92}"
GSGSVLTXR,"{""P47402"": 13}"
GSGRXMDEL,"{""P47294"": 17}"
GSGRXXXXX,"{""P47294"": 4}"
GSGRKMDEL,"{""P47294"": 1}"
GSGLLIGPR,"{""P47374"": 134}"
GSGLLIGPX,"{""P47374"": 26}"
GSGHLNPAI,"{""P47279"": 131}"
GSGXXXXXX,"{""P47294"": 1}"
GSGXXMDEL,"{""P47294"": 5}"
GSHFFSDLX,"{""P47607"": 121}"
GSHFFSDLK,"{""P47607"": 6}"
GSITEAINA,"{""P22746"": 143}"
GSIVGIVGE,"{""P47325"": 641}"
GSIPGSWSG,"{""P47278"": 595}"
GSIPSGXXX,"{""P47502"": 26}"
GSIPSGXQQ,"{""P47502"": 83}"
GSIPSGKQQ,"{""P47502"": 3}"
GSIGSSLIA,"{""P47277"": 137}"
GSIYHEVIG,"{""P47414"": 29}"
GSNLXNSSY,"{""P47587"": 88}"
GSNLXNSSX,"{""P47587"": 4}"
GSNLXXXXX,"{""P47587"": 16}"
GSNLKNSSY,"{""P47587"": 4}"
GSVDEIFSN,"{""P47326"": 154}"
GSVYITDVG,"{""P47488"": 106}"
GSVXXXXXX,"{""P47415"": 112}"
GSVXITDVG,"{""P47488"": 2}"
GSYSNGXXD,"{""P47431"": 404}"
GSYSNGXXX,"{""P47431"": 161}"
GSYSNGXKD,"{""P47431"": 10}"
GSYSNGKXD,"{""P47431"": 16}"
GSYSNGKXX,"{""P47431"": 6}"
GSYSNGKKD,"{""P47431"": 4}"
GSYNPTASL,"{""P47341"": 588}"
GSYFCLNCQ,"{""P55825"": 544}"
GSYFCLNXQ,"{""P55825"": 27}"
GSYFXLNCQ,"{""P55825"": 25}"
GSYFXLNXQ,"{""P55825"": 2}"
GSYLFSLNG,"{""P47488"": 95}"
GSYLDSDGT,"{""P20796"": 125}"
GSYIVRVLL,"{""P47391"": 26}"
GSYIVXVLL,"{""P47391"": 4}"
GSPLYDSYP,"{""P47523"": 117}"
GSPLYDSXP,"{""P47523"": 5}"
GSPLXDSYP,"{""P47523"": 6}"
GSAXXXXXX,"{""P47304"": 564}"
GSAXSITAI,"{""P47304"": 28}"
GSAVGSLVA,"{""Q49405"": 590}"
GSAEGSAVV,"{""P47365"": 33}"
GSAMNPNDH,"{""P47400"": 11}"
GSAKSITAI,"{""P47304"": 1}"
GSEVXVIND,"{""P47470"": 96}"
GSEVXXXXX,"{""P47470"": 18, ""P47305"": 16}"
GSEVXALSL,"{""P47305"": 100}"
GSEVKALSL,"{""P47305"": 9}"
GSEVKVIND,"{""P47470"": 3}"
GSEQVILQA,"{""P47492"": 110}"
GSLEIDVLE,"{""P47508"": 124}"
GSLIXXFAP,"{""P47546"": 74}"
GSLIXXXXX,"{""P47546"": 27}"
GSLIXKFAP,"{""P47546"": 4}"
GSLIKXFAP,"{""P47546"": 2}"
GSLXEGLIT,"{""P47549"": 94}"
GSLXXXXXX,"{""P47549"": 17}"
GSLGIISQG,"{""P47540"": 103}"
GSLKEGLIT,"{""P47549"": 4}"
GSLSTRQXX,"{""P47582"": 26}"
GSLSTXQXX,"{""P47582"": 11}"
GSDAMQXAF,"{""P47549"": 118}"
GSDAMQXXX,"{""P47549"": 16}"
GSDAMQKAF,"{""P47549"": 7}"
GSSHGIEQA,"{""P47441"": 29}"
GSSSSSNLT,"{""P47502"": 113}"
GSSQNGYQG,"{""P47286"": 133}"
GSSQNGXQG,"{""P47286"": 5}"
GSCVVXAPS,"{""P47428"": 79}"
GSCVVXXXX,"{""P47428"": 20}"
GSCVVKAPS,"{""P47428"": 6}"
GSKFNQXXX,"{""P55825"": 14}"
GSKFNQXHV,"{""P55825"": 8}"
GSKIXIVXX,"{""P36263"": 3}"
GSKIXXXXX,"{""P36263"": 1}"
GSTRDVVEG,"{""P47254"": 26}"
GSTXDVVEG,"{""P47254"": 4}"
GLNGEPIFD,"{""P20796"": 635}"
GLNGVICCV,"{""P47584"": 113}"
GLNGVICXV,"{""P47584"": 4}"
GLNGVIXCV,"{""P47584"": 5}"
GLNTNXXXX,"{""P47647"": 92}"
GLNTNXGDE,"{""P47647"": 507}"
GLNTNKGDE,"{""P47647"": 27}"
GLNFPLIET,"{""P47269"": 130}"
GLNRTPAHI,"{""P47403"": 20}"
GLNLLLQVI,"{""Q49430"": 28}"
GLNISDNIA,"{""P47342"": 27}"
GLNVEIQIR,"{""P47520"": 23}"
GLNVEIQIX,"{""P47520"": 2}"
GLNXTPAHI,"{""P47403"": 1}"
GLLTNLXVV,"{""P47575"": 109}"
GLLTNLXXX,"{""P47575"": 19}"
GLLTNLKVV,"{""P47575"": 9}"
GLLTXMASN,"{""P47357"": 94}"
GLLTXXXXX,"{""P47357"": 28}"
GLLTDDERY,"{""P47582"": 30}"
GLLTDDEXY,"{""P47582"": 6}"
GLLTKMASN,"{""P47357"": 6}"
GLLINQMIX,"{""P47437"": 117}"
GLLINQMIK,"{""P47437"": 5}"
GLLISYQNK,"{""P47661"": 21}"
GLLISYQNX,"{""P47661"": 566}"
GLLISXQNX,"{""P47661"": 31}"
GLLISXQNK,"{""P47661"": 1}"
GLLIXXXXX,"{""Q49435"": 84}"
GLLIXQFRL,"{""Q49435"": 23}"
GLLIXQFXL,"{""Q49435"": 9}"
GLLIKQFRL,"{""Q49435"": 1}"
GLLWXXXXX,"{""P47288"": 27}"
GLLWXITTQ,"{""P47288"": 115}"
GLLWKITTQ,"{""P47288"": 1}"
GLLXYQFYE,"{""P47625"": 2}"
GLLRYQFYE,"{""P47625"": 4}"
GLMSXXXXX,"{""P47582"": 491}"
GLMSXSFNY,"{""P47582"": 117}"
GLMSXSFNX,"{""P47582"": 4}"
GLMSKSFNY,"{""P47582"": 3}"
GLMPNPXTE,"{""P47328"": 486}"
GLMPNPXXX,"{""P47328"": 103}"
GLMPNPKTE,"{""P47328"": 30}"
GLEILNXAT,"{""P47466"": 103}"
GLEILNXXX,"{""P47466"": 18}"
GLEILNKAT,"{""P47466"": 2}"
GLEFEAVFI,"{""P47486"": 113}"
GLEHFFILM,"{""P47429"": 119}"
GLTPNPDIW,"{""P47537"": 27}"
GLTIDWTVF,"{""P47534"": 113}"
GLTINNXHV,"{""P47693"": 85}"
GLTINNXXX,"{""P47693"": 23}"
GLTNXXXXX,"{""P47273"": 119}"
GLTTYVDDS,"{""P47250"": 116}"
GLTTXVDDS,"{""P47250"": 4}"
GLTLMELNY,"{""P47693"": 112}"
GLTLMELNX,"{""P47693"": 8}"
GLGFSXEPD,"{""P47660"": 7}"
GLGFSYEPD,"{""P47660"": 122}"
GLGIINIER,"{""P47331"": 120}"
GLGIINIEX,"{""P47331"": 27}"
GLGYTGGTI,"{""P47297"": 601}"
GLGPIANVI,"{""P47388"": 112}"
GLGEMDALQ,"{""P47249"": 99}"
GLGEMNADQ,"{""P47445"": 23}"
GLGGXXXXX,"{""P47277"": 84}"
GLGGXWHRH,"{""P47277"": 20}"
GLGGXWHXH,"{""P47277"": 4}"
GLGXTGGTI,"{""P47297"": 28}"
GLXXXXXXX,"{""P47597"": 582, ""P47583"": 91, ""P47585"": 17, ""P47460"": 21, ""P47593"": 20, ""P47481"": 14, ""P47311"": 18}"
GLXIVFLLI,"{""P47585"": 112}"
GLXQLDIIT,"{""P47481"": 109}"
GLXQLXXEY,"{""P47311"": 63}"
GLXQLXXEX,"{""P47311"": 2}"
GLXQLXXXX,"{""P47311"": 42}"
GLXQLXKEY,"{""P47311"": 3}"
GLXQLKXEY,"{""P47311"": 4}"
GLXQLKKEY,"{""P47311"": 1}"
GLXDVCWAX,"{""P47593"": 89}"
GLXDVCWAK,"{""P47593"": 3}"
GLXDVXWAX,"{""P47593"": 6}"
GLXNQAEDN,"{""P47460"": 101}"
GLXNQINDR,"{""P47583"": 24}"
GLXNQINDX,"{""P47583"": 5}"
GLXLAYLDS,"{""P47371"": 33}"
GLXLAXLDS,"{""P47371"": 5}"
GLXLVERYT,"{""P47678"": 1}"
GLXTXVSXX,"{""P47663"": 13}"
GLXTXVSXR,"{""P47663"": 7}"
GLXTXXXXX,"{""P47663"": 6}"
GLXTXWELF,"{""P47597"": 2}"
GLXTKVSXX,"{""P47663"": 3}"
GLXTRWELF,"{""P47597"": 3}"
GLXEFVVIX,"{""P47606"": 5}"
GLXEXIFID,"{""P47599"": 1}"
GLXERIFID,"{""P47599"": 1}"
GLXFDETYP,"{""P47677"": 8}"
GLPXTIMDN,"{""P47588"": 101}"
GLPXXXXXX,"{""P47588"": 24}"
GLPKTIMDN,"{""P47588"": 4}"
GLIXXANEL,"{""Q49435"": 416}"
GLIXXXXXX,"{""Q49435"": 170, ""P47537"": 23}"
GLIXDWXTX,"{""P47537"": 84}"
GLIXDWXTK,"{""P47537"": 1}"
GLIXDWXXX,"{""P47537"": 17}"
GLIXDWKTX,"{""P47537"": 4}"
GLIXKANEL,"{""Q49435"": 15}"
GLIESLSVX,"{""P47269"": 157}"
GLIESLSVK,"{""P47269"": 6}"
GLIENQSNW,"{""P47551"": 128}"
GLIFQDLXX,"{""P47587"": 85}"
GLIFQDLXP,"{""P47587"": 27}"
GLIFQDLKP,"{""P47587"": 1}"
GLINXLGLS,"{""P47365"": 97}"
GLINXXXXX,"{""P47365"": 22}"
GLINKLGLS,"{""P47365"": 4}"
GLIVALILS,"{""P47651"": 5}"
GLIKDWXTX,"{""P47537"": 5}"
GLIKXANEL,"{""Q49435"": 23}"
GLIKXXXXX,"{""Q49435"": 3}"
GLYTXVSXX,"{""P47663"": 374}"
GLYTXVSXR,"{""P47663"": 70}"
GLYTXVSKR,"{""P47663"": 5}"
GLYTXXXXX,"{""P47663"": 138}"
GLYTKVSXX,"{""P47663"": 18}"
GLYTKVSXR,"{""P47663"": 3}"
GLYDYVVID,"{""P47386"": 34}"
GLYDXVVID,"{""P47386"": 3}"
GLYFDETXP,"{""P47677"": 7}"
GLYFDETYP,"{""P47677"": 135}"
GLSHAIIAQ,"{""P47258"": 146}"
GLSTIIXVN,"{""P47620"": 527}"
GLSTIIXXX,"{""P47620"": 82}"
GLSTIIKVN,"{""P47620"": 25}"
GLSGNGSQL,"{""P47523"": 636}"
GLSGTYDML,"{""P47568"": 145}"
GLSGTXDML,"{""P47568"": 4}"
GLSMDSIXR,"{""P47574"": 32}"
GLSMDSIXX,"{""P47574"": 96}"
GLSMDSIKR,"{""P47574"": 1}"
GLSWNHYQI,"{""P47488"": 125}"
GLSWNHXQI,"{""P47488"": 4}"
GLSLANLXX,"{""P47436"": 93}"
GLSLANLXW,"{""P47436"": 1}"
GLSLRSFDG,"{""P47409"": 122}"
GLSLXSFDG,"{""P47409"": 40}"
GLDYYTGFV,"{""P47281"": 529}"
GLDYXTGFV,"{""P47281"": 23}"
GLDIGAIAF,"{""P47365"": 612}"
GLDFNDLIQ,"{""P47491"": 620}"
GLDFRNGGF,"{""P47427"": 116}"
GLDFXNGGF,"{""P47427"": 22}"
GLDSIIXDD,"{""Q49429"": 101}"
GLDSIIXXX,"{""Q49429"": 11}"
GLDSIIKDD,"{""Q49429"": 3}"
GLDSNQTQA,"{""Q49429"": 121}"
GLDRPVPXT,"{""P47523"": 17}"
GLDRPVPXX,"{""P47523"": 7}"
GLDXLSXIX,"{""P47619"": 79}"
GLDXLSXIK,"{""P47619"": 2}"
GLDXLSXXX,"{""P47619"": 17}"
GLDXLSKIX,"{""P47619"": 4}"
GLDXYTGFV,"{""P47281"": 30}"
GLDXXXXXX,"{""P47619"": 22}"
GLDXXTGFV,"{""P47281"": 4}"
GLDXPVPXT,"{""P47523"": 5}"
GLDKLSXIX,"{""P47619"": 6}"
GLDKLSXXX,"{""P47619"": 1}"
GLDAVXXXX,"{""P47445"": 92}"
GLDAVXXXP,"{""P47445"": 2}"
GLDAVXXRP,"{""P47445"": 10}"
GLDAVKXXX,"{""P47445"": 1}"
GLDGNSIGT,"{""P47307"": 11}"
GLVEQTTTE,"{""P47695"": 118}"
GLVGDNSDN,"{""Q49406"": 145}"
GLVGDQLSS,"{""P47321"": 33}"
GLVFGQFNH,"{""P47610"": 125}"
GLCLAYLDS,"{""P47371"": 556}"
GLCLAXLDS,"{""P47371"": 41}"
GLCEFVVIX,"{""P47606"": 110}"
GLCEFVVIK,"{""P47606"": 3}"
GLCERIFID,"{""P47599"": 22}"
GLCEXIFID,"{""P47599"": 5}"
GLQQXYGSE,"{""P47515"": 22}"
GLQQXXXXX,"{""P47515"": 86}"
GLQQXXGSE,"{""P47515"": 3}"
GLQQKYGSE,"{""P47515"": 1}"
GLQRVLIEX,"{""P47481"": 121}"
GLQRVLIEK,"{""P47481"": 4}"
GLQXVLIEX,"{""P47481"": 34}"
GLRLVERYT,"{""P47678"": 3}"
GLRLVEXYT,"{""P47678"": 1}"
GLRRIQSIL,"{""P47581"": 1}"
GLFAIAFLX,"{""P47613"": 112}"
GLFLAAIES,"{""P47515"": 113}"
GLFGFAGVT,"{""P47575"": 113}"
GLAXLIVAN,"{""P47437"": 110}"
GLAXXXXXX,"{""P47437"": 20}"
GLAPXPGGW,"{""P47605"": 104}"
GLAPXXXXX,"{""P47605"": 20}"
GLAPKPGGW,"{""P47605"": 9}"
GLAKLIVAN,"{""P47437"": 4}"
GLAVSFNNT,"{""Q49460"": 24}"
GLAQXILYG,"{""P47334"": 6}"
GLAQRILXG,"{""P47334"": 2}"
GLAQRILYG,"{""P47334"": 18}"
GLKQLKXXX,"{""P47311"": 1}"
GLKQLKXEY,"{""P47311"": 1}"
GLKQLDIIT,"{""P47481"": 5}"
GLKQLXXEY,"{""P47311"": 6}"
GLKQLXXXX,"{""P47311"": 1}"
GLKIVFLLI,"{""P47585"": 9}"
GLKNQINDR,"{""P47583"": 2}"
GLKNQAEDN,"{""P47460"": 7}"
GLKDVCWAX,"{""P47593"": 8}"
GLHHMLWEI,"{""P47445"": 26}"
GLHRTEPER,"{""P47583"": 8}"
GLHXTEPER,"{""P47583"": 2}"
GLHXTEPEX,"{""P47583"": 1}"
GGMDSYLFL,"{""P47355"": 591}"
GGMDSXLFL,"{""P47355"": 28}"
GGFICDTPG,"{""P47356"": 595}"
GGFIXDTPG,"{""P47356"": 27}"
GGXLITXXE,"{""P47315"": 341}"
GGXLITXXX,"{""P47315"": 148}"
GGXLITXKE,"{""P47315"": 15}"
GGXLITKXX,"{""P47315"": 4}"
GGXLITKXE,"{""P47315"": 19}"
GGXLITKKE,"{""P47315"": 1}"
GGXGNAAFX,"{""P47624"": 102}"
GGXGNAAFK,"{""P47624"": 2}"
GGXIGLFGG,"{""P47639"": 523}"
GGXIASNLV,"{""P47354"": 102}"
GGXISGLXX,"{""P47568"": 4}"
GGXISGLKX,"{""P47568"": 2}"
GGXILLDXX,"{""P47312"": 1}"
GGXILLDRX,"{""P47312"": 3}"
GGXAIATTG,"{""P47489"": 113}"
GGXXXXXXX,"{""P47639"": 100, ""P47315"": 89, ""P47354"": 12, ""P47624"": 22, ""P47489"": 15}"
GGXVXXXXX,"{""P47333"": 33}"
GGXVXDLPG,"{""P47333"": 1}"
GGXDANEVD,"{""P47453"": 3}"
GGXYXTXXX,"{""P47283"": 9}"
GGXNMXFSV,"{""P47414"": 1}"
GGVGVXGLT,"{""P47250"": 509}"
GGVGVXXXX,"{""P47250"": 103}"
GGVGVKGLT,"{""P47250"": 32}"
GGVYAXXXX,"{""P47254"": 95}"
GGVYAXPGE,"{""P47254"": 21}"
GGVTTIFMP,"{""P47481"": 580}"
GGVVRLNFN,"{""P22747"": 118}"
GGVVXLNFN,"{""P22747"": 21}"
GGVLXTTMA,"{""P47706"": 91}"
GGVLXXXXX,"{""P47706"": 29}"
GGVLKTTMA,"{""P47706"": 5}"
GGVXAXXXX,"{""P47254"": 2}"
GGQAFNEAV,"{""P47358"": 132}"
GGIIMSNNQ,"{""P47634"": 636}"
GGIILAIXD,"{""P47539"": 120}"
GGIILAIXX,"{""P47539"": 20}"
GGIILAIKD,"{""P47539"": 6}"
GGISLDCVQ,"{""P47664"": 132}"
GGISLDXVQ,"{""P47664"": 7}"
GGSXLGNTS,"{""P47564"": 496}"
GGSXXXXXX,"{""P47564"": 93}"
GGSXSSNFE,"{""P47502"": 31}"
GGSYSSNFE,"{""P47502"": 586}"
GGSSAQRVF,"{""P47397"": 118}"
GGSSAQXVF,"{""P47397"": 28}"
GGSGIVLKV,"{""P47408"": 10}"
GGSGIVLXV,"{""P47408"": 117}"
GGSGIVLXX,"{""P47408"": 29}"
GGSKLGNTS,"{""P47564"": 23}"
GGAPLHWTI,"{""P47605"": 646}"
GGEANSIGN,"{""P47467"": 620}"
GGYDANEVD,"{""P47453"": 118}"
GGYILLDRX,"{""P47312"": 30}"
GGYILLDRK,"{""P47312"": 2}"
GGYILLDXX,"{""P47312"": 2}"
GGHVGMAIG,"{""P47312"": 109}"
GGGXXXXXX,"{""P47400"": 120}"
GGGXIAXSA,"{""P47400"": 1}"
GGGXIARSA,"{""P47400"": 4}"
GGGNDXXXX,"{""P47534"": 85}"
GGGNDXLFX,"{""P47534"": 7}"
GGGNDXLFR,"{""P47534"": 27}"
GGGNDKLFX,"{""P47534"": 1}"
GGGFTGQAG,"{""P47656"": 7}"
GGGKIARSA,"{""P47400"": 1}"
GGLXXXXXX,"{""Q49417"": 132}"
GGLPVYSSG,"{""P47612"": 107}"
GGLPVXSSG,"{""P47612"": 9}"
GGTNIQSNP,"{""P47574"": 138}"
GGKLITXXE,"{""P47315"": 16}"
GGKLITXXX,"{""P47315"": 2}"
GGKLITXKE,"{""P47315"": 3}"
GGKLITKXE,"{""P47315"": 2}"
GGKIGLFGG,"{""P47639"": 20}"
GGKIASNLV,"{""P47354"": 4}"
GGKGNAAFX,"{""P47624"": 3}"
GGKAIATTG,"{""P47489"": 7}"
GGRYXXXXX,"{""P47283"": 2}"
GGRYXTXXX,"{""P47283"": 20}"
GGRYKTXXX,"{""P47283"": 1}"
GGRVXXXXX,"{""P47333"": 105}"
GGRISGLXX,"{""P47568"": 16}"
GGRISGLKX,"{""P47568"": 1}"
GGRNMRFSV,"{""P47414"": 8}"
GGRXXTXXX,"{""P47283"": 1}"
GGRXXXXXX,"{""P47283"": 1}"
GGPGGGNGG,"{""P47624"": 131}"
GGNGPVLIE,"{""P47516"": 32}"
GAVYAXDLE,"{""P47423"": 95}"
GAVYAXXXX,"{""P47423"": 16}"
GAVYAKDLE,"{""P47423"": 7}"
GAVFLDLGT,"{""P47427"": 600}"
GAVNGIITA,"{""P47486"": 616}"
GAVIFPNVD,"{""P47374"": 123}"
GAVXAXXXX,"{""P47423"": 3}"
GAVXAXDLE,"{""P47423"": 4}"
GAVXAKDLE,"{""P47423"": 1}"
GAIAFPFSI,"{""P47328"": 593}"
GAIDLQSXX,"{""P47702"": 107}"
GAIDLQSXR,"{""P47702"": 3}"
GAIPTDTVR,"{""P47684"": 19}"
GAIPTDTVX,"{""P47684"": 6}"
GASLAISFQ,"{""P47466"": 138}"
GASLEDVQI,"{""P47296"": 634}"
GASFFALFT,"{""P47366"": 602}"
GASVTTFSG,"{""P22747"": 636}"
GASXGLLTN,"{""P47575"": 112}"
GASXVLLXX,"{""P47414"": 88}"
GASXVLLXP,"{""P47414"": 27}"
GASXXXXXX,"{""P47575"": 22, ""P47414"": 21}"
GASKGLLTN,"{""P47575"": 5}"
GASKVLLXX,"{""P47414"": 3}"
GASKVLLXP,"{""P47414"": 2}"
GASQGQGLG,"{""P47270"": 8}"
GAEHISNTA,"{""P47700"": 552}"
GAEQTEYTX,"{""P47551"": 123}"
GAEQTEYTK,"{""P47551"": 3}"
GAEQTEXTX,"{""P47551"": 6}"
GAXVTDIVV,"{""P47388"": 519}"
GAXVNNLXN,"{""P47660"": 83}"
GAXVNNLXX,"{""P47660"": 18}"
GAXVNNLKN,"{""P47660"": 3}"
GAXVESIEG,"{""P47513"": 96}"
GAXXXXXXX,"{""P47336"": 107, ""P47388"": 81, ""P47258"": 84, ""P47327"": 24, ""P47660"": 27, ""P47513"": 18}"
GAXXVECEQ,"{""P47267"": 1}"
GAXXHFGVV,"{""Q49428"": 5}"
GAXNAXTIV,"{""P47327"": 92}"
GAXNAXXXX,"{""P47327"": 21}"
GAXNAKTIV,"{""P47327"": 5}"
GAXCVECEQ,"{""P47267"": 5}"
GAXAERFFL,"{""P47258"": 18}"
GAXAEXFFL,"{""P47258"": 5}"
GAXENNLXN,"{""P47660"": 3}"
GAXLFDQNX,"{""Q49396"": 13}"
GAXHXQLYD,"{""P56723"": 1}"
GAXHXXXXX,"{""P56723"": 3}"
GAFCXTXXI,"{""P47297"": 68}"
GAFCXTXXX,"{""P47297"": 29}"
GAFCXTXKI,"{""P47297"": 2}"
GAFCXTKXI,"{""P47297"": 4}"
GAFCXXXXX,"{""P47297"": 19}"
GAFCKTXXI,"{""P47297"": 2}"
GAFVDAHLL,"{""P47401"": 146}"
GAFXXTXXI,"{""P47297"": 3}"
GAFXXXXXX,"{""P47297"": 2}"
GALPIPLDE,"{""P47300"": 611}"
GALTNYLLX,"{""P47701"": 117}"
GALTNYLLK,"{""P47701"": 6}"
GALTNXLLX,"{""P47701"": 3}"
GALFSFGSL,"{""P47551"": 124}"
GANGFHILA,"{""P47551"": 123}"
GANPVNIXX,"{""P47632"": 2}"
GANPVNIRR,"{""P47632"": 4}"
GAYHXXXXX,"{""P56723"": 89}"
GAYHXQLYD,"{""P56723"": 27}"
GAYHXQLXD,"{""P56723"": 1}"
GAYXHFGVV,"{""Q49428"": 98}"
GAYXXXXXX,"{""Q49428"": 23}"
GAYXVECEQ,"{""P47267"": 3}"
GAYLFDQNX,"{""Q49396"": 89}"
GAYLFDQNK,"{""Q49396"": 3}"
GAYCVECEQ,"{""P47267"": 107}"
GAYCVEXEQ,"{""P47267"": 4}"
GAYKHFGVV,"{""Q49428"": 5}"
GATLYLRAD,"{""P47283"": 114}"
GATLYLXAD,"{""P47283"": 28}"
GATLXLXAD,"{""P47283"": 3}"
GATLXLRAD,"{""P47283"": 5}"
GATFYGIGE,"{""P47698"": 118}"
GATFXGIGE,"{""P47698"": 11}"
GAMQNFSYV,"{""P47291"": 101}"
GAMQNFSXV,"{""P47291"": 6}"
GARENNLXN,"{""P47660"": 25}"
GARENNLXX,"{""P47660"": 3}"
GARENNLKN,"{""P47660"": 1}"
GAQXXXXXX,"{""P47604"": 113}"
GAQXNDFSG,"{""P47604"": 9}"
GAQKNDFSG,"{""P47604"": 2}"
GAPVLLNMX,"{""P47250"": 129}"
GAPDVLLPL,"{""P47317"": 96}"
GAKVTDIVV,"{""P47388"": 30}"
GAKVESIEG,"{""P47513"": 3}"
GAKVNNLXN,"{""P47660"": 1}"
GAKNAXXXX,"{""P47327"": 1}"
GAKNAXTIV,"{""P47327"": 7}"
GAAFPEPGI,"{""P47583"": 104}"
GFTSFLENR,"{""P47423"": 118}"
GFTSFLENX,"{""P47423"": 30}"
GFTGAIXXX,"{""P47397"": 466}"
GFTGAIXXW,"{""P47397"": 22}"
GFTGAIXRW,"{""P47397"": 102}"
GFTGAIKXW,"{""P47397"": 2}"
GFTGAIKRW,"{""P47397"": 6}"
GFSPNSIEL,"{""P47457"": 624}"
GFSFXXXXX,"{""P47464"": 443}"
GFSFXNDGP,"{""P47464"": 148}"
GFSFKNDGP,"{""P47464"": 2}"
GFSQIEQFX,"{""P47441"": 614}"
GFSQIEQFK,"{""P47441"": 19}"
GFSSTTDTT,"{""P47661"": 612}"
GFSVLVDXA,"{""P47613"": 29}"
GFSVLVDXX,"{""P47613"": 92}"
GFSVLVDKA,"{""P47613"": 2}"
GFSANSDLY,"{""P47434"": 6}"
GFVHEHEVI,"{""P47581"": 591}"
GFVVDSTNN,"{""Q49408"": 132}"
GFVIFDYSG,"{""P36263"": 24}"
GFVIFDXSG,"{""P36263"": 3}"
GFVXXXXXX,"{""P58061"": 578}"
GFVENNLIG,"{""P47468"": 32}"
GFIFGGALA,"{""P47518"": 577}"
GFIYNXCSF,"{""P47544"": 456}"
GFIYNXXSF,"{""P47544"": 32}"
GFIYNXXXX,"{""P47544"": 93}"
GFIYNKCSF,"{""P47544"": 15}"
GFIYNKXSF,"{""P47544"": 1}"
GFIELTFXE,"{""P47703"": 112}"
GFIELTFXX,"{""P47703"": 16}"
GFIELTFKE,"{""P47703"": 6}"
GFILWNYLL,"{""P47533"": 111}"
GFILWNXLL,"{""P47533"": 7}"
GFIXXXXXX,"{""P47270"": 16}"
GFIXVEVIS,"{""P47270"": 101}"
GFIXNXCSF,"{""P47544"": 26}"
GFIXNXXXX,"{""P47544"": 3}"
GFIXNXXSF,"{""P47544"": 1}"
GFIXNKCSF,"{""P47544"": 2}"
GFIKVEVIS,"{""P47270"": 7}"
GFNIDFITF,"{""P47612"": 649}"
GFNFDENCI,"{""P47585"": 91}"
GFNFDENXI,"{""P47585"": 13}"
GFNLQDFLX,"{""P47256"": 608}"
GFNLQDFLK,"{""P47256"": 22}"
GFNLERLMX,"{""P47312"": 25}"
GFNLEXLMX,"{""P47312"": 5}"
GFNVIHPIG,"{""P47508"": 102}"
GFNPELFLI,"{""P47525"": 114}"
GFXGEXXXX,"{""P47615"": 411}"
GFXGEXITX,"{""P47615"": 20}"
GFXGEXITR,"{""P47615"": 72}"
GFXGEKITR,"{""P47615"": 6}"
GFXXXXXXX,"{""P47634"": 86, ""P47619"": 499, ""Q49411"": 124, ""P47664"": 160, ""P47496"": 37, ""P47615"": 121, ""P47625"": 15, ""P47344"": 20, ""P47422"": 4}"
GFXXXTPYS,"{""P47422"": 7}"
GFXXXLXDF,"{""Q49411"": 3}"
GFXXXLXXX,"{""Q49411"": 1}"
GFXXQIFNL,"{""P47664"": 420}"
GFXXLNHNS,"{""P47496"": 84}"
GFXXRLXDF,"{""Q49411"": 13}"
GFXXRLXXX,"{""Q49411"": 2}"
GFXTGFVIA,"{""P47625"": 103}"
GFXTNDFIF,"{""P47634"": 519}"
GFXTIRLXX,"{""P47619"": 67}"
GFXTIRLXT,"{""P47619"": 15}"
GFXTIRLKT,"{""P47619"": 1}"
GFXTIXLXX,"{""P47619"": 25}"
GFXTIXLXT,"{""P47619"": 6}"
GFXTVASET,"{""P47344"": 102}"
GFXTQFXIN,"{""P47314"": 22}"
GFXTQFXXX,"{""P47314"": 7}"
GFXTQFKIN,"{""P47314"": 1}"
GFXKQIFNL,"{""P47664"": 22}"
GFXKXLXXX,"{""Q49411"": 1}"
GFXKLNHNS,"{""P47496"": 2}"
GFXPGXIPP,"{""P47480"": 5}"
GFXEGWNXH,"{""P47699"": 1}"
GFQNLYEML,"{""P47277"": 128}"
GFQNLXEML,"{""P47277"": 7}"
GFQTLNXXX,"{""Q49405"": 23}"
GFQTLNXIA,"{""Q49405"": 98}"
GFQTLNKIA,"{""Q49405"": 3}"
GFQITQQNX,"{""P47346"": 6}"
GFQITQQNY,"{""P47346"": 122}"
GFDITIVTS,"{""P47409"": 609}"
GFDILFNVW,"{""P47618"": 585}"
GFDXHQEAF,"{""Q49427"": 11}"
GFDXSHFSR,"{""P47484"": 20}"
GFDXSHFSX,"{""P47484"": 4}"
GFDXXXXXX,"{""P47484"": 93}"
GFDYHQEAF,"{""Q49427"": 129}"
GFWQTVFFL,"{""P47434"": 609}"
GFYEGWNXH,"{""P47699"": 89}"
GFYEGWNXX,"{""P47699"": 18}"
GFYEGWNKH,"{""P47699"": 4}"
GFYVAGDCR,"{""P47348"": 20}"
GFYVAGDCX,"{""P47348"": 4}"
GFYVAGDXR,"{""P47348"": 1}"
GFEYTGNIX,"{""Q49430"": 585}"
GFEYTGNIK,"{""Q49430"": 17}"
GFETYILSS,"{""P47563"": 136}"
GFETLYAYX,"{""P47316"": 112}"
GFETLYAYK,"{""P47316"": 7}"
GFETLYAXX,"{""P47316"": 6}"
GFETLXAYX,"{""P47316"": 11}"
GFETGLIAM,"{""P47480"": 128}"
GFETXILSS,"{""P47563"": 4}"
GFEXXXXXX,"{""P47412"": 110}"
GFEXXLILV,"{""P47412"": 18}"
GFEXTGNIX,"{""Q49430"": 33}"
GFEFVDXXX,"{""P47335"": 111}"
GFEFVDXIV,"{""P47335"": 3}"
GFENCLEIR,"{""P47463"": 107}"
GFENCLEIX,"{""P47463"": 29}"
GFENXLEIR,"{""P47463"": 6}"
GFENXLEIX,"{""P47463"": 1}"
GFEKXXXXX,"{""P47412"": 2}"
GFEKXLILV,"{""P47412"": 2}"
GFFADWXXX,"{""P47653"": 533}"
GFFADWXNN,"{""P47653"": 33}"
GFFADWKNN,"{""P47653"": 1}"
GFFAFLLTW,"{""P47489"": 34}"
GFFSNIIVN,"{""P47609"": 119}"
GFFDXXXXX,"{""Q49429"": 94}"
GFFDXXLNW,"{""Q49429"": 23}"
GFFDXKLNW,"{""Q49429"": 2}"
GFFDKXXXX,"{""Q49429"": 4}"
GFFNVXVID,"{""P47288"": 15}"
GFFNVRVID,"{""P47288"": 21}"
GFRTQFXIN,"{""P47314"": 99}"
GFRTQFXXX,"{""P47314"": 21}"
GFRTQFKIN,"{""P47314"": 5}"
GFRPGXIPP,"{""P47480"": 23}"
GFRPGXXXX,"{""P47480"": 4}"
GFRPGKIPP,"{""P47480"": 2}"
GFRXKTPYS,"{""P47422"": 2}"
GFRXXTPYS,"{""P47422"": 12}"
GFRXXTPXS,"{""P47422"": 1}"
GFRXXXXXX,"{""P47422"": 6}"
GFRKXTPYS,"{""P47422"": 1}"
GFLSELLXX,"{""P47444"": 90}"
GFLSELLXT,"{""P47444"": 23}"
GFLAVGVSV,"{""P47502"": 143}"
GFLFWTXXX,"{""P47535"": 92}"
GFLFWTXXQ,"{""P47535"": 30}"
GFLFWTXKQ,"{""P47535"": 1}"
GFLFWTKXX,"{""P47535"": 1}"
GFLFWTKXQ,"{""P47535"": 1}"
GFLTESGGX,"{""P47668"": 121}"
GFLTESGGK,"{""P47668"": 1}"
GFLTVLSFF,"{""P47508"": 143}"
GFLXXXXXX,"{""P47432"": 25, ""P47447"": 96}"
GFLXXNHIS,"{""P47447"": 17}"
GFLXPNFSL,"{""P47432"": 104}"
GFLLLEXCS,"{""Q9ZB78"": 5}"
GFLLLERCS,"{""Q9ZB78"": 24}"
GFLKXXXXX,"{""P47447"": 5}"
GFLKPNFSL,"{""P47432"": 8}"
GFKGEXXXX,"{""P47615"": 18}"
GFKGEXITR,"{""P47615"": 6}"
GFKGEKITX,"{""P47615"": 1}"
GFKXLNHNS,"{""P47496"": 4}"
GFKXQIFNL,"{""P47664"": 16}"
GFKXXXXXX,"{""Q49411"": 2, ""P47664"": 3, ""P47496"": 1}"
GFKXRLXDF,"{""Q49411"": 1}"
GFKTNDFIF,"{""P47634"": 27}"
GFKTVASET,"{""P47344"": 5}"
GFKTGFVIA,"{""P47625"": 7}"
GFKTIRLXX,"{""P47619"": 4}"
GFKTIRLXT,"{""P47619"": 3}"
GFKTIXLXX,"{""P47619"": 1}"
GFKKQIFNL,"{""P47664"": 3}"
GFGYNVNXT,"{""P47378"": 90}"
GFGYNVNXX,"{""P47378"": 30}"
GFGYNVNKT,"{""P47378"": 2}"
GFGAGGDPA,"{""P47466"": 117}"
GFGLTGNAP,"{""P20796"": 123}"
GFGNDHGXX,"{""P47442"": 19}"
GFGNDHGXG,"{""P47442"": 94}"
GFGNDHGKG,"{""P47442"": 4}"
GFGXNVNXT,"{""P47378"": 7}"
GFGXNVNXX,"{""P47378"": 1}"
GFALQNTNF,"{""P47314"": 126}"
GFASGVERY,"{""P47342"": 20}"
GFASGVEXX,"{""P47342"": 1}"
GFASGVEXY,"{""P47342"": 1}"
GFAIGNXFX,"{""P47606"": 94}"
GFAIGNXFK,"{""P47606"": 4}"
GFAIGNXXX,"{""P47606"": 16}"
GFAIGNKFX,"{""P47606"": 3}"
GFMEIRGLG,"{""P47331"": 5}"
GFMEIXGLG,"{""P47331"": 1}"
GDFDLXXXX,"{""P47493"": 96}"
GDFDLXQHQ,"{""P47493"": 516}"
GDFDLKQHQ,"{""P47493"": 21}"
GDVXDVLLL,"{""P47547"": 485}"
GDVXXXXXX,"{""P47547"": 147}"
GDVNEXDXL,"{""Q49460"": 22}"
GDVNEXDXX,"{""Q49460"": 99}"
GDVNEXXXX,"{""Q49460"": 22}"
GDVNEKDXX,"{""Q49460"": 4}"
GDVNEKDXL,"{""Q49460"": 1}"
GDVLFIDEI,"{""Q49425"": 121}"
GDVKDVLLL,"{""P47547"": 18}"
GDVAQEVAL,"{""P47606"": 31}"
GDIXATEYD,"{""P47641"": 462}"
GDIXATEXD,"{""P47641"": 29}"
GDIXXXXXX,"{""P47641"": 80}"
GDILXXDFN,"{""P47701"": 72}"
GDILXXXXX,"{""P47701"": 31}"
GDILXKDFN,"{""P47701"": 6}"
GDILKXDFN,"{""P47701"": 3}"
GDILKKDFN,"{""P47701"": 1}"
GDIKATEYD,"{""P47641"": 32}"
GDIHLQAVR,"{""P47592"": 19}"
GDIHLQAVX,"{""P47592"": 7}"
GDQLFQNFN,"{""P47386"": 129}"
GDQFLXVDL,"{""P47470"": 102}"
GDQFLXXXX,"{""P47470"": 21}"
GDQFLKVDL,"{""P47470"": 5}"
GDXVVVITG,"{""P47408"": 100}"
GDXVPEVLL,"{""P47683"": 82}"
GDXXXXXXX,"{""P47683"": 41, ""P47408"": 31}"
GDXLVRLQT,"{""P47551"": 7}"
GDXLVXLQT,"{""P47551"": 1}"
GDDAIYAFH,"{""P47580"": 583}"
GDDAIXAFH,"{""P47580"": 33}"
GDTNHIALL,"{""P47448"": 6}"
GDTNIXYLV,"{""P47469"": 109}"
GDTNIXXLV,"{""P47469"": 3}"
GDTNIXXXX,"{""P47469"": 14}"
GDTNIKYLV,"{""P47469"": 4}"
GDTNIKXLV,"{""P47469"": 1}"
GDGSVGEDV,"{""P47496"": 644}"
GDGHNIPFA,"{""P47277"": 144}"
GDSFGGICV,"{""P47441"": 114}"
GDSFGGIXV,"{""P47441"": 6}"
GDWLLVIDE,"{""P47319"": 32}"
GDLGLEIPY,"{""P47458"": 154}"
GDLGLEIPX,"{""P47458"": 6}"
GDLFVHLYY,"{""P47442"": 129}"
GDLFVHLYX,"{""P47442"": 4}"
GDLFVHLXY,"{""P47442"": 8}"
GDLFVHLXX,"{""P47442"": 1}"
GDLILSSEX,"{""P47623"": 115}"
GDLILSSEK,"{""P47623"": 6}"
GDLIVRMXV,"{""P47248"": 18}"
GDLIVRMXX,"{""P47248"": 4}"
GDLIVRMKV,"{""P47248"": 1}"
GDLIVXMXV,"{""P47248"": 6}"
GDLIVXMXX,"{""P47248"": 2}"
GDENNPEXN,"{""P47314"": 102}"
GDENNPEXX,"{""P47314"": 18}"
GDENNPEKN,"{""P47314"": 2}"
GDENTTQXX,"{""P47635"": 90}"
GDENTTQXQ,"{""P47635"": 25}"
GDETXDLNT,"{""P47313"": 105}"
GDETXXXXX,"{""P47313"": 17}"
GDETKDLNT,"{""P47313"": 4}"
GDEGGFAPN,"{""P47647"": 122}"
GDAFASXNQ,"{""P47325"": 4}"
GDAFASRNQ,"{""P47325"": 26}"
GDYLVRLQT,"{""P47551"": 99}"
GDYLVXLQT,"{""P47551"": 35}"
GDKVVVITG,"{""P47408"": 8}"
GDKVPEVLL,"{""P47683"": 4}"
GRXPXHAPL,"{""P47491"": 78}"
GRXPXXXXX,"{""P47491"": 16}"
GRXPKHAPL,"{""P47491"": 6}"
GRXTNXVYX,"{""P47350"": 11}"
GRXTNXXXX,"{""P47350"": 3}"
GRXXXXXXX,"{""P47491"": 23, ""P47350"": 5, ""P47315"": 1}"
GRAAGAIII,"{""P47289"": 112}"
GRAARQGDX,"{""P47318"": 24}"
GRAARQGDK,"{""P47318"": 1}"
GRAAXQGDX,"{""P47318"": 9}"
GRAQXNGST,"{""P47563"": 21}"
GRAQXXXXX,"{""P47563"": 5}"
GRAQKNGST,"{""P47563"": 2}"
GRVNINDPN,"{""P47597"": 118}"
GRVILTTFA,"{""P47385"": 23}"
GRIVGMGXX,"{""P47365"": 28}"
GRNIDSIIX,"{""P47622"": 121}"
GRNIDSIIK,"{""P47622"": 1}"
GREIGINXN,"{""Q49410"": 110}"
GREIGINXX,"{""Q49410"": 12}"
GREIGINKN,"{""Q49410"": 3}"
GREPITSXX,"{""P47304"": 6}"
GREPITSXL,"{""P47304"": 15}"
GREPITSKL,"{""P47304"": 1}"
GRGYYLSVF,"{""Q2MHT0"": 26}"
GRGFTGAIX,"{""P47397"": 22}"
GRGISETFM,"{""P47682"": 23}"
GRGLQRVLI,"{""P47481"": 6}"
GRGLQXVLI,"{""P47481"": 2}"
GRGXYLSVF,"{""Q2MHT0"": 1}"
GRLQEIKQQ,"{""P47527"": 2}"
GRLQEIXQQ,"{""P47527"": 20}"
GRLQEIXXX,"{""P47527"": 5}"
GRQLIIIFL,"{""P47301"": 24}"
GRKPXHAPL,"{""P47491"": 9}"
GRKPKHAPL,"{""P47491"": 1}"
GRKTNXVYX,"{""P47350"": 1}"
GRRXXXXXX,"{""P47315"": 3}"
GPVNVELXX,"{""P47547"": 92}"
GPVNVELXL,"{""P47547"": 22}"
GPVRXENQD,"{""P47354"": 21}"
GPVRXXXXX,"{""P47354"": 2}"
GPVRKENQD,"{""P47354"": 1}"
GPVXXXXXX,"{""P47354"": 1}"
GPVXXENQD,"{""P47354"": 11}"
GPLTVSEFA,"{""P47388"": 120}"
GPLPLPTXX,"{""P47396"": 136}"
GPLPLPTXK,"{""P47396"": 4}"
GPLPLPTKX,"{""P47396"": 3}"
GPLYGNNRS,"{""P47665"": 108}"
GPLYGNNXS,"{""P47665"": 27}"
GPLGENTIX,"{""P47412"": 129}"
GPLGENTIK,"{""P47412"": 2}"
GPLXGNNRS,"{""P47665"": 6}"
GPDFPTGGN,"{""P47446"": 132}"
GPDFPTGAN,"{""P47250"": 120}"
GPNXQHFHY,"{""P47534"": 94}"
GPNXQHFHX,"{""P47534"": 7}"
GPNXXXXXX,"{""P47534"": 20}"
GPNKQHFHY,"{""P47534"": 6}"
GPNKQHFHX,"{""P47534"": 1}"
GPIMCLVGP,"{""P47481"": 126}"
GPIMXLVGP,"{""P47481"": 4}"
GPXIXQTXQ,"{""P47693"": 62}"
GPXIXQTXX,"{""P47693"": 16}"
GPXIXQTKQ,"{""P47693"": 1}"
GPXIXXXXX,"{""P47693"": 18}"
GPXIAIVGS,"{""P47698"": 15}"
GPXIKQTXQ,"{""P47693"": 4}"
GPXXXXXXX,"{""P47698"": 82, ""P47693"": 17, ""P47421"": 1}"
GPXXTVANX,"{""P47421"": 7}"
GPXGGIIMS,"{""P47634"": 31}"
GPXKTVANX,"{""P47421"": 1}"
GPAVQAIRA,"{""P47619"": 25}"
GPAVQAIXA,"{""P47619"": 8}"
GPRGGIIMS,"{""P47634"": 117}"
GPRXTVANX,"{""P47421"": 30}"
GPRXXXXXX,"{""P47421"": 4}"
GPRKTVANX,"{""P47421"": 2}"
GPKIXQTXQ,"{""P47693"": 7}"
GPKIAIVGS,"{""P47698"": 1}"
GMNPNELFL,"{""P47297"": 141}"
GMXYDMSGA,"{""P47631"": 506}"
GMXXQTAVL,"{""P47548"": 87}"
GMXXXXXXX,"{""P47631"": 100, ""P47548"": 40, ""P47446"": 18}"
GMXXDMSGA,"{""P47631"": 26}"
GMXLXLEDQ,"{""P47446"": 76}"
GMXLXXXXX,"{""P47446"": 14}"
GMXLREXQX,"{""P57085"": 2}"
GMXLKLEDQ,"{""P47446"": 3}"
GMXFDFEAX,"{""Q49422"": 5}"
GMXKQTAVL,"{""P47548"": 2}"
GMIYAXXXX,"{""P47403"": 441}"
GMIYAXGLN,"{""P47403"": 126}"
GMIYAKGLN,"{""P47403"": 6}"
GMIXAXXXX,"{""P47403"": 20}"
GMIXAXGLN,"{""P47403"": 6}"
GMEELNFQX,"{""P47460"": 584}"
GMEELNFQK,"{""P47460"": 21}"
GMFAYTGQY,"{""P47295"": 548}"
GMFAYTGQX,"{""P47295"": 30}"
GMFAXTGQY,"{""P47295"": 27}"
GMFAXTGQX,"{""P47295"": 1}"
GMYFDFEAX,"{""Q49422"": 123}"
GMYFDFEAK,"{""Q49422"": 6}"
GMDIAITGE,"{""P47399"": 148}"
GMDLXEAQX,"{""P47541"": 84}"
GMDLXEAQK,"{""P47541"": 1}"
GMDLXXXXX,"{""P47541"": 37}"
GMDLKEAQX,"{""P47541"": 10}"
GMLLETIVN,"{""Q49422"": 139}"
GMLPDNXLS,"{""P47657"": 1}"
GMGVXGMXL,"{""P47446"": 83}"
GMGVXGMXX,"{""P47446"": 19}"
GMGVXGMKL,"{""P47446"": 1}"
GMGVXXXXX,"{""P47446"": 26}"
GMGVKGMXL,"{""P47446"": 2}"
GMGVKGMXX,"{""P47446"": 1}"
GMGATVVSF,"{""P20796"": 137}"
GMARLLTGL,"{""P47496"": 28}"
GMAXLLTGL,"{""P47496"": 3}"
GMTRAXVIN,"{""P47481"": 15}"
GMTRAXXXX,"{""P47481"": 3}"
GMTRAKVIN,"{""P47481"": 1}"
GMTDTAMXT,"{""P47582"": 110}"
GMTDTAMXX,"{""P47582"": 19}"
GMTDTAMKT,"{""P47582"": 7}"
GMTXAXXXX,"{""P47481"": 2}"
GMTXAXVIN,"{""P47481"": 4}"
GMTXAKVIN,"{""P47481"": 1}"
GMQAXDAFE,"{""P47277"": 79}"
GMQAXXXXX,"{""P47277"": 24}"
GMQAKDAFE,"{""P47277"": 6}"
GMQIQRTWI,"{""P47254"": 17}"
GMQIQXTWI,"{""P47254"": 6}"
GMKYDMSGA,"{""P47631"": 23}"
GMKXQTAVL,"{""P47548"": 9}"
GMKXDMSGA,"{""P47631"": 2}"
GMKXXXXXX,"{""P47548"": 1}"
GMKLXLEDQ,"{""P47446"": 7}"
GMKLKLEDQ,"{""P47446"": 2}"
GMRLREXQX,"{""P57085"": 8}"
GMRLREXQK,"{""P57085"": 2}"
GMSSLQSAL,"{""P47283"": 28}"
GWTTIFLLM,"{""Q49433"": 607}"
GWTEVICGP,"{""P47280"": 117}"
GWTEVIXGP,"{""P47280"": 6}"
GWXAITVTD,"{""P47277"": 505}"
GWXXXXXXX,"{""P47277"": 91}"
GWFNSSSNC,"{""P47587"": 608}"
GWFNSSSNX,"{""P47587"": 38}"
GWLANSYLV,"{""P47315"": 32}"
GWLANSXLV,"{""P47315"": 1}"
GWNAPQCAG,"{""P47270"": 124}"
GWNAPQXAG,"{""P47270"": 4}"
GWKAITVTD,"{""P47277"": 20}"
GWAIQPNLA,"{""P47428"": 27}"
GYXXXXXXX,"{""Q49427"": 442, ""P47283"": 24, ""P47276"": 27, ""P47667"": 13}"
GYXXNPLAG,"{""Q49427"": 24}"
GYXVLNXXI,"{""P47283"": 64}"
GYXVLNXXX,"{""P47283"": 25}"
GYXVLNXKI,"{""P47283"": 4}"
GYXVLNKXI,"{""P47283"": 2}"
GYXLXXXXX,"{""P47276"": 83}"
GYXLXNDIV,"{""P47276"": 5}"
GYXLSVFGL,"{""Q2MHT0"": 28}"
GYXLTNPSD,"{""P47666"": 1}"
GYXRNPLAG,"{""Q49427"": 98}"
GYXNFEIAX,"{""P47667"": 117}"
GYXNFEIAK,"{""P47667"": 2}"
GYXDRYLSL,"{""P47487"": 1}"
GYLGWIIQS,"{""Q49430"": 606}"
GYLNVGDNH,"{""P47266"": 114}"
GYGLALGNX,"{""P47468"": 569}"
GYGLALGNK,"{""P47468"": 28}"
GYGXXAIDX,"{""P47535"": 61}"
GYGXXAIDK,"{""P47535"": 7}"
GYGXXXXXX,"{""P47535"": 26}"
GYGXKAIDX,"{""P47535"": 2}"
GYGKXAIDX,"{""P47535"": 6}"
GYGKXXXXX,"{""P47535"": 1}"
GYGANSLIF,"{""P47315"": 6}"
GYSSIAPEN,"{""P47625"": 608}"
GYSSDXXXX,"{""P47677"": 11}"
GYSSDXEEV,"{""P47677"": 96}"
GYSSDKEEV,"{""P47677"": 2}"
GYSFIAPEN,"{""P47535"": 590}"
GYYLSVFGL,"{""Q2MHT0"": 570}"
GYYDRYLSL,"{""P47487"": 21}"
GYYDRXLSL,"{""P47487"": 2}"
GYYDXYLSL,"{""P47487"": 1}"
GYDDVFRQV,"{""P47523"": 128}"
GYDDVFXQV,"{""P47523"": 28}"
GYDTYISNX,"{""P47261"": 105}"
GYDTXISNX,"{""P47261"": 5}"
GYDQNXLLE,"{""P47635"": 26}"
GYDQNRLLE,"{""P47635"": 125}"
GYDWFEXXE,"{""P47352"": 83}"
GYDWFEXXX,"{""P47352"": 42}"
GYDWFEXKE,"{""P47352"": 3}"
GYDWFEKXE,"{""P47352"": 3}"
GYDWFEKXX,"{""P47352"": 1}"
GYDLTFTLN,"{""P47635"": 124}"
GYDLNNTNX,"{""P47544"": 7}"
GYDLNNTNR,"{""P47544"": 27}"
GYDPXXLLX,"{""P47269"": 5}"
GYDPXXXXX,"{""P47269"": 2}"
GYDPRXLLX,"{""P47269"": 14}"
GYDPRXXXX,"{""P47269"": 4}"
GYASLNYEF,"{""P47384"": 89}"
GYASLNXEF,"{""P47384"": 8}"
GYANLVNXF,"{""P47368"": 30}"
GYANLVNRF,"{""P47368"": 101}"
GYAIEYMAX,"{""P47371"": 115}"
GYAIEXMAX,"{""P47371"": 5}"
GYISXXXXX,"{""P47387"": 93}"
GYISXXELS,"{""P47387"": 6}"
GYISXRELS,"{""P47387"": 24}"
GYISKRELS,"{""P47387"": 1}"
GYIINLETT,"{""P47387"": 122}"
GYIDQNGLA,"{""P47562"": 113}"
GYHPAXXXX,"{""P47427"": 555}"
GYHPAXXXS,"{""P47427"": 7}"
GYHPAXXRS,"{""P47427"": 18}"
GYHPAKXXX,"{""P47427"": 9}"
GYHPAKXRS,"{""P47427"": 3}"
GYVWFWMFA,"{""Q49414"": 123}"
GYVIRSEWI,"{""P47352"": 24}"
GYVIXSEWI,"{""P47352"": 6}"
GYFSVSEVV,"{""P47355"": 108}"
GYFDEQGXW,"{""P47442"": 107}"
GYFDEQGXX,"{""P47442"": 19}"
GYFDEQGKW,"{""P47442"": 4}"
GYFLVXEFG,"{""P47418"": 80}"
GYFLVXXXX,"{""P47418"": 19}"
GYFLVKEFG,"{""P47418"": 4}"
GYFTLVEQA,"{""P47642"": 121}"
GYTNSXFSF,"{""P47660"": 8}"
GYTNSRFSF,"{""P47660"": 30}"
GYEFIXXXX,"{""P47277"": 77}"
GYEFIXNRL,"{""P47277"": 21}"
GYEFIXNXL,"{""P47277"": 4}"
GYEXFFIDX,"{""P47620"": 91}"
GYEXFFIDK,"{""P47620"": 7}"
GYEXXXXXX,"{""P47620"": 19}"
GYEKFFIDX,"{""P47620"": 3}"
GYPGFRVTL,"{""P47344"": 99}"
GYPGFXVTL,"{""P47344"": 19}"
GYNXXXXXX,"{""P47407"": 126}"
GYKXNPLAG,"{""Q49427"": 3}"
GYKVLNXXI,"{""P47283"": 4}"
GYKLXXXXX,"{""P47276"": 5}"
GYKNFEIAX,"{""P47667"": 3}"
GYKRNPLAG,"{""Q49427"": 4}"
GYRLTNPSD,"{""P47666"": 6}"
GCGXSXXXX,"{""P47266"": 98}"
GCGXSXTND,"{""P47266"": 347}"
GCGXSKTND,"{""P47266"": 22}"
GCGXXXXXX,"{""P47266"": 92}"
GCGDLXIVF,"{""P47442"": 113}"
GCGDLXXXX,"{""P47442"": 13}"
GCGDLKIVF,"{""P47442"": 5}"
GCGKSXTND,"{""P47266"": 21}"
GCGKSXXXX,"{""P47266"": 5}"
GCGKSKTND,"{""P47266"": 1}"
GCFFALDSN,"{""P47385"": 594}"
GCTDVISLC,"{""P47628"": 560}"
GCTDVISLX,"{""P47628"": 34}"
GCDNQTIXA,"{""P47568"": 90}"
GCDNQTIXX,"{""P47568"": 19}"
GCDNQTIKA,"{""P47568"": 4}"
GCIPFLGXV,"{""P47696"": 83}"
GCIPFLGXX,"{""P47696"": 15}"
GCIPFLGKV,"{""P47696"": 5}"
GCSSIYXVR,"{""P47473"": 1}"
GCSSIYYVR,"{""P47473"": 4}"
GCSSIYYVX,"{""P47473"": 1}"
GKVLNVEXI,"{""P47445"": 18}"
GKVLNVEXX,"{""P47445"": 4}"
GKVLVIGGV,"{""P47481"": 26}"
GKVNWPEYV,"{""P47255"": 22}"
GKVNWPEXV,"{""P47255"": 1}"
GKVGYGIAX,"{""P47414"": 7}"
GKVGYGIAK,"{""P47414"": 2}"
GKVPVEVVQ,"{""P20796"": 8}"
GKIAVAVGI,"{""P36263"": 9}"
GKINMGIET,"{""P47571"": 6}"
GKILNVEXS,"{""P47249"": 27}"
GKILNVEXX,"{""P47249"": 7}"
GKIFYESLX,"{""P47582"": 6}"
GKIFNDLIN,"{""P47247"": 4}"
GKITINHXN,"{""P47656"": 1}"
GKITINHRN,"{""P47656"": 1}"
GKIVERGSV,"{""P47326"": 3}"
GKIDHQLEX,"{""P47248"": 6}"
GKIDHQLEK,"{""P47248"": 1}"
GKNXXXXXX,"{""P47657"": 4}"
GKNXANFTP,"{""P47657"": 24}"
GKNXSYFTX,"{""P47612"": 1}"
GKNXYVLEI,"{""P47662"": 2}"
GKNCYVLEI,"{""P47662"": 21}"
GKNCXVLEI,"{""P47662"": 2}"
GKNKANFTP,"{""P47657"": 1}"
GKHNWVSLX,"{""P47385"": 25}"
GKHNWVSLK,"{""P47385"": 1}"
GKHNNSFSV,"{""P47661"": 32}"
GKDNLSTTL,"{""P47310"": 3}"
GKDVLIVFD,"{""P47641"": 3}"
GKDVTXXAD,"{""P47342"": 4}"
GKDVTXXXX,"{""P47342"": 2}"
GKDVTKXAD,"{""P47342"": 1}"
GKDIVCAAI,"{""P47475"": 7}"
GKDIVXAAI,"{""P47475"": 1}"
GKDGIHLMG,"{""P47551"": 6}"
GKDTTIRSF,"{""P47422"": 5}"
GKDTTIXSF,"{""P47422"": 1}"
GKDSSGWSS,"{""P22747"": 2}"
GKYIIFLLS,"{""P55825"": 1}"
GKYLGWNTF,"{""P47647"": 2}"
GKYLLTDEX,"{""Q49430"": 7}"
GKLVKAASP,"{""P47426"": 2}"
GKLVXAASP,"{""P47426"": 7}"
GKLTSYTDI,"{""P47530"": 27}"
GKLLLTXDN,"{""P47652"": 3}"
GKLLLTKDN,"{""P47652"": 1}"
GKALNLAEI,"{""P47297"": 15}"
GKATANSLV,"{""P47542"": 3}"
GKAYRFXXX,"{""P47278"": 1}"
GKQLANSAX,"{""P47308"": 4}"
GKQLFMPIR,"{""P47700"": 2}"
GKQIXILHD,"{""P47587"": 5}"
GKQIXXXXX,"{""P47587"": 1}"
GKEIIXTFV,"{""P47604"": 22}"
GKEIIXXXX,"{""P47604"": 4}"
GKEDRLPDE,"{""P47288"": 2}"
GKSTGTQVX,"{""Q49460"": 5}"
GKSTVQFXX,"{""Q49436"": 2}"
GKSTVQFXG,"{""Q49436"": 4}"
GKRLQITYA,"{""P47571"": 2}"
GKRLFAXXX,"{""P47460"": 3}"
GKTVGVVGG,"{""P47348"": 4}"
GKTALLINF,"{""P47340"": 23}"
GKXLGWNTF,"{""P47647"": 1}"
GKXXXXXXX,"{""P47645"": 3, ""P47693"": 1, ""P47553"": 3, ""P47328"": 3}"
GKXMSGHYG,"{""P47397"": 4}"
GKXEYRTDS,"{""P47328"": 2}"
GKXRXSIPG,"{""P47553"": 1}"
GKXRXXXXX,"{""P47553"": 2}"
GKXSFLTIX,"{""P47693"": 3}"
GKXYSTFIP,"{""P47645"": 1}"
GKGGLPVYS,"{""P47612"": 3}"
GKPQIEITF,"{""P47547"": 6}"
GKFLDAAIN,"{""P47323"": 24}"
GKFIIQAXY,"{""P47446"": 3}"
GKFIIQAXX,"{""P47446"": 2}"
GKKRXXXXX,"{""P47553"": 1}"
GKKMSGHYG,"{""P47397"": 1}"
GHRXXXXXX,"{""P47481"": 86}"
GHRXTYLGS,"{""P47481"": 28}"
GHRXTXLGS,"{""P47481"": 1}"
GHRKTYLGS,"{""P47481"": 1}"
GHGSGLGXX,"{""P47415"": 469}"
GHGSGLGXT,"{""P47415"": 130}"
GHGSGLGKT,"{""P47415"": 6}"
GHHVXXXXX,"{""P47438"": 105}"
GHHVXFIVR,"{""P47438"": 2}"
GHHVXFIVX,"{""P47438"": 1}"
GHALFAEXG,"{""P47475"": 106}"
GHALFAEXX,"{""P47475"": 14}"
GHALFAEKG,"{""P47475"": 4}"
GHYGXLIIQ,"{""P47265"": 98}"
GHYGXXXXX,"{""P47265"": 22}"
GHYGKLIIQ,"{""P47265"": 2}"
GHXXTYLGS,"{""P47481"": 7}"
GHXXXXXXX,"{""P47481"": 28}"
GHXGXLIIQ,"{""P47265"": 1}"
XXVYILDEA,"{""P47658"": 90}"
XXVYVFSEX,"{""P47543"": 377}"
XXVYVFSEK,"{""P47543"": 2}"
XXVYFDFET,"{""P47606"": 21}"
XXVYNHFXT,"{""P22746"": 5}"
XXVDMIANG,"{""P47632"": 91}"
XXVQDLEQL,"{""P47484"": 90}"
XXVQEGXVC,"{""P47583"": 1}"
XXVQEGYVC,"{""P47583"": 25}"
XXVALAQDG,"{""P47468"": 34}"
XXVNTGLTX,"{""P47687"": 26}"
XXVNSSMQI,"{""Q49427"": 7}"
XXVXVFSEX,"{""P47543"": 21}"
XXVXSXSPA,"{""P47333"": 59}"
XXVXSXXXX,"{""P47333"": 12}"
XXVXSKSPA,"{""P47333"": 2}"
XXVXXXXXX,"{""P47597"": 4, ""P47687"": 6, ""P47333"": 19, ""P47312"": 1, ""P47668"": 1}"
XXVXNHAHL,"{""P47312"": 3}"
XXVXILDEA,"{""P47658"": 5}"
XXVXIXXXX,"{""Q49415"": 2}"
XXVXFDFET,"{""P47606"": 2}"
XXVXGFLTE,"{""P47668"": 4}"
XXVILFTQF,"{""P47264"": 4}"
XXVILDLDG,"{""P47706"": 4}"
XXVEAAVXX,"{""P47551"": 67}"
XXVEAAVXK,"{""P47551"": 1}"
XXVEAAVKX,"{""P47551"": 7}"
XXVESEXDT,"{""Q49460"": 82}"
XXVESEXXX,"{""Q49460"": 12}"
XXVESEKDT,"{""Q49460"": 7}"
XXVSRXXXX,"{""P47583"": 4}"
XXVSRXLRL,"{""P47583"": 1}"
XXVSXXXXX,"{""P47583"": 1}"
XXVFAINPX,"{""P47399"": 4}"
XXVLXTLTT,"{""Q49435"": 63}"
XXVLXXXXX,"{""Q49435"": 18}"
XXVLKTLTT,"{""Q49435"": 4}"
XXVLNYVLE,"{""P47386"": 3}"
XXVRIXXXX,"{""Q49415"": 9}"
XXVRVIIXX,"{""Q49400"": 1}"
XXVKSXSPA,"{""P47333"": 3}"
XXVKSXXXX,"{""P47333"": 1}"
XXLIPLAVL,"{""P47482"": 394}"
XXLIXXXXX,"{""P47495"": 404}"
XXLIWYWXX,"{""P47533"": 3}"
XXLIKXXXX,"{""P47495"": 18}"
XXLICGFLL,"{""P47528"": 6}"
XXLANYVFS,"{""P47506"": 388}"
XXLANXVFS,"{""P47506"": 21}"
XXLAXXXXX,"{""P47577"": 76, ""P20796"": 2}"
XXLAXXSWA,"{""P20796"": 6}"
XXLAXTSAT,"{""P47577"": 14}"
XXLAVXXXX,"{""P47612"": 2}"
XXLAVXLFE,"{""P47612"": 2}"
XXLAVQRNL,"{""P47703"": 1}"
XXLAVKLFE,"{""P47612"": 1}"
XXLALASVL,"{""P47545"": 8}"
XXLAQXXXX,"{""P47264"": 2}"
XXLAKTSAT,"{""P47577"": 2}"
XXLNAEVLL,"{""P47257"": 89}"
XXLNGXLEY,"{""P47267"": 7}"
XXLNGXXXX,"{""P47267"": 1}"
XXLNEYLEI,"{""P47706"": 5}"
XXLNXTLIE,"{""P47492"": 2}"
XXLNXXXXX,"{""P47492"": 1}"
XXLNCENLI,"{""P47606"": 4}"
XXLNLPNAQ,"{""P47458"": 2}"
XXLSEVATX,"{""P47286"": 96}"
XXLSENQTE,"{""P47479"": 11}"
XXLSEEXSX,"{""Q49419"": 1}"
XXLSLIIDI,"{""P47651"": 96}"
XXLSLQQIT,"{""P47591"": 6}"
XXLSHXVCS,"{""P47603"": 1}"
XXLSHRVCS,"{""P47603"": 1}"
XXLSVXLSD,"{""P47297"": 6}"
XXLSVKLSD,"{""P47297"": 1}"
XXLSPTLEV,"{""P47251"": 3}"
XXLLGLYXX,"{""Q49409"": 22}"
XXLLGLXXX,"{""Q49409"": 2}"
XXLLERNVN,"{""P47251"": 15}"
XXLLEXQXE,"{""P47384"": 49}"
XXLLEXQXX,"{""P47384"": 10}"
XXLLEXQKE,"{""P47384"": 3}"
XXLLEXNVN,"{""P47251"": 5}"
XXLLEXXXX,"{""P47384"": 9}"
XXLLEKQXE,"{""P47384"": 3}"
XXLLNHFDC,"{""P47627"": 377}"
XXLLNHFDX,"{""P47627"": 25}"
XXLLNYYFC,"{""P47606"": 5}"
XXLLINPXI,"{""P47352"": 2}"
XXLLINPXX,"{""P47352"": 1}"
XXLLLXDIN,"{""P47661"": 2}"
XXLLLXXXX,"{""P47661"": 1}"
XXLLLCNNL,"{""P47303"": 10}"
XXLLXYLXX,"{""P47663"": 17}"
XXLLXYLXE,"{""P47663"": 2}"
XXLLXXLXX,"{""P47663"": 1}"
XXLLXXXXX,"{""P47663"": 4}"
XXLLSRXXX,"{""P47405"": 1}"
XXLQTLGFH,"{""P47437"": 430}"
XXLQSLIET,"{""P47350"": 100}"
XXLQAVSXX,"{""P47541"": 4}"
XXLQAVSXK,"{""P47541"": 1}"
XXLDENPYP,"{""P47481"": 379}"
XXLDENPXP,"{""P47481"": 27}"
XXLDETVAL,"{""P47684"": 3}"
XXLDLCGLE,"{""P47545"": 7}"
XXLFNXGSX,"{""P36263"": 330}"
XXLFNXGSK,"{""P36263"": 11}"
XXLFNXXXX,"{""P36263"": 55}"
XXLFNKGSX,"{""P36263"": 9}"
XXLFVIXXX,"{""P47387"": 6}"
XXLFCEFSP,"{""P47609"": 4}"
XXLFLDCAY,"{""P47450"": 4}"
XXLFXEFSP,"{""P47609"": 1}"
XXLWPLPIT,"{""Q49426"": 91}"
XXLHHSFLT,"{""P47280"": 29}"
XXLTTNPQV,"{""P47442"": 77}"
XXLTQDYXX,"{""P47362"": 4}"
XXLTFISSD,"{""P47484"": 1}"
XXLESLSSY,"{""P47660"": 5}"
XXLESANXX,"{""Q49429"": 5}"
XXLESANKX,"{""Q49429"": 1}"
XXLEQAXIE,"{""P47353"": 2}"
XXLEQLFYD,"{""P47605"": 2}"
XXLENXNEX,"{""P47683"": 3}"
XXLENXXXX,"{""P47683"": 1}"
XXLXAVGSV,"{""P47384"": 4}"
XXLXAFPSE,"{""P47325"": 1}"
XXLXXXXXX,"{""P47481"": 6, ""P47325"": 3, ""P47651"": 3, ""Q49411"": 1, ""P47384"": 1}"
XXLXXEIFD,"{""P47481"": 2}"
XXLXXENLL,"{""P47651"": 1}"
XXLXDFSXX,"{""Q49411"": 2}"
XXLXDFSXQ,"{""Q49411"": 3}"
XXLXDQFGH,"{""P47265"": 1}"
XXLXVIIET,"{""P47296"": 3}"
XXLVNSAFX,"{""P47458"": 6}"
XXLVSDAGY,"{""P47302"": 1}"
XXLVIIQAN,"{""P47259"": 5}"
XXLMQXXXX,"{""P47282"": 1}"
XXLCHQFAL,"{""P47587"": 4}"
XXLKXXXXX,"{""P47651"": 1}"
XXLKVIIET,"{""P47296"": 1}"
XXLGNTEVR,"{""P47249"": 1}"
XXIATLIVA,"{""P47285"": 425}"
XXIANWLTV,"{""P47360"": 8}"
XXIAFIDTG,"{""P47571"": 6}"
XXIFAXXXX,"{""P47260"": 418}"
XXIFASTTP,"{""P47374"": 5}"
XXIFEDASG,"{""P47540"": 7}"
XXIFFFNLQ,"{""P47592"": 3}"
XXIESNXDL,"{""P47269"": 22}"
XXIESNXXX,"{""P47269"": 4}"
XXIESNKDL,"{""P47269"": 3}"
XXIEMITXI,"{""P47416"": 2}"
XXIEMITRI,"{""P47416"": 8}"
XXIEDAFVQ,"{""P47583"": 7}"
XXIXXXXXX,"{""P47658"": 30, ""P47564"": 69, ""P47604"": 30, ""P47271"": 17, ""P47257"": 2}"
XXIXXSNHX,"{""P47658"": 56}"
XXIXXSNHK,"{""P47658"": 1}"
XXIXXPXEI,"{""P47604"": 6}"
XXIXXPXXX,"{""P47604"": 54}"
XXIXXIAXX,"{""P47257"": 6}"
XXIXXGRHT,"{""P47564"": 1}"
XXIXYGRHT,"{""P47564"": 18}"
XXIXYGXHT,"{""P47564"": 6}"
XXIXYLMPL,"{""P47384"": 1}"
XXIXKPXXX,"{""P47604"": 2}"
XXIXKSNHX,"{""P47658"": 2}"
XXIXLLGXX,"{""P47385"": 1}"
XXIVPINPL,"{""P47426"": 85}"
XXIVXXXXX,"{""P47653"": 90}"
XXIVAMQXX,"{""P47481"": 7}"
XXIVAMQXD,"{""P47481"": 22}"
XXIVAMQKD,"{""P47481"": 1}"
XXIVKXXXX,"{""P47653"": 10}"
XXIVNLWFG,"{""P47301"": 7}"
XXIVEFTXX,"{""P52271"": 3}"
XXIVEFTXI,"{""P52271"": 5}"
XXIIIEVLD,"{""P47264"": 391}"
XXIIFVCQD,"{""Q9ZB82"": 84}"
XXIIFVXQD,"{""Q9ZB82"": 7}"
XXIIVEHNW,"{""Q49424"": 3}"
XXIIGFEDV,"{""P47633"": 6}"
XXISTSEIS,"{""P47629"": 95}"
XXISTIANL,"{""P47490"": 6}"
XXISEXEGI,"{""P47353"": 2}"
XXISEKEGI,"{""P47353"": 1}"
XXITGLNNE,"{""P47650"": 27}"
XXITTPIYY,"{""P47267"": 1}"
XXITVXXXX,"{""P47543"": 3}"
XXINGRGSY,"{""P55825"": 20}"
XXINGXGSY,"{""P55825"": 8}"
XXINVPSGL,"{""P47422"": 84}"
XXINCLEIL,"{""P47253"": 4}"
XXINAGISF,"{""P47365"": 3}"
XXINSAALX,"{""P47686"": 3}"
XXILEXXIV,"{""P47661"": 18}"
XXILEXXXX,"{""P47661"": 9}"
XXILEKXIV,"{""P47661"": 1}"
XXILEKXXX,"{""P47661"": 2}"
XXILDTFFX,"{""Q49418"": 6}"
XXILNXXXX,"{""P47661"": 1}"
XXILNXTLH,"{""P47661"": 1}"
XXILIEQEL,"{""P47277"": 4}"
XXILSELEH,"{""P47481"": 4}"
XXIKXXXXX,"{""P47658"": 1, ""P47604"": 1}"
XXIKXSNHX,"{""P47658"": 4}"
XXIKXPXXX,"{""P47604"": 3}"
XXIKKSNHX,"{""P47658"": 2}"
XXICYLMPL,"{""P47384"": 29}"
XXICLLGXX,"{""P47385"": 4}"
XXICXLMPL,"{""P47384"": 2}"
XXIQIGDXX,"{""P47583"": 1}"
XXIQIGDXL,"{""P47583"": 1}"
XXIQIGDKL,"{""P47583"": 1}"
XXIGXEISX,"{""P47662"": 4}"
XXMLVVANX,"{""P47624"": 73}"
XXMLVVANK,"{""P47624"": 2}"
XXMLINNLX,"{""P47701"": 23}"
XXMLINNLK,"{""P47701"": 1}"
XXMNFLYXD,"{""P47272"": 67}"
XXMNFLYXX,"{""P47272"": 12}"
XXMNFLYKD,"{""P47272"": 2}"
XXMNFLXXD,"{""P47272"": 3}"
XXMNFLXXX,"{""P47272"": 1}"
XXMIVSVSM,"{""P47681"": 75}"
XXMFXXXXX,"{""P47652"": 81}"
XXMGLLLGV,"{""P47631"": 5}"
XXMXQWVLK,"{""P47508"": 1}"
XXMXQWVLX,"{""P47508"": 2}"
XXMKQWVLX,"{""P47508"": 1}"
XXDDTHXMA,"{""P47334"": 57}"
XXDDTHXXX,"{""P47334"": 20}"
XXDDTHKMA,"{""P47334"": 3}"
XXDIYFXXX,"{""Q9ZB70"": 1}"
XXDIYFXEV,"{""Q9ZB70"": 3}"
XXDINNGXX,"{""P47251"": 19}"
XXDINNGXN,"{""P47251"": 1}"
XXDIGGILM,"{""Q49432"": 7}"
XXDGXXDSW,"{""P47613"": 48}"
XXDGXXXXX,"{""P47613"": 31}"
XXDGXKDSW,"{""P47613"": 1}"
XXDGKXDSW,"{""P47613"": 2}"
XXDNTIDYX,"{""P47346"": 31}"
XXDNTIDYR,"{""P47346"": 68}"
XXDNTIDXR,"{""P47346"": 5}"
XXDNTIDXX,"{""P47346"": 1}"
XXDNNGXAL,"{""P20796"": 1}"
XXDPITPFI,"{""P47315"": 21}"
XXDLXAIXG,"{""P47277"": 1}"
XXDLXAIYG,"{""P47277"": 6}"
XXDLXXXXX,"{""P47277"": 2}"
XXDVFFFST,"{""P47592"": 3}"
XXDVNDXGE,"{""P47542"": 4}"
XXDTLDVYG,"{""Q49404"": 4}"
XXDYLIEVN,"{""P47484"": 1}"
XXDEIXXIN,"{""P47685"": 3}"
XXDEIXXXX,"{""P47685"": 1}"
XXDEIKXIN,"{""P47685"": 1}"
XXDFVIQNX,"{""Q49419"": 4}"
XXDHFLXAT,"{""Q49460"": 1}"
XXTXXXXXX,"{""P47631"": 75, ""P47283"": 20}"
XXTXXSNXY,"{""P47265"": 1}"
XXTXITXXH,"{""P47277"": 3}"
XXTXITXXX,"{""P47277"": 1}"
XXTXLNINL,"{""P47631"": 337}"
XXTPYSAGV,"{""P47422"": 403}"
XXTPVXSXP,"{""P47461"": 51}"
XXTPVXSXX,"{""P47461"": 7}"
XXTPVXSKP,"{""P47461"": 3}"
XXTPVXXXX,"{""P47461"": 12}"
XXTPVKSXP,"{""P47461"": 1}"
XXTPXSAGV,"{""P47422"": 24}"
XXTGXIXDI,"{""P47397"": 54}"
XXTGXIXXX,"{""P47397"": 17}"
XXTGXIKDI,"{""P47397"": 1}"
XXTGXXXXX,"{""P47397"": 9}"
XXTGKIXDI,"{""P47397"": 2}"
XXTGFRVGI,"{""P47582"": 2}"
XXTSVFIAL,"{""Q49433"": 1}"
XXTELXXXX,"{""P47288"": 15}"
XXTELXADI,"{""P47288"": 70}"
XXTELKADI,"{""P47288"": 3}"
XXTEINLLD,"{""P47394"": 19}"
XXTEWNSVN,"{""Q49460"": 1}"
XXTLAFEQQ,"{""P47380"": 88}"
XXTLPINIT,"{""P47516"": 1}"
XXTKITXXX,"{""P47277"": 2}"
XXTKFNAXX,"{""P47368"": 1}"
XXTKLNINL,"{""P47631"": 13}"
XXTINFDHP,"{""P47622"": 5}"
XXTMGHXXX,"{""P47402"": 2}"
XXTNVXMTP,"{""P47668"": 6}"
XXTVQMEYN,"{""P47319"": 3}"
XXTVAGQSN,"{""Q49411"": 6}"
XXTTFXTLY,"{""Q49418"": 6}"
XXSILSNAN,"{""P47307"": 431}"
XXSAEIVFX,"{""Q9ZB71"": 408}"
XXSAEIVFK,"{""Q9ZB71"": 11}"
XXSSTAXVY,"{""P47656"": 20}"
XXSSTAXVX,"{""P47656"": 1}"
XXSSTAXXX,"{""P47656"": 5}"
XXSSTAKVY,"{""P47656"": 1}"
XXSSTAKVX,"{""P47656"": 1}"
XXSSLDLFP,"{""P47655"": 89}"
XXSSVFSYT,"{""P47320"": 24}"
XXSSVFSXT,"{""P47320"": 2}"
XXSSELPIF,"{""P47286"": 4}"
XXSSYXQYX,"{""P47427"": 2}"
XXSNGVNGF,"{""P47606"": 86}"
XXSNDYXXL,"{""Q49426"": 1}"
XXSLLXIAI,"{""Q49418"": 3}"
XXSLLXXXX,"{""Q49418"": 1}"
XXSLLKIAI,"{""Q49418"": 1}"
XXSLIQFXX,"{""P47610"": 6}"
XXSLIQFXN,"{""P47610"": 1}"
XXSLSQXMV,"{""P47658"": 3}"
XXSLSQXXX,"{""P47658"": 1}"
XXSLNSFEA,"{""Q9ZB70"": 7}"
XXSVNQPLE,"{""P47641"": 4}"
XXSPFDSGS,"{""P47249"": 22}"
XXSDLLAMI,"{""P47695"": 3}"
XXSFFEMXY,"{""P47332"": 1}"
XXSGVIEPN,"{""P47545"": 2}"
XXSELXXXX,"{""P47386"": 1}"
XXSTDXNXV,"{""P47502"": 5}"
XXSTDXNXX,"{""P47502"": 1}"
XXSTDXXXX,"{""P47502"": 3}"
XXSTLVMLD,"{""P47494"": 2}"
XXSTFIPNP,"{""P47645"": 2}"
XXSMQGLYD,"{""P47583"": 3}"
XXSXXXXXX,"{""P47641"": 3}"
XXSXXIFNS,"{""P47641"": 2}"
XXSYXXXXX,"{""P47615"": 1}"
XXSHDALTL,"{""P47603"": 1}"
XXYENEGFP,"{""P47321"": 381}"
XXYXASDIA,"{""P47706"": 305}"
XXYXGDQFL,"{""P47470"": 71}"
XXYXXXXXX,"{""P47706"": 54, ""P47470"": 15}"
XXYXNETSA,"{""P47670"": 1}"
XXYGENYLD,"{""P47455"": 86}"
XXYGENXLD,"{""P47455"": 4}"
XXYGXIETN,"{""P47583"": 5}"
XXYGXXXXX,"{""P47583"": 1}"
XXYQLNLII,"{""P47488"": 87}"
XXYQTTMII,"{""P47311"": 5}"
XXYWLLLPF,"{""P47289"": 79}"
XXYYNETSA,"{""P47670"": 16}"
XXYYVLDMF,"{""P47508"": 5}"
XXYFLEIIY,"{""P47606"": 4}"
XXYFLEIIX,"{""P47606"": 1}"
XXYKASDIA,"{""P47706"": 19}"
XXYKGDQFL,"{""P47470"": 2}"
XXYDPITPF,"{""P47315"": 2}"
XXYANVQFG,"{""P47615"": 9}"
XXYNETSAV,"{""P47670"": 27}"
XXYSEFSNP,"{""P47368"": 4}"
XXYHWFSXX,"{""P47442"": 3}"
XXYVRVIIX,"{""Q49400"": 1}"
XXYLLLGST,"{""P47563"": 5}"
XXYLESLSS,"{""P47660"": 2}"
XXXIVXXXX,"{""P47653"": 319}"
XXXIVKXXX,"{""P47653"": 9}"
XXXINVPSG,"{""P47422"": 56}"
XXXIIIEVL,"{""P47264"": 5}"
XXXIXXPXX,"{""P47604"": 30}"
XXXIXXPXE,"{""P47604"": 5}"
XXXIXXXXX,"{""P47604"": 27}"
XXXIXKPXX,"{""P47604"": 1}"
XXXISEXEG,"{""P47353"": 14}"
XXXISEXXX,"{""P47353"": 2}"
XXXISEKEG,"{""P47353"": 2}"
XXXILIEQE,"{""P47277"": 7}"
XXXIKXPXX,"{""P47604"": 4}"
XXXXXXIXX,"{""P47604"": 32}"
XXXXXXIXK,"{""P47604"": 1}"
XXXXXIXXX,"{""P47604"": 15}"
XXXXXIXXP,"{""P47604"": 23}"
XXXXXIKXX,"{""P47604"": 1}"
XXXXXKIXX,"{""P47604"": 1}"
XXXXASDIA,"{""P47706"": 18}"
XXXXIXXPX,"{""P47604"": 29}"
XXXXIXXXX,"{""P47604"": 21}"
XXXXKXIXX,"{""P47604"": 2}"
XXXXGDQFL,"{""P47470"": 5}"
XXXXNETSA,"{""P47670"": 1}"
XXXQAXXNQ,"{""P47438"": 15}"
XXXQAXXXX,"{""P47438"": 7}"
XXXQAXKNQ,"{""P47438"": 1}"
XXXQAKXXX,"{""P47438"": 1}"
XXXQXXXXX,"{""P47661"": 2, ""P47294"": 2}"
XXXQXYXLL,"{""P47661"": 2}"
XXXQLNLII,"{""P47488"": 9}"
XXXLLEXXX,"{""P47384"": 50}"
XXXLLEXQX,"{""P47384"": 271}"
XXXLLEXQK,"{""P47384"": 11}"
XXXLLEKQX,"{""P47384"": 11}"
XXXLLLCNN,"{""P47303"": 6}"
XXXLLLGST,"{""P47563"": 1}"
XXXLFIVLA,"{""Q49417"": 15}"
XXXLFCEFS,"{""P47609"": 2}"
XXXLIDFXX,"{""P47400"": 2}"
XXXSDTFIF,"{""P47662"": 2}"
XXXSIPGQH,"{""P47553"": 1}"
XXXSEFSNP,"{""P47368"": 1}"
XXXWPFFTF,"{""Q49418"": 66}"
XXXWLXXXX,"{""P47440"": 11}"
XXXWLXQAS,"{""P47440"": 5}"
XXXWLLLPF,"{""P47289"": 4}"
XXXENEGFP,"{""P47321"": 16}"
XXXYHWFSX,"{""P47442"": 6}"
XXXYNETSA,"{""P47670"": 2}"
XXXYTQWIF,"{""P47508"": 1}"
XXXVYEILX,"{""P47371"": 14}"
XXXVYEILK,"{""P47371"": 1}"
XXXVYFDFE,"{""P47606"": 19}"
XXXVXXXXX,"{""P52271"": 1}"
XXXVXEILX,"{""P47371"": 2}"
XXXVXPNYX,"{""P52271"": 1}"
XXXVLNYVL,"{""P47386"": 4}"
XXXVVXXXX,"{""P47582"": 1}"
XXXVFFNQN,"{""P47371"": 2}"
XXXGENYLD,"{""P47455"": 4}"
XXXGEFVSC,"{""P47473"": 1}"
XXXGDQFLX,"{""P47470"": 3}"
XXXPHNVSY,"{""P47404"": 1}"
XXXPLXSFQ,"{""P47579"": 3}"
XXXDPWFFQ,"{""P47288"": 2}"
XXXDTLDVY,"{""Q49404"": 4}"
XXXDIGGIL,"{""Q49432"": 7}"
XXXNTTVFF,"{""P47362"": 3}"
XXXNVFIFL,"{""Q49418"": 1}"
XXXKGDQFL,"{""P47470"": 1}"
XXXKIXXPX,"{""P47604"": 3}"
XXXKXIXXP,"{""P47604"": 1}"
XXXKXXIXX,"{""P47604"": 1}"
XXXTXXXXX,"{""P47631"": 1}"
XXXTXLNIN,"{""P47631"": 2}"
XXXTKLNIN,"{""P47631"": 1}"
XXXHANHQF,"{""P47344"": 1}"
XXXASDIAE,"{""P47706"": 3}"
XXNDXXXXX,"{""P47366"": 6}"
XXNDXTXFN,"{""P47366"": 44}"
XXNDXTXXX,"{""P47366"": 12}"
XXNDXTKFN,"{""P47366"": 1}"
XXNDEDETT,"{""P47353"": 5}"
XXNDKTXFN,"{""P47366"": 4}"
XXNDTXXXX,"{""P47502"": 2}"
XXNDTXDPG,"{""P47502"": 5}"
XXNDTIIIQ,"{""P47496"": 6}"
XXNSGGGWI,"{""Q9ZB74"": 86}"
XXNSHGGXD,"{""P47257"": 5}"
XXNSHGGXX,"{""P47257"": 4}"
XXNSHGGKD,"{""P47257"": 1}"
XXNSADHEF,"{""P47492"": 5}"
XXNSQTLEI,"{""P47660"": 5}"
XXNQFDYLN,"{""Q9ZB74"": 81}"
XXNQFDXLN,"{""Q9ZB74"": 3}"
XXNQFLALX,"{""P47460"": 3}"
XXNXNSNTL,"{""P47264"": 1}"
XXNXGLVEQ,"{""P47695"": 2}"
XXNXXXXXX,"{""P47264"": 2}"
XXNXSVGSI,"{""P47681"": 1}"
XXNXEQALL,"{""Q49414"": 1}"
XXNXTDTDT,"{""P47469"": 1}"
XXNMXXXXX,"{""P47561"": 28}"
XXNLLXEXD,"{""P47445"": 16}"
XXNLLXEXX,"{""P47445"": 2}"
XXNLLXXXX,"{""P47445"": 4}"
XXNLPFAIA,"{""P47493"": 7}"
XXNLVLILS,"{""P47326"": 5}"
XXNRLENSQ,"{""P47326"": 1}"
XXNRSVGSI,"{""P47681"": 2}"
XXNEXFNDY,"{""P47653"": 2}"
XXNTTVFFS,"{""P47362"": 3}"
XXNNASVFG,"{""P47693"": 5}"
XXNVFIFLH,"{""Q49418"": 1}"
XXEAEEXRX,"{""P47342"": 1}"
XXEAEEXXX,"{""P47342"": 1}"
XXEAXXXXX,"{""P47278"": 1}"
XXETVXXXX,"{""Q49429"": 15}"
XXETVXSXS,"{""Q49429"": 56}"
XXETVXSXX,"{""Q49429"": 12}"
XXETVXSKS,"{""Q49429"": 3}"
XXETVKSXS,"{""Q49429"": 2}"
XXETXAXYE,"{""P47386"": 3}"
XXETXAXXX,"{""P47386"": 1}"
XXETXAKYE,"{""P47386"": 1}"
XXEXLTAYD,"{""P47301"": 64}"
XXEXLATDF,"{""P47460"": 21}"
XXEXXXXXX,"{""Q49417"": 3, ""P47460"": 3, ""P47329"": 3, ""P47301"": 12, ""P47604"": 1}"
XXEXEEQXX,"{""P47604"": 8}"
XXEXEEQKX,"{""P47604"": 1}"
XXEXRLLEE,"{""Q49417"": 1}"
XXEXRXQNY,"{""P47702"": 1}"
XXEVNVLTE,"{""P47376"": 5}"
XXEGELQXL,"{""P47460"": 24}"
XXEGELQXX,"{""P47460"": 71}"
XXEEEITTG,"{""P47308"": 2}"
XXEEEAXXX,"{""P47530"": 2}"
XXEEEAXRL,"{""P47530"": 1}"
XXEFXXXXX,"{""P47479"": 52}"
XXEFXTAQE,"{""P47479"": 17}"
XXEFKTAQE,"{""P47479"": 2}"
XXEQLTFNL,"{""P47496"": 5}"
XXENLFFVT,"{""P47669"": 7}"
XXENEGFPG,"{""P47321"": 3}"
XXENDVRAM,"{""P47606"": 1}"
XXENPLPVS,"{""Q49399"": 1}"
XXEINQISD,"{""P47593"": 32}"
XXEIIXXXX,"{""P47290"": 2}"
XXELEELEX,"{""P47460"": 9}"
XXELIXXXX,"{""P47649"": 4}"
XXELIXTIY,"{""P47649"": 1}"
XXEKLTAYD,"{""P47301"": 1}"
XXWXXXXXX,"{""Q49398"": 2, ""P47533"": 4}"
XXWXXASXL,"{""Q49398"": 3}"
XXWPFFTFN,"{""Q49418"": 82}"
XXWLXXXXX,"{""P47440"": 286}"
XXWLXQASG,"{""P47440"": 77}"
XXWLKQASG,"{""P47440"": 6}"
XXWLLLPFF,"{""P47289"": 5}"
XXWNVNLQS,"{""P47665"": 24}"
XXWNPXXXX,"{""P47316"": 1}"
XXWVVLNLN,"{""P47415"": 4}"
XXWMHFLLT,"{""P47307"": 9}"
XXQTMEVDA,"{""P47460"": 385}"
XXQTTMIIV,"{""P47311"": 2}"
XXQTYPVVN,"{""Q49398"": 8}"
XXQTXPVVN,"{""Q49398"": 1}"
XXQFYNXXX,"{""P47582"": 4}"
XXQFLSFII,"{""P47366"": 23}"
XXQFXLIWL,"{""P47614"": 4}"
XXQXXXXXX,"{""P47294"": 4, ""P47491"": 19, ""P47264"": 6, ""P52271"": 2, ""P47661"": 1}"
XXQXXVDQI,"{""P47357"": 5}"
XXQXNITLS,"{""P47491"": 67}"
XXQXEGVXX,"{""P47264"": 11}"
XXQXEGVXW,"{""P47264"": 4}"
XXQXQQIQN,"{""P52271"": 5}"
XXQXTMLVG,"{""P47294"": 2}"
XXQXYXLLL,"{""P47661"": 1}"
XXQELISFL,"{""P47619"": 84}"
XXQELXINQ,"{""P47606"": 1}"
XXQELXXXX,"{""P47606"": 4}"
XXQEEELXX,"{""P47530"": 21}"
XXQEEELXR,"{""P47530"": 6}"
XXQEEELKR,"{""P47530"": 2}"
XXQLASNYP,"{""Q57081"": 10}"
XXQLAIGSE,"{""P47310"": 7}"
XXQLILNLN,"{""P47271"": 72}"
XXQLDVPNV,"{""P22747"": 6}"
XXQLNLIIA,"{""P47488"": 7}"
XXQLGFLRV,"{""P47660"": 3}"
XXQNYSXXX,"{""P47702"": 3}"
XXQNXSYLD,"{""P47372"": 1}"
XXQKNITLS,"{""P47491"": 4}"
XXQKEGVXX,"{""P47264"": 1}"
XXQKTMLVG,"{""P47294"": 1}"
XXQIKTTXC,"{""P47448"": 1}"
XXQIKTTXX,"{""P47448"": 1}"
XXQIDLMXR,"{""P47277"": 2}"
XXQIDLMXX,"{""P47277"": 3}"
XXQIDLMKR,"{""P47277"": 1}"
XXQIXTTXC,"{""P47448"": 15}"
XXQIXTTXX,"{""P47448"": 4}"
XXQIXTTKC,"{""P47448"": 1}"
XXQIXXXXX,"{""P47448"": 3}"
XXQQQIVVP,"{""P47265"": 9}"
XXQAXXXXX,"{""P47438"": 2}"
XXQAXXNQT,"{""P47438"": 5}"
XXQWNLINI,"{""P47386"": 4}"
XXQVDAQVR,"{""Q49409"": 1}"
XXRISEXEG,"{""P47353"": 66}"
XXRISEXXX,"{""P47353"": 8}"
XXRISEKEG,"{""P47353"": 3}"
XXRITFNEI,"{""P47368"": 1}"
XXRLLLCNN,"{""P47303"": 15}"
XXRLLLXNN,"{""P47303"": 1}"
XXRLLXYLX,"{""P47663"": 1}"
XXRLIDFXX,"{""P47400"": 4}"
XXRLIDFXR,"{""P47400"": 3}"
XXRFLVPNE,"{""P47625"": 2}"
XXRQAXXNQ,"{""P47438"": 36}"
XXRQAXXXX,"{""P47438"": 14}"
XXRQAXKNQ,"{""P47438"": 4}"
XXRQAKXNQ,"{""P47438"": 1}"
XXRNMXXXX,"{""P47561"": 8}"
XXRNMKXXX,"{""P47561"": 1}"
XXRYHWFSX,"{""P47442"": 19}"
XXRVVXLWN,"{""P47582"": 3}"
XXRGEFVSC,"{""P47473"": 3}"
XXRGRXPXH,"{""P47491"": 1}"
XXRXXXXXX,"{""P57085"": 1}"
XXREXIISN,"{""P47387"": 2}"
XXFYGFNGL,"{""P47580"": 7}"
XXFYNQFAE,"{""P47386"": 6}"
XXFDXRETI,"{""P47305"": 13}"
XXFDXXXXX,"{""P47305"": 63}"
XXFDXXETI,"{""P47305"": 7}"
XXFDFLSCI,"{""P47576"": 1}"
XXFDKXETI,"{""P47305"": 1}"
XXFLLNVVD,"{""P47580"": 14}"
XXFLIAFGC,"{""P47468"": 7}"
XXFLEIIYD,"{""P47606"": 28}"
XXFLEIIXD,"{""P47606"": 4}"
XXFLESFSP,"{""P47471"": 4}"
XXFLDLTYN,"{""P47382"": 5}"
XXFLDLTXN,"{""P47382"": 1}"
XXFLFEFNA,"{""P47349"": 6}"
XXFLSFSDG,"{""P47249"": 9}"
XXFEQQLEE,"{""P47382"": 15}"
XXFNPEFGL,"{""P47667"": 5}"
XXFNNNLEE,"{""Q9ZB70"": 2}"
XXFSISFXX,"{""P47533"": 5}"
XXFSINGLT,"{""Q49460"": 3}"
XXFSLDWIL,"{""Q49409"": 4}"
XXFSTLLNL,"{""P47371"": 1}"
XXFCLENSV,"{""P47371"": 23}"
XXFXHLEPT,"{""P47653"": 4}"
XXFXXXXXX,"{""P47516"": 7, ""P47447"": 2, ""P52271"": 1}"
XXFXNLSGG,"{""P47447"": 1}"
XXFXTFTFA,"{""P52271"": 5}"
XXFGLYGAR,"{""P47656"": 17}"
XXFGLYGAX,"{""P47656"": 5}"
XXFKNLSGG,"{""P47447"": 1}"
XXFQAXSDL,"{""P47325"": 2}"
XXFQAKSDL,"{""P47325"": 1}"
XXFIIDDDI,"{""P47486"": 4}"
XXCDTLDVY,"{""Q49404"": 58}"
XXCDTLDVX,"{""Q49404"": 4}"
XXCVFFNQN,"{""P47371"": 27}"
XXCACVITE,"{""P47296"": 1}"
XXCRFCAIG,"{""P47338"": 1}"
XXPIXXXXX,"{""P47401"": 88}"
XXPIXTWSR,"{""P47401"": 2}"
XXPIISIED,"{""P47647"": 8}"
XXPGMYIGS,"{""P47249"": 17, ""P47445"": 6}"
XXPGMXIGS,"{""P47445"": 1, ""P47249"": 1}"
XXPDLLXXX,"{""P47255"": 1}"
XXPDLLXAT,"{""P47255"": 4}"
XXPDLLKAT,"{""P47255"": 2}"
XXPDNQXTL,"{""P47640"": 69}"
XXPDNQXXX,"{""P47640"": 18}"
XXPDNQKTL,"{""P47640"": 3}"
XXPDFIPXX,"{""P47576"": 4}"
XXPDFIPXR,"{""P47576"": 2}"
XXPRSWXXX,"{""P52271"": 15}"
XXPYSVLLF,"{""P47597"": 16}"
XXPXXXXXX,"{""P47651"": 20}"
XXPXPNFXX,"{""P47338"": 1}"
XXPXPNFXR,"{""P47338"": 1}"
XXPXSWXXX,"{""P52271"": 7}"
XXPXIRXKL,"{""P47651"": 1}"
XXPLNFITR,"{""Q9ZB78"": 13}"
XXPLNFITX,"{""Q9ZB78"": 6}"
XXANXXQXA,"{""P47705"": 41}"
XXANXXQXX,"{""P47705"": 6}"
XXANXXQKA,"{""P47705"": 4}"
XXANXXXXX,"{""P47705"": 27}"
XXANXKQXA,"{""P47705"": 2}"
XXANXKQXX,"{""P47705"": 1}"
XXANKXXXX,"{""P47705"": 2}"
XXANKXQXA,"{""P47705"": 1}"
XXANYDXYG,"{""P47442"": 3}"
XXARLVTGY,"{""P47272"": 61}"
XXAEEAXXX,"{""P47342"": 5}"
XXAEEAXRN,"{""P47342"": 1}"
XXAESGDXX,"{""P47270"": 1}"
XXAESGDXI,"{""P47270"": 5}"
XXASIXAEX,"{""P47297"": 6}"
XXASIXXXX,"{""P47297"": 2}"
XXASDIAEI,"{""P47706"": 11}"
XXAXLVTGY,"{""P47272"": 19}"
XXAXLVTGX,"{""P47272"": 3}"
XXAXXXXXX,"{""P47333"": 25}"
XXAVLEDQI,"{""P47460"": 20}"
XXAVYYGIX,"{""P47330"": 5}"
XXAINQLVT,"{""P47491"": 11}"
XXAIAXTLD,"{""P47443"": 3}"
XXAIAXXXX,"{""P47443"": 1}"
XXAIGFMPX,"{""P47370"": 3}"
XXAIGFMPK,"{""P47370"": 1}"
XXAPHQXNH,"{""P47448"": 15}"
XXAPHQXXX,"{""P47448"": 5}"
XXAWTALGA,"{""P47282"": 17}"
XXALTLLTV,"{""P47295"": 24}"
XXATVSLAG,"{""P47382"": 3}"
XXAGDLIII,"{""P47265"": 2}"
XXAANNYLA,"{""Q49460"": 2}"
XXGLGEMDA,"{""P47249"": 35}"
XXGLGEMNA,"{""P47445"": 10}"
XXGLVFGQF,"{""P47610"": 24}"
XXGLNTNXG,"{""P47647"": 3}"
XXGLNTNXX,"{""P47647"": 1}"
XXGAQXXXX,"{""P47604"": 68}"
XXGAQXNDF,"{""P47604"": 1}"
XXGAIDLQS,"{""P47702"": 5}"
XXGIASDQX,"{""P47583"": 19}"
XXGILXAYG,"{""Q49460"": 24}"
XXGILXAXG,"{""Q49460"": 2}"
XXGILXXXX,"{""Q49460"": 8}"
XXGINNLVV,"{""P47457"": 2}"
XXGFWXXXX,"{""Q49429"": 25}"
XXGFWXNHT,"{""Q49429"": 7}"
XXGFWKNHT,"{""Q49429"": 1}"
XXGFHGTSY,"{""P47599"": 1}"
XXGNVXNLI,"{""Q49408"": 1}"
XXGENYLDX,"{""P47455"": 2}"
XXGXIETNF,"{""P47583"": 1}"
XXGXINMGI,"{""P47571"": 4}"
XXGXXXXXX,"{""P47603"": 9, ""P55825"": 2}"
XXGXXIIFL,"{""P55825"": 1}"
XXGXYIIFL,"{""P55825"": 1}"
XXGDLFVHL,"{""P47442"": 2}"
XXGDIXHPX,"{""P47464"": 2}"
XXGDIXXXX,"{""P47464"": 2}"
XXGDIKHPX,"{""P47464"": 1}"
XXGDQFLXX,"{""P47470"": 1}"
XXGDQFLXV,"{""P47470"": 1}"
XXGPECEXS,"{""P56723"": 1}"
XXGPECEKS,"{""P56723"": 1}"
XXGKINMGI,"{""P47571"": 1}"
XXGVSSYYD,"{""P47362"": 2}"
XXKIKXPXX,"{""P47604"": 2}"
XXKIVXXXX,"{""P47653"": 11}"
XXKIVKXXX,"{""P47653"": 1}"
XXKIXXPXX,"{""P47604"": 1}"
XXKIXXXXX,"{""P47604"": 1}"
XXKINVPSG,"{""P47422"": 2}"
XXKXXIXXP,"{""P47604"": 2}"
XXKXXIXXX,"{""P47604"": 1}"
XXKXXXIXX,"{""P47604"": 1}"
XXKXXXXXX,"{""P47604"": 2}"
XXKXIXXXX,"{""P47604"": 3}"
XXKWPFFTF,"{""Q49418"": 6}"
XXKWLXXXX,"{""P47440"": 1}"
XXKLLEXQX,"{""P47384"": 10}"
XXKTXXXXX,"{""P47631"": 1}"
XXKYTQWIF,"{""P47508"": 1}"
XXKVLNYVL,"{""P47386"": 1}"
XXKQXXXXX,"{""P47294"": 1}"
XXHVATGDS,"{""Q49431"": 4}"
XXHANHQFT,"{""P47344"": 26}"
XXHAYTSHL,"{""P47439"": 5}"
XXHIXLRXE,"{""Q49436"": 1}"
XXHIXXXXX,"{""Q49436"": 2}"
XXHQALHAY,"{""P47610"": 5}"
XXHXGMDLX,"{""P47541"": 5}"
XXHGXXLIX,"{""P47660"": 7}"
XXHGXXXXX,"{""P47660"": 2}"
XXHWFSXXP,"{""P47442"": 1}"
XXHPDRNNA,"{""P47442"": 1}"
XXHYDNLXA,"{""P47400"": 1}"
XEXXXXXXX,"{""P47368"": 83, ""P35888"": 85, ""P47702"": 22, ""P47566"": 26, ""Q49417"": 368, ""P47619"": 51, ""P47465"": 74, ""P47301"": 17, ""Q49413"": 82, ""P47402"": 17, ""P47658"": 22, ""P47636"": 31, ""P47329"": 6, ""P47604"": 81, ""P47597"": 13, ""P47387"": 3, ""P47532"": 2, ""P47311"": 1}"
XEXXXQELI,"{""P47619"": 62}"
XEXXXQNYS,"{""P47702"": 1}"
XEXXXLKXX,"{""P47532"": 1}"
XEXXXLXXX,"{""P47532"": 2}"
XEXXXLXXQ,"{""P47532"": 3}"
XEXXXSIIX,"{""P47311"": 1}"
XEXXLLEEX,"{""Q49417"": 23}"
XEXXKQELI,"{""P47619"": 1}"
XEXEEQXXX,"{""P47604"": 129}"
XEXEEQXXL,"{""P47604"": 255}"
XEXEEQXKL,"{""P47604"": 14}"
XEXEEQKXL,"{""P47604"": 15}"
XEXEEQKXX,"{""P47604"": 7}"
XEXEEQKKL,"{""P47604"": 1}"
XEXELVERD,"{""P47368"": 17}"
XEXELVEXD,"{""P47368"": 7}"
XEXEXXXXX,"{""P47530"": 1}"
XEXEXAXXX,"{""P47530"": 8}"
XEXEAAXXX,"{""P47342"": 4}"
XEXEAAKXX,"{""P47342"": 1}"
XEXEAYEXS,"{""P47342"": 1}"
XEXEICLQL,"{""P47593"": 2}"
XEXSVWLSX,"{""P47566"": 66}"
XEXTLEILF,"{""P35888"": 406}"
XEXTFXDNL,"{""P47321"": 7}"
XEXADFENI,"{""P47597"": 74}"
XEXAXQXQX,"{""P47402"": 46}"
XEXAXQXXX,"{""P47402"": 18}"
XEXAXQKQX,"{""P47402"": 2}"
XEXAXXXXX,"{""P47402"": 21}"
XEXAKQXXX,"{""P47402"": 2}"
XEXAKQXQX,"{""P47402"": 3}"
XEXQRFCEQ,"{""P47465"": 16}"
XEXQXFCEQ,"{""P47465"": 7}"
XEXRLLEEX,"{""Q49417"": 71}"
XEXRXQNYS,"{""P47702"": 6}"
XEXRKQNYS,"{""P47702"": 1}"
XEXDPLLLS,"{""Q49413"": 10}"
XEXDFVAVT,"{""P47308"": 5}"
XEXLTAYDD,"{""P47301"": 66}"
XEXLTAXDD,"{""P47301"": 7}"
XEXLAAXAA,"{""P47315"": 5}"
XEXLAAXXX,"{""P47315"": 1}"
XEXLATDFT,"{""P47460"": 4}"
XEXLEXLXX,"{""P47597"": 9}"
XEXLEXLKX,"{""P47597"": 1}"
XEXLQNSFA,"{""P47508"": 4}"
XEXIISNDA,"{""P47387"": 24}"
XEXIALXXX,"{""P47576"": 1}"
XEXIALXEN,"{""P47576"": 8}"
XEXIKIEXD,"{""P47658"": 6}"
XEXIXIEXD,"{""P47658"": 52}"
XEXIXIEXX,"{""P47658"": 16}"
XEXIXIEKD,"{""P47658"": 3}"
XEXIXXXXX,"{""P47658"": 20}"
XEXIQAYAE,"{""Q49419"": 1}"
XEXITLVFV,"{""P47532"": 5}"
XEXKXLXXQ,"{""P47532"": 1}"
XEXKXQELI,"{""P47619"": 3}"
XEXKKQELI,"{""P47619"": 1}"
XELELLVEA,"{""P47695"": 508}"
XELELASXX,"{""P47446"": 6}"
XELELASXR,"{""P47446"": 1}"
XELEELYLV,"{""P47460"": 493}"
XELEELXLV,"{""P47460"": 22}"
XELEELEXX,"{""P47460"": 8}"
XELEQLIXX,"{""P47615"": 72}"
XELEQLIXE,"{""P47615"": 19}"
XELEQAXXX,"{""P47443"": 30}"
XELEQAXXY,"{""P47443"": 50}"
XELEQAXKY,"{""P47443"": 4}"
XELEQAKXY,"{""P47443"": 6}"
XELESAQQX,"{""P47597"": 95}"
XELESAQQK,"{""P47597"": 6}"
XELEXIXAS,"{""P47500"": 63}"
XELEXIXXX,"{""P47500"": 8}"
XELEXIKAS,"{""P47500"": 2}"
XELEXXXXX,"{""P47500"": 18}"
XELEKIXAS,"{""P47500"": 4}"
XELEKIKAS,"{""P47500"": 1}"
XELVNXXXX,"{""Q49460"": 110}"
XELVNXXXT,"{""Q49460"": 1}"
XELVNXYXX,"{""Q49460"": 271}"
XELVNXYXT,"{""Q49460"": 78}"
XELVNXYKT,"{""Q49460"": 6}"
XELVNKYXT,"{""Q49460"": 6}"
XELVNKYXX,"{""Q49460"": 23}"
XELVNKXXX,"{""Q49460"": 2}"
XELVGQFAT,"{""P47412"": 22}"
XELVTSLRD,"{""P47678"": 19}"
XELVTSLXD,"{""P47678"": 2}"
XELIXXXXX,"{""P47649"": 387}"
XELIXTIYE,"{""P47649"": 89}"
XELIXTIXE,"{""P47649"": 4}"
XELIPNXET,"{""P47321"": 76}"
XELIPNXXX,"{""P47321"": 7}"
XELIPNKET,"{""P47321"": 4}"
XELIKTIYE,"{""P47649"": 6}"
XELIKTIXE,"{""P47649"": 1}"
XELINDAIX,"{""P47277"": 88}"
XELINDAIK,"{""P47277"": 4}"
XELIEQXSQ,"{""Q49422"": 3}"
XELQFTPVT,"{""Q49419"": 109}"
XELQQATLQ,"{""P47460"": 100}"
XELQSELSR,"{""Q49413"": 26}"
XELQSELSX,"{""Q49413"": 3}"
XELQNXXXX,"{""P47606"": 2}"
XELQNXNNV,"{""P47606"": 3}"
XELNQXTVV,"{""Q49429"": 25}"
XELNQXXXX,"{""Q49429"": 10}"
XELNQKTVV,"{""Q49429"": 2}"
XELNELLNE,"{""P47460"": 479}"
XELNNLYFV,"{""P47661"": 5}"
XELDLEHLX,"{""Q49405"": 31}"
XELDXXXXX,"{""P47460"": 77}"
XELDXERNL,"{""P47460"": 14}"
XELDXEXNL,"{""P47460"": 3}"
XELDSAMAG,"{""P13927"": 5}"
XELDKERNL,"{""P47460"": 1}"
XELYGLXIY,"{""P47330"": 4}"
XELYGLXXX,"{""P47330"": 28}"
XELXPLLXE,"{""P47326"": 68}"
XELXPLLXX,"{""P47326"": 19}"
XELXPLLKE,"{""P47326"": 1}"
XELXXXXXX,"{""P47326"": 20}"
XELXGLXXX,"{""P47330"": 1}"
XELTELEVX,"{""P47540"": 102}"
XELTDQTIX,"{""P47437"": 110}"
XELTDQTIK,"{""P47437"": 4}"
XELTIXSLI,"{""P47583"": 81}"
XELTIXXXX,"{""P47583"": 16}"
XELTIKSLI,"{""P47583"": 3}"
XELSSLTVI,"{""Q49434"": 23}"
XELSXXXXX,"{""P47387"": 4}"
XELSXGERL,"{""P47387"": 2}"
XELSQRWNG,"{""P47386"": 25}"
XELSQXWNG,"{""P47386"": 4}"
XELKPLLXE,"{""P47326"": 4}"
XELGNLLDR,"{""P47624"": 26}"
XELGNLLDX,"{""P47624"": 4}"
XELAVENDF,"{""P47386"": 5}"
XEAITNEEI,"{""P47445"": 106}"
XEAIIGAGL,"{""P47638"": 6}"
XEANSSPVL,"{""P47321"": 104}"
XEAFSVFET,"{""P47493"": 103}"
XEAFNSXWD,"{""P47653"": 20}"
XEAFNSXXX,"{""P47653"": 4}"
XEAFNSKWD,"{""P47653"": 1}"
XEAXXXXXX,"{""P47278"": 29, ""P47390"": 28}"
XEAXLLXXX,"{""P47390"": 68}"
XEAXLLXXA,"{""P47390"": 17}"
XEAXLLXKA,"{""P47390"": 1}"
XEAXLLKXX,"{""P47390"": 4}"
XEASSIIGS,"{""P47315"": 11}"
XEAKLLXXX,"{""P47390"": 1}"
XEAHYDXGG,"{""P47624"": 3}"
XEAHXDXGG,"{""P47624"": 1}"
XEAEEXXXX,"{""P47342"": 21}"
XEAEEXRXA,"{""P47342"": 5}"
XEAEEKXXA,"{""P47342"": 1}"
XEAPRVLAX,"{""Q49436"": 1}"
XENLFFVTM,"{""P47669"": 521}"
XENLFALEN,"{""P47318"": 81}"
XENLIRXXX,"{""P47381"": 17}"
XENLIXXXX,"{""P47381"": 9}"
XENLTYGXV,"{""P47639"": 83}"
XENLTYGXX,"{""P47639"": 20}"
XENLTYGKV,"{""P47639"": 4}"
XENLTXGXV,"{""P47639"": 8}"
XENLTXGXX,"{""P47639"": 1}"
XENLNLXSF,"{""P47520"": 86}"
XENLNLXXX,"{""P47520"": 22}"
XENLNLKSF,"{""P47520"": 2}"
XENLLRIFS,"{""P47651"": 19}"
XENLLXIFS,"{""P47651"": 5}"
XENLLLSXE,"{""P47316"": 1}"
XENLLLSRE,"{""P47316"": 4}"
XENQDFYGF,"{""P47354"": 491}"
XENQDFXGF,"{""P47354"": 21}"
XENQXLIPL,"{""P47468"": 93}"
XENQXXXXX,"{""P47468"": 15}"
XENQKLIPL,"{""P47468"": 1}"
XENGXPIPP,"{""P47350"": 14}"
XENGXXXXX,"{""P47350"": 60}"
XENGKPIPP,"{""P47350"": 2}"
XENYQXLQX,"{""P47310"": 68}"
XENYQXLQK,"{""P47310"": 1}"
XENYQXXXX,"{""P47310"": 13}"
XENYQKLQX,"{""P47310"": 4}"
XENEGFPGY,"{""P47321"": 6}"
XENETSVEN,"{""P47632"": 32}"
XENELNELR,"{""P47460"": 1}"
XENADEXXX,"{""P47473"": 3}"
XENADEXIX,"{""P47473"": 1}"
XENNXXXXX,"{""P47355"": 3}"
XENNXWLYS,"{""P47355"": 1}"
XENPLPVSR,"{""Q49399"": 3}"
XENKEVLPS,"{""P47652"": 1}"
XENXXXXXX,"{""P47652"": 3}"
XENXEVLPS,"{""P47652"": 4}"
XENXQXXXX,"{""P47310"": 1}"
XENXQXLQX,"{""P47310"": 1}"
XEGLISXNN,"{""P47587"": 421}"
XEGLISXXX,"{""P47587"": 78}"
XEGLISKNN,"{""P47587"": 17}"
XEGLXITXD,"{""P47458"": 72}"
XEGLXITXX,"{""P47458"": 11}"
XEGLXITKD,"{""P47458"": 4}"
XEGLXXXXX,"{""P47458"": 19}"
XEGLKITXD,"{""P47458"": 4}"
XEGXXXXXX,"{""P47473"": 339}"
XEGXLGRIY,"{""P47473"": 85}"
XEGXLGRIX,"{""P47473"": 6}"
XEGXLGXIY,"{""P47473"": 23}"
XEGXTXQEW,"{""P56723"": 1}"
XEGXTXXXX,"{""P56723"": 1}"
XEGHYXXXX,"{""P47414"": 26}"
XEGHYXNXX,"{""P47414"": 61}"
XEGHYXNXR,"{""P47414"": 14}"
XEGHYKNXX,"{""P47414"": 3}"
XEGHXXNXR,"{""P47414"": 1}"
XEGHXXNXX,"{""P47414"": 1}"
XEGHXXXXX,"{""P47414"": 1}"
XEGELQXXX,"{""P47460"": 77}"
XEGELQXLL,"{""P47460"": 15}"
XEGELQKLL,"{""P47460"": 2}"
XEGYTXQEW,"{""P56723"": 70}"
XEGYTXXXX,"{""P56723"": 7}"
XEGYTKQEW,"{""P56723"": 5}"
XEGYIXXNE,"{""P47619"": 4}"
XEGYIXXXX,"{""P47619"": 2}"
XEGYIXKNE,"{""P47619"": 1}"
XEGTPTSTT,"{""P47502"": 114}"
XEGKLGXIY,"{""P47473"": 1}"
XEGKLGRIY,"{""P47473"": 5}"
XEIEEFQTX,"{""P47597"": 103}"
XEIEEFQTK,"{""P47597"": 3}"
XEIIXXXXX,"{""P47290"": 391}"
XEIIXIRQW,"{""P47290"": 72}"
XEIIXIXQW,"{""P47290"": 17}"
XEIINEEER,"{""P47493"": 7}"
XEIINLETE,"{""P47597"": 2}"
XEIIKIRQW,"{""P47290"": 2}"
XEIXGELXX,"{""P47306"": 399}"
XEIXGELXK,"{""P47306"": 12}"
XEIXGELKX,"{""P47306"": 20}"
XEIXXXXXX,"{""P47651"": 79, ""P47306"": 69, ""P47423"": 6}"
XEIXPQLTV,"{""P47651"": 3}"
XEILDTDNX,"{""P47300"": 7}"
XEILIHLIS,"{""P47624"": 29}"
XEIALNIXH,"{""P47421"": 32}"
XEIALNIXX,"{""P47421"": 5}"
XEIALNIKH,"{""P47421"": 1}"
XEIPYVELQ,"{""Q49430"": 87}"
XEIPXVELQ,"{""Q49430"": 3}"
XEITIXXXX,"{""P47352"": 88}"
XEITIXATG,"{""P47352"": 4}"
XEISXFNXY,"{""P47322"": 4}"
XEISXFNRY,"{""P47322"": 3}"
XEISXXXXX,"{""P47322"": 29}"
XEISFAQIA,"{""P47467"": 20}"
XEISVMRRV,"{""P47540"": 5}"
XEISVMXXV,"{""P47540"": 1}"
XEIFDHTMR,"{""P47481"": 24}"
XEIFDHTMX,"{""P47481"": 5}"
XEIFMSLLI,"{""P47580"": 27}"
XEIKGELXX,"{""P47306"": 17}"
XEIKGELXK,"{""P47306"": 1}"
XEIKPQLTV,"{""P47651"": 1}"
XEIDTLLTQ,"{""P47460"": 5}"
XEVLELLNL,"{""P47691"": 100}"
XEVHEFLIX,"{""P47661"": 100}"
XEVHEFLIK,"{""P47661"": 2}"
XEVERGQVL,"{""P13927"": 120}"
XEVEXGQVL,"{""P13927"": 21}"
XEVITIIRS,"{""P47396"": 22}"
XEVITIIXS,"{""P47396"": 8}"
XEVIFXIVL,"{""P47651"": 4}"
XEVIFXXXX,"{""P47651"": 1}"
XEVIFKIVL,"{""P47651"": 1}"
XEVGEGIIX,"{""P47246"": 23}"
XEVGEGIIK,"{""P47246"": 2}"
XEVSTSVLD,"{""P47622"": 22}"
XEVPRVIFV,"{""P47335"": 8}"
XEVPXVIFV,"{""P47335"": 1}"
XEVNXXXXX,"{""P47446"": 1}"
XEVNXNLNQ,"{""P47446"": 3}"
XEVNFRRAA,"{""P47688"": 1}"
XEVNFRXAA,"{""P47688"": 1}"
XEVNFXXAA,"{""P47688"": 1}"
XEVNFXRAA,"{""P47688"": 1}"
XEVNVLTES,"{""P47376"": 8}"
XEVNKNLNQ,"{""P47446"": 1}"
XEVVNIEEV,"{""Q49435"": 31}"
XEVCNGXKY,"{""P47660"": 1}"
XEVCNGXXY,"{""P47660"": 3}"
XEVCNGXXX,"{""P47660"": 2}"
XEVRAWTFX,"{""P47270"": 16}"
XEVXAWTFK,"{""P47270"": 1}"
XEVXAWTFX,"{""P47270"": 3}"
XEVFRSDAL,"{""P47348"": 4}"
XEVFXSDAL,"{""P47348"": 1}"
XEQQILXTA,"{""P47683"": 396}"
XEQQILXXX,"{""P47683"": 101}"
XEQQILKTA,"{""P47683"": 12}"
XEQEHLDLN,"{""P47605"": 501}"
XEQEEENTN,"{""P47340"": 93}"
XEQVNXXXX,"{""P47408"": 75}"
XEQVNXXSX,"{""P47408"": 7}"
XEQVNXRSX,"{""P47408"": 17}"
XEQVNXRSK,"{""P47408"": 1}"
XEQVNKRSX,"{""P47408"": 2}"
XEQDXXXXX,"{""Q49429"": 12}"
XEQDXVENL,"{""Q49429"": 79}"
XEQDKVENL,"{""Q49429"": 4}"
XEQDNIVIY,"{""P47538"": 6}"
XEQXPLVNE,"{""P47438"": 82}"
XEQXXXXXX,"{""P47438"": 18}"
XEQXSFYEX,"{""P47564"": 5}"
XEQXSFXEX,"{""P47564"": 1}"
XEQXAILQE,"{""P47612"": 1}"
XEQFQNVIF,"{""P47537"": 103}"
XEQYSFYEX,"{""P47564"": 83}"
XEQYSFYEK,"{""P47564"": 1}"
XEQYSFXEX,"{""P47564"": 2}"
XEQLVVTTN,"{""P47433"": 34}"
XEQLTFNLD,"{""P47496"": 7}"
XEQRAILQE,"{""P47612"": 12}"
XEQKPLVNE,"{""P47438"": 3}"
XEMQQLAXX,"{""P47344"": 385}"
XEMQQLAXT,"{""P47344"": 106}"
XEMQQLAKT,"{""P47344"": 1}"
XESQVXLVL,"{""P47460"": 373}"
XESQVXXXX,"{""P47460"": 97}"
XESQVKLVL,"{""P47460"": 28}"
XESXNXFWL,"{""Q49436"": 338}"
XESXNXXXX,"{""Q49436"": 70}"
XESXNKFWL,"{""Q49436"": 19}"
XESXEAILA,"{""P47317"": 407}"
XESXXXXXX,"{""P47317"": 96, ""Q49436"": 74, ""P47681"": 26}"
XESXITVAS,"{""P47681"": 68}"
XESLDIIVG,"{""P47486"": 104}"
XESKEAILA,"{""P47317"": 16}"
XESKITVAS,"{""P47681"": 6}"
XESKNXFWL,"{""Q49436"": 19}"
XESKNXXXX,"{""Q49436"": 3}"
XESKNKFWL,"{""Q49436"": 1}"
XESEXNXXX,"{""P47635"": 6}"
XESSGSNNI,"{""P22747"": 5}"
XESFCXAMD,"{""Q49421"": 4}"
XESFCXXXX,"{""Q49421"": 1}"
XETLXXXXX,"{""P47687"": 434}"
XETLXNCMF,"{""P47687"": 17}"
XETXAXXXX,"{""P47386"": 99}"
XETXAXXEL,"{""P47386"": 18}"
XETXAXYEL,"{""P47386"": 269}"
XETXAKYEL,"{""P47386"": 13}"
XETXXXXXX,"{""P47386"": 77, ""P47399"": 106}"
XETSPXXXX,"{""P47684"": 103}"
XETVDFIYD,"{""P47526"": 96}"
XETVDFIXD,"{""P47526"": 5}"
XETVNLVXX,"{""P47583"": 75}"
XETVNLVXF,"{""P47583"": 13}"
XETVNLVKF,"{""P47583"": 1}"
XETVKSXSX,"{""Q49429"": 2}"
XETVXSXSX,"{""Q49429"": 64}"
XETVXSXXX,"{""Q49429"": 9}"
XETVXSKSX,"{""Q49429"": 3}"
XETVXXXXX,"{""Q49429"": 17}"
XETINLIXX,"{""P47303"": 94}"
XETINLIXK,"{""P47303"": 3}"
XETINLIKK,"{""P47303"": 1}"
XETINLIKX,"{""P47303"": 11}"
XETINFFLA,"{""Q49407"": 29}"
XETIXXXXX,"{""P47305"": 7}"
XETKAXYEL,"{""P47386"": 10}"
XETKAXXXX,"{""P47386"": 3}"
XETKAXXEL,"{""P47386"": 1}"
XETGXGFGY,"{""P47378"": 6}"
XETGXGFGX,"{""P47378"": 1}"
XETGXXXXX,"{""P47378"": 1}"
XETNPNGMN,"{""P47492"": 7}"
XETYXWLXQ,"{""P47257"": 1}"
XETYXWLXX,"{""P47257"": 6}"
XETYXXXXX,"{""P47257"": 2}"
XEEVVNQLN,"{""P47540"": 105}"
XEEEAXXXX,"{""P47530"": 379}"
XEEEAXXLX,"{""P47530"": 29}"
XEEEAXRLX,"{""P47530"": 68}"
XEEEAXRLK,"{""P47530"": 2}"
XEEEAKRLX,"{""P47530"": 2}"
XEEELATPY,"{""P47479"": 30}"
XEEEYNQNQ,"{""Q9ZB78"": 111}"
XEEEXNQNQ,"{""Q9ZB78"": 5}"
XEEEITTGI,"{""P47308"": 8}"
XEELLQQXE,"{""P47460"": 6}"
XEELLQQXX,"{""P47460"": 1}"
XEELLQAXF,"{""P47540"": 1}"
XEELLQAXX,"{""P47540"": 1}"
XEELLQAKF,"{""P47540"": 1}"
XEEGGRHTG,"{""P13927"": 1}"
XEYLAAKAA,"{""P47315"": 6}"
XEYLAAXXX,"{""P47315"": 18}"
XEYLAAXAA,"{""P47315"": 69}"
XEYLEXLXX,"{""P47597"": 91}"
XEYLEXLXK,"{""P47597"": 1}"
XEYLEXLKX,"{""P47597"": 1}"
XEYLEXXXX,"{""P47597"": 19}"
XEYLEKLKX,"{""P47597"": 1}"
XEYLEKLXX,"{""P47597"": 4}"
XEYXXXXXX,"{""P47311"": 69, ""P47532"": 19}"
XEYXXLXXX,"{""P47532"": 54}"
XEYXXLXXQ,"{""P47532"": 12}"
XEYXXLKXX,"{""P47532"": 3}"
XEYXXSIIY,"{""P47311"": 4}"
XEYXTDSFG,"{""P47328"": 7}"
XEYXRSIIY,"{""P47311"": 10}"
XEYXKLXXX,"{""P47532"": 3}"
XEYEICLQL,"{""P47593"": 113}"
XEYEIXLQL,"{""P47593"": 6}"
XEYTFXXXX,"{""P47321"": 16}"
XEYTFXDNL,"{""P47321"": 71}"
XEYTFKDNL,"{""P47321"": 5}"
XEYDFVAVT,"{""P47308"": 94}"
XEYKXLXXX,"{""P47532"": 4}"
XEYKXLXXQ,"{""P47532"": 2}"
XEYKKLXXX,"{""P47532"": 1}"
XEYFNGGVX,"{""Q49434"": 7}"
XEYRTDSFG,"{""P47328"": 19}"
XEKIXIEXX,"{""P47658"": 2}"
XEKIKIEXD,"{""P47658"": 1}"
XEKEEQXXL,"{""P47604"": 11}"
XEKEEQXXX,"{""P47604"": 5}"
XEKEEQKXL,"{""P47604"": 2}"
XEKELVERD,"{""P47368"": 1}"
XEKTLEILF,"{""P35888"": 20}"
XEKXLLEEX,"{""Q49417"": 1}"
XEKXXQELI,"{""P47619"": 4}"
XEKXXXXXX,"{""P47619"": 1}"
XEKXKQELI,"{""P47619"": 1}"
XEKAXQXXX,"{""P47402"": 3}"
XEKAXQXQX,"{""P47402"": 3}"
XEKAXXXXX,"{""P47402"": 2}"
XEKADFENI,"{""P47597"": 4}"
XEKAKQXQX,"{""P47402"": 1}"
XEKSVWLSX,"{""P47566"": 4}"
XEKRLLEEX,"{""Q49417"": 4}"
XEKDPLLLS,"{""Q49413"": 1}"
XEKQRFCEQ,"{""P47465"": 1}"
XEFDXNXXX,"{""P47460"": 74}"
XEFDXNXSR,"{""P47460"": 1}"
XEFDXNXSX,"{""P47460"": 1}"
XEFDXNKSR,"{""P47460"": 1}"
XEFDXXXXX,"{""P47460"": 16}"
XEFDKNXXX,"{""P47460"": 5}"
XEFDKNXSR,"{""P47460"": 1}"
XEFXXXXXX,"{""P47479"": 77, ""P47335"": 5}"
XEFXVEVNI,"{""P47335"": 1}"
XEFXTAQER,"{""P47479"": 15}"
XEFXTAQEX,"{""P47479"": 7}"
XEFLYTPFN,"{""P47256"": 86}"
XEFLXTPFN,"{""P47256"": 3}"
XEFTEDLES,"{""P47641"": 105}"
XEFTINTSL,"{""P47563"": 7}"
XEFIEXXXX,"{""P47249"": 29}"
XEFIEXNAR,"{""P47249"": 1}"
XEFIEXNAX,"{""P47249"": 2}"
XEFIFLNQX,"{""P47331"": 4}"
XEFVLLDTP,"{""P47706"": 8}"
XEDFDLGVL,"{""Q9ZB73"": 93}"
XEDIYXNLE,"{""P47288"": 27}"
XEDIYXXXX,"{""P47288"": 4}"
XEDIYKNLE,"{""P47288"": 1}"
XEDIXXXXX,"{""P47288"": 1}"
XEDEVASIR,"{""P47481"": 21}"
XEDEVASIX,"{""P47481"": 4}"
XEPLYQXXX,"{""P47467"": 35}"
XEPLYQXXW,"{""P47467"": 62}"
XEPLYQXKW,"{""P47467"": 3}"
XEPLYQKXW,"{""P47467"": 2}"
XEPLVSGLG,"{""P47289"": 7}"
XEPLXQXXW,"{""P47467"": 4}"
XEPLXQXXX,"{""P47467"": 1}"
XEPNFSLXX,"{""P47655"": 95}"
XEPNFSLXK,"{""P47655"": 2}"
XEPNFSLKX,"{""P47655"": 2}"
XEPNQLXPQ,"{""P47576"": 61}"
XEPNQLXXX,"{""P47576"": 9}"
XEPNQLKPQ,"{""P47576"": 2}"
XEHNNLAIE,"{""Q9ZB73"": 96}"
XEHIVXASL,"{""P47284"": 2}"
XEHIVXXXX,"{""P47284"": 1}"
XEHSQEFFX,"{""P47359"": 2}"
XEHLILLSG,"{""P47683"": 2}"
XEREAAXXX,"{""P47342"": 23}"
XEREAAXXA,"{""P47342"": 1}"
XEREAAKXX,"{""P47342"": 2}"
XEREAYEXS,"{""P47342"": 7}"
XEREAYEXX,"{""P47342"": 1}"
XEREAYEKS,"{""P47342"": 1}"
XEREXAXXX,"{""P47530"": 13}"
XEREXAXAD,"{""P47530"": 1}"
XEREXXXXX,"{""P47530"": 7}"
XEREKAXXX,"{""P47530"": 2}"
XERLQNSFA,"{""P47508"": 23}"
XERIQAYAE,"{""Q49419"": 4}"
XERVSXLVX,"{""P47335"": 1}"
XERVSRLVX,"{""P47335"": 4}"
XERMGHIAL,"{""P47582"": 7}"
XERXVSCHS,"{""P47265"": 1}"
XFANPLITN,"{""P47632"": 505}"
XFANPPQNX,"{""P47685"": 8}"
XFANELXHS,"{""P47584"": 429}"
XFANELXXX,"{""P47584"": 79}"
XFANELKHS,"{""P47584"": 19}"
XFAPXXXXX,"{""P47292"": 77}"
XFAPXMLLV,"{""P47292"": 16}"
XFAPEAIYE,"{""P47546"": 112}"
XFAPEAIXE,"{""P47546"": 3}"
XFAPYFLML,"{""P47645"": 3}"
XFAPKMLLV,"{""P47292"": 1}"
XFACQGTLI,"{""P47582"": 97}"
XFAHDXIER,"{""P47318"": 2}"
XFAHDXXXX,"{""P47318"": 4}"
XFAXQGTLI,"{""P47582"": 7}"
XFASASFXY,"{""P47543"": 4}"
XFASASFXX,"{""P47543"": 2}"
XFALAXXXX,"{""P47505"": 2}"
XFXLXLXLP,"{""P47372"": 51}"
XFXLXLXXX,"{""P47372"": 12}"
XFXLXLKLP,"{""P47372"": 2}"
XFXLXXXXX,"{""P47372"": 10}"
XFXLVXXLX,"{""P47326"": 5}"
XFXLVXXXX,"{""P47326"": 1}"
XFXLDLDLE,"{""P47369"": 72}"
XFXLGIMIE,"{""P47668"": 71}"
XFXLTXSGQ,"{""P47439"": 5}"
XFXLTXXXX,"{""P47439"": 3}"
XFXLKLXLP,"{""P47372"": 6}"
XFXLNNXCD,"{""P47379"": 1}"
XFXXXXXXX,"{""P47357"": 90, ""P47369"": 15, ""P13927"": 15, ""P57085"": 86, ""P47679"": 2, ""P47704"": 22, ""P47372"": 18, ""P47443"": 26, ""P52271"": 3, ""P47439"": 2, ""P47284"": 54, ""P47668"": 35, ""P47516"": 4, ""P47653"": 3, ""P47587"": 41, ""P47624"": 3, ""P47658"": 7, ""P47267"": 1, ""Q49421"": 3, ""Q9ZB73"": 1, ""P47520"": 1, ""P47642"": 1, ""P47447"": 4}"
XFXXLEXFL,"{""P47624"": 4}"
XFXXLEXXX,"{""P47624"": 1}"
XFXXWAXXX,"{""P47323"": 1}"
XFXSLXVTD,"{""P47357"": 73}"
XFXSLXXXX,"{""P47357"": 11}"
XFXSLKVTD,"{""P47357"": 5}"
XFXSTMDPN,"{""P47284"": 20}"
XFXSYININ,"{""P47520"": 25}"
XFXSXEXXX,"{""P47700"": 1}"
XFXAEIXAL,"{""P13927"": 5}"
XFXAEIYAL,"{""P13927"": 65}"
XFXGSNLXN,"{""P47587"": 60}"
XFXGSNLXX,"{""P47587"": 18}"
XFXGSNLKN,"{""P47587"": 7}"
XFXGLDXXX,"{""P47619"": 1}"
XFXGLDXLS,"{""P47619"": 6}"
XFXQQLNNF,"{""P47443"": 76}"
XFXHVLESX,"{""Q9ZB73"": 3}"
XFXHLEPTN,"{""P47653"": 6}"
XFXIEVCIA,"{""P47357"": 22}"
XFXIEVXIA,"{""P47357"": 3}"
XFXIXSSFX,"{""Q49421"": 26}"
XFXIXXXXX,"{""Q49421"": 5}"
XFXIKSSFK,"{""Q49421"": 1}"
XFXIQNGYE,"{""P47267"": 4}"
XFXITVYED,"{""P47534"": 1}"
XFXTFTFAT,"{""P52271"": 5}"
XFXTXXXXX,"{""P47642"": 1, ""P47384"": 1}"
XFXTXLXEL,"{""P47384"": 5}"
XFXTKLXEL,"{""P47384"": 1}"
XFXDILSLS,"{""P47373"": 6}"
XFXDYIASP,"{""P47520"": 5}"
XFXNNLVIP,"{""P47442"": 5}"
XFXWIFVFL,"{""Q9ZB72"": 1}"
XFXYWAXXX,"{""P47323"": 1}"
XFSGLAEYI,"{""P47512"": 73}"
XFSGLAEXI,"{""P47512"": 5}"
XFSGGGAVF,"{""P47512"": 10}"
XFSNATSTS,"{""P47551"": 111}"
XFSDSIITV,"{""P47551"": 108}"
XFSDLNQID,"{""Q49421"": 6}"
XFSYVLSKA,"{""Q49428"": 2}"
XFSYVLSXA,"{""Q49428"": 4}"
XFSYVLSXX,"{""Q49428"": 1}"
XFSAIFIXX,"{""P47702"": 15}"
XFSAIFIXV,"{""P47702"": 71}"
XFSAIFIKV,"{""P47702"": 5}"
XFSAIAXQV,"{""P47634"": 72}"
XFSAIAXXX,"{""P47634"": 19}"
XFSAIAKQV,"{""P47634"": 1}"
XFSEXXXXX,"{""P47467"": 454}"
XFSEXQFLL,"{""P47467"": 26}"
XFSEKQFLL,"{""P47467"": 1}"
XFSFFXALN,"{""P47479"": 5}"
XFSFFXXXX,"{""P47479"": 3}"
XFSISFXXX,"{""P47533"": 3}"
XFSISFXIL,"{""P47533"": 1}"
XFSIANGDE,"{""P47583"": 5}"
XFSIIDQXQ,"{""P47330"": 6}"
XFSLXNIAN,"{""P47577"": 29}"
XFSLXXXXX,"{""P47577"": 3}"
XFSLKNIAN,"{""P47577"": 3}"
XFSLDWILX,"{""Q49409"": 9}"
XFVXXXXXX,"{""P47481"": 91, ""P47311"": 2}"
XFVXISLGG,"{""P47481"": 6}"
XFVXWXXXX,"{""P47311"": 10}"
XFVXWXENF,"{""P47311"": 2}"
XFVVVGGGV,"{""P47513"": 22}"
XFVFDTIXX,"{""P47546"": 100}"
XFVFDTIXK,"{""P47546"": 6}"
XFVFDTIKX,"{""P47546"": 5}"
XFVINNSFX,"{""P47302"": 97}"
XFVINNSFK,"{""P47302"": 6}"
XFVIGAFAT,"{""P47345"": 34}"
XFVNWYLNT,"{""P47431"": 116}"
XFVNWFLNQ,"{""P47502"": 89}"
XFVNWXLNT,"{""P47431"": 4}"
XFVNSIRIS,"{""P47484"": 4}"
XFVNSIXIS,"{""P47484"": 3}"
XFVDLPGYG,"{""P47577"": 4}"
XFVKWXXXX,"{""P47311"": 1}"
XFESXXXXX,"{""P47609"": 76}"
XFESXVNRI,"{""P47609"": 16}"
XFESXVNXI,"{""P47609"": 1}"
XFESKVNXI,"{""P47609"": 1}"
XFESKVNRI,"{""P47609"": 1}"
XFEIXXXXX,"{""P47535"": 98}"
XFERQFQGX,"{""P47523"": 1}"
XFERQFQGY,"{""P47523"": 5}"
XFELXINXD,"{""Q49460"": 72}"
XFELXINXX,"{""Q49460"": 11}"
XFELXINKD,"{""Q49460"": 2}"
XFELXXXXX,"{""Q49460"": 13}"
XFELKINXD,"{""Q49460"": 2}"
XFEXAQXXX,"{""P47345"": 4}"
XFEXXXXXX,"{""P47345"": 3}"
XFEQQLEEX,"{""P47382"": 3}"
XFEQXTDYN,"{""P47564"": 3}"
XFEQKTDYN,"{""P47564"": 1}"
XFENIPIXD,"{""P47264"": 21}"
XFENIPIXX,"{""P47264"": 5}"
XFENIPIKD,"{""P47264"": 1}"
XFENFXNXY,"{""P47278"": 6}"
XFENFXXXX,"{""P47278"": 1}"
XFENFPNQG,"{""P47518"": 7}"
XFENFKNXX,"{""P47278"": 1}"
XFFLSHRFN,"{""P47687"": 10}"
XFFLSHXFN,"{""P47687"": 4}"
XFFLDEXEI,"{""P47497"": 6}"
XFFLDEKEI,"{""P47497"": 1}"
XFFFLLFGI,"{""Q49460"": 101}"
XFFDSXQNN,"{""P20796"": 84}"
XFFDSXXXX,"{""P20796"": 15}"
XFFDSKQNN,"{""P20796"": 2}"
XFFDNVESQ,"{""P47642"": 4}"
XFFNXXXXX,"{""P47533"": 12}"
XFFNSLLXQ,"{""Q9ZB73"": 5}"
XFFNSLLXX,"{""Q9ZB73"": 1}"
XFFNKXXXX,"{""P47533"": 1}"
XFFQTIAEL,"{""P47473"": 28}"
XFFGXNYQA,"{""P47628"": 4}"
XFFGXNXQA,"{""P47628"": 1}"
XFFVFLSGW,"{""P47468"": 5}"
XFTLLTLYF,"{""Q49432"": 102}"
XFTLLTLXF,"{""Q49432"": 5}"
XFTWVIPSL,"{""Q49410"": 112}"
XFTGTXFDV,"{""P47691"": 29}"
XFTGTRFDV,"{""P47691"": 89}"
XFTGXELYF,"{""Q49427"": 5}"
XFTGXXXXX,"{""Q49427"": 1}"
XFTNWIDSD,"{""P47312"": 111}"
XFQAXSDLX,"{""P47325"": 34}"
XFQAXSDLK,"{""P47325"": 2}"
XFQAXXXXX,"{""P47325"": 3}"
XFQAVIXXX,"{""P47287"": 88}"
XFQAVIXDP,"{""P47287"": 14}"
XFQAVIKDP,"{""P47287"": 2}"
XFQAILPLR,"{""P47249"": 3}"
XFQAKSDLX,"{""P47325"": 1}"
XFQFXXXXX,"{""P47655"": 29}"
XFQFXXEPN,"{""P47655"": 66}"
XFQFXKEPN,"{""P47655"": 5}"
XFQFKXEPN,"{""P47655"": 1}"
XFQXXXXXX,"{""P47597"": 28, ""Q49400"": 1}"
XFQXIAGIS,"{""Q49400"": 5}"
XFQXILINE,"{""P47597"": 7}"
XFQXHNFNN,"{""P47414"": 5}"
XFQQFFNXX,"{""P47661"": 68}"
XFQQFFNXY,"{""P47661"": 21}"
XFQQFFNKY,"{""P47661"": 1}"
XFQLIXGVX,"{""P47648"": 8}"
XFQLIXGVK,"{""P47648"": 1}"
XFQLIXXXX,"{""P47648"": 1}"
XFQDXXXXX,"{""P47270"": 32}"
XFQDXXIVH,"{""P47270"": 3}"
XFQDKXIVH,"{""P47270"": 1}"
XFQEELAXP,"{""Q49415"": 4}"
XFQEELAXX,"{""Q49415"": 3}"
XFQHCLXVG,"{""P47482"": 1}"
XFQHCLRVG,"{""P47482"": 1}"
XFLXECRAT,"{""P47400"": 70}"
XFLXECXAT,"{""P47400"": 20}"
XFLXEXRAT,"{""P47400"": 3}"
XFLXEXXAT,"{""P47400"": 1}"
XFLXXXXXX,"{""P47400"": 383, ""P47264"": 59, ""P47257"": 87, ""P47437"": 5}"
XFLXXXXII,"{""P47264"": 4}"
XFLXXXKII,"{""P47264"": 1}"
XFLXNDANX,"{""P47437"": 18}"
XFLXNDANK,"{""P47437"": 2}"
XFLXRXXII,"{""P47264"": 9}"
XFLXRXXXX,"{""P47264"": 4}"
XFLXRXKII,"{""P47264"": 1}"
XFLXKXXXX,"{""P47257"": 4}"
XFLLNVVDR,"{""P47580"": 21}"
XFLLNVVDX,"{""P47580"": 3}"
XFLPIXXXX,"{""Q49422"": 4}"
XFLPIXPIA,"{""Q49422"": 2}"
XFLITSXSE,"{""P47247"": 6}"
XFLITGSFN,"{""P47496"": 2}"
XFLIAFGCV,"{""P47468"": 2}"
XFLINNFAS,"{""P47437"": 3}"
XFLQTEFQA,"{""P47538"": 20}"
XFLQNNQQT,"{""P47336"": 3}"
XFLESFSPL,"{""P47471"": 5}"
XFLEIIYDF,"{""P47606"": 5}"
XFLWXXXXX,"{""P47306"": 87}"
XFLWXIPTY,"{""P47306"": 5}"
XFLWKIPTY,"{""P47306"": 1}"
XFLWKIPTX,"{""P47306"": 1}"
XFLSFSDGG,"{""P47249"": 6}"
XFLSPYAXX,"{""P47338"": 5}"
XFLTLVETS,"{""Q9ZB79"": 3}"
XFLFEFNAD,"{""P47349"": 6}"
XFLFITAVL,"{""P47486"": 3}"
XFLDEMVTT,"{""P47355"": 25}"
XFLDLTYNL,"{""P47382"": 2}"
XFLKXXXXX,"{""P47257"": 8}"
XFLKRXXII,"{""P47264"": 1}"
XFLKNDANX,"{""P47437"": 1}"
XFLKNDANK,"{""P47437"": 1}"
XFLKECXAT,"{""P47400"": 2}"
XFLKECRAT,"{""P47400"": 1}"
XFLVELKQS,"{""P47492"": 1}"
XFLVELXQS,"{""P47492"": 5}"
XFLHRVXXX,"{""P47551"": 1}"
XFLRIMIHE,"{""P47485"": 1}"
XFNNXQIXL,"{""P47359"": 331}"
XFNNXQIXX,"{""P47359"": 65}"
XFNNXQIKL,"{""P47359"": 20}"
XFNNXXXXX,"{""P47359"": 79}"
XFNNAGLFE,"{""P47512"": 36}"
XFNNKQIKL,"{""P47359"": 1}"
XFNNKQIXL,"{""P47359"": 10}"
XFNNKQIXX,"{""P47359"": 4}"
XFNNNLEEL,"{""Q9ZB70"": 1}"
XFNSHEQLT,"{""P47385"": 101}"
XFNANXNDX,"{""P47342"": 21}"
XFNANXXXX,"{""P47342"": 4}"
XFNANKNDX,"{""P47342"": 1}"
XFNXXXXXX,"{""P55750"": 76, ""P47599"": 31, ""P47576"": 1}"
XFNXXPLNL,"{""P47599"": 68}"
XFNXEINLD,"{""P55750"": 7}"
XFNXKPLNL,"{""P47599"": 6}"
XFNXQVSNW,"{""P47576"": 2}"
XFNPEFGLS,"{""P47667"": 6}"
XFNQXXXXX,"{""Q49398"": 5}"
XFNQXXYQT,"{""Q49398"": 3}"
XFNLPIILV,"{""Q9ZB76"": 4}"
XFNTNIQYD,"{""P47293"": 3}"
XFNVPMDSV,"{""P35888"": 6}"
XFNKXPLNL,"{""P47599"": 3}"
XFNKXXXXX,"{""P47599"": 1}"
XFNKEINLD,"{""P55750"": 1}"
XFNINVELE,"{""P47248"": 1}"
XFPIIEYSX,"{""P47359"": 89}"
XFPIIEYSK,"{""P47359"": 4}"
XFPIIEXSX,"{""P47359"": 5}"
XFPEAAYXL,"{""P47505"": 4}"
XFPEAAYXX,"{""P47505"": 1}"
XFPEAAYKL,"{""P47505"": 1}"
XFPEAAXXL,"{""P47505"": 1}"
XFPVFNASY,"{""P47514"": 104}"
XFPVFNASX,"{""P47514"": 4}"
XFPLYXXXX,"{""P47634"": 5}"
XFHYCXLLL,"{""Q49396"": 74}"
XFHYCXXXX,"{""Q49396"": 12}"
XFHYCKLLL,"{""Q49396"": 5}"
XFHYVVIDE,"{""P47264"": 97}"
XFHYXXLLL,"{""Q49396"": 11}"
XFHFQXXXX,"{""P47274"": 105}"
XFHFQXXWA,"{""P47274"": 2}"
XFHFQKXXX,"{""P47274"": 2}"
XFHXVVIDE,"{""P47264"": 7}"
XFHXCXLLL,"{""Q49396"": 3}"
XFHXCKLLL,"{""Q49396"": 1}"
XFGNSFSLV,"{""P47456"": 114}"
XFGLEINSY,"{""Q49430"": 97}"
XFGLEINSX,"{""Q49430"": 7}"
XFGLYGARX,"{""P47656"": 1}"
XFGLYGARR,"{""P47656"": 5}"
XFGLYGAXR,"{""P47656"": 1}"
XFGXAIEXD,"{""P47619"": 1}"
XFGXAIEYD,"{""P47619"": 9}"
XFGXGVVVE,"{""P47486"": 8}"
XFGXXXXXX,"{""P47486"": 22}"
XFGXNPLIX,"{""Q49433"": 4}"
XFGPEARSE,"{""Q49407"": 16}"
XFGPEAXSE,"{""Q49407"": 4}"
XFGPFASSX,"{""P47448"": 5}"
XFGYAIEYD,"{""P47619"": 87}"
XFGYAIEXD,"{""P47619"": 4}"
XFGWLASLI,"{""P47366"": 100}"
XFGDGVIRI,"{""P47660"": 3}"
XFGFIFDRI,"{""P47615"": 14}"
XFGFIFDXI,"{""P47615"": 3}"
XFGFHGIVT,"{""P47551"": 1}"
XFGKGVVVE,"{""P47486"": 1}"
XFDXXXXXX,"{""P47305"": 77, ""Q49427"": 1}"
XFDXXNNAG,"{""Q49427"": 6}"
XFDXXETIX,"{""P47305"": 3}"
XFDXDALFS,"{""Q49432"": 34}"
XFDXNVIGT,"{""P47364"": 1}"
XFDXRETIX,"{""P47305"": 12}"
XFDIYLXSS,"{""Q9ZB70"": 68}"
XFDIYLXXX,"{""Q9ZB70"": 13}"
XFDIYLKSS,"{""Q9ZB70"": 4}"
XFDIXLXSS,"{""Q9ZB70"": 3}"
XFDIXLXXX,"{""Q9ZB70"": 1}"
XFDYXNNAG,"{""Q49427"": 71}"
XFDYXXXXX,"{""Q49427"": 10}"
XFDYKNNAG,"{""Q49427"": 4}"
XFDRDALFS,"{""Q49432"": 86}"
XFDVVEVXD,"{""P47339"": 8}"
XFDVVEVXX,"{""P47339"": 1}"
XFDVVEVKD,"{""P47339"": 1}"
XFDVRGSAE,"{""P47365"": 1}"
XFDLETTWI,"{""P47266"": 4}"
XFDCNVIGT,"{""P47364"": 4}"
XFDADDDXX,"{""P47576"": 8}"
XFDDINAEY,"{""P47540"": 4}"
XFRSYININ,"{""P47520"": 91}"
XFRSXININ,"{""P47520"": 2}"
XFRYWAXXX,"{""P47323"": 3}"
XFRAYGFXS,"{""P47540"": 4}"
XFKQQLNNF,"{""P47443"": 6}"
XFKSLXVTD,"{""P47357"": 6}"
XFKSTMDPN,"{""P47284"": 2}"
XFKDILSLS,"{""P47373"": 1}"
XFKDYIASP,"{""P47520"": 1}"
XFKLGIMIE,"{""P47668"": 1}"
XFKLDLDLE,"{""P47369"": 4}"
XFKIXSSFX,"{""Q49421"": 1}"
XFKIEVCIA,"{""P47357"": 2}"
XFKAEIYAL,"{""P13927"": 2}"
XFKGSNLXN,"{""P47587"": 3}"
XFKGSNLXX,"{""P47587"": 1}"
XFIDSTENW,"{""P47505"": 101}"
XFIDHSVAT,"{""P47597"": 11}"
XFIESXXXX,"{""P47684"": 21}"
XFIESXNXK,"{""P47684"": 5}"
XFIESXNXX,"{""P47684"": 81}"
XFIESXNKX,"{""P47684"": 3}"
XFIESKNXX,"{""P47684"": 1}"
XFIEPNIMT,"{""P47346"": 38}"
XFITTLLRV,"{""P47568"": 21}"
XFITTLLXV,"{""P47568"": 9}"
XFISETXXX,"{""P47549"": 103}"
XFISETXDQ,"{""P47549"": 3}"
XFISTLTDX,"{""P47641"": 1}"
XFISTLTDY,"{""P47641"": 1}"
XFIXPXXXX,"{""P47566"": 3}"
XFIXPXMTE,"{""P47566"": 2}"
XFIXEFASA,"{""P47609"": 10}"
XFIXAIDSD,"{""P47310"": 2}"
XFIKPXMTE,"{""P47566"": 1}"
XFIIDDDIS,"{""P47486"": 7}"
XFIYAIDSD,"{""P47310"": 7}"
XFYLNNXXX,"{""P47379"": 8}"
XFYLNNXXD,"{""P47379"": 1}"
XFYLNNXCD,"{""P47379"": 16}"
XFYLNNKCD,"{""P47379"": 1}"
XFYGFNGLT,"{""P47580"": 7}"
XFYITVYED,"{""P47534"": 4}"
XFYITVXED,"{""P47534"": 1}"
XFYNQFAEF,"{""P47386"": 6}"
XFYQGCEVV,"{""P47634"": 6}"
XFCLVXXLX,"{""P47326"": 66}"
XFCLVXXLK,"{""P47326"": 5}"
XFCLVXXXX,"{""P47326"": 28}"
XFCLVXKLX,"{""P47326"": 3}"
XFCLVKXLX,"{""P47326"": 1}"
XFCTXLXEL,"{""P47384"": 58}"
XFCTXLXXX,"{""P47384"": 12}"
XFCTXLKEL,"{""P47384"": 2}"
XFCTXXXXX,"{""P47384"": 12}"
XFCTKLXEL,"{""P47384"": 6}"
XFCSXEXXX,"{""P47700"": 22}"
XFCSXEXLE,"{""P47700"": 2}"
XFCSXEKLE,"{""P47700"": 2}"
XFCSXXXXX,"{""P47700"": 6}"
XFCSKEXXX,"{""P47700"": 1}"
XFCWIFVFL,"{""Q9ZB72"": 20}"
XFCFYASWW,"{""P47548"": 5}"
XFCFXASWW,"{""P47548"": 1}"
XFWYRXXXX,"{""P47371"": 1}"
XVLXNIDPQ,"{""P55825"": 419}"
XVLXXXXXX,"{""P55825"": 76, ""Q49435"": 18, ""P47609"": 9, ""P47691"": 7}"
XVLXTLTTL,"{""Q49435"": 89}"
XVLXPSIFX,"{""P47691"": 26}"
XVLXGAYIG,"{""P47250"": 1}"
XVLLAILDG,"{""P47669"": 17}"
XVLLSDGXD,"{""P47315"": 85}"
XVLLSDGXX,"{""P47315"": 16}"
XVLLSDGKD,"{""P47315"": 3}"
XVLLSXIPG,"{""P47423"": 3}"
XVLLSCIPG,"{""P47423"": 34}"
XVLLXANIN,"{""P47466"": 72}"
XVLLXXXXX,"{""P47466"": 15, ""P47455"": 1}"
XVLLXLNHP,"{""P47455"": 3}"
XVLLNLFLT,"{""P47317"": 7}"
XVLLKANIN,"{""P47466"": 5}"
XVLQFQNXC,"{""P47457"": 21}"
XVLQFQNXX,"{""P47457"": 2}"
XVLQFQNYC,"{""P47457"": 445}"
XVLQFQNYX,"{""P47457"": 22}"
XVLADQXLQ,"{""P47250"": 106}"
XVLADQXXX,"{""P47250"": 13}"
XVLADQKLQ,"{""P47250"": 4}"
XVLALSNFL,"{""P47277"": 28}"
XVLSELAIK,"{""P47440"": 25}"
XVLSELAIX,"{""P47440"": 481}"
XVLSTMGIX,"{""P47565"": 1}"
XVLSTMGIR,"{""P47565"": 2}"
XVLNNIXXA,"{""P47705"": 71}"
XVLNNIXXX,"{""P47705"": 28}"
XVLNNIXKA,"{""P47705"": 8}"
XVLNNIKXX,"{""P47705"": 3}"
XVLNNIKXA,"{""P47705"": 2}"
XVLNYVLEH,"{""P47386"": 498}"
XVLNXVLEH,"{""P47386"": 22}"
XVLFVSEXX,"{""P47386"": 82}"
XVLFVSEXV,"{""P47386"": 16}"
XVLFVSEKV,"{""P47386"": 1}"
XVLFESENY,"{""P47321"": 71}"
XVLFESENX,"{""P47321"": 4}"
XVLVINNNN,"{""P47299"": 103}"
XVLVYLLSI,"{""P47681"": 10}"
XVLVDNFLN,"{""P47345"": 32}"
XVLEHGXXX,"{""P47641"": 83}"
XVLEHGXXV,"{""P47641"": 6}"
XVLEHGXRV,"{""P47641"": 13}"
XVLTIIDES,"{""P47606"": 103}"
XVLYGAXIG,"{""P47250"": 1}"
XVLYGAYIG,"{""P47250"": 9}"
XVLGLLNNL,"{""P47539"": 2}"
XVLKNIDPQ,"{""P55825"": 10}"
XVLKTLTTL,"{""Q49435"": 3}"
XVLKPSIFK,"{""P47691"": 1}"
XVLKPSIFX,"{""P47691"": 1}"
XVLIVEXXX,"{""Q49398"": 5}"
XVLIVEXRD,"{""Q49398"": 1}"
XVLRQRRFX,"{""P47704"": 4}"
XVCGXXXXX,"{""P47296"": 68}"
XVCGXRXLX,"{""P47296"": 14}"
XVCGXRXLK,"{""P47296"": 3}"
XVCGXRXXX,"{""P47296"": 2}"
XVCGKRXLX,"{""P47296"": 2}"
XVCGKRXXX,"{""P47296"": 1}"
XVCVMATHG,"{""P47304"": 101}"
XVCFXEALN,"{""P47634"": 7}"
XVCFXXXXX,"{""P47634"": 2}"
XVCXETVSY,"{""P47385"": 6}"
XVCKETVSY,"{""P47385"": 1}"
XVXNALLXI,"{""P47589"": 319}"
XVXNALLXX,"{""P47589"": 69}"
XVXNALLKI,"{""P47589"": 13}"
XVXNHAHLG,"{""P47312"": 3}"
XVXTFILDQ,"{""P55825"": 424}"
XVXTPVELL,"{""Q49406"": 7}"
XVXTXXPDH,"{""Q49415"": 2}"
XVXXXXXXX,"{""P47423"": 124, ""P55825"": 61, ""P47589"": 96, ""P47506"": 20, ""P52271"": 21, ""P47609"": 26, ""P47597"": 7, ""P47333"": 23, ""P47355"": 3, ""P47421"": 3, ""P47566"": 10, ""Q49428"": 23, ""P47466"": 6, ""P47544"": 8, ""Q49415"": 1, ""P47687"": 10, ""P47278"": 2, ""P47372"": 1, ""Q49406"": 1, ""P47583"": 1, ""P47394"": 1, ""P47312"": 1}"
XVXXPEFLL,"{""P47609"": 71}"
XVXXPPNAQ,"{""P47355"": 1}"
XVXXATTDS,"{""P47372"": 4}"
XVXSXSPAL,"{""P47333"": 79}"
XVXSXXXXX,"{""P47333"": 12}"
XVXSFAXXX,"{""P47423"": 294}"
XVXSFAXQI,"{""P47423"": 83}"
XVXSFAKQI,"{""P47423"": 1}"
XVXSKSPAL,"{""P47333"": 6}"
XVXPNYXXX,"{""P52271"": 16}"
XVXPNYXXY,"{""P52271"": 55}"
XVXPNYXKX,"{""P52271"": 1}"
XVXPNYXKY,"{""P52271"": 1}"
XVXPNYKXY,"{""P52271"": 1}"
XVXPNXXXY,"{""P52271"": 1}"
XVXVIIXXX,"{""Q49400"": 1}"
XVXVIIKXX,"{""Q49400"": 1}"
XVXVMATHG,"{""P47304"": 10}"
XVXVQIINX,"{""P47394"": 4}"
XVXVFSEXX,"{""P47543"": 2}"
XVXVFSEXD,"{""P47543"": 1}"
XVXLPSEIQ,"{""P47566"": 31}"
XVXLINELI,"{""P47583"": 4}"
XVXDLIXEP,"{""P47506"": 63}"
XVXDLIXXX,"{""P47506"": 9}"
XVXDLIKEP,"{""P47506"": 3}"
XVXDLSEEE,"{""P47421"": 1}"
XVXYLLDLF,"{""P47667"": 4}"
XVXQFDXFS,"{""Q49428"": 67}"
XVXQFDXXX,"{""Q49428"": 11}"
XVXQFDKFS,"{""Q49428"": 3}"
XVXQAIIEX,"{""P47615"": 6}"
XVXEAQNNL,"{""P47278"": 11}"
XVXEILXNT,"{""P47371"": 4}"
XVXEILXXX,"{""P47371"": 1}"
XVXENIEND,"{""P47260"": 4}"
XVXGFLTES,"{""P47668"": 5}"
XVXGXXXXX,"{""P47296"": 3}"
XVXGXRXLX,"{""P47296"": 1}"
XVXGQDEAI,"{""P47597"": 1}"
XVXKPEFLL,"{""P47609"": 4}"
XVXFDFETI,"{""P47606"": 2}"
XVXILDEAH,"{""P47658"": 7}"
XVXISNSFL,"{""P47681"": 1}"
XVIENNVIL,"{""P47293"": 489}"
XVIEMNXQA,"{""P47401"": 71}"
XVIEMNXXX,"{""P47401"": 16}"
XVIEMNKQA,"{""P47401"": 5}"
XVIIDVQLR,"{""P47540"": 86}"
XVIIDVQLX,"{""P47540"": 31}"
XVIIVNQFQ,"{""P47621"": 113}"
XVIIVDASV,"{""P47575"": 21}"
XVIISAPAX,"{""P47543"": 5}"
XVILFTQFL,"{""P47264"": 524}"
XVILDLDGQ,"{""P47706"": 115}"
XVISXLIDL,"{""P47582"": 89}"
XVISXXXXX,"{""P47415"": 20, ""P47582"": 11}"
XVISXXNNL,"{""P47415"": 67}"
XVISXKNNL,"{""P47415"": 3}"
XVISLYYEX,"{""P47617"": 7}"
XVISITHDM,"{""P47425"": 6}"
XVISKXNNL,"{""P47415"": 2}"
XVIDSLYQN,"{""P47606"": 103}"
XVIDSLXQN,"{""P47606"": 2}"
XVIDELCNL,"{""P47693"": 107}"
XVIDELXNL,"{""P47693"": 6}"
XVIDRIVDX,"{""P47477"": 1}"
XVIVDDVLA,"{""P47518"": 30}"
XVIVIGINH,"{""Q49408"": 34}"
XVIVLGILX,"{""P47696"": 82}"
XVIVLGILK,"{""P47696"": 5}"
XVIGYIFXN,"{""P47582"": 1}"
XVIGYIFRN,"{""P47582"": 7}"
XVIGXIFRN,"{""P47582"": 1}"
XVIXXXXXX,"{""P47453"": 80}"
XVIXIHDGX,"{""Q9ZB70"": 9}"
XVIQEIXXX,"{""P47469"": 87}"
XVIQEIXEN,"{""P47469"": 5}"
XVIPLGMAF,"{""P47561"": 7}"
XVIKIHDGX,"{""Q9ZB70"": 1}"
XVNVDEQFX,"{""P47539"": 29}"
XVNVDEQFK,"{""P47539"": 1}"
XVNVAYITQ,"{""P47316"": 1}"
XVNDSLLSI,"{""P47635"": 497}"
XVNXXXXXX,"{""P47694"": 73}"
XVNXENRTN,"{""P47694"": 25}"
XVNXENXTN,"{""P47694"": 6}"
XVNXLLVNX,"{""P47585"": 4}"
XVNHEDEIF,"{""P47483"": 498}"
XVNWXAIVH,"{""P47469"": 76}"
XVNWXXXXX,"{""P47469"": 22}"
XVNWLNSPR,"{""P47311"": 21}"
XVNWLNSPX,"{""P47311"": 6}"
XVNWKAIVH,"{""P47469"": 6}"
XVNYLLVNX,"{""P47585"": 93}"
XVNYLLVNK,"{""P47585"": 5}"
XVNQHNTYQ,"{""P47460"": 96}"
XVNQHNTXQ,"{""P47460"": 2}"
XVNEHXDAX,"{""P47385"": 73}"
XVNEHXDAK,"{""P47385"": 3}"
XVNEHXXXX,"{""P47385"": 14}"
XVNEHKDAK,"{""P47385"": 1}"
XVNEHKDAX,"{""P47385"": 4}"
XVNSSMQIA,"{""Q49427"": 124}"
XVNSLDSEY,"{""P47498"": 1}"
XVNTVEXTV,"{""P47314"": 5}"
XVNTVEXXX,"{""P47314"": 2}"
XVNLASEFX,"{""P47625"": 106}"
XVNLASEFK,"{""P47625"": 3}"
XVNFDXAFL,"{""P47528"": 7}"
XVNFDXXXX,"{""P47528"": 2}"
XVNKENRTN,"{""P47694"": 1}"
XVFFYFXXQ,"{""P47277"": 68}"
XVFFYFXXX,"{""P47277"": 30}"
XVFFYFXKQ,"{""P47277"": 1}"
XVFFYFKXQ,"{""P47277"": 3}"
XVFFLLLIN,"{""Q9ZB77"": 6}"
XVFFNQNHL,"{""P47371"": 26}"
XVFFXFXXQ,"{""P47277"": 4}"
XVFFXFXXX,"{""P47277"": 1}"
XVFAFTHEL,"{""P47507"": 99}"
XVFAINPXA,"{""P47399"": 4}"
XVFAINPXX,"{""P47399"": 2}"
XVFASTXTH,"{""P47577"": 4}"
XVFASTXXX,"{""P47577"": 1}"
XVFASTKTH,"{""P47577"": 1}"
XVFTTILQS,"{""P47703"": 501}"
XVFTNTAIV,"{""P47277"": 6}"
XVFTFGPTF,"{""P47359"": 31}"
XVFSLYVXG,"{""P47667"": 406}"
XVFSLYVXX,"{""P47667"": 70}"
XVFSLYVKG,"{""P47667"": 19}"
XVFSLXVXG,"{""P47667"": 23}"
XVFSLXVXX,"{""P47667"": 3}"
XVFSLXVKG,"{""P47667"": 1}"
XVFQXLXXQ,"{""P47587"": 57}"
XVFQXLXXX,"{""P47587"": 16}"
XVFQXLXKQ,"{""P47587"": 2}"
XVFQXLKXQ,"{""P47587"": 1}"
XVFQXXXXX,"{""P47587"": 24}"
XVFQKLXXQ,"{""P47587"": 5}"
XVFYXAASM,"{""P47612"": 20}"
XVFYXXXXX,"{""P47612"": 5}"
XVFYPSRLN,"{""P47364"": 9}"
XVFYPSXLN,"{""P47364"": 1}"
XVFYKAASM,"{""P47612"": 1}"
XVFLXMVEX,"{""P47664"": 69}"
XVFLXMVEK,"{""P47664"": 1}"
XVFLXXXXX,"{""P47664"": 20}"
XVFLKMVEX,"{""P47664"": 5}"
XVFXXXXXX,"{""P47525"": 32, ""P47572"": 86}"
XVFXXAASM,"{""P47612"": 2}"
XVFGNFWES,"{""Q49426"": 97}"
XVAKIITLI,"{""Q49431"": 25}"
XVAKXXXXX,"{""P47312"": 2}"
XVAKKDSAT,"{""P47312"": 1}"
XVADETLXM,"{""P47372"": 68}"
XVADETLXX,"{""P47372"": 26}"
XVADETLKM,"{""P47372"": 9}"
XVAVXLXXX,"{""P47566"": 303}"
XVAVXLXXF,"{""P47566"": 20}"
XVAVXLXRF,"{""P47566"": 51}"
XVAVXXXXX,"{""P47566"": 119}"
XVAVKLXXX,"{""P47566"": 10}"
XVAVKLXXF,"{""P47566"": 1}"
XVAVKLXRF,"{""P47566"": 2}"
XVAXXXXXX,"{""Q49431"": 111, ""P47312"": 93, ""P35888"": 8, ""P47372"": 2, ""P47542"": 1}"
XVAXXDSAT,"{""P47312"": 12}"
XVAXXFXLX,"{""P47372"": 4}"
XVAXXFXXX,"{""P47372"": 1}"
XVAXIITLI,"{""Q49431"": 393}"
XVAXFFGHD,"{""P47271"": 5}"
XVAXANIEA,"{""P47458"": 3}"
XVAXKFXLX,"{""P47372"": 2}"
XVAXKDSAT,"{""P47312"": 1}"
XVAXSCIGF,"{""P47542"": 5}"
XVAXCYLND,"{""Q49399"": 2}"
XVAIAGILA,"{""P47426"": 14}"
XVASFLXXQ,"{""P47508"": 69}"
XVASFLXXX,"{""P47508"": 24}"
XVASFLXKQ,"{""P47508"": 1}"
XVASFLKXQ,"{""P47508"": 2}"
XVASFLKXX,"{""P47508"": 1}"
XVANENLXX,"{""P47312"": 70}"
XVANENLXV,"{""P47312"": 29}"
XVAYANIEA,"{""P47458"": 92}"
XVAYCYLND,"{""Q49399"": 67}"
XVAYCXLND,"{""Q49399"": 2}"
XVAYXYLND,"{""Q49399"": 6}"
XVALLRNXX,"{""P47414"": 20}"
XVALLXNXX,"{""P47414"": 5}"
XVALAQDGF,"{""P47468"": 5}"
XVARFFGHD,"{""P47271"": 20}"
XVAPRFLXX,"{""P47424"": 19}"
XVAPRFLXR,"{""P47424"": 1}"
XVAPXFLXX,"{""P47424"": 3}"
XVDFLXTNN,"{""P47257"": 388}"
XVDFLXXXX,"{""P47257"": 77}"
XVDFLKTNN,"{""P47257"": 19}"
XVDFAXXXX,"{""P47494"": 403}"
XVDFAXXIL,"{""P47494"": 96}"
XVDFAXKIL,"{""P47494"": 5}"
XVDFAKXXX,"{""P47494"": 8}"
XVDFAKXIL,"{""P47494"": 6}"
XVDXXXXXX,"{""P47545"": 24}"
XVDXIINPF,"{""P47545"": 90}"
XVDXNNQXX,"{""P47635"": 6}"
XVDTLTTAV,"{""P22747"": 96}"
XVDQPLVNE,"{""P47369"": 108}"
XVDQIHQDF,"{""P47357"": 105}"
XVDMIANGI,"{""P47632"": 111}"
XVDELDDXN,"{""Q49419"": 4}"
XVDELDDYN,"{""Q49419"": 95}"
XVDVLTXAV,"{""P20796"": 71}"
XVDVLTXXX,"{""P20796"": 17}"
XVDVLTKAV,"{""P20796"": 3}"
XVDSEAIFQ,"{""P47460"": 108}"
XVDKIINPF,"{""P47545"": 6}"
XVDPTVAMT,"{""P47481"": 34}"
XVDINLLXX,"{""P47324"": 4}"
XVDINLLXR,"{""P47324"": 1}"
XVDLVFEAN,"{""P47620"": 7}"
XVDLATTAE,"{""P47277"": 3}"
XVDYSGRSV,"{""P47582"": 1}"
XVVLHXEVX,"{""P47567"": 390}"
XVVLHXXXX,"{""P47567"": 103}"
XVVLHKEVX,"{""P47567"": 17}"
XVVFDEIDM,"{""P52271"": 33}"
XVVIAANWL,"{""P47360"": 111}"
XVVVCEISF,"{""P47350"": 12}"
XVVVFETXT,"{""P47246"": 24}"
XVVVFETXX,"{""P47246"": 1}"
XVVVFETKT,"{""P47246"": 1}"
XVVSNDVPL,"{""P47597"": 6}"
XVVXLWNNV,"{""P47582"": 4}"
XVVXXXXXX,"{""P47582"": 1}"
XVVTNKEFD,"{""P47353"": 1}"
XVVTNXEFD,"{""P47353"": 5}"
XVVNVXEYL,"{""P47512"": 2}"
XVVNVXEXL,"{""P47512"": 1}"
XVVNVXXXX,"{""P47512"": 2}"
XVVNVKEYL,"{""P47512"": 1}"
XVSQLFLXE,"{""P47479"": 81}"
XVSQLFLXX,"{""P47479"": 18}"
XVSQLFLKE,"{""P47479"": 6}"
XVSYXXXXX,"{""P47256"": 132}"
XVSYXXEFL,"{""P47256"": 334}"
XVSYXKEFL,"{""P47256"": 18}"
XVSYKXEFL,"{""P47256"": 12}"
XVSYKXXXX,"{""P47256"": 3}"
XVSYKKEFL,"{""P47256"": 1}"
XVSVNDVDI,"{""P47455"": 93}"
XVSEAXIXX,"{""P47365"": 63}"
XVSEAXIXT,"{""P47365"": 355}"
XVSEAXIKT,"{""P47365"": 19}"
XVSEAXXXX,"{""P47365"": 71}"
XVSEAKIXX,"{""P47365"": 1}"
XVSEAKIXT,"{""P47365"": 6}"
XVSEAKIKT,"{""P47365"": 2}"
XVSESTFSS,"{""P47677"": 27}"
XVSDLXXXX,"{""P47307"": 64}"
XVSDLXLIT,"{""P47307"": 18}"
XVSDVIEMV,"{""P47288"": 101}"
XVSCHSCNG,"{""P47265"": 458}"
XVSCHSXNG,"{""P47265"": 17}"
XVSFXYQIV,"{""P47576"": 20}"
XVSFXXXXX,"{""P47576"": 90}"
XVSFXXQIV,"{""P47576"": 1}"
XVSFKYQIV,"{""P47576"": 2}"
XVSLYGDYT,"{""P47523"": 107}"
XVSLYGDXT,"{""P47523"": 3}"
XVSLASLIT,"{""P47489"": 10}"
XVSLNDTVQ,"{""P47639"": 6}"
XVSLXGDYT,"{""P47523"": 4}"
XVSXXXEFL,"{""P47256"": 19}"
XVSXXXXXX,"{""P47256"": 4}"
XVSXXKEFL,"{""P47256"": 1}"
XVSXSNYXX,"{""P47605"": 4}"
XVSXSNYXH,"{""P47605"": 1}"
XVSXHSCNG,"{""P47265"": 20}"
XVSXHSXNG,"{""P47265"": 2}"
XVSXKXEFL,"{""P47256"": 1}"
XVEIDNFTX,"{""P47510"": 477}"
XVEIDNFTK,"{""P47510"": 4}"
XVEIWNIVF,"{""P47534"": 26}"
XVEIIIRQL,"{""P47582"": 3}"
XVEVXPXXX,"{""P47405"": 9}"
XVEVXPXVE,"{""P47405"": 84}"
XVEVXPKVE,"{""P47405"": 5}"
XVEVXXXXX,"{""P47405"": 11}"
XVEVKPXVE,"{""P47405"": 2}"
XVEARIETX,"{""P47405"": 18}"
XVEARIETK,"{""P47405"": 2}"
XVEAAVXXX,"{""P47551"": 26}"
XVEAAVXXH,"{""P47551"": 59}"
XVEAAVXKH,"{""P47551"": 3}"
XVEAAVKXH,"{""P47551"": 1}"
XVEAXXSVS,"{""P47405"": 52}"
XVEAXXXXX,"{""P47405"": 34}"
XVEAXIETX,"{""P47405"": 7}"
XVEAXKSVS,"{""P47405"": 8}"
XVEAINFDT,"{""P47318"": 2}"
XVESEXDTI,"{""Q49460"": 68}"
XVESEXXXX,"{""Q49460"": 8}"
XVESEKDTI,"{""Q49460"": 1}"
XVEEANLAG,"{""P47566"": 105}"
XVEESELIE,"{""P47446"": 94}"
XVEXXXXXX,"{""Q49421"": 7}"
XVEXLILLA,"{""Q49421"": 2}"
XVENYYLAE,"{""P47648"": 101}"
XVENYXLAE,"{""P47648"": 4}"
XVENXYLAE,"{""P47648"": 7}"
XVELVFHTX,"{""P47277"": 7}"
XVELLXDXF,"{""P47581"": 4}"
XVELLXDXX,"{""P47581"": 2}"
XVELLXXXX,"{""P47581"": 1}"
XVELLKDXF,"{""P47581"": 1}"
XVTXGASXG,"{""P47575"": 3}"
XVTXIEIDS,"{""P47285"": 94}"
XVTXXXXXX,"{""P47285"": 22, ""P47575"": 1}"
XVTTDFESX,"{""Q49413"": 98}"
XVTTDFESK,"{""Q49413"": 4}"
XVTGIDFNS,"{""P47382"": 113}"
XVTMVAQRL,"{""P47368"": 14}"
XVTMVAQXL,"{""P47368"": 3}"
XVTKIEIDS,"{""P47285"": 2}"
XVPLINYLS,"{""Q57081"": 101}"
XVPLINXLS,"{""Q57081"": 4}"
XVPLASDLF,"{""P47664"": 5}"
XVPDFNLXS,"{""P47653"": 7}"
XVGFTGNNP,"{""P47563"": 87}"
XVGSEXXXX,"{""P47549"": 10}"
XVGSEXINI,"{""P47549"": 92}"
XVGSEKINI,"{""P47549"": 1}"
XVGSDISCN,"{""P47473"": 8}"
XVGMSVGCN,"{""P47318"": 3}"
XVGNPDYGS,"{""Q49413"": 4}"
XVGNPDXGS,"{""Q49413"": 1}"
XVGNNNNLF,"{""P22746"": 2}"
XVGYIFQQY,"{""P47311"": 1}"
XVQIAXEXT,"{""P47632"": 338}"
XVQIAXEXX,"{""P47632"": 58}"
XVQIAXEKT,"{""P47632"": 16}"
XVQIAXXXX,"{""P47632"": 90}"
XVQIAKEXT,"{""P47632"": 13}"
XVQIAKEXX,"{""P47632"": 4}"
XVQIIFYFA,"{""P47344"": 25}"
XVQDLEQLL,"{""P47484"": 101}"
XVQQNQNQN,"{""P47442"": 83}"
XVQHALILN,"{""P47276"": 92}"
XVQELGLXX,"{""P47423"": 99}"
XVQEGYVCE,"{""P47583"": 8}"
XVQEGYVXE,"{""P47583"": 1}"
XVQFDLFXD,"{""P47613"": 76}"
XVQFDLFXX,"{""P47613"": 16}"
XVQFDLFKD,"{""P47613"": 3}"
XVQVCYVLL,"{""P47267"": 24}"
XVQVCXVLL,"{""P47267"": 2}"
XVQVXYVLL,"{""P47267"": 2}"
XVQNLVXXX,"{""P47482"": 3}"
XVYEILXNT,"{""P47371"": 84}"
XVYEILXXX,"{""P47371"": 2}"
XVYEILKNT,"{""P47371"": 2}"
XVYNHFXTQ,"{""P22746"": 8}"
XVYNHFXXX,"{""P22746"": 2}"
XVYNHFKTQ,"{""P22746"": 2}"
XVYNEEFXL,"{""P47340"": 5}"
XVYNEEFXX,"{""P47340"": 1}"
XVYILDEAH,"{""P47658"": 98}"
XVYVFSEXX,"{""P47543"": 74}"
XVYVFSEXD,"{""P47543"": 14}"
XVYFDFETI,"{""P47606"": 28}"
XVYRGSGQS,"{""P47540"": 6}"
XVYRLVSMW,"{""Q49402"": 17}"
XVYTGHGVD,"{""P47458"": 6}"
XVYXLVSMW,"{""Q49402"": 4}"
XVYXGSGQS,"{""P47540"": 4}"
XVYGVXVSR,"{""P47521"": 1}"
XVHXXXXXX,"{""Q9ZB70"": 102}"
XVHXGELII,"{""P47340"": 9}"
XVHXLSGGQ,"{""Q9ZB70"": 4}"
XVHSVDWXP,"{""Q49423"": 76}"
XVHSVDWXX,"{""Q49423"": 11}"
XVHSVDWKP,"{""Q49423"": 5}"
XVHDELLEQ,"{""Q49430"": 9}"
XVHRGELII,"{""P47340"": 25}"
XVRQAIIEX,"{""P47615"": 18}"
XVRQAIIEK,"{""P47615"": 1}"
XVRXPPNAQ,"{""P47355"": 6}"
XVRXXXXXX,"{""P47355"": 16, ""P47372"": 9}"
XVRXATTDS,"{""P47372"": 15}"
XVRXLLDLF,"{""P47667"": 1}"
XVRKATTDS,"{""P47372"": 3}"
XVRYLLDLF,"{""P47667"": 8}"
XVRENIEND,"{""P47260"": 18}"
XVRDLFNXA,"{""P47695"": 3}"
XVRVIIXXX,"{""Q49400"": 3}"
XVRISNSFL,"{""P47681"": 1}"
XVKSFAXXX,"{""P47423"": 13}"
XVKSFAXQI,"{""P47423"": 5}"
XVKSFAKQI,"{""P47423"": 1}"
XVKSXXXXX,"{""P47333"": 1}"
XVKSXSPAL,"{""P47333"": 2}"
XVKPNYXXY,"{""P52271"": 4}"
XVKPNYXXX,"{""P52271"": 1}"
XVKTFILDQ,"{""P55825"": 21}"
XVKDLIXEP,"{""P47506"": 3}"
XVKDLIXXX,"{""P47506"": 2}"
XVKNALLXI,"{""P47589"": 17}"
XVKNALLXX,"{""P47589"": 5}"
XVKNALLKI,"{""P47589"": 1}"
XVKQFDXFS,"{""Q49428"": 2}"
XVKXPEFLL,"{""P47609"": 5}"
XVKLPSEIQ,"{""P47566"": 4}"
XVKGFLTES,"{""P47668"": 1}"
XVMENASDE,"{""P47359"": 108}"
XVMEVSEII,"{""P47605"": 8}"
XVMEMIXQP,"{""P47641"": 4}"
XVMEMIXXX,"{""P47641"": 1}"
XVMIXWXXV,"{""Q49399"": 59}"
XVMIXWXXX,"{""Q49399"": 32}"
XVMIXWXKV,"{""Q49399"": 3}"
XVMIXWKXV,"{""Q49399"": 2}"
XVMIXWKXX,"{""Q49399"": 1}"
XVMIXXXXX,"{""Q49399"": 13}"
XVMIKWXXV,"{""Q49399"": 3}"
XVMIKWXXX,"{""Q49399"": 1}"
XIFQXAQNS,"{""P55825"": 402}"
XIFQXXXXX,"{""P55825"": 108}"
XIFQENEXE,"{""P47346"": 72}"
XIFQENEXX,"{""P47346"": 25}"
XIFQENEKE,"{""P47346"": 2}"
XIFQKAQNS,"{""P55825"": 9}"
XIFLLPLIS,"{""P47677"": 482}"
XIFICFDND,"{""P47256"": 91}"
XIFIXFDND,"{""P47256"": 7}"
XIFISLXXX,"{""Q49460"": 5}"
XIFISLXAI,"{""Q49460"": 1}"
XIFEMLFFF,"{""P47393"": 10}"
XIFEDASGI,"{""P47540"": 142}"
XIFEQXIVN,"{""Q49425"": 24}"
XIFEQXXXX,"{""Q49425"": 5}"
XIFEQKIVN,"{""Q49425"": 1}"
XIFERTFSE,"{""P47607"": 1}"
XIFAXXXXX,"{""P47260"": 103}"
XIFAFVXXX,"{""P47701"": 1}"
XIFAFVXNL,"{""P47701"": 4}"
XIFHSVSNN,"{""P47247"": 25}"
XIFRLSGFX,"{""P47621"": 21}"
XIFNSEIGQ,"{""P47641"": 101}"
XIFXXAXXX,"{""P47628"": 4}"
XIFXXAXEI,"{""P47628"": 1}"
XIFXXXXXX,"{""P47628"": 2}"
XIFXLSGFX,"{""P47621"": 4}"
XIFSVIEST,"{""Q49426"": 6}"
XIFGTDIIX,"{""P47520"": 3}"
XIFFFNLQX,"{""P47592"": 5}"
XIFFFNLQK,"{""P47592"": 1}"
XIEQLQXXX,"{""P47288"": 345}"
XIEQLQXNN,"{""P47288"": 122}"
XIEQLQKNN,"{""P47288"": 4}"
XIERSPGVX,"{""P47387"": 18}"
XIERDWQRG,"{""P47622"": 1}"
XIEIAEMXX,"{""P47255"": 93}"
XIEIAEMXR,"{""P47255"": 20}"
XIEIALTYI,"{""P47421"": 7}"
XIESIQGSL,"{""Q49413"": 111}"
XIESINEPX,"{""P47299"": 4}"
XIESNXDLD,"{""P47269"": 4}"
XIENQSSGI,"{""P47473"": 95}"
XIEEXXXXX,"{""P47277"": 5, ""P47599"": 14, ""P47340"": 2}"
XIEEXVQFN,"{""P47599"": 72}"
XIEEXVFLF,"{""P47277"": 1}"
XIEEQQLXN,"{""P47273"": 78}"
XIEEQQLXX,"{""P47273"": 19}"
XIEEQQLKN,"{""P47273"": 4}"
XIEEKVQFN,"{""P47599"": 4}"
XIEERXXXX,"{""P47340"": 7}"
XIEMITRII,"{""P47416"": 101}"
XIEMITXII,"{""P47416"": 30}"
XIETIXXXX,"{""P47460"": 79}"
XIETIXXQL,"{""P47460"": 2}"
XIETIXRQL,"{""P47460"": 13}"
XIETIKRQL,"{""P47460"": 1}"
XIEGITIGN,"{""P47277"": 84}"
XIEXSPGVX,"{""P47387"": 7}"
XIEXEFGSH,"{""P47368"": 4}"
XIEXDWQRG,"{""P47622"": 1}"
XIEXXXXXX,"{""P47368"": 1}"
XIEDAFVQI,"{""P47583"": 6}"
XIAEIXXXX,"{""P47491"": 88}"
XIAEIXXLS,"{""P47491"": 4}"
XIAEIXRLS,"{""P47491"": 23}"
XIAEITXLD,"{""Q49407"": 83}"
XIAEITXXX,"{""Q49407"": 15}"
XIAEITKLD,"{""Q49407"": 3}"
XIAETNXXX,"{""P47508"": 28}"
XIAETNXXV,"{""P47508"": 63}"
XIAETNXKV,"{""P47508"": 1}"
XIAETNKXV,"{""P47508"": 8}"
XIAEELDFF,"{""P47572"": 100}"
XIAEEQXRQ,"{""P47278"": 1}"
XIAEMMRQA,"{""P47380"": 5}"
XIAEMMXQA,"{""P47380"": 2}"
XIAFIDTGG,"{""P47571"": 488}"
XIANEXXXX,"{""Q49329"": 12}"
XIANEXLDL,"{""Q49329"": 76}"
XIANELAXL,"{""P47297"": 89}"
XIANELAXX,"{""P47297"": 13}"
XIANELAKL,"{""P47297"": 6}"
XIANEKLDL,"{""Q49329"": 4}"
XIANSLGIX,"{""P47537"": 82}"
XIANSLGIK,"{""P47537"": 6}"
XIANQFNVX,"{""P47482"": 96}"
XIANQFNVK,"{""P47482"": 6}"
XIANWLTVY,"{""P47360"": 4}"
XIAXDHDVS,"{""P47282"": 391}"
XIAXXXXXX,"{""P47282"": 75, ""P47257"": 86}"
XIAVIXQQX,"{""P47572"": 419}"
XIAVIXQQK,"{""P47572"": 17}"
XIAVIXXXX,"{""P47572"": 78}"
XIAVIKQQX,"{""P47572"": 19}"
XIAVVEFIF,"{""P47273"": 36}"
XIALIGHLN,"{""P47684"": 7}"
XIALALRWI,"{""P47334"": 10}"
XIALALXWI,"{""P47334"": 2}"
XIALGPTEG,"{""P47639"": 4}"
XIAAIISQG,"{""P47417"": 124}"
XIATLIVAF,"{""P47285"": 83}"
XIADIEXIK,"{""P47480"": 5}"
XIADIEXIX,"{""P47480"": 80}"
XIADIEXXX,"{""P47480"": 16}"
XIADIEKIX,"{""P47480"": 1}"
XIADSIVEW,"{""P47618"": 91}"
XIAGSNYQV,"{""P47334"": 1}"
XIAINSPLF,"{""P47448"": 99}"
XIAIRLXAL,"{""P47310"": 19}"
XIAIRLXXX,"{""P47310"": 3}"
XIAIXLXAL,"{""P47310"": 4}"
XIAKDHDVS,"{""P47282"": 19}"
XIASAVXXX,"{""P47574"": 3}"
XIASAVXXG,"{""P47574"": 7}"
XIASAVKKG,"{""P47574"": 1}"
XIACVVHVN,"{""P47330"": 2}"
XINTSIXTX,"{""P47495"": 78}"
XINTSIXTK,"{""P47495"": 1}"
XINTSIXXX,"{""P47495"": 20}"
XINTSIKTX,"{""P47495"": 2}"
XINTNEEIE,"{""P47632"": 100}"
XINTILXXX,"{""P47597"": 1}"
XINTILXQV,"{""P47597"": 3}"
XINQLIXPH,"{""P47428"": 378}"
XINQLIXXX,"{""P47428"": 114}"
XINQLIKPH,"{""P47428"": 23}"
XINFNTNLX,"{""P47678"": 34}"
XINFNTNLR,"{""P47678"": 113}"
XINFQIHST,"{""P47494"": 22}"
XINAQTITE,"{""P47294"": 95}"
XINAGISFV,"{""P47365"": 2}"
XINVNFNIV,"{""Q49410"": 120}"
XINVVYNPA,"{""P47258"": 93}"
XINVVXNPA,"{""P47258"": 2}"
XINVPSGLI,"{""P47422"": 113}"
XINHAXXXX,"{""P47496"": 446}"
XINHLEVDL,"{""P47460"": 25}"
XINXXXXXX,"{""P47345"": 15, ""Q57081"": 98, ""P47682"": 18}"
XINXSDEXI,"{""P47345"": 69}"
XINXSDEXX,"{""P47345"": 14}"
XINXSDEKI,"{""P47345"": 1}"
XINXQALID,"{""P47682"": 63}"
XINXLFPYQ,"{""Q49460"": 2}"
XINXRYPDV,"{""Q57081"": 1}"
XINYLFPYQ,"{""Q49460"": 96}"
XINYLFPXQ,"{""Q49460"": 6}"
XINIYTVII,"{""P47685"": 91}"
XINIXTVII,"{""P47685"": 7}"
XINLLEVXT,"{""P47374"": 67}"
XINLLEVXX,"{""P47374"": 24}"
XINLLEVKT,"{""P47374"": 5}"
XINLSLLIF,"{""P47310"": 103}"
XINERNLPD,"{""P47597"": 10}"
XINEFLEXX,"{""P47599"": 7}"
XINEFXXXI,"{""P47254"": 1}"
XINEFXXXX,"{""P47254"": 1}"
XINEFYXXI,"{""P47254"": 3}"
XINEFYXKI,"{""P47254"": 1}"
XINEXNLPD,"{""P47597"": 4}"
XINEQLSXQ,"{""P47481"": 1}"
XINEQLSRQ,"{""P47481"": 5}"
XINDAQNIL,"{""P47402"": 85}"
XINNFDSNA,"{""P47521"": 105}"
XINNPSXLA,"{""P47371"": 82}"
XINNPSXXX,"{""P47371"": 20}"
XINNPSKLA,"{""P47371"": 4}"
XINNNXSGC,"{""P47537"": 89}"
XINNNXSGX,"{""P47537"": 5}"
XINNNXXXX,"{""P47537"": 9}"
XINNNKSGC,"{""P47537"": 2}"
XINGNLXMI,"{""P47613"": 85}"
XINGNLXXX,"{""P47613"": 10}"
XINGNLKMI,"{""P47613"": 4}"
XINGRGSYF,"{""P55825"": 10}"
XINGRGSXF,"{""P55825"": 1}"
XINGXGSYF,"{""P55825"": 4}"
XINSGDXXM,"{""P47429"": 83}"
XINSGDXXX,"{""P47429"": 28}"
XINSGDXKM,"{""P47429"": 1}"
XINSGDKXX,"{""P47429"": 1}"
XINSGDKXM,"{""P47429"": 3}"
XINSLANEH,"{""P47621"": 4}"
XINSADLAT,"{""Q49420"": 8}"
XINCLEILN,"{""P47253"": 10}"
XINKQALID,"{""P47682"": 2}"
XINKSDEXI,"{""P47345"": 3}"
XINKSDEXX,"{""P47345"": 1}"
XINKSDEKI,"{""P47345"": 1}"
XIQSILPDS,"{""P47581"": 29}"
XIQDQINNL,"{""P47306"": 103}"
XIQIGDXXX,"{""P47583"": 365}"
XIQIGDXLA,"{""P47583"": 110}"
XIQIGDKLA,"{""P47583"": 6}"
XIQEIITSX,"{""P47606"": 98}"
XIQEIITSK,"{""P47606"": 2}"
XIQLTXQEL,"{""P47460"": 381}"
XIQLTXXXX,"{""P47460"": 120}"
XIQLTKQEL,"{""P47460"": 17}"
XIQLQSGEI,"{""P47288"": 98}"
XIQAFHYEL,"{""P47460"": 98}"
XIQAFHXEL,"{""P47460"": 7}"
XIQAQQQQN,"{""P47455"": 4}"
XIQWLKEEL,"{""P47673"": 2}"
XIQWLXEEL,"{""P47673"": 83}"
XIQWLXXXX,"{""P47673"": 21}"
XIQXXXXXX,"{""P22746"": 91}"
XIQNLQXVQ,"{""Q49405"": 24}"
XIQNLQXXX,"{""Q49405"": 3}"
XIIIGXXXX,"{""P47627"": 25}"
XIIIGXNAE,"{""P47627"": 77}"
XIIIGKNAE,"{""P47627"": 4}"
XIIIEVLDG,"{""P47264"": 100}"
XIIISNSME,"{""P47267"": 86}"
XIIVNATEE,"{""P47502"": 508}"
XIIVDTYGP,"{""P47293"": 459}"
XIIVDTXGP,"{""P47293"": 22}"
XIIVEHNWI,"{""Q49424"": 527}"
XIIVXNAXX,"{""P47255"": 3}"
XIIVXQGSI,"{""Q49420"": 8}"
XIIVXXXXX,"{""P47255"": 1}"
XIIVRQGSI,"{""Q49420"": 16}"
XIISEHLXT,"{""P47636"": 105}"
XIISEHLXX,"{""P47636"": 13}"
XIISEHLKT,"{""P47636"": 3}"
XIISHHLAL,"{""P47465"": 109}"
XIISDHLPI,"{""P47488"": 509}"
XIISDSLLL,"{""P47670"": 3}"
XIISRSNSG,"{""P47400"": 23}"
XIISXSNSG,"{""P47400"": 4}"
XIIGIGVSD,"{""P47668"": 100}"
XIIXALXXX,"{""P47481"": 70}"
XIIXALXTL,"{""P47481"": 368}"
XIIXALKTL,"{""P47481"": 10}"
XIIXXXXXX,"{""P47481"": 65}"
XIIANLLXL,"{""P47331"": 76}"
XIIANLLXX,"{""P47331"": 11}"
XIIANLLKL,"{""P47331"": 1}"
XIIAGDTXQ,"{""P47386"": 5}"
XIIAGDTXX,"{""P47386"": 2}"
XIILXXXXX,"{""P47347"": 22}"
XIILELXME,"{""P47540"": 73}"
XIILELXXX,"{""P47540"": 15}"
XIILELKME,"{""P47540"": 2}"
XIILRLEXE,"{""P47343"": 2}"
XIITDFIEH,"{""P47568"": 91}"
XIITDIYVE,"{""P47264"": 83}"
XIITDIXVE,"{""P47264"": 6}"
XIITQTGVV,"{""P22747"": 106}"
XIIDXLXEN,"{""P47551"": 61}"
XIIDXLXXX,"{""P47551"": 10}"
XIIDXLKEN,"{""P47551"": 1}"
XIIDXXXXX,"{""P47551"": 18}"
XIIDKLXEN,"{""P47551"": 4}"
XIIDKLXXX,"{""P47551"": 2}"
XIIKALXTL,"{""P47481"": 15}"
XIIKALXXX,"{""P47481"": 1}"
XIIKALKTL,"{""P47481"": 1}"
XIIPFSSIX,"{""P47286"": 90}"
XIIPFSSIK,"{""P47286"": 8}"
XIIPDFSWI,"{""P47662"": 29}"
XIIFVCQDC,"{""Q9ZB82"": 25}"
XIIFVCQDX,"{""Q9ZB82"": 1}"
XIIFVXQDC,"{""Q9ZB82"": 1}"
XIIFILFIV,"{""P47533"": 1}"
XIIENSXQL,"{""P47254"": 8}"
XIIENSXXX,"{""P47254"": 1}"
XIIEAFTNN,"{""P47653"": 1}"
XIIEQIYQE,"{""P47673"": 2}"
XILEEXEIV,"{""P47693"": 413}"
XILEEXXXX,"{""P47693"": 80}"
XILEEKEIV,"{""P47693"": 23}"
XILEQTXPX,"{""P47277"": 386}"
XILEQTXPK,"{""P47277"": 3}"
XILEQTXXX,"{""P47277"": 109}"
XILEQTKPX,"{""P47277"": 18}"
XILEXLFVF,"{""Q9ZB73"": 74}"
XILEXXXXX,"{""Q9ZB73"": 38, ""P47661"": 1}"
XILEXXIVS,"{""P47661"": 4}"
XILEKLFVF,"{""Q9ZB73"": 5}"
XILEDGTVP,"{""P47582"": 27}"
XILPLAYDN,"{""P47467"": 483}"
XILPLAXDN,"{""P47467"": 21}"
XILPMIYCG,"{""P47384"": 89}"
XILPMIYXG,"{""P47384"": 8}"
XILPMIXCG,"{""P47384"": 5}"
XILVNAINR,"{""P47658"": 102}"
XILVNAINX,"{""P47658"": 21}"
XILVIVYPE,"{""P47275"": 100}"
XILVIVXPE,"{""P47275"": 6}"
XILDQANTN,"{""P47563"": 514}"
XILDQNQGN,"{""P47549"": 8}"
XILDYRVFA,"{""P47317"": 8}"
XILDYXVFA,"{""P47317"": 1}"
XILDTFFXX,"{""Q49418"": 3}"
XILDTFFXR,"{""Q49418"": 2}"
XILAQNQIE,"{""P47520"": 23}"
XILAIDFGL,"{""Q9ZB76"": 6}"
XILNSSAFL,"{""P47699"": 43}"
XILNVAIVT,"{""P47466"": 25}"
XILTDAAVX,"{""P47582"": 108}"
XILTDAAVK,"{""P47582"": 5}"
XILSAMQTX,"{""P47448"": 34}"
XILSAMQTK,"{""P47448"": 2}"
XILSDLIAT,"{""P47579"": 96}"
XILSEFGEY,"{""P47299"": 9}"
XILSEFGEX,"{""P47299"": 1}"
XILSELEHX,"{""P47481"": 1}"
XILSELEHY,"{""P47481"": 4}"
XILSLQEQL,"{""Q49407"": 6}"
XILHWSCFL,"{""Q9ZB81"": 94}"
XILHWSXFL,"{""Q9ZB81"": 6}"
XILFGSLXE,"{""Q49435"": 77}"
XILFGSLXX,"{""Q49435"": 10}"
XILFGSLKE,"{""Q49435"": 8}"
XILIVGNED,"{""P47494"": 23}"
XILIVSFIA,"{""P47467"": 111}"
XILXIAQSI,"{""P47591"": 5}"
XILXXXXXX,"{""P47323"": 6}"
XILXEQHPT,"{""Q49419"": 5}"
XILXQLETI,"{""P47582"": 2}"
XILXGMFQM,"{""P47446"": 2}"
XILYGMFQM,"{""P47446"": 26}"
XILQFFVEY,"{""Q9ZB70"": 28}"
XILQFFVEX,"{""Q9ZB70"": 1}"
XILQGXIXX,"{""P47597"": 4}"
XILKEQHPT,"{""Q49419"": 2}"
XILRQLETI,"{""P47582"": 6}"
XIXNNSEID,"{""P47277"": 431}"
XIXNFXXLR,"{""P47426"": 52}"
XIXNFXXLX,"{""P47426"": 21}"
XIXNFXXXX,"{""P47426"": 336}"
XIXNFXKLX,"{""P47426"": 1}"
XIXNFKXXX,"{""P47426"": 11}"
XIXNFKXLR,"{""P47426"": 3}"
XIXNFVFQN,"{""Q49426"": 15}"
XIXNFLSQP,"{""P47639"": 4}"
XIXXRLXXX,"{""P47651"": 16}"
XIXXRLXXE,"{""P47651"": 2}"
XIXXXXXXX,"{""P47703"": 5, ""P47403"": 487, ""P47604"": 29, ""P47661"": 72, ""P47592"": 425, ""P47445"": 106, ""P47264"": 77, ""P47428"": 361, ""P47448"": 92, ""P47257"": 169, ""P47583"": 373, ""Q49426"": 79, ""P47595"": 24, ""P47584"": 126, ""P47271"": 5, ""P47277"": 84, ""P47582"": 94, ""P47664"": 70, ""P47651"": 159, ""P47426"": 73, ""P47564"": 81, ""P47396"": 88, ""P35888"": 6, ""P47514"": 12, ""P47319"": 98, ""Q49404"": 15, ""P47480"": 19, ""P47658"": 31, ""P47482"": 19, ""P47442"": 20, ""P47256"": 26, ""P47306"": 18, ""P52271"": 14, ""P47286"": 25, ""P47282"": 3, ""P47655"": 2, ""P47283"": 2, ""P47335"": 3}"
XIXXXLXXE,"{""P47651"": 2}"
XIXXXLXXX,"{""P47651"": 3}"
XIXXPXXXX,"{""P47604"": 52}"
XIXXPXEIR,"{""P47604"": 12}"
XIXXPXEIX,"{""P47604"": 1}"
XIXXSNHXQ,"{""P47658"": 60}"
XIXXSNHXX,"{""P47658"": 12}"
XIXXSNHKQ,"{""P47658"": 1}"
XIXXQAEQL,"{""P47442"": 74}"
XIXXIAXXX,"{""P47257"": 303}"
XIXXIAXRL,"{""P47257"": 1}"
XIXXIFICF,"{""P47256"": 67}"
XIXXIFIXF,"{""P47256"": 7}"
XIXXIXWIS,"{""P47286"": 3}"
XIXXLGEIN,"{""P47282"": 4}"
XIXEHSNLI,"{""P47584"": 378}"
XIXEGSGFX,"{""P47533"": 3}"
XIXEQIXXX,"{""P47445"": 346}"
XIXEQIXQQ,"{""P47445"": 75}"
XIXEQIKQQ,"{""P47445"": 1}"
XIXEIFXXX,"{""P47595"": 75}"
XIXEIFXYL,"{""P47595"": 13}"
XIXERRCSN,"{""P47592"": 16}"
XIXERXXSN,"{""P47592"": 1}"
XIXERXCSN,"{""P47592"": 3}"
XIXEECHFF,"{""P47642"": 2}"
XIXEXRCSN,"{""P47592"": 4}"
XIXEXXCSN,"{""P47592"": 1}"
XIXELHFAI,"{""P47318"": 3}"
XIXAQXXXX,"{""P47482"": 15}"
XIXAQXLFF,"{""P47482"": 81}"
XIXAGVITD,"{""P47583"": 112}"
XIXAIXAXY,"{""P52271"": 65}"
XIXAIXAXX,"{""P52271"": 12}"
XIXAIXAKY,"{""P52271"": 2}"
XIXAIXXXX,"{""P52271"": 11}"
XIXAIKAXY,"{""P52271"": 2}"
XIXAIKAXX,"{""P52271"": 1}"
XIXAIKAKY,"{""P52271"": 1}"
XIXLTDLNK,"{""P47514"": 2}"
XIXLTDLNX,"{""P47514"": 98}"
XIXLTNLNN,"{""P47413"": 2}"
XIXLLGXXX,"{""P47385"": 24}"
XIXLLGXSM,"{""P47385"": 2}"
XIXLDLTIN,"{""P47403"": 1}"
XIXLGLNLI,"{""Q49405"": 3}"
XIXVAYIHX,"{""P47319"": 371}"
XIXVAYIHK,"{""P47319"": 7}"
XIXVAXIHX,"{""P47319"": 24}"
XIXVIGSGR,"{""P47428"": 91}"
XIXVIGSGX,"{""P47428"": 21}"
XIXVNNINE,"{""P47651"": 15}"
XIXDLTPLT,"{""P47480"": 79}"
XIXDLENSD,"{""Q49436"": 1}"
XIXDPEXLI,"{""P47655"": 5}"
XIXWISPXX,"{""P47286"": 71}"
XIXWISPXQ,"{""P47286"": 23}"
XIXWISPKQ,"{""P47286"": 2}"
XIXGNFCLA,"{""P47264"": 16}"
XIXGIQYLA,"{""P47447"": 4}"
XIXFTVXXX,"{""P47306"": 75}"
XIXFTVXXD,"{""P47306"": 1}"
XIXFTVXRD,"{""P47306"": 1}"
XIXFDQFXX,"{""P47330"": 27}"
XIXFDQFXK,"{""P47330"": 1}"
XIXFDQFKX,"{""P47330"": 5}"
XIXHLSRRY,"{""P47448"": 6}"
XIXHXXXXX,"{""P47413"": 3}"
XIXYGRHTX,"{""P47564"": 14}"
XIXYGXHTX,"{""P47564"": 3}"
XIXYLMPLG,"{""P47384"": 1}"
XIXTALDLX,"{""Q49404"": 4}"
XIXTALDLC,"{""Q49404"": 81}"
XIXTNPQII,"{""P47664"": 7}"
XIXTRILLL,"{""P47661"": 5}"
XIXTRTFXG,"{""P47677"": 2}"
XIXPXXXXX,"{""P47277"": 59}"
XIXPXEAEL,"{""P47277"": 17}"
XIXPKEAEL,"{""P47277"": 2}"
XIXSLLEXX,"{""P47283"": 2}"
XIXSLLEXY,"{""P47283"": 5}"
XIXSLAFNW,"{""P47281"": 5}"
XIXSXLEQH,"{""P47303"": 2}"
XIXSXXXXX,"{""P47303"": 3}"
XIXSINGVX,"{""P47411"": 2}"
XIXKIAXXX,"{""P47257"": 14}"
XIXKIFICF,"{""P47256"": 4}"
XIXKQAEQL,"{""P47442"": 1}"
XIXKPXEIX,"{""P47604"": 1}"
XIXKPXXXX,"{""P47604"": 1}"
XIXKRLXXE,"{""P47651"": 1}"
XIXIXXXXX,"{""P47300"": 1}"
XIXRTFFID,"{""P47661"": 3}"
XISNANQFX,"{""P47257"": 82}"
XISNANQFK,"{""P47257"": 2}"
XISNVVFHL,"{""P47348"": 91}"
XISNLFETE,"{""P47592"": 109}"
XISNFIYQV,"{""P47651"": 31}"
XISNFIXQV,"{""P47651"": 2}"
XISFLNXLT,"{""P47620"": 99}"
XISFLNXXX,"{""P47620"": 14}"
XISFLNKLT,"{""P47620"": 2}"
XISFHVEPF,"{""P47358"": 7}"
XISPNSFIV,"{""Q49420"": 96}"
XISDXXXXX,"{""P47318"": 23}"
XISDXVNVL,"{""P47318"": 91}"
XISDKVNVL,"{""P47318"": 7}"
XISDFFXEI,"{""P47483"": 79}"
XISDFFXXX,"{""P47483"": 14}"
XISDFFKEI,"{""P47483"": 4}"
XISTFFENS,"{""P47610"": 94}"
XISTSEISS,"{""P47629"": 102}"
XISTIANLV,"{""P47490"": 4}"
XISLNYAXG,"{""P47508"": 67}"
XISLNYAXX,"{""P47508"": 16}"
XISLNYAKG,"{""P47508"": 3}"
XISLNXAXX,"{""P47508"": 3}"
XISLNXAXG,"{""P47508"": 3}"
XISLFDNLE,"{""P47661"": 31}"
XISQNIFQN,"{""P47521"": 90}"
XISEXQTVI,"{""P47303"": 74}"
XISEXXXXX,"{""P47303"": 14}"
XISEXEGID,"{""P47353"": 2}"
XISEKQTVI,"{""P47303"": 6}"
XISELLGYD,"{""P47687"": 6}"
XISGVLAVF,"{""P47381"": 107}"
XISXTTXXX,"{""P47414"": 8}"
XISXXXXXX,"{""P47414"": 4}"
XISXAVITV,"{""P47547"": 1}"
XISRAVITV,"{""P47547"": 2}"
XISIDALLE,"{""P47311"": 3}"
XIGLMAIDS,"{""P47385"": 117}"
XIGXNFTIL,"{""P47681"": 80}"
XIGXYXLLN,"{""P47606"": 76}"
XIGXYXXXX,"{""P47606"": 15}"
XIGXYKLLN,"{""P47606"": 4}"
XIGXXXXXX,"{""P47376"": 96, ""P47547"": 92, ""P47681"": 17, ""P47606"": 11}"
XIGXXXLLN,"{""P47606"": 6}"
XIGXXISRA,"{""P47547"": 4}"
XIGXEISXE,"{""P47662"": 5}"
XIGXEILES,"{""P47376"": 5}"
XIGKXXXXX,"{""P47547"": 6}"
XIGKNFTIL,"{""P47681"": 7}"
XIGKYXLLN,"{""P47606"": 5}"
XIGKYKLLN,"{""P47606"": 1}"
XIGVDAYNL,"{""P47250"": 2}"
XIGVIIEIQ,"{""P47246"": 4}"
XIGIIYGDG,"{""P47283"": 113}"
XIGIIXGDG,"{""P47283"": 4}"
XIGIEFYFA,"{""P47364"": 20}"
XIGIDTVXX,"{""P47252"": 64}"
XIGIDTVXQ,"{""P47252"": 24}"
XIGIDTVKQ,"{""P47252"": 1}"
XIGWGETIT,"{""P47564"": 23}"
XIGSDLVXX,"{""P47372"": 22}"
XIGSDLVXY,"{""P47372"": 100}"
XIGSDLVKY,"{""P47372"": 2}"
XIGTAIANT,"{""Q9ZB76"": 89}"
XIGEXXXXX,"{""P47534"": 69}"
XIGEXLFFE,"{""P47534"": 14}"
XIGELALXE,"{""P47660"": 22}"
XIGELALXX,"{""P47660"": 71}"
XIGEKLFFE,"{""P47534"": 2}"
XIGDTTSHG,"{""P47445"": 105}"
XIGFCYSFC,"{""P47568"": 5}"
XIGQAINEL,"{""P47299"": 1}"
XIPIQQSGQ,"{""P47416"": 504}"
XIPIMNSDS,"{""P47461"": 101}"
XIPXAITVC,"{""P47270"": 75}"
XIPXAITVX,"{""P47270"": 3}"
XIPXXLXDN,"{""P47587"": 56}"
XIPXXLXXX,"{""P47587"": 7}"
XIPXXLKDN,"{""P47587"": 2}"
XIPXXXXXX,"{""P47587"": 41, ""P47270"": 18}"
XIPXFGHLS,"{""P47700"": 1}"
XIPXKLXDN,"{""P47587"": 3}"
XIPXKLXXX,"{""P47587"": 1}"
XIPQVESTP,"{""Q57081"": 7}"
XIPVDITQS,"{""P47472"": 7}"
XIPRFGHLS,"{""P47700"": 5}"
XIPKXLXDN,"{""P47587"": 4}"
XIPKXLXXX,"{""P47587"": 2}"
XIPKXXXXX,"{""P47587"": 2}"
XIPKAITVC,"{""P47270"": 2}"
XIPKAITVX,"{""P47270"": 1}"
XIVPINPLK,"{""P47426"": 5}"
XIVPINPLX,"{""P47426"": 102}"
XIVEVVXGV,"{""P47396"": 81}"
XIVEVVXXX,"{""P47396"": 14}"
XIVEVVKGV,"{""P47396"": 5}"
XIVEFTXIQ,"{""P52271"": 4}"
XIVANQIIE,"{""Q49424"": 92}"
XIVAMQXDG,"{""P47481"": 5}"
XIVAMQXXX,"{""P47481"": 1}"
XIVSXTGSS,"{""P47484"": 87}"
XIVSXXXXX,"{""P47484"": 18, ""P47661"": 85}"
XIVSXXIXX,"{""P47661"": 2}"
XIVSXXIXT,"{""P47661"": 1}"
XIVSXRIXT,"{""P47661"": 5}"
XIVSXRIXX,"{""P47661"": 11}"
XIVSKTGSS,"{""P47484"": 6}"
XIVSKRIXT,"{""P47661"": 1}"
XIVVLDINT,"{""P47614"": 500}"
XIVNLWFGV,"{""P47301"": 9}"
XIVXXXXXX,"{""P47653"": 92, ""P47413"": 6}"
XIVHVNNTI,"{""P47270"": 28}"
XIVMNELNQ,"{""P47387"": 87}"
XIVDXTINN,"{""P47376"": 4}"
XIVDXXXXX,"{""P47376"": 73}"
XIVDFCXAN,"{""P47669"": 5}"
XIVDFCXXX,"{""P47669"": 1}"
XIVKXXXXX,"{""P47653"": 4}"
XIDLLTTAV,"{""P47273"": 110}"
XIDLIILDK,"{""P47447"": 6}"
XIDLIILDX,"{""P47447"": 112}"
XIDLEGLFX,"{""Q49425"": 116}"
XIDLEGLFK,"{""Q49425"": 2}"
XIDLTXXXX,"{""P47446"": 3}"
XIDLTXLNI,"{""P47446"": 5}"
XIDQXIYLI,"{""P47254"": 81}"
XIDQXIXLI,"{""P47254"": 5}"
XIDQXXXXX,"{""P47643"": 69, ""P47254"": 14}"
XIDQXSDXE,"{""P47643"": 4}"
XIDQXSDRE,"{""P47643"": 21}"
XIDQIGGVS,"{""Q49422"": 3}"
XIDQIVSLG,"{""P47683"": 2}"
XIDQKIXLI,"{""P47254"": 1}"
XIDQKIYLI,"{""P47254"": 2}"
XIDTDEGQX,"{""Q49426"": 98}"
XIDTDEGQK,"{""Q49426"": 2}"
XIDSFDLQL,"{""P47394"": 89}"
XIDINIHVP,"{""P47481"": 111}"
XIDELASTX,"{""Q49416"": 8}"
XIDEIQIGY,"{""Q49435"": 6}"
XIDXVFVYF,"{""P47298"": 21}"
XIDXVFVXF,"{""P47298"": 1}"
XIDXXXXXX,"{""P47636"": 18}"
XIDXIIXYE,"{""P47636"": 1}"
XIDXIIRYE,"{""P47636"": 3}"
XIDYVFVYF,"{""P47298"": 447}"
XIDYVFVXF,"{""P47298"": 22}"
XIDNXXXXX,"{""P47310"": 4}"
XIDNQLRGR,"{""P47318"": 1}"
XIDDVLLFX,"{""P47254"": 5}"
XIWGDYQEV,"{""P47431"": 104}"
XIWGDXQEV,"{""P47431"": 4}"
XIWIEDWFX,"{""P47285"": 488}"
XIWIEDWFK,"{""P47285"": 16}"
XIWFDLDXX,"{""P47655"": 4}"
XITVXXXXX,"{""P47543"": 384}"
XITVXQNIL,"{""P47543"": 91}"
XITVXNIAR,"{""P47537"": 2}"
XITVKQNIL,"{""P47543"": 5}"
XITVRNIAR,"{""P47537"": 7}"
XITASNGVV,"{""P47275"": 126}"
XITASGXYS,"{""P47523"": 7}"
XITASGXXX,"{""P47523"": 1}"
XITXXEIPY,"{""Q49430"": 50}"
XITXXEIPX,"{""Q49430"": 1}"
XITXXXXXX,"{""Q49430"": 45, ""P47254"": 2}"
XITXKEIPY,"{""Q49430"": 5}"
XITPQELFX,"{""P47397"": 107}"
XITPQELFK,"{""P47397"": 1}"
XITGLNNET,"{""P47650"": 22}"
XITGTRFGK,"{""P47613"": 1}"
XITGTRFGX,"{""P47613"": 20}"
XITGTXFGX,"{""P47613"": 1}"
XITGIESWX,"{""P47437"": 5}"
XITGNCNMH,"{""P47338"": 6}"
XITHYVIDE,"{""P47541"": 90}"
XITHXVIDE,"{""P47541"": 12}"
XITNHLEXX,"{""P47700"": 65}"
XITNHLEXN,"{""P47700"": 19}"
XITNGITTN,"{""P47311"": 4}"
XITSDLILE,"{""P47658"": 28}"
XITTFFENS,"{""P47533"": 10}"
XITFNEITX,"{""P47368"": 7}"
XITRXGMQI,"{""P47254"": 6}"
XITRXXXXX,"{""P47254"": 17}"
XITCSXGES,"{""P47258"": 2}"
XITCSXXXX,"{""P47258"": 5}"
XITKXEIPY,"{""Q49430"": 2}"
XITKXXXXX,"{""Q49430"": 1}"
XIYXFFVNL,"{""P47299"": 74}"
XIYXXXXXX,"{""P47299"": 16, ""Q49460"": 3}"
XIYLGLNLI,"{""Q49405"": 99}"
XIYEECHFF,"{""P47642"": 90}"
XIYEEXHFF,"{""P47642"": 2}"
XIYIXXXXX,"{""P47300"": 27}"
XIYGIQYLA,"{""P47447"": 94}"
XIYGIQXLA,"{""P47447"": 4}"
XIYKFFVNL,"{""P47299"": 6}"
XIYRAILSG,"{""P47308"": 1}"
XIYDLENSD,"{""Q49436"": 7}"
XICLLGXXX,"{""P47385"": 374}"
XICLLGXSM,"{""P47385"": 79}"
XICLLGKSM,"{""P47385"": 4}"
XICSINGVX,"{""P47411"": 28}"
XICSINGVK,"{""P47411"": 1}"
XICYLMPLG,"{""P47384"": 3}"
XICXLMPLG,"{""P47384"": 2}"
XIHHIXDAK,"{""P47638"": 15}"
XIHHIXDAX,"{""P47638"": 401}"
XIHHIXXXX,"{""P47638"": 86}"
XIHHIKDAX,"{""P47638"": 13}"
XIHHIKDAK,"{""P47638"": 1}"
XIHETSRPI,"{""P47318"": 18}"
XIHETSXPI,"{""P47318"": 8}"
XIHQYVSXX,"{""P47479"": 24}"
XIHQYVSXI,"{""P47479"": 74}"
XIHQYVSKI,"{""P47479"": 7}"
XIHQXVSXX,"{""P47479"": 3}"
XIHQXVSXI,"{""P47479"": 7}"
XIHDQLXXX,"{""Q49435"": 78}"
XIHDQLXXL,"{""Q49435"": 13}"
XIHDQLXKL,"{""Q49435"": 1}"
XIHDQLKXX,"{""Q49435"": 3}"
XIHPXLFDY,"{""P47382"": 78}"
XIHPXLFDX,"{""P47382"": 2}"
XIHPXXXXX,"{""P47382"": 24}"
XIHPKLFDY,"{""P47382"": 3}"
XIKNFXXLX,"{""P47426"": 2}"
XIKNFXXLR,"{""P47426"": 4}"
XIKNFXXXX,"{""P47426"": 6}"
XIKNFVFQN,"{""Q49426"": 1}"
XIKNNSEID,"{""P47277"": 15}"
XIKTALDLC,"{""Q49404"": 2}"
XIKTNPQII,"{""P47664"": 1}"
XIKERRCSN,"{""P47592"": 2}"
XIKEHSNLI,"{""P47584"": 18}"
XIKEQIXXX,"{""P47445"": 13}"
XIKEQIXQQ,"{""P47445"": 2}"
XIKEIFXYL,"{""P47595"": 1}"
XIKXIAXXX,"{""P47257"": 13}"
XIKXXXXXX,"{""P47651"": 1, ""P47658"": 2, ""P47604"": 1, ""P47257"": 2, ""P47256"": 1}"
XIKXRLXXX,"{""P47651"": 2}"
XIKXQAEQL,"{""P47442"": 2}"
XIKXLGEIN,"{""P47282"": 1}"
XIKXSNHXQ,"{""P47658"": 3}"
XIKXPXXXX,"{""P47604"": 1}"
XIKAGVITD,"{""P47583"": 3}"
XIKAIXAXY,"{""P52271"": 2}"
XIKAIXAXX,"{""P52271"": 1}"
XIKAQXLFF,"{""P47482"": 4}"
XIKAQXXXX,"{""P47482"": 1}"
XIKAQKLFF,"{""P47482"": 1}"
XIKVAYIHX,"{""P47319"": 17}"
XIKVAXIHX,"{""P47319"": 1}"
XIKVIGSGR,"{""P47428"": 4}"
XIKVIGSGX,"{""P47428"": 1}"
XIKVNNINE,"{""P47651"": 1}"
XIKLTDLNX,"{""P47514"": 7}"
XIKDLTPLT,"{""P47480"": 6}"
XIKFTVXXX,"{""P47306"": 7}"
XIKPXXXXX,"{""P47277"": 3}"
XIKYGRHTX,"{""P47564"": 1}"
XIKWISPXQ,"{""P47286"": 1}"
XIKWISPXX,"{""P47286"": 1}"
XIKGNFCLA,"{""P47264"": 2}"
XIRTRTFXG,"{""P47677"": 5}"
XIRTXTFXG,"{""P47677"": 1}"
XIRSXXXXX,"{""P47303"": 21}"
XIRSXLEQH,"{""P47303"": 5}"
XIRSLAFNW,"{""P47281"": 16}"
XIRFDQFXX,"{""P47330"": 94}"
XIRFDQFXK,"{""P47330"": 2}"
XIRFDQFKX,"{""P47330"": 4}"
XIREGSGFX,"{""P47533"": 20}"
XIRELHFAI,"{""P47318"": 2}"
XIRHXXXXX,"{""P47413"": 3}"
XIRHXXIVX,"{""P47413"": 1}"
XIRNFLSQP,"{""P47639"": 2}"
XIRGFDITI,"{""P47409"": 2}"
XIRLTNLNN,"{""P47413"": 4}"
XIMNAIXXX,"{""P47435"": 7}"
XIMNAIXNR,"{""P47435"": 2}"
XIMLTNTAI,"{""P47300"": 8}"
XQNPQSFSW,"{""P47249"": 512}"
XQNSSVEFI,"{""P47575"": 106}"
XQNYSXXXX,"{""P47702"": 445}"
XQNNMFVYL,"{""P47465"": 102}"
XQNNMFVXL,"{""P47465"": 1}"
XQNNSLVFA,"{""P47624"": 2}"
XQNNCNTIN,"{""P47510"": 3}"
XQNXIVINI,"{""P47546"": 91}"
XQNXSXXXX,"{""P47702"": 15}"
XQNXXXXXX,"{""P47546"": 16, ""P47587"": 14}"
XQNXGXQIX,"{""P47587"": 61}"
XQNXGXQIK,"{""P47587"": 3}"
XQNXGXXXX,"{""P47587"": 21}"
XQNXGKQIX,"{""P47587"": 2}"
XQNLTRIFL,"{""P47627"": 7}"
XQNLIEYLV,"{""P47492"": 2}"
XQNKIVINI,"{""P47546"": 3}"
XQNKGXQIX,"{""P47587"": 2}"
XQNFLXNLS,"{""P47614"": 8}"
XQNFLXXXX,"{""P47614"": 1}"
XQEQWSGGI,"{""P47482"": 513}"
XQEQEEYYD,"{""P47561"": 1}"
XQESEQTQX,"{""P47460"": 98}"
XQESEQTQK,"{""P47460"": 1}"
XQEEELXXX,"{""P47530"": 384}"
XQEEELXXK,"{""P47530"": 1}"
XQEEELXRX,"{""P47530"": 77}"
XQEEELXRK,"{""P47530"": 3}"
XQEEELKRX,"{""P47530"": 3}"
XQEEERARI,"{""P47278"": 2}"
XQENISLFV,"{""P47694"": 102}"
XQELISFLK,"{""P47619"": 4}"
XQELISFLX,"{""P47619"": 94}"
XQELSYHDL,"{""P47525"": 20}"
XQELSXHDL,"{""P47525"": 2}"
XQELXXXXX,"{""P47606"": 6}"
XQELXINQI,"{""P47606"": 6}"
XQEILLNNW,"{""P47311"": 34}"
XQETILQEN,"{""P47480"": 95}"
XQEWNLPVV,"{""P47251"": 2}"
XQPDLIIAA,"{""P47312"": 506}"
XQPDNDEEF,"{""P47614"": 108}"
XQPAGVVFP,"{""P47390"": 100}"
XQPNVAVTM,"{""P47516"": 86}"
XQPSFQTXX,"{""P47280"": 8}"
XQAVLNLXX,"{""P47457"": 492}"
XQAVLNLXK,"{""P47457"": 1}"
XQAVLNLKX,"{""P47457"": 24}"
XQAVLNLKK,"{""P47457"": 1}"
XQATVSNSE,"{""P47439"": 498}"
XQATDAILA,"{""P47460"": 541}"
XQATADGVI,"{""P47522"": 103}"
XQAINNHXT,"{""P47700"": 394}"
XQAINNHXX,"{""P47700"": 99}"
XQAINNHKT,"{""P47700"": 21}"
XQALYSLIX,"{""P47664"": 104}"
XQALYSLIK,"{""P47664"": 2}"
XQALXSLIX,"{""P47664"": 5}"
XQAEQLFXX,"{""P47442"": 82}"
XQAEQLFXK,"{""P47442"": 4}"
XQAEQLFKX,"{""P47442"": 5}"
XQAHTAVIG,"{""P47286"": 30}"
XQAXXNQTI,"{""P47438"": 3}"
XQAXXXXXX,"{""P47438"": 1}"
XQXNITLSN,"{""P47491"": 91}"
XQXNLLEXX,"{""P47460"": 1}"
XQXNNSYTE,"{""P47314"": 1}"
XQXLXIINV,"{""P47508"": 327}"
XQXLXXXXX,"{""P47508"": 63}"
XQXLKIINV,"{""P47508"": 13}"
XQXMIXNXX,"{""P47655"": 69}"
XQXMIXXXX,"{""P47655"": 21}"
XQXMIKNXX,"{""P47655"": 2}"
XQXMLNSQQ,"{""P47576"": 33}"
XQXFISFIE,"{""Q9ZB77"": 75}"
XQXXXXXXX,"{""Q49431"": 78, ""P47508"": 71, ""P47491"": 12, ""P47705"": 13, ""P47655"": 19, ""P47440"": 34, ""P47585"": 21, ""P47460"": 17, ""P47595"": 22, ""Q9ZB77"": 20, ""P47357"": 1, ""P47397"": 7, ""P47369"": 18, ""P47686"": 1, ""P47433"": 3, ""P52271"": 1, ""P47264"": 1}"
XQXXSEAEL,"{""P47686"": 3}"
XQXXVFLNQ,"{""P47433"": 3}"
XQXXVDQIH,"{""P47357"": 3}"
XQXQDQXEN,"{""P47460"": 66}"
XQXQDQXXX,"{""P47460"": 12}"
XQXQDQKEN,"{""P47460"": 7}"
XQXQNPXXX,"{""P47369"": 11}"
XQXQNPXAV,"{""P47369"": 67}"
XQXQNPKAV,"{""P47369"": 3}"
XQXQEVIGV,"{""P47537"": 5}"
XQXQQIQNL,"{""P52271"": 4}"
XQXTXVETN,"{""P47397"": 66}"
XQXTXXXXX,"{""P47397"": 14}"
XQXAVSFFA,"{""Q49431"": 23}"
XQXANTLYI,"{""P47705"": 64}"
XQXANTLXI,"{""P47705"": 3}"
XQXIXXXXX,"{""P47585"": 60}"
XQXIXHEVY,"{""P47585"": 11}"
XQXIXHEVX,"{""P47585"": 1}"
XQXIIALDE,"{""P47284"": 5}"
XQXIIXXXX,"{""P47294"": 15}"
XQXIIXGSG,"{""P47294"": 2}"
XQXILEXNR,"{""P47491"": 1}"
XQXILEXNX,"{""P47491"": 1}"
XQXILEXXX,"{""P47491"": 2}"
XQXEGVXXX,"{""P47264"": 3}"
XQXGHLVLX,"{""P47355"": 6}"
XQXGXALNL,"{""P47297"": 2}"
XQXWNFFXE,"{""P47645"": 3}"
XQXWNFFXX,"{""P47645"": 1}"
XQXHLXNXX,"{""P47520"": 3}"
XQXHLXXXX,"{""P47520"": 2}"
XQXDMQTGE,"{""P47595"": 3}"
XQYMLNSQQ,"{""P47576"": 493}"
XQYIIALDE,"{""P47284"": 22}"
XQYNNSYTE,"{""P47314"": 27}"
XQYQEVIGV,"{""P47537"": 80}"
XQYXVFLNQ,"{""P47433"": 74}"
XQYXXXXXX,"{""P47433"": 18}"
XQYGHLVLX,"{""P47355"": 70}"
XQYGHLVLK,"{""P47355"": 5}"
XQYKVFLNQ,"{""P47433"": 2}"
XQLFFNMEQ,"{""P47480"": 97}"
XQLFIHEKV,"{""P47699"": 7}"
XQLFIHEXV,"{""P47699"": 68}"
XQLFIHEXX,"{""P47699"": 14}"
XQLXXXXXX,"{""P47497"": 13, ""P47291"": 80, ""P47520"": 19, ""P47487"": 97, ""P47587"": 34, ""P47277"": 12, ""P47403"": 14, ""P47326"": 21}"
XQLXXQINQ,"{""P47587"": 65}"
XQLXXQFXN,"{""P47497"": 2}"
XQLXXCFFS,"{""P47291"": 1}"
XQLXYQFXN,"{""P47497"": 57}"
XQLXYQFXX,"{""P47497"": 8}"
XQLXYQFKN,"{""P47497"": 2}"
XQLXYCFFS,"{""P47291"": 19}"
XQLXQEXNT,"{""P47326"": 58}"
XQLXQEXXX,"{""P47326"": 16}"
XQLXQEKNT,"{""P47326"": 4}"
XQLXIIPLY,"{""P47520"": 74}"
XQLXIIPLX,"{""P47520"": 3}"
XQLXEMGIN,"{""P47277"": 76}"
XQLXTPTIX,"{""P47403"": 68}"
XQLXTPTIK,"{""P47403"": 5}"
XQLXGVINN,"{""P47612"": 6}"
XQLLSLVDE,"{""P47534"": 95}"
XQLLXXXXX,"{""P47460"": 60}"
XQLLXAQXI,"{""P47460"": 9}"
XQLLXAQRI,"{""P47460"": 15}"
XQLILNLNH,"{""P47271"": 116}"
XQLIGTVVS,"{""P47406"": 513}"
XQLINLENL,"{""P47441"": 95}"
XQLIESLXE,"{""P36255"": 98}"
XQLIESLXX,"{""P36255"": 13}"
XQLIESLKE,"{""P36255"": 5}"
XQLNLIIAN,"{""P47488"": 13}"
XQLNELLIN,"{""P47255"": 19}"
XQLNXINQX,"{""P47573"": 76}"
XQLNXINQK,"{""P47573"": 1}"
XQLNXXXXX,"{""P47573"": 17}"
XQLNKINQX,"{""P47573"": 4}"
XQLNKINQK,"{""P47573"": 1}"
XQLDALXQX,"{""P47597"": 79}"
XQLDALXQK,"{""P47597"": 1}"
XQLDALXXX,"{""P47597"": 17}"
XQLDALKQX,"{""P47597"": 5}"
XQLDQHXXX,"{""P47314"": 90}"
XQLDQHXND,"{""P47314"": 10}"
XQLDSETLX,"{""P47619"": 3}"
XQLDSETLK,"{""P47619"": 1}"
XQLDVPNVS,"{""P22747"": 5}"
XQLASNYPL,"{""Q57081"": 486}"
XQLASNXPL,"{""Q57081"": 19}"
XQLAIGSEI,"{""P47310"": 3}"
XQLQXTTTL,"{""P47508"": 86}"
XQLQXXXXX,"{""P47508"": 22}"
XQLQKTTTL,"{""P47508"": 2}"
XQLPEDNLS,"{""P47558"": 117}"
XQLPFITQP,"{""P47442"": 91}"
XQLPNTSDI,"{""P47471"": 29}"
XQLKEMGIN,"{""P47277"": 5}"
XQLKYQFXN,"{""P47497"": 8}"
XQLKYQFXX,"{""P47497"": 1}"
XQLKYCFFS,"{""P47291"": 1}"
XQLKTPTIX,"{""P47403"": 4}"
XQLKTPTIK,"{""P47403"": 1}"
XQLKQEXNT,"{""P47326"": 3}"
XQLKIIPLY,"{""P47520"": 2}"
XQLKXXXXX,"{""P47587"": 1}"
XQLVLELGC,"{""P47589"": 98}"
XQLVLELGX,"{""P47589"": 2}"
XQLHDXXXX,"{""P47460"": 10}"
XQLHDXEMR,"{""P47460"": 1}"
XQLSAHYYR,"{""P47336"": 13}"
XQLSAHYYX,"{""P47336"": 5}"
XQLSAHYXX,"{""P47336"": 1}"
XQLSFLFXV,"{""Q49430"": 1}"
XQLSFLFYV,"{""Q49430"": 1}"
XQQQSLSVI,"{""P47305"": 91}"
XQQQIVVPY,"{""P47265"": 3}"
XQQTSAXQL,"{""P47574"": 75}"
XQQTSAXXX,"{""P47574"": 11}"
XQQTSAKQL,"{""P47574"": 1}"
XQQTDSLXX,"{""P47321"": 16}"
XQQTDSLXN,"{""P47321"": 72}"
XQQTDSLKN,"{""P47321"": 2}"
XQQTQTLFH,"{""P47562"": 1}"
XQQDFNNSL,"{""P47580"": 92}"
XQQVTDFSN,"{""P36263"": 92}"
XQQVISNIE,"{""P47448"": 8}"
XQQLEXXXX,"{""P47500"": 100}"
XQQLSLQXL,"{""P47336"": 92}"
XQQLSLQXX,"{""P47336"": 16}"
XQQLSLQKL,"{""P47336"": 7}"
XQQLIXXEM,"{""P47344"": 5}"
XQQLIRXEM,"{""P47344"": 14}"
XQQLIRXXX,"{""P47344"": 3}"
XQQLIRKEM,"{""P47344"": 1}"
XQQLDQRVI,"{""P47492"": 19}"
XQQLDQXVI,"{""P47492"": 4}"
XQQLXAXGL,"{""Q49435"": 4}"
XQQLXAXXX,"{""Q49435"": 1}"
XQQXXXXXX,"{""Q9ZB78"": 79}"
XQQXXXPLN,"{""Q9ZB78"": 11}"
XQQXXKPLN,"{""Q9ZB78"": 2}"
XQQXSAYGA,"{""P47333"": 1}"
XQQXKXXXX,"{""Q9ZB78"": 1}"
XQQRSAYGA,"{""P47333"": 7}"
XQQFSEQLI,"{""P56723"": 19}"
XQQKXXXXX,"{""Q9ZB78"": 5}"
XQIYXXAYW,"{""P22747"": 312}"
XQIYXXAXW,"{""P22747"": 14}"
XQIYXXXXX,"{""P22747"": 148, ""P47429"": 19}"
XQIYXHVLX,"{""P47429"": 78}"
XQIYXHVLK,"{""P47429"": 1}"
XQIYXKAYW,"{""P22747"": 11}"
XQIYXKAXW,"{""P22747"": 1}"
XQIYKHVLX,"{""P47429"": 5}"
XQIYKXAYW,"{""P22747"": 16}"
XQIYKXAXW,"{""P22747"": 2}"
XQIYKXXXX,"{""P22747"": 1}"
XQIDDLXEN,"{""Q49419"": 57}"
XQIDDLXXX,"{""Q49419"": 17}"
XQIDDLKEN,"{""Q49419"": 4}"
XQIDLMXXX,"{""P47277"": 4}"
XQIDLMKRV,"{""P47277"": 1}"
XQIDPXTXQ,"{""P47408"": 4}"
XQIDPXXXX,"{""P47408"": 1}"
XQIVLVSDX,"{""P35888"": 106}"
XQIVDDTTQ,"{""P47576"": 1}"
XQISIPXNR,"{""P47660"": 17}"
XQISIPXNX,"{""P47660"": 5}"
XQISIPXXX,"{""P47660"": 70}"
XQISDVVSD,"{""P22746"": 97}"
XQIXQFLGD,"{""P47693"": 76}"
XQIXXXAYW,"{""P22747"": 21}"
XQIXXXAXW,"{""P22747"": 1}"
XQIXXXXXX,"{""P22747"": 7, ""P47693"": 13}"
XQIXXHVLX,"{""P47429"": 5}"
XQIXXHVLK,"{""P47429"": 1}"
XQIXTTXXX,"{""P47448"": 3}"
XQIXTTXCF,"{""P47448"": 6}"
XQIXKHVLX,"{""P47429"": 1}"
XQIIXXXXX,"{""P47596"": 94}"
XQIIKXXXX,"{""P47596"": 5}"
XQINDIXDF,"{""P47662"": 75}"
XQINDIXXX,"{""P47662"": 9}"
XQINDIKDF,"{""P47662"": 1}"
XQINQVNFL,"{""P47587"": 84}"
XQIFNLLEQ,"{""P47664"": 122}"
XQIEXXXXX,"{""P47355"": 4}"
XQIEXLLNR,"{""P47355"": 2}"
XQIKQFLGD,"{""P47693"": 7}"
XQMAQQXFA,"{""P47332"": 411}"
XQMAQQXXX,"{""P47332"": 85}"
XQMAQQKFA,"{""P47332"": 13}"
XQMAFIIXX,"{""P47653"": 2}"
XQMAFIIXN,"{""P47653"": 5}"
XQMAFIIKN,"{""P47653"": 1}"
XQMFVWFAL,"{""Q9ZB73"": 24}"
XQMRDNPPI,"{""Q49310"": 20}"
XQMSSXDVQ,"{""P47698"": 5}"
XQMSSXXXX,"{""P47698"": 1}"
XQMSSKDVQ,"{""P47698"": 2}"
XQMVTNPNT,"{""P47547"": 6}"
XQMXDNPPI,"{""Q49310"": 5}"
XQRILEXXX,"{""P47491"": 16}"
XQRILEXNR,"{""P47491"": 4}"
XQRILEXNX,"{""P47491"": 1}"
XQRIIXXXX,"{""P47294"": 68}"
XQRIIXGSG,"{""P47294"": 14}"
XQRIIKGSG,"{""P47294"": 2}"
XQRIENDII,"{""P47389"": 4}"
XQRHLXNXX,"{""P47520"": 9}"
XQRHLXNXK,"{""P47520"": 1}"
XQRHLXXXX,"{""P47520"": 3}"
XQRHLKNXX,"{""P47520"": 2}"
XQRNLLEXX,"{""P47460"": 6}"
XQRNLLEKX,"{""P47460"": 1}"
XQRWNFFXX,"{""P47645"": 2}"
XQRWNFFXE,"{""P47645"": 3}"
XQRGXALNL,"{""P47297"": 12}"
XQRGXXXXX,"{""P47297"": 3}"
XQRXXXXXX,"{""P47471"": 1}"
XQGLIRLEG,"{""P47270"": 16}"
XQGLIXLEG,"{""P47270"": 7}"
XQGXTAEGX,"{""P47412"": 404}"
XQGXXXXXX,"{""P47412"": 109}"
XQGGIVYNG,"{""P47291"": 10}"
XQGGYXLTG,"{""P47530"": 6}"
XQGFXPEVV,"{""P47429"": 9}"
XQGFXXXXX,"{""P47429"": 3}"
XQGFKPEVV,"{""P47429"": 2}"
XQGKTAEGX,"{""P47412"": 21}"
XQTEEAISH,"{""P47388"": 90}"
XQTEVLNLT,"{""P47658"": 6}"
XQTMEVDAI,"{""P47460"": 106}"
XQTPFCIPL,"{""P47306"": 80}"
XQTPFXIPL,"{""P47306"": 3}"
XQTAVLIVT,"{""P47548"": 103}"
XQTVLVAGL,"{""P47699"": 94}"
XQTVVFAHG,"{""Q49421"": 93}"
XQTHALLDX,"{""P47273"": 79}"
XQTIICDTA,"{""P47294"": 2}"
XQTINQELX,"{""P47661"": 10}"
XQTTMIIVT,"{""P47311"": 23}"
XQTYPVVNM,"{""Q49398"": 5}"
XQVILIDFE,"{""Q49423"": 23}"
XQVINTXVI,"{""P52271"": 87}"
XQVINTXXX,"{""P52271"": 23}"
XQVINTKVI,"{""P52271"": 1}"
XQVMEGILY,"{""P47386"": 116}"
XQVMEGILX,"{""P47386"": 10}"
XQVLAXXXX,"{""P47599"": 65}"
XQVLAXGLC,"{""P47599"": 25}"
XQVLAXGLX,"{""P47599"": 2}"
XQVLAKGLC,"{""P47599"": 1}"
XQVTVIDLL,"{""Q49408"": 95}"
XQVTVXDLT,"{""Q49408"": 6}"
XQVTVRDLT,"{""Q49408"": 27}"
XQVXIPTQE,"{""P47473"": 7}"
XQVXXXXXX,"{""P47473"": 1}"
XQVSVRCVF,"{""P47525"": 2}"
XQVSVXCVF,"{""P47525"": 1}"
XQDQVNRFV,"{""P47341"": 16}"
XQDQVNXFV,"{""P47341"": 4}"
XQDXSTWAM,"{""P47283"": 86}"
XQDXXXXXX,"{""P47283"": 15}"
XQDETLQSE,"{""P47326"": 23}"
XQDTNVELI,"{""P47653"": 95}"
XQDKSTWAM,"{""P47283"": 2}"
XQKAVSFFA,"{""Q49431"": 3}"
XQKANTLYI,"{""P47705"": 2}"
XQKLXIINV,"{""P47508"": 14}"
XQKLXXXXX,"{""P47508"": 5}"
XQKTXVETN,"{""P47397"": 2}"
XQKIXXXXX,"{""P47585"": 2}"
XQKMIXNXX,"{""P47655"": 3}"
XQKMIXXXX,"{""P47655"": 3}"
XQKFISFIE,"{""Q9ZB77"": 3}"
XQKNITLSN,"{""P47491"": 6}"
XQKQDQXEN,"{""P47460"": 4}"
XQKQNPXAV,"{""P47369"": 4}"
XQKXVDQIH,"{""P47357"": 1}"
XQKXXXXXX,"{""P47440"": 1}"
XQKEGVXWI,"{""P47264"": 1}"
XQKDMQTGE,"{""P47595"": 1}"
XQFLIAYRG,"{""P47625"": 98}"
XQFLIAYXG,"{""P47625"": 17}"
XQFLIAXRG,"{""P47625"": 5}"
XQFLSFIIS,"{""P47366"": 3}"
XQFEGYXXX,"{""P47446"": 93}"
XQFEGYXXQ,"{""P47446"": 4}"
XQFEGYKXX,"{""P47446"": 3}"
XQFEGYKXQ,"{""P47446"": 1}"
XQFEGXXXX,"{""P47446"": 5}"
XQFETISTA,"{""P47535"": 24}"
XQFSDQFEX,"{""P47264"": 102}"
XQFSDQFEK,"{""P47264"": 7}"
XQFVXVEVY,"{""Q49432"": 6}"
XQFVXXXXX,"{""Q49432"": 1}"
XQFQEISLF,"{""P47640"": 105}"
XQFHQQXRS,"{""P47446"": 1}"
XQFHQQRRS,"{""P47446"": 4}"
XQFFAVCVN,"{""P47296"": 7}"
XQFFAVXVN,"{""P47296"": 2}"
XQFYENDRF,"{""P47625"": 5}"
XQFYENDXF,"{""P47625"": 1}"
XQFILGQDE,"{""P47313"": 7}"
XQFIRERNL,"{""P47664"": 2}"
XQFIREXNL,"{""P47664"": 1}"
XQFXNNGVC,"{""P47497"": 5}"
XQFXXXXXX,"{""P47497"": 2}"
XQFKNNGVC,"{""P47497"": 1}"
XQSLIDYGF,"{""P47319"": 25}"
XQSLIDXGF,"{""P47319"": 1}"
XQSLNIDTX,"{""P47359"": 30}"
XQSXXELXX,"{""P47326"": 9}"
XQSXXELXP,"{""P47326"": 57}"
XQSXXELKP,"{""P47326"": 1}"
XQSXXXXXX,"{""P47326"": 26}"
XQSXKELXP,"{""P47326"": 3}"
XQSXKELXX,"{""P47326"": 2}"
XQSRNYLAX,"{""P47464"": 3}"
XQSWXSALF,"{""P47562"": 1}"
XQSFFFXXX,"{""P47658"": 33}"
XQSFFFXXI,"{""P47658"": 6}"
XQSFFFKXX,"{""P47658"": 1}"
XQSTANFPR,"{""P47313"": 5}"
XQSTANFPX,"{""P47313"": 1}"
XQSKXELXX,"{""P47326"": 1}"
XQSKXELXP,"{""P47326"": 1}"
XQHXXXXXX,"{""P47352"": 74}"
XQHXGYVIR,"{""P47352"": 14}"
XQHXGYVIX,"{""P47352"": 7}"
XQCSYLDQI,"{""P47532"": 25}"
XQCSXLDQI,"{""P47532"": 2}"
XQWNLINIW,"{""P47386"": 7}"
XPYPFNXXI,"{""P47482"": 326}"
XPYPFNXXX,"{""P47482"": 147}"
XPYPFNXKI,"{""P47482"": 16}"
XPYPFNKXX,"{""P47482"": 3}"
XPYPFNKXI,"{""P47482"": 19}"
XPYSVLLFD,"{""P47597"": 471}"
XPYFQALLE,"{""P47343"": 99}"
XPYXQXHTG,"{""P47398"": 57}"
XPYXQXXXX,"{""P47398"": 17}"
XPYXQKHTG,"{""P47398"": 1}"
XPYXXXXXX,"{""P47398"": 17}"
XPYKQXHTG,"{""P47398"": 3}"
XPYLTXXXX,"{""P47548"": 2}"
XPYLTXEQI,"{""P47548"": 2}"
XPLXXXXXX,"{""P20796"": 14, ""P47681"": 22, ""P47579"": 19}"
XPLXXVLVY,"{""P47681"": 2}"
XPLXSFQXI,"{""P47579"": 85}"
XPLXSFQXX,"{""P47579"": 6}"
XPLXSFQKI,"{""P47579"": 3}"
XPLXHXXXX,"{""P20796"": 16}"
XPLXHXNSS,"{""P20796"": 60}"
XPLXHKNSS,"{""P20796"": 2}"
XPLXYVLVY,"{""P47681"": 71}"
XPLXYVLVX,"{""P47681"": 3}"
XPLXIMMVG,"{""P47294"": 3}"
XPLDSNEIN,"{""Q49436"": 127}"
XPLAQXIXT,"{""P47448"": 72}"
XPLAQXIXX,"{""P47448"": 19}"
XPLAQXIKT,"{""P47448"": 3}"
XPLAQXXXX,"{""P47448"": 20}"
XPLAQKIXT,"{""P47448"": 4}"
XPLAQKIXX,"{""P47448"": 2}"
XPLAQKIKT,"{""P47448"": 2}"
XPLSTLQIX,"{""P52271"": 105}"
XPLSTLQIK,"{""P52271"": 4}"
XPLNLIVCH,"{""P47599"": 100}"
XPLNLIVXH,"{""P47599"": 4}"
XPLNFITXP,"{""Q9ZB78"": 6}"
XPLNFITRP,"{""Q9ZB78"": 29}"
XPLNFQRYC,"{""P47349"": 3}"
XPLVNVXAL,"{""P47326"": 72}"
XPLVNVXXX,"{""P47326"": 28}"
XPLVNVKAL,"{""P47326"": 2}"
XPLVYGFYN,"{""P47354"": 2}"
XPLVYGFXN,"{""P47354"": 2}"
XPLEVXMGS,"{""P47404"": 5}"
XPLEVRMGS,"{""P47404"": 19}"
XPLEIASSX,"{""P47482"": 3}"
XPLKHXNSS,"{""P20796"": 4}"
XPLKHXXXX,"{""P20796"": 3}"
XPLKSFQXI,"{""P47579"": 4}"
XPLKSFQXX,"{""P47579"": 1}"
XPLKSFQKI,"{""P47579"": 1}"
XPLKYVLVY,"{""P47681"": 5}"
XPVFDFXXX,"{""P47251"": 382}"
XPVFDFXPL,"{""P47251"": 99}"
XPVFDFKPL,"{""P47251"": 1}"
XPVIEPTIN,"{""P47621"": 86}"
XPVIIFPEG,"{""P47541"": 96}"
XPVIIHVGI,"{""P47615"": 23}"
XPVVSVXVE,"{""P47692"": 82}"
XPVVSVXXX,"{""P47692"": 9}"
XPVVSVKVE,"{""P47692"": 4}"
XPVLVVANH,"{""Q49402"": 102}"
XPVTIRNGT,"{""P47399"": 112}"
XPVTIXNGT,"{""P47399"": 21}"
XPVYFQAES,"{""P47486"": 78}"
XPVXFQAES,"{""P47486"": 4}"
XPSLFLLNE,"{""P47264"": 105}"
XPSLQPIYD,"{""P47460"": 85}"
XPSLQPIXD,"{""P47460"": 4}"
XPSLXXXXX,"{""P47371"": 76}"
XPSLXVMIL,"{""P47371"": 20}"
XPSLKVMIL,"{""P47371"": 1}"
XPSXEANLV,"{""P47456"": 98}"
XPSXXXXXX,"{""P47456"": 12}"
XPSXSYWSX,"{""Q57081"": 1}"
XPSAINDVL,"{""P47345"": 108}"
XPSAFHVFE,"{""Q9ZB76"": 5}"
XPSWLYEXX,"{""P47356"": 24}"
XPSHNVAES,"{""P47304"": 44}"
XPSRSYWSX,"{""Q57081"": 4}"
XPSTVXXXX,"{""P47328"": 1}"
XPSTVXGTY,"{""P47328"": 2}"
XPSKEANLV,"{""P47456"": 2}"
XPEWXXXXX,"{""P47352"": 22}"
XPEWXVINP,"{""P47352"": 75}"
XPEWKVINP,"{""P47352"": 2}"
XPETVLEEP,"{""Q49429"": 530}"
XPEPYXGXG,"{""P47412"": 71}"
XPEPYXGXX,"{""P47412"": 300}"
XPEPYXGKG,"{""P47412"": 3}"
XPEPYXXXX,"{""P47412"": 87}"
XPEPYKGXX,"{""P47412"": 15}"
XPEPYKGXG,"{""P47412"": 3}"
XPEPXXGXX,"{""P47412"": 14}"
XPEPXXGXG,"{""P47412"": 3}"
XPEPXXXXX,"{""P47412"": 9}"
XPEFLLAXY,"{""P47609"": 5}"
XPEFLLAYY,"{""P47609"": 103}"
XPEFLLAYX,"{""P47609"": 5}"
XPEVQIFST,"{""Q49419"": 104}"
XPESXSSSQ,"{""P47694"": 95}"
XPESXXXXX,"{""P47694"": 20}"
XPESKSSSQ,"{""P47694"": 2}"
XPELXIXLE,"{""P47396"": 6}"
XPELXIXXX,"{""P47396"": 2}"
XPENRGASV,"{""P22747"": 2}"
XPENXGASV,"{""P22747"": 1}"
XPEMCIVAT,"{""P47514"": 2}"
XPIPLXNIS,"{""P47387"": 431}"
XPIPLXXXX,"{""P47387"": 73}"
XPIPLKNIS,"{""P47387"": 15}"
XPIGSPFIV,"{""P47472"": 125}"
XPILPSQXX,"{""P47464"": 97}"
XPILPSQXE,"{""P47464"": 4}"
XPILLEYET,"{""P47446"": 87}"
XPILLEXET,"{""P47446"": 4}"
XPIXXXXXX,"{""P47401"": 86}"
XPIXTWSRR,"{""P47401"": 2}"
XPIXTWSRX,"{""P47401"": 1}"
XPIXTWSXR,"{""P47401"": 1}"
XPISDXXXX,"{""P47373"": 65}"
XPISDXXFX,"{""P47373"": 1}"
XPISDXRFX,"{""P47373"": 13}"
XPISDXRFK,"{""P47373"": 1}"
XPISVNLFT,"{""P47587"": 96}"
XPIVDYFCC,"{""P47371"": 96}"
XPIVDYFCX,"{""P47371"": 7}"
XPIVDYFXC,"{""P47371"": 2}"
XPIVDXFCC,"{""P47371"": 3}"
XPIIIQYNS,"{""P47373"": 26}"
XPIIIQXNS,"{""P47373"": 2}"
XPIISIEDG,"{""P47647"": 7}"
XPIWNALRD,"{""P47278"": 20}"
XPIWNALXD,"{""P47278"": 2}"
XPIKTWSRR,"{""P47401"": 1}"
XPINSVSDY,"{""P47429"": 1}"
XPADFESYF,"{""P47463"": 467}"
XPADFESXF,"{""P47463"": 27}"
XPAAFLXXX,"{""P22747"": 19}"
XPAAFLXPP,"{""P22747"": 91}"
XPAAFLKPP,"{""P22747"": 2}"
XPAXPNQIF,"{""P47387"": 83}"
XPAXXXXXX,"{""P47387"": 23}"
XPALQFRFY,"{""P47278"": 89}"
XPALQFRFX,"{""P47278"": 3}"
XPALQFXFY,"{""P47278"": 25}"
XPASICNVV,"{""P47345"": 21}"
XPASIXNVV,"{""P47345"": 1}"
XPAHNTLHG,"{""P47666"": 33}"
XPAKPNQIF,"{""P47387"": 3}"
XPACIYTNP,"{""P47513"": 10}"
XPFXLTXXX,"{""P47490"": 12}"
XPFXLTXEL,"{""P47490"": 74}"
XPFXLTKEL,"{""P47490"": 4}"
XPFXXXXXX,"{""P47490"": 14}"
XPFLXXXXX,"{""P47651"": 29}"
XPFLXXISN,"{""P47651"": 7}"
XPFLERNPF,"{""P47426"": 4}"
XPFLKXXXX,"{""P47651"": 1}"
XPFINPXXX,"{""P47492"": 5}"
XPFINPXIK,"{""P47492"": 1}"
XPFINPXIX,"{""P47492"": 36}"
XPFINPKIX,"{""P47492"": 1}"
XPFYTPIDP,"{""Q49410"": 1}"
XPFSTASXD,"{""P47483"": 6}"
XPFSTASXX,"{""P47483"": 1}"
XPFATVFQD,"{""P47288"": 10}"
XPFKLTXEL,"{""P47490"": 4}"
XPXPNFXXX,"{""P47338"": 325}"
XPXPNFXXA,"{""P47338"": 18}"
XPXPNFXRA,"{""P47338"": 67}"
XPXPNFKRA,"{""P47338"": 1}"
XPXPNFKXA,"{""P47338"": 1}"
XPXPXXXXX,"{""P47333"": 80}"
XPXPFNKXI,"{""P47482"": 2}"
XPXPFNXXX,"{""P47482"": 6}"
XPXPFNXXI,"{""P47482"": 13}"
XPXPFNXKI,"{""P47482"": 1}"
XPXXXXXXX,"{""P47338"": 114, ""P47604"": 74, ""P47308"": 74, ""P47442"": 18, ""P47639"": 66, ""P47566"": 20, ""P47491"": 80, ""P47333"": 17, ""P47301"": 14, ""P47344"": 8, ""P47546"": 1, ""P47433"": 5}"
XPXXQXHTG,"{""P47398"": 1}"
XPXXQKHTG,"{""P47398"": 1}"
XPXHAPLXX,"{""P47491"": 58}"
XPXHAPLXE,"{""P47491"": 347}"
XPXHAPLKE,"{""P47491"": 16}"
XPXHQNNVL,"{""P47546"": 5}"
XPXLLLMDE,"{""P47433"": 24}"
XPXLPFXXX,"{""P47301"": 55}"
XPXLPFXXR,"{""P47301"": 10}"
XPXLPFKXX,"{""P47301"": 1}"
XPXLSIHRN,"{""P47639"": 14}"
XPXLSIHXN,"{""P47639"": 8}"
XPXQEQPEI,"{""P47442"": 83}"
XPXQXXXVX,"{""P47333"": 14}"
XPXQXXXVK,"{""P47333"": 1}"
XPXQXXXXX,"{""P47333"": 6}"
XPXQXKXVK,"{""P47333"": 1}"
XPXQQSXLF,"{""P47494"": 1}"
XPXQQSCLF,"{""P47494"": 4}"
XPXQKXXXX,"{""P47333"": 1}"
XPXSAXLLS,"{""P47566"": 77}"
XPXSAXXXX,"{""P47566"": 14}"
XPXSAKLLS,"{""P47566"": 1}"
XPXSVLLFD,"{""P47597"": 25}"
XPXSWXXXX,"{""P52271"": 2}"
XPXNTPXXX,"{""P47344"": 26}"
XPXNTPKIG,"{""P47344"": 1}"
XPXEIRNQX,"{""P47604"": 13}"
XPXEIXNQX,"{""P47604"": 4}"
XPXKQXHTG,"{""P47398"": 1}"
XPXVMLTAN,"{""P47308"": 24}"
XPXIYLNTW,"{""P47326"": 11}"
XPXIXXXXX,"{""Q49419"": 2}"
XPXFQALLE,"{""P47343"": 6}"
XPXDIGYSN,"{""P47526"": 6}"
XPHNVSYEG,"{""P47404"": 489}"
XPHNVSXEG,"{""P47404"": 30}"
XPHNVVLIF,"{""P47353"": 14}"
XPHFQPNXI,"{""P47510"": 85}"
XPHFQPNXX,"{""P47510"": 15}"
XPHFQPNKI,"{""P47510"": 4}"
XPHEFSGGQ,"{""P47326"": 2}"
XPNPLHSXX,"{""P47604"": 100}"
XPNPLHSKX,"{""P47604"": 2}"
XPNSALRXX,"{""P47333"": 26}"
XPNSALRXY,"{""P47333"": 61}"
XPNSALRKY,"{""P47333"": 5}"
XPNSALXXY,"{""P47333"": 14}"
XPNSALXXX,"{""P47333"": 4}"
XPNRSINPD,"{""P47547"": 3}"
XPRIXXXDF,"{""Q49419"": 2}"
XPRIXXXXX,"{""Q49419"": 10}"
XPRIXXRDF,"{""Q49419"": 1}"
XPRIYLNTW,"{""P47326"": 18}"
XPRQXXXVX,"{""P47333"": 41}"
XPRQXXXVK,"{""P47333"": 1}"
XPRQXXXXX,"{""P47333"": 36}"
XPRQXXKVX,"{""P47333"": 2}"
XPRQXKXVX,"{""P47333"": 3}"
XPRQQSCLF,"{""P47494"": 15}"
XPRQKXXVX,"{""P47333"": 1}"
XPRSWXXXX,"{""P52271"": 16}"
XPTXIYAFG,"{""P47385"": 79}"
XPTXIXAFG,"{""P47385"": 1}"
XPTXXXXXX,"{""P47385"": 11}"
XPTXLVNPG,"{""P47293"": 1}"
XPTNXPTVA,"{""P47440"": 84}"
XPTNXXXXX,"{""P47440"": 17}"
XPTNKPTVA,"{""P47440"": 4}"
XPTLELAXX,"{""P47448"": 8}"
XPTLELARX,"{""P47448"": 17}"
XPTCLVNPG,"{""P47293"": 35}"
XPTKIYAFG,"{""P47385"": 1}"
XPDEVYELI,"{""P47308"": 106}"
XPDEVXELI,"{""P47308"": 4}"
XPDHFLFGS,"{""Q49415"": 85}"
XPDNQKTLW,"{""P47640"": 4}"
XPDNQXTLW,"{""P47640"": 79}"
XPDNQXXXX,"{""P47640"": 12}"
XPDLLXATI,"{""P47255"": 3}"
XPDLLXXXX,"{""P47255"": 1}"
XPDVSVVYA,"{""Q57081"": 10}"
XPDFIPXXX,"{""P47576"": 6}"
XPDFIPXRF,"{""P47576"": 1}"
XPDXXXXXX,"{""P47433"": 5}"
XPGEQLEVF,"{""P47315"": 137}"
XPGCYLWXD,"{""P47448"": 78}"
XPGCYLWXX,"{""P47448"": 9}"
XPGCYLWKD,"{""P47448"": 5}"
XPGCXLWXD,"{""P47448"": 3}"
XPGCXLWXX,"{""P47448"": 1}"
XPGFSKLAX,"{""P47399"": 1}"
XPGFSXLAX,"{""P47399"": 6}"
XPGMYIGST,"{""P47249"": 7, ""P47445"": 5}"
XPGXYLWXX,"{""P47448"": 2}"
XPGXYLWXD,"{""P47448"": 1}"
XPGIRNSWS,"{""P47653"": 1}"
XPPNAQXDI,"{""P47355"": 6}"
XPPNAQYDI,"{""P47355"": 106}"
XPPQERXXX,"{""P47433"": 4}"
XPPQERXLG,"{""P47433"": 18}"
XPPQERKLG,"{""P47433"": 2}"
XPPQEXXLG,"{""P47433"": 2}"
XPPFILQRN,"{""P47619"": 14}"
XPPFILQXN,"{""P47619"": 4}"
XPKHAPLXE,"{""P47491"": 13}"
XPKHAPLXX,"{""P47491"": 6}"
XPKSAXLLS,"{""P47566"": 9}"
XPKSAKLLS,"{""P47566"": 1}"
XPKPXXXXX,"{""P47333"": 1}"
XPKPNFXXX,"{""P47338"": 14}"
XPKPNFXRA,"{""P47338"": 5}"
XPKLSIHRN,"{""P47639"": 1}"
XPKLPFXXX,"{""P47301"": 3}"
XPKQEQPEI,"{""P47442"": 1}"
XPKVMLTAN,"{""P47308"": 1}"
XPKNTPXXX,"{""P47344"": 1}"
XPQMIXXLN,"{""P47535"": 6}"
XPQMIXXXX,"{""P47535"": 3}"
XPCDIGYSN,"{""P47526"": 97}"
XPCDIGXSN,"{""P47526"": 3}"
XLVAYHEAG,"{""P47695"": 455}"
XLVAVASDA,"{""P47277"": 106}"
XLVAXHEAG,"{""P47695"": 22}"
XLVIXXXXX,"{""P47589"": 112}"
XLVIDIAXX,"{""P47316"": 95}"
XLVIDIAXR,"{""P47316"": 2}"
XLVIKXXXX,"{""P47589"": 6}"
XLVDDLHVF,"{""P47664"": 18}"
XLVDATHEL,"{""P47582"": 119}"
XLVDLVXXX,"{""P47535"": 16}"
XLVDLVXGY,"{""P47535"": 75}"
XLVDLVXGX,"{""P47535"": 2}"
XLVDLVKGY,"{""P47535"": 3}"
XLVDNGVNI,"{""P47469"": 4}"
XLVSFFXEN,"{""Q49398"": 405}"
XLVSFFXXX,"{""Q49398"": 79}"
XLVSFFKEN,"{""Q49398"": 22}"
XLVSFTLXX,"{""P47411"": 89}"
XLVSFTLXY,"{""P47411"": 4}"
XLVSFINNF,"{""P47446"": 99}"
XLVSTXEPF,"{""P47508"": 69}"
XLVSTXXXX,"{""P47508"": 13}"
XLVSTKEPF,"{""P47508"": 2}"
XLVLIDSXX,"{""P47620"": 16}"
XLVLIDSXH,"{""P47620"": 71}"
XLVLIDSKH,"{""P47620"": 3}"
XLVLTXDCD,"{""P47488"": 81}"
XLVLTXDXD,"{""P47488"": 6}"
XLVLTXXXX,"{""P47488"": 29}"
XLVLTKDCD,"{""P47488"": 3}"
XLVLNVNDI,"{""P47655"": 91}"
XLVLVTQXF,"{""P47481"": 7}"
XLVLVTQXX,"{""P47481"": 2}"
XLVENFFXX,"{""P47668"": 495}"
XLVENFFXK,"{""P47668"": 11}"
XLVENFFKX,"{""P47668"": 22}"
XLVETIXXX,"{""P47291"": 37}"
XLVETIXXA,"{""P47291"": 59}"
XLVETIXKA,"{""P47291"": 1}"
XLVETIKXA,"{""P47291"": 1}"
XLVNSAFXX,"{""P47458"": 464}"
XLVNSAFXY,"{""P47458"": 18}"
XLVNLAIND,"{""Q49405"": 90}"
XLVNAQICL,"{""P47534"": 2}"
XLVQVXLDD,"{""P47445"": 383}"
XLVQVXXXX,"{""P47445"": 90}"
XLVQVKLDD,"{""P47445"": 25}"
XLVFXXXXX,"{""P47643"": 74}"
XLVFXWSLL,"{""P47643"": 27}"
XLVFETVIY,"{""Q49423"": 123}"
XLVFETVIX,"{""Q49423"": 7}"
XLVTIDRLI,"{""P47418"": 12}"
XLVTIDXLI,"{""P47418"": 6}"
XLVGEMAXS,"{""P47480"": 91}"
XLVGEMAXX,"{""P47480"": 19}"
XLVGEMAKS,"{""P47480"": 3}"
XLVXLNIGX,"{""P47366"": 27}"
XLVXXXXXX,"{""P47366"": 3}"
XLVXNVNTN,"{""P47523"": 3}"
XLVWFFFLS,"{""P47435"": 6}"
XLVYNIEXX,"{""Q49412"": 4}"
XLVYNIEXK,"{""Q49412"": 1}"
XLVKLNIGX,"{""P47366"": 1}"
XLXXXXXXX,"{""P47296"": 84, ""P47532"": 72, ""P47381"": 484, ""P47315"": 78, ""P47540"": 140, ""P47580"": 67, ""P47288"": 35, ""P47652"": 22, ""P20796"": 13, ""P47585"": 20, ""P47604"": 83, ""P47486"": 14, ""Q49434"": 6, ""P47326"": 23, ""P47572"": 15, ""P47663"": 4, ""P47322"": 13, ""P47622"": 16, ""P47325"": 4, ""P47587"": 18, ""P47323"": 2, ""Q49402"": 1, ""P47655"": 8, ""P47353"": 2, ""P47481"": 7, ""P47384"": 1, ""P47426"": 1, ""P47294"": 1, ""Q49411"": 3, ""P47651"": 3, ""P47530"": 2, ""P47312"": 1}"
XLXXXYDPI,"{""P47315"": 5}"
XLXXEELLQ,"{""P47540"": 21}"
XLXXENLLR,"{""P47651"": 1}"
XLXXQCSYL,"{""P47532"": 11}"
XLXXQCSXL,"{""P47532"": 2}"
XLXXTISIV,"{""P47426"": 3}"
XLXVIIETA,"{""P47296"": 403}"
XLXVAIICQ,"{""P47622"": 76}"
XLXVAIIXQ,"{""P47622"": 5}"
XLXVDQTIE,"{""P47486"": 93}"
XLXVFXXGI,"{""P47647"": 4}"
XLXVFXXXX,"{""P47647"": 1}"
XLXVXISEX,"{""P47300"": 1}"
XLXPTXXXX,"{""P47252"": 4}"
XLXPTXFLN,"{""P47252"": 2}"
XLXITSHFI,"{""P47585"": 80}"
XLXIRFYLI,"{""P47381"": 1}"
XLXIISLIG,"{""P47664"": 4}"
XLXIXFYLI,"{""P47381"": 1}"
XLXTLTIGX,"{""P47652"": 65}"
XLXTLTIGK,"{""P47652"": 3}"
XLXYEELLQ,"{""P47540"": 388}"
XLXLGSVYA,"{""P47322"": 15}"
XLXLGSVXA,"{""P47322"": 1}"
XLXLAAREL,"{""P47604"": 15}"
XLXLAAXEL,"{""P47604"": 4}"
XLXLYDRLI,"{""P47580"": 17}"
XLXLYDXLI,"{""P47580"": 3}"
XLXLXTETN,"{""P56723"": 5}"
XLXLXXXXX,"{""P56723"": 1, ""P47323"": 3}"
XLXLXDRLI,"{""P47580"": 3}"
XLXLLCDVG,"{""P47660"": 7}"
XLXLTGFII,"{""P47294"": 4}"
XLXLTERIY,"{""P47583"": 4}"
XLXLTEXIY,"{""P47583"": 1}"
XLXLQLVIL,"{""Q49432"": 3}"
XLXLFEINX,"{""P47483"": 2}"
XLXELIQEL,"{""P47572"": 85}"
XLXELQNWL,"{""P47623"": 4}"
XLXEXXXXX,"{""P47288"": 7}"
XLXEXLQXL,"{""P47288"": 45}"
XLXEXLQXX,"{""P47288"": 13}"
XLXEXLQKL,"{""P47288"": 3}"
XLXEVEQQK,"{""P47288"": 5}"
XLXEVEQQX,"{""P47288"": 83}"
XLXEQQIXE,"{""P47650"": 19}"
XLXEQQIXX,"{""P47650"": 3}"
XLXEQQEQF,"{""P47530"": 6}"
XLXEHGVXX,"{""Q49402"": 2}"
XLXEFIXPN,"{""P47265"": 4}"
XLXEKLQXX,"{""P47288"": 1}"
XLXQATPTX,"{""P20796"": 80}"
XLXQATPTK,"{""P20796"": 6}"
XLXALFXXX,"{""P47326"": 57}"
XLXALFXXQ,"{""P47326"": 14}"
XLXALFXKQ,"{""P47326"": 1}"
XLXALFYYI,"{""P47496"": 18}"
XLXALFYXI,"{""P47496"": 2}"
XLXAVGSVQ,"{""P47384"": 2}"
XLXARAWXI,"{""P47390"": 1}"
XLXATQHLT,"{""P47312"": 1}"
XLXKESLDI,"{""P47486"": 1}"
XLXKQCSYL,"{""P47532"": 1}"
XLXDEYAHX,"{""Q49434"": 27}"
XLXDEYAHK,"{""Q49434"": 3}"
XLXDQFGHE,"{""P47265"": 5}"
XLXDNLALW,"{""P47587"": 76}"
XLXDVGVGD,"{""P47384"": 3}"
XLXDFSXQQ,"{""Q49411"": 4}"
XLXSADSSG,"{""Q49409"": 4}"
XLXSXNAVI,"{""P55750"": 5}"
XLXSXXXXX,"{""P55750"": 2}"
XLXSEFGVX,"{""Q49415"": 4}"
XLXSEERLE,"{""Q49434"": 1}"
XLXSLFDAN,"{""P47312"": 5}"
XLXWVSFAI,"{""P47655"": 22}"
XLXRXXXXX,"{""P47315"": 7}"
XLXRXYDPI,"{""P47315"": 17}"
XLXRAFRQE,"{""P47515"": 1}"
XLXNXLLXX,"{""P47615"": 2}"
XLXNXXXXX,"{""P47615"": 1}"
XLXHQFALS,"{""P47587"": 18}"
XLXHAVRNN,"{""P47491"": 4}"
XLXFSNYAI,"{""P47502"": 3}"
XLPFXXXXX,"{""P47576"": 94}"
XLPFXTVLI,"{""P47576"": 3}"
XLPFSFXXX,"{""P47301"": 101}"
XLPFSFXXK,"{""P47301"": 1}"
XLPFSFXKX,"{""P47301"": 3}"
XLPFSFKXX,"{""P47301"": 4}"
XLPFSFKXK,"{""P47301"": 1}"
XLPFNSFYA,"{""P47310"": 92}"
XLPFNSFXA,"{""P47310"": 3}"
XLPLEQFES,"{""P47310"": 93}"
XLPVXXAIN,"{""P47446"": 62}"
XLPVXXXXX,"{""P47446"": 29}"
XLPVXKAIN,"{""P47446"": 5}"
XLPVPYNYS,"{""P22747"": 35}"
XLPVPXNYS,"{""P22747"": 2}"
XLPVKXAIN,"{""P47446"": 2}"
XLPQSLQGI,"{""P47308"": 100}"
XLPNLIVID,"{""P47316"": 8}"
XLPNELSGG,"{""P47311"": 8}"
XLPXXLQQI,"{""Q49404"": 76}"
XLPXXXXXX,"{""Q49404"": 32, ""P47415"": 3}"
XLPXYGVAN,"{""P47415"": 23}"
XLPXKLQQI,"{""Q49404"": 2}"
XLPKYGVAN,"{""P47415"": 1}"
XLPKXXXXX,"{""Q49404"": 1}"
XLPSXAYYE,"{""Q49412"": 3}"
XLPSXXXXX,"{""Q49412"": 1}"
XLSVXXXXX,"{""P47297"": 79}"
XLSVXLSDM,"{""P47297"": 417}"
XLSVFTGQS,"{""P47356"": 85}"
XLSVKLSDM,"{""P47297"": 16}"
XLSVIETLG,"{""P47317"": 6}"
XLSESWPIY,"{""P22747"": 500}"
XLSESWPIX,"{""P22747"": 24}"
XLSETQVXX,"{""Q49310"": 370}"
XLSETQVXE,"{""Q49310"": 107}"
XLSETQVKE,"{""Q49310"": 6}"
XLSEFXTXX,"{""P47319"": 13}"
XLSEFXTXQ,"{""P47319"": 68}"
XLSEFXTKQ,"{""P47319"": 2}"
XLSEFXXXX,"{""P47319"": 17}"
XLSEFKTXQ,"{""P47319"": 1}"
XLSEFKTXX,"{""P47319"": 1}"
XLSEYFQNA,"{""P47483"": 34}"
XLSEXFQNA,"{""P47483"": 2}"
XLSEVATXX,"{""P47286"": 95}"
XLSEVATXK,"{""P47286"": 6}"
XLSEVATKX,"{""P47286"": 3}"
XLSEEXSXX,"{""Q49419"": 4}"
XLSEEXSXH,"{""Q49419"": 13}"
XLSEEXSKH,"{""Q49419"": 1}"
XLSEEXXXX,"{""Q49419"": 4}"
XLSEEKSXX,"{""Q49419"": 1}"
XLSENQTEL,"{""P47479"": 5}"
XLSLNLXAY,"{""P47395"": 401}"
XLSLNLXAX,"{""P47395"": 18}"
XLSLNLXXX,"{""P47395"": 73}"
XLSLNLKAY,"{""P47395"": 15}"
XLSLNLKAX,"{""P47395"": 1}"
XLSLTSKKQ,"{""P47487"": 1}"
XLSLTSXXQ,"{""P47487"": 25}"
XLSLTSXXX,"{""P47487"": 11}"
XLSLDPVSL,"{""P47491"": 2}"
XLSLVIDSY,"{""P47283"": 20}"
XLSLVIDSX,"{""P47283"": 3}"
XLSLIIDIL,"{""P47651"": 30}"
XLSSQIDGI,"{""Q49435"": 26}"
XLSNNILXE,"{""Q49421"": 90}"
XLSNNILXX,"{""Q49421"": 20}"
XLSNNILKE,"{""Q49421"": 4}"
XLSXXXXXX,"{""P47471"": 23, ""P47328"": 70, ""P47700"": 78, ""P47563"": 5}"
XLSXXDEXT,"{""P47700"": 2}"
XLSXXDEXX,"{""P47700"": 2}"
XLSXXMQAV,"{""P47328"": 3}"
XLSXXLTXX,"{""P47288"": 1}"
XLSXDWQDL,"{""P47471"": 77}"
XLSXRDEXT,"{""P47700"": 15}"
XLSXRDEXX,"{""P47700"": 2}"
XLSXRMQAV,"{""P47328"": 21}"
XLSXRSKID,"{""P47563"": 1}"
XLSFGEXXX,"{""P47546"": 87}"
XLSFGEXQR,"{""P47546"": 18}"
XLSFGEXQX,"{""P47546"": 5}"
XLSFGEKQR,"{""P47546"": 3}"
XLSFGEKQX,"{""P47546"": 1}"
XLSFXQRFX,"{""P47393"": 16}"
XLSFXQXFX,"{""P47393"": 2}"
XLSFXXXXX,"{""P47393"": 60}"
XLSFKQXFX,"{""P47393"": 1}"
XLSFKQRFX,"{""P47393"": 1}"
XLSRXLTXA,"{""P47288"": 6}"
XLSRXLTXX,"{""P47288"": 1}"
XLSQXIDSS,"{""Q9ZB78"": 104}"
XLSQXXXXX,"{""Q9ZB78"": 15}"
XLSQKIDSS,"{""Q9ZB78"": 5}"
XLSTIXXXX,"{""P47653"": 61}"
XLSTIXXTX,"{""P47653"": 8}"
XLSTIXRTX,"{""P47653"": 17}"
XLSTIKRTX,"{""P47653"": 1}"
XLSDHTVXL,"{""P47441"": 91}"
XLSDHTVXX,"{""P47441"": 16}"
XLSDHTVKL,"{""P47441"": 9}"
XLSGGNQQX,"{""P47365"": 25}"
XLSGXLNXX,"{""Q49410"": 83}"
XLSGXLNKX,"{""Q49410"": 4}"
XLSGXXXXX,"{""Q49410"": 17}"
XLSGEPFFI,"{""P47520"": 3}"
XLSGKLNXX,"{""Q49410"": 4}"
XLSGKLNKX,"{""Q49410"": 1}"
XLSHRVCSC,"{""P47603"": 3}"
XLSKDWQDL,"{""P47471"": 3}"
XLSKRMQAV,"{""P47328"": 2}"
XLASASAQN,"{""P47480"": 97}"
XLAXXYHPD,"{""P47442"": 74, ""P47248"": 1}"
XLAXXXXXX,"{""P47577"": 60, ""P47442"": 408, ""P47248"": 5, ""P20796"": 2}"
XLAXXXHPD,"{""P47442"": 5}"
XLAXXSWAF,"{""P20796"": 4}"
XLAXCPLEI,"{""P47482"": 5}"
XLAXKYHPD,"{""P47442"": 4}"
XLAXTSATP,"{""P47577"": 19}"
XLADDEQSG,"{""P47456"": 507}"
XLAANNHSL,"{""P47534"": 523}"
XLAAPLTXX,"{""P47339"": 91}"
XLAAPLTKK,"{""P47339"": 1}"
XLAAPLTKX,"{""P47339"": 1}"
XLAAIXADE,"{""P47318"": 82}"
XLAAIXXXX,"{""P47318"": 18}"
XLAAIKADE,"{""P47318"": 2}"
XLATFLXNL,"{""P47607"": 74}"
XLATFLXXX,"{""P47607"": 20}"
XLATFLKNL,"{""P47607"": 3}"
XLAVMNEYI,"{""P47297"": 108}"
XLAVMNEXI,"{""P47297"": 12}"
XLAVFLIIL,"{""P47521"": 21}"
XLAVXLFEX,"{""P47612"": 5}"
XLAVXXXXX,"{""P47612"": 1}"
XLAIXPXXX,"{""P47607"": 82}"
XLAIXPKXX,"{""P47607"": 3}"
XLAIXXXXX,"{""P47607"": 14}"
XLAIKPXXX,"{""P47607"": 2}"
XLAMQYHPD,"{""P47265"": 120}"
XLAMQXHPD,"{""P47265"": 4}"
XLALVPFIX,"{""P47338"": 32}"
XLALNNQVF,"{""P47264"": 88}"
XLALIEIAV,"{""P47506"": 22}"
XLALASLQN,"{""P47285"": 9}"
XLALASVLA,"{""P47545"": 8}"
XLAFDLIEX,"{""P47700"": 103}"
XLAFDLIEK,"{""P47700"": 2}"
XLAFGEXXX,"{""P47342"": 77}"
XLAFGEXGI,"{""P47342"": 5}"
XLANYVFSD,"{""P47506"": 99}"
XLANGDIAI,"{""P47480"": 111}"
XLANXVFSD,"{""P47506"": 5}"
XLANSFIEM,"{""Q49427"": 2}"
XLANVGIVG,"{""P47624"": 3}"
XLAQXXXXX,"{""P47372"": 71}"
XLAQXXNSN,"{""P47372"": 8}"
XLAQXRNSN,"{""P47372"": 12}"
XLAQXHEYH,"{""P57085"": 1}"
XLAQKXNSN,"{""P47372"": 1}"
XLAQRHEYH,"{""P57085"": 1}"
XLAPSNDFS,"{""P47432"": 28}"
XLAKXXXXX,"{""P47442"": 15}"
XLAKXXHPD,"{""P47442"": 1}"
XLAKXYHPD,"{""P47442"": 4}"
XLAKTSATP,"{""P47577"": 2}"
XLNXTLIEQ,"{""P47492"": 388}"
XLNXQFLXX,"{""P47628"": 73}"
XLNXQFLXR,"{""P47628"": 1}"
XLNXQNLFF,"{""P47597"": 2}"
XLNXXXXXX,"{""P47526"": 21, ""Q9ZB70"": 36, ""P47650"": 25, ""P47492"": 115, ""P47246"": 20, ""P47628"": 25, ""Q49411"": 3, ""P47597"": 1}"
XLNXXHPXX,"{""Q9ZB70"": 45}"
XLNXXHPXR,"{""Q9ZB70"": 7}"
XLNXVASEG,"{""P47246"": 90}"
XLNXAANSF,"{""P47526"": 80}"
XLNXENLIF,"{""P47606"": 32}"
XLNXKHPXX,"{""Q9ZB70"": 6}"
XLNXKHPXR,"{""Q9ZB70"": 1}"
XLNXLNDLN,"{""P47650"": 5}"
XLNXINPXT,"{""P47565"": 2}"
XLNGISGIN,"{""P47376"": 514}"
XLNGKAXLQ,"{""P47518"": 7}"
XLNGKAKLQ,"{""P47518"": 1}"
XLNGXAXLQ,"{""P47518"": 58}"
XLNGXAXXX,"{""P47518"": 14}"
XLNGXAKLQ,"{""P47518"": 3}"
XLNGXLEYQ,"{""P47267"": 5}"
XLNGXXXXX,"{""P47518"": 16}"
XLNCENLIF,"{""P47606"": 502}"
XLNCDEIIV,"{""P47391"": 5}"
XLNWQVEXD,"{""P47405"": 415}"
XLNWQVEXX,"{""P47405"": 76}"
XLNWQVEKD,"{""P47405"": 13}"
XLNWIPDPV,"{""Q49429"": 20}"
XLNLPLNLW,"{""P47535"": 112}"
XLNLPNAQY,"{""P47458"": 10}"
XLNLALSEM,"{""P47655"": 109}"
XLNLIQCYE,"{""Q9ZB73"": 32}"
XLNLIQCXE,"{""Q9ZB73"": 1}"
XLNLIQXYE,"{""Q9ZB73"": 5}"
XLNLLNLTF,"{""P47303"": 93}"
XLNLTFESR,"{""Q9ZB73"": 88}"
XLNLTFESX,"{""Q9ZB73"": 27}"
XLNAEVLLL,"{""P47257"": 114}"
XLNAFLDQX,"{""P47270"": 90}"
XLNAFLDQK,"{""P47270"": 4}"
XLNAVEXXX,"{""P20796"": 4}"
XLNVPLLYQ,"{""P47472"": 94}"
XLNVPLLXQ,"{""P47472"": 7}"
XLNVDXTXI,"{""P47512"": 6}"
XLNVDXTXX,"{""P47512"": 1}"
XLNVDXTKI,"{""P47512"": 1}"
XLNVVQRFT,"{""P20796"": 4}"
XLNISEGXX,"{""P47304"": 96}"
XLNISEGXM,"{""P47304"": 7}"
XLNISPRRV,"{""P47667"": 1}"
XLNILPIXH,"{""P47495"": 82}"
XLNILPIXX,"{""P47495"": 18}"
XLNILPIKH,"{""P47495"": 5}"
XLNNVILIG,"{""Q49418"": 90}"
XLNEYELSL,"{""P47460"": 87}"
XLNEYLEIT,"{""P47706"": 8}"
XLNEXELSL,"{""P47460"": 7}"
XLNEXLEIT,"{""P47706"": 1}"
XLNKTLIEQ,"{""P47492"": 17}"
XLNKAANSF,"{""P47526"": 4}"
XLNKXHPXX,"{""Q9ZB70"": 3}"
XLNKXXXXX,"{""Q9ZB70"": 1}"
XLNKQFLXX,"{""P47628"": 2}"
XLNKVASEG,"{""P47246"": 4}"
XLNFMVXXX,"{""P47326"": 79}"
XLNFMVXXY,"{""P47326"": 17}"
XLNFMVKXX,"{""P47326"": 3}"
XLNFMVKXY,"{""P47326"": 2}"
XLNFINNIN,"{""P47661"": 85}"
XLNHNSPML,"{""P47496"": 100}"
XLNPEDSQA,"{""Q49429"": 18}"
XLNTLRIXX,"{""P47520"": 3}"
XLNTXQALE,"{""P22747"": 2}"
XLNTXXXXX,"{""P22747"": 7}"
XLNYINPXX,"{""P47565"": 1}"
XLNYINPXT,"{""P47565"": 5}"
XLNYFQFPH,"{""P47668"": 8}"
XLNQEFDXX,"{""P47639"": 5}"
XLNQLSGEI,"{""P47599"": 8}"
XLIEIAQXX,"{""P47269"": 24}"
XLIEIAQXT,"{""P47269"": 76}"
XLIEIAQKT,"{""P47269"": 3}"
XLIEILSRX,"{""P47597"": 5}"
XLIEPXXXX,"{""P47373"": 478}"
XLIEEHESI,"{""Q49407"": 103}"
XLIEYLLVE,"{""P47701"": 4}"
XLIEHQDWH,"{""P47478"": 1}"
XLILVDQTQ,"{""P47540"": 110}"
XLILVGVGY,"{""P47412"": 16}"
XLILIALQX,"{""P47620"": 75}"
XLISQXXXX,"{""P47693"": 2}"
XLISQXGLT,"{""P47693"": 24}"
XLISDISGT,"{""P47527"": 91}"
XLISIXDFS,"{""Q49433"": 11}"
XLIWVLXDX,"{""P47390"": 76}"
XLIWVLXXX,"{""P47390"": 14}"
XLIWVLKDX,"{""P47390"": 4}"
XLIWYWXXX,"{""P47533"": 5}"
XLIWYWXLL,"{""P47533"": 1}"
XLIWYWKLL,"{""P47533"": 1}"
XLIDAAGHY,"{""P47285"": 80}"
XLIDAAGHX,"{""P47285"": 3}"
XLIDETXTI,"{""P47246"": 10}"
XLIALFASV,"{""P47467"": 91}"
XLIAQXXXX,"{""P47460"": 8}"
XLICGFLLV,"{""P47528"": 489}"
XLIIGGFNX,"{""P47382"": 101}"
XLIIGGFNK,"{""P47382"": 1}"
XLIIXXXXX,"{""Q49413"": 32}"
XLIIXXELQ,"{""Q49413"": 7}"
XLIGNWXTN,"{""P47670"": 22}"
XLIGNWXXX,"{""P47670"": 4}"
XLIGQXYDX,"{""P47512"": 4}"
XLIGQXYDY,"{""P47512"": 74}"
XLIGQXXDY,"{""P47512"": 6}"
XLIGQXXDX,"{""P47512"": 1}"
XLIGQXXXX,"{""P47512"": 13}"
XLIGQKYDY,"{""P47512"": 2}"
XLIGFSFNN,"{""Q49400"": 96}"
XLIYQSEWX,"{""P47267"": 88}"
XLIYQSEWK,"{""P47267"": 4}"
XLIYLIPVI,"{""Q49431"": 26}"
XLIXXXXXX,"{""P47495"": 78, ""P47660"": 26, ""P47433"": 2}"
XLIXLIPVI,"{""Q49431"": 1}"
XLIXDALSV,"{""P47660"": 83}"
XLIXQSEWX,"{""P47267"": 5}"
XLIXGFLLV,"{""P47528"": 30}"
XLIXNNNLQ,"{""Q49421"": 10}"
XLIXVEPNQ,"{""P47433"": 6}"
XLIVSEPND,"{""P47310"": 98}"
XLIVSSWNP,"{""P47469"": 26}"
XLIVNDXTI,"{""P47431"": 9}"
XLIVNDXXX,"{""P47431"": 1}"
XLIQXXXXX,"{""P47692"": 80}"
XLIQXAHEM,"{""P47692"": 5}"
XLIPLIEAX,"{""P47494"": 97}"
XLIPLIEAK,"{""P47494"": 5}"
XLIPLAVLN,"{""P47482"": 111}"
XLIPIHGEF,"{""P47385"": 7}"
XLITXVHVF,"{""P47657"": 24}"
XLIHGILHL,"{""P47628"": 32}"
XLIFPRXXX,"{""P47285"": 2}"
XLIFPRXXI,"{""P47285"": 11}"
XLIFPRXKI,"{""P47285"": 1}"
XLIFPXXXI,"{""P47285"": 8}"
XLIFPXXXX,"{""P47285"": 1}"
XLIFANANL,"{""P47463"": 2}"
XLIKDALSV,"{""P47660"": 7}"
XLIKXXXXX,"{""P47495"": 2}"
XLIKVEPNQ,"{""P47433"": 1}"
XLIRLNIPS,"{""P47326"": 1}"
XLLXXXXXX,"{""P47269"": 112, ""P56723"": 351, ""P47688"": 84, ""P47649"": 20, ""P47549"": 31, ""P47580"": 17, ""P47656"": 22, ""P47386"": 18, ""P47585"": 1, ""P47663"": 3}"
XLLXXSXXX,"{""P47549"": 11}"
XLLXXSXFW,"{""P47549"": 54}"
XLLXXSWXN,"{""P56723"": 21}"
XLLXXSWXX,"{""P56723"": 2}"
XLLXXSKFW,"{""P47549"": 2}"
XLLXXEVNF,"{""P47688"": 3}"
XLLXXLXXX,"{""P47663"": 1}"
XLLXTXXXX,"{""P47656"": 62}"
XLLXTXXLT,"{""P47656"": 14}"
XLLXTTILN,"{""P47386"": 89}"
XLLXTKXXX,"{""P47656"": 3}"
XLLXEPTQA,"{""P47269"": 391}"
XLLXNNTNL,"{""P47580"": 83}"
XLLXNLENI,"{""P47585"": 9}"
XLLXRSWXX,"{""P56723"": 15}"
XLLXRSWXN,"{""P56723"": 74}"
XLLXRSWKN,"{""P56723"": 6}"
XLLXRALIA,"{""P47534"": 2}"
XLLXLFFEY,"{""P47649"": 81}"
XLLXLFFEX,"{""P47649"": 6}"
XLLXYLXEX,"{""P47663"": 1}"
XLLXYLXXX,"{""P47663"": 2}"
XLLXKSXXX,"{""P47549"": 1}"
XLLXKSXFW,"{""P47549"": 5}"
XLLXGFWQT,"{""P47434"": 1}"
XLLLTQQXX,"{""P47402"": 78}"
XLLLTQQXE,"{""P47402"": 404}"
XLLLTQQKE,"{""P47402"": 20}"
XLLLGSTLT,"{""P47563"": 28}"
XLLLNXHEI,"{""P47305"": 96}"
XLLLNXXXX,"{""P47305"": 14}"
XLLLNKHEI,"{""P47305"": 5}"
XLLLCTGDM,"{""P47251"": 39}"
XLLLCNNLN,"{""P47303"": 8}"
XLLLXTGDM,"{""P47251"": 2}"
XLLEXQXEG,"{""P47384"": 61}"
XLLEXQXXX,"{""P47384"": 12}"
XLLEXQKEG,"{""P47384"": 1}"
XLLEXNVNE,"{""P47251"": 7}"
XLLEXXXXX,"{""P47384"": 17}"
XLLESEXXX,"{""P47597"": 14}"
XLLESEXDX,"{""P47597"": 76}"
XLLESEXDK,"{""P47597"": 1}"
XLLESEKDX,"{""P47597"": 5}"
XLLEEXXXX,"{""Q49417"": 7}"
XLLEKQXEG,"{""P47384"": 2}"
XLLEKQXXX,"{""P47384"": 1}"
XLLERNVNE,"{""P47251"": 21}"
XLLSSAFQX,"{""P47668"": 95}"
XLLSSAFQK,"{""P47668"": 5}"
XLLSITXXX,"{""Q49426"": 443}"
XLLSITXXL,"{""Q49426"": 3}"
XLLSITXRL,"{""Q49426"": 17}"
XLLSITKRL,"{""Q49426"": 1}"
XLLSLXDLN,"{""P47255"": 71}"
XLLSLXXXX,"{""P47255"": 19}"
XLLSLKDLN,"{""P47255"": 7}"
XLLSQDDAS,"{""P47347"": 118}"
XLLRGFWQT,"{""P47434"": 21}"
XLLREIHLL,"{""P47621"": 2}"
XLLRRALIA,"{""P47534"": 1}"
XLLFLSAIT,"{""Q49411"": 500}"
XLLFEXSND,"{""P47483"": 85}"
XLLFEXXXX,"{""P47483"": 24}"
XLLFEKSND,"{""P47483"": 4}"
XLLFGTIDS,"{""P47284"": 100}"
XLLAESXEL,"{""P47251"": 74}"
XLLAESXXX,"{""P47251"": 20}"
XLLAVVLTI,"{""P47405"": 142}"
XLLTNSXPE,"{""P47400"": 75}"
XLLTNSXXX,"{""P47400"": 8}"
XLLTNSKPE,"{""P47400"": 3}"
XLLTSNELN,"{""Q9ZB79"": 6}"
XLLTILDIX,"{""Q9ZB80"": 6}"
XLLTDEXLE,"{""Q49430"": 6}"
XLLTDEXXX,"{""Q49430"": 1}"
XLLVEXXXX,"{""P47376"": 69}"
XLLVEXLXI,"{""P47376"": 4}"
XLLVEXLRI,"{""P47376"": 20}"
XLLVQIXPX,"{""Q49405"": 74}"
XLLVQIXXX,"{""Q49405"": 30}"
XLLVQIKPX,"{""Q49405"": 7}"
XLLVPPEXX,"{""P47382"": 3}"
XLLKTTILN,"{""P47386"": 5}"
XLLKTXXXX,"{""P47656"": 7}"
XLLKTXXLT,"{""P47656"": 1}"
XLLKEPTQA,"{""P47269"": 18}"
XLLKXXXXX,"{""P47688"": 3, ""P47549"": 3}"
XLLKXSXFW,"{""P47549"": 2}"
XLLKNNTNL,"{""P47580"": 6}"
XLLKLFFEX,"{""P47649"": 1}"
XLLKLFFEY,"{""P47649"": 2}"
XLLKRSWXN,"{""P56723"": 2}"
XLLKYLXXX,"{""P47663"": 1}"
XLLNHFDCD,"{""P47627"": 104}"
XLLNHFDXD,"{""P47627"": 4}"
XLLDLFXSY,"{""P47667"": 19}"
XLLDLFXSX,"{""P47667"": 2}"
XLLDLFXXX,"{""P47667"": 6}"
XLLDLFKSY,"{""P47667"": 3}"
XLLIHIXDD,"{""P47625"": 12}"
XLLIHIXXX,"{""P47625"": 1}"
XLLINPXXX,"{""P47352"": 2}"
XLLQESVDA,"{""P47582"": 3}"
XLTEFQXDX,"{""P47486"": 81}"
XLTEFQXDK,"{""P47486"": 1}"
XLTEFQXXX,"{""P47486"": 28}"
XLTEFQKDX,"{""P47486"": 7}"
XLTEVSQIL,"{""P47521"": 25}"
XLTETNQLI,"{""P47576"": 103}"
XLTXFRQXX,"{""P47311"": 66}"
XLTXFRQXY,"{""P47311"": 10}"
XLTXFXQXX,"{""P47311"": 17}"
XLTXFXQXY,"{""P47311"": 4}"
XLTXXXXXX,"{""P47683"": 71, ""P47311"": 364, ""P47288"": 76, ""P47326"": 18}"
XLTXENNQW,"{""P47326"": 69}"
XLTXAEQNX,"{""P47288"": 389}"
XLTXAEQNK,"{""P47288"": 20}"
XLTXYEHLI,"{""P47683"": 15}"
XLTQNNSFA,"{""P47521"": 486}"
XLTQIFDQL,"{""Q49426"": 27}"
XLTFXTXXX,"{""Q49404"": 345}"
XLTFXTXXG,"{""Q49404"": 59}"
XLTFXTXKG,"{""Q49404"": 4}"
XLTFXTKXG,"{""Q49404"": 4}"
XLTFXTKXX,"{""Q49404"": 8}"
XLTFXXXXX,"{""Q49404"": 70}"
XLTFKTXXX,"{""Q49404"": 15}"
XLTFKTXXG,"{""Q49404"": 4}"
XLTFISSDS,"{""P47484"": 3}"
XLTLQAEXX,"{""P47540"": 64}"
XLTLQAEXA,"{""P47540"": 25}"
XLTLPGFEX,"{""P47513"": 28}"
XLTVNFHXI,"{""P47437"": 22}"
XLTVNFHXX,"{""P47437"": 71}"
XLTVHEQNI,"{""P47520"": 85}"
XLTDHLLAN,"{""P47663"": 104}"
XLTTNPQVQ,"{""P47442"": 106}"
XLTTRDXXX,"{""P47656"": 10}"
XLTTRDXRA,"{""P47656"": 3}"
XLTTXDXXX,"{""P47656"": 1}"
XLTTXDXRA,"{""P47656"": 1}"
XLTSPDFLX,"{""P47589"": 26}"
XLTSPDFLK,"{""P47589"": 1}"
XLTKENNQW,"{""P47326"": 2}"
XLTKAEQNX,"{""P47288"": 16}"
XLTKYEHLI,"{""P47683"": 2}"
XLTKFXQXX,"{""P47311"": 1}"
XLTKFRQXY,"{""P47311"": 1}"
XLFGVNNTF,"{""P47277"": 106}"
XLFGSEIXX,"{""P47275"": 2}"
XLFGGGSCQ,"{""P47540"": 3}"
XLFGERSFT,"{""P47616"": 1}"
XLFNQEIQA,"{""P47604"": 522}"
XLFNXXXXX,"{""P36263"": 15}"
XLFNXGSXI,"{""P36263"": 84}"
XLFNXGSXX,"{""P36263"": 16}"
XLFNXGSKI,"{""P36263"": 2}"
XLFNXLLIN,"{""Q49426"": 1}"
XLFNRLLIN,"{""Q49426"": 1}"
XLFNKGSXI,"{""P36263"": 3}"
XLFSFYXXV,"{""P47545"": 74}"
XLFSFYXXX,"{""P47545"": 29}"
XLFSFYXKV,"{""P47545"": 1}"
XLFSFYKXV,"{""P47545"": 4}"
XLFSFXXXV,"{""P47545"": 3}"
XLFSFXXKV,"{""P47545"": 3}"
XLFLXXXXX,"{""P47442"": 25}"
XLFLXXQLP,"{""P47442"": 63}"
XLFLXKQLP,"{""P47442"": 1}"
XLFLLYGXX,"{""P47591"": 9}"
XLFLKXQLP,"{""P47442"": 3}"
XLFIXGVNN,"{""P47653"": 76}"
XLFIXXXXX,"{""P47653"": 12}"
XLFIVLALL,"{""Q49417"": 108}"
XLFIKGVNN,"{""P47653"": 2}"
XLFEATQQF,"{""P47311"": 107}"
XLFEEIXSX,"{""P47549"": 79}"
XLFEEIXSK,"{""P47549"": 8}"
XLFEEIXXX,"{""P47549"": 14}"
XLFEEIKSX,"{""P47549"": 1}"
XLFELYPXX,"{""P47607"": 75}"
XLFELYPXY,"{""P47607"": 20}"
XLFELXPXY,"{""P47607"": 1}"
XLFELXPXX,"{""P47607"": 5}"
XLFWTIGVL,"{""P47523"": 125}"
XLFWNLXHX,"{""P47590"": 3}"
XLFWNLXXX,"{""P47590"": 2}"
XLFPIQTTV,"{""P47367"": 24}"
XLFPDMTER,"{""Q49434"": 18}"
XLFPDMTEX,"{""Q49434"": 1}"
XLFPVHIMT,"{""P47386"": 2}"
XLFTSXXXX,"{""P52271"": 10}"
XLFTSXVRY,"{""P52271"": 1}"
XLFTVIIPT,"{""P47271"": 9}"
XLFXNTVIV,"{""P47391"": 76}"
XLFXXXXXX,"{""P47391"": 21}"
XLFXFVLXQ,"{""P47553"": 1}"
XLFALNRFQ,"{""P47394"": 18}"
XLFALNXFQ,"{""P47394"": 9}"
XLFARFGIM,"{""P47310"": 1}"
XLFAXEQDQ,"{""P47460"": 3}"
XLFAXXXXX,"{""P47460"": 5}"
XLFRFVLXQ,"{""P47553"": 5}"
XLFRFVLXX,"{""P47553"": 3}"
XLFDQYLPV,"{""P47508"": 20}"
XLFVIXXXX,"{""P47387"": 4}"
XLFFDVLVT,"{""P47254"": 5}"
XLFQNXXXX,"{""P47324"": 6}"
XLFQNXWAI,"{""P47324"": 2}"
XLFKNTVIV,"{""P47391"": 2}"
XLGIEXEDY,"{""P47348"": 412}"
XLGIEXEDX,"{""P47348"": 14}"
XLGIEXXXX,"{""P47348"": 81}"
XLGIEKEDY,"{""P47348"": 18}"
XLGIEKEDX,"{""P47348"": 2}"
XLGIVSYDG,"{""P47428"": 27}"
XLGIVSXDG,"{""P47428"": 1}"
XLGANFXXX,"{""Q49412"": 78}"
XLGANFXEY,"{""Q49412"": 13}"
XLGANFKEY,"{""Q49412"": 3}"
XLGAXXXXX,"{""P47476"": 4}"
XLGLVFQNY,"{""P47433"": 499}"
XLGLVFQNX,"{""P47433"": 30}"
XLGQNFTVN,"{""P47701"": 481}"
XLGEINFII,"{""P47282"": 107}"
XLGFSLLEN,"{""P47553"": 34}"
XLGFDVGIS,"{""Q49408"": 30}"
XLGFXXXXX,"{""Q9ZB77"": 7}"
XLGXTIVLI,"{""P47365"": 71}"
XLGXTGXXX,"{""P47404"": 9}"
XLGXTGXMW,"{""P47404"": 1}"
XLGXXXXXX,"{""P47404"": 3, ""P47660"": 2, ""P47365"": 10}"
XLGXSIFDV,"{""P47660"": 8}"
XLGYSNIIS,"{""P47299"": 9}"
XLGKTIVLI,"{""P47365"": 3}"
XLGNXIXXX,"{""P47624"": 3}"
XLGNXIXEI,"{""P47624"": 15}"
XLGNXXXXX,"{""P47624"": 4}"
XLGNKIXEI,"{""P47624"": 1}"
XLGNTEVRP,"{""P47249"": 1}"
XLGWNTFTN,"{""P47647"": 7}"
XLGHCRNLH,"{""P47700"": 1}"
XLMTVVVQX,"{""P47317"": 468}"
XLMTVVVQK,"{""P47317"": 5}"
XLMEQXXXX,"{""P47284"": 28}"
XLMEQXXLL,"{""P47284"": 60}"
XLMEQXKLL,"{""P47284"": 3}"
XLMEQKXLL,"{""P47284"": 2}"
XLMLLXRAE,"{""P47487"": 72}"
XLMLLXXXX,"{""P47487"": 367}"
XLMLLXXAE,"{""P47487"": 21}"
XLMLLKRAE,"{""P47487"": 2}"
XLMLLKXAE,"{""P47487"": 1}"
XLMDIGVXL,"{""P47302"": 85}"
XLMDIGVXX,"{""P47302"": 12}"
XLMDIGVKL,"{""P47302"": 2}"
XLMQAVAQN,"{""P47340"": 43}"
XLMQXXXXX,"{""P47282"": 35}"
XLMIWLETX,"{""P47376"": 25}"
XLMILVDVN,"{""P47396"": 7}"
XLMFEXXXX,"{""P47357"": 94}"
XLMNSLNID,"{""P47282"": 10}"
XLMGTSNKV,"{""P47547"": 1}"
XLMGTSNXV,"{""P47547"": 1}"
XLEKLPLAX,"{""P47471"": 18}"
XLEKXHKSX,"{""P47585"": 1}"
XLEKXHXXX,"{""P47585"": 3}"
XLEKXHXSX,"{""P47585"": 14}"
XLEKXHXSK,"{""P47585"": 1}"
XLEKFLQXX,"{""P47624"": 2}"
XLEXXXXXX,"{""P47585"": 140, ""P47471"": 82, ""P47624"": 15, ""P47281"": 2}"
XLEXXHXSX,"{""P47585"": 284}"
XLEXXHXSK,"{""P47585"": 3}"
XLEXXHXXX,"{""P47585"": 49}"
XLEXXHKSX,"{""P47585"": 2}"
XLEXIITIA,"{""P47424"": 5}"
XLEXKHXSX,"{""P47585"": 9}"
XLEXKHXXX,"{""P47585"": 1}"
XLEXKHKSX,"{""P47585"": 2}"
XLEXFLQXX,"{""P47624"": 62}"
XLEXFLQKK,"{""P47624"": 1}"
XLEXLPLAX,"{""P47471"": 410}"
XLEXLPLAK,"{""P47471"": 12}"
XLEXLIXTP,"{""P47618"": 1}"
XLEXNPLRI,"{""P47281"": 4}"
XLESFLTGE,"{""P47317"": 29}"
XLESANXXS,"{""Q49429"": 4}"
XLESANXXX,"{""Q49429"": 2}"
XLESANKXS,"{""Q49429"": 1}"
XLESLSSYA,"{""P47660"": 6}"
XLEWEXNFI,"{""P47272"": 22}"
XLEWEXXXX,"{""P47272"": 84}"
XLEWEKNFI,"{""P47272"": 4}"
XLEFTPMDE,"{""P47480"": 98}"
XLENEXSHI,"{""P47609"": 78}"
XLENEXXXX,"{""P47609"": 15}"
XLENEKSHI,"{""P47609"": 4}"
XLENXNEXX,"{""P47683"": 4}"
XLEDADLNS,"{""P47481"": 27}"
XLEINNSIV,"{""P47612"": 22}"
XLEIILGLI,"{""P47446"": 3}"
XLEEERXXX,"{""P47342"": 8}"
XLEEEXXXX,"{""P47342"": 1}"
XLEYFLXAL,"{""Q49423"": 3}"
XLEYLIXTP,"{""P47618"": 6}"
XLEYLIXXX,"{""P47618"": 2}"
XLEQAXIEF,"{""P47353"": 2}"
XLEQLFYDN,"{""P47605"": 1}"
XLCHQFALS,"{""P47587"": 483}"
XLCESMERY,"{""P47492"": 1}"
XLDSGVFPG,"{""P47634"": 102}"
XLDSXXXXX,"{""P47662"": 47}"
XLDSXXNEL,"{""P47662"": 66}"
XLDSXKNEL,"{""P47662"": 3}"
XLDQIQLES,"{""P47460"": 84}"
XLDEVPXEI,"{""P47481"": 27}"
XLDEVPXXX,"{""P47481"": 7}"
XLDEVPKEI,"{""P47481"": 1}"
XLDENPYPE,"{""P47481"": 103}"
XLDENPXPE,"{""P47481"": 7}"
XLDENGIIM,"{""P47583"": 21}"
XLDLSXQXX,"{""P47277"": 3}"
XLDLSXQXR,"{""P47277"": 2}"
XLDLSXXXX,"{""P47277"": 2}"
XLDLSLEEF,"{""P47551"": 6}"
XLDLCGLEN,"{""P47545"": 3}"
XLDLRRXLM,"{""P47282"": 1}"
XLDLXGLEN,"{""P47545"": 1}"
XLDIEELAE,"{""P47705"": 30}"
XLDGYIYDR,"{""Q49432"": 4}"
XLDGYIYDX,"{""Q49432"": 1}"
XLQDASFVN,"{""P22747"": 520}"
XLQDFSQTS,"{""P47460"": 99}"
XLQDMGISL,"{""P47572"": 33}"
XLQDDLLQE,"{""Q49419"": 19}"
XLQITYAVQ,"{""P47571"": 4}"
XLQITXAVQ,"{""P47571"": 1}"
XLQGILTLG,"{""P47350"": 101}"
XLQQIASYF,"{""Q49404"": 93}"
XLQQIASXF,"{""Q49404"": 12}"
XLQQFAXXX,"{""P47340"": 31}"
XLQQFAXXV,"{""P47340"": 1}"
XLQQFAXRV,"{""P47340"": 4}"
XLQSLIETV,"{""P47350"": 95}"
XLQTLGFHN,"{""P47437"": 106}"
XLQTTXXXX,"{""P47653"": 6}"
XLQTTXNVR,"{""P47653"": 1}"
XLQXXXXXX,"{""P47621"": 72, ""Q49434"": 2}"
XLQXXLLRE,"{""P47621"": 2}"
XLQXCLLRE,"{""P47621"": 17}"
XLQXDIXXX,"{""Q49434"": 4}"
XLQXDIXER,"{""Q49434"": 1}"
XLQXDIKER,"{""Q49434"": 1}"
XLQNSQEQD,"{""P47300"": 120}"
XLQWINANY,"{""P47700"": 96}"
XLQWINANX,"{""P47700"": 10}"
XLQWXNDFX,"{""P47356"": 89}"
XLQWXXXXX,"{""P47356"": 25}"
XLQWKNDFX,"{""P47356"": 2}"
XLQLNLAFI,"{""P47534"": 117}"
XLQELQTLE,"{""P47460"": 12}"
XLQAVSXXP,"{""P47541"": 6}"
XLQCLLLTP,"{""P47579"": 2}"
XLHDNTSND,"{""Q49419"": 107}"
XLHDPFXIA,"{""P47254"": 75}"
XLHDPFXXX,"{""P47254"": 15}"
XLHDPFKIA,"{""P47254"": 3}"
XLHNLNEIL,"{""Q9ZB81"": 23}"
XLYLNLTXX,"{""Q49423"": 7}"
XLYLNLTKX,"{""Q49423"": 1}"
XLYLXTETN,"{""P56723"": 82}"
XLYLXXXXX,"{""P56723"": 9}"
XLYLFEINX,"{""P47483"": 26}"
XLYLFEINK,"{""P47483"": 2}"
XLYLQLVIL,"{""Q49432"": 28}"
XLYLKTETN,"{""P56723"": 3}"
XLYVFXXGI,"{""P47647"": 67}"
XLYVFXXXX,"{""P47647"": 30}"
XLYVFXKGI,"{""P47647"": 1}"
XLYVFKXGI,"{""P47647"": 4}"
XLYPTXXXX,"{""P47252"": 70}"
XLYPTXFLN,"{""P47252"": 28}"
XLYPTKFLN,"{""P47252"": 1}"
XLYEQQIXX,"{""P47650"": 91}"
XLYEQQIXE,"{""P47650"": 360}"
XLYEQQIKE,"{""P47650"": 22}"
XLYDQFGHE,"{""P47265"": 108}"
XLYDILGQT,"{""P47580"": 2}"
XLYNXLLXX,"{""P47615"": 75}"
XLYNXLLXE,"{""P47615"": 6}"
XLYNXXXXX,"{""P47615"": 17}"
XLYNKLLXX,"{""P47615"": 1}"
XLYRAFRQE,"{""P47515"": 5}"
XLYRAFXQE,"{""P47515"": 1}"
XLYATQHLT,"{""P47312"": 3}"
XLYSDLDGT,"{""P47505"": 8}"
XLYXAFRQE,"{""P47515"": 2}"
XLRALFYYI,"{""P47496"": 81}"
XLRALFYXI,"{""P47496"": 4}"
XLRALFXYI,"{""P47496"": 5}"
XLRARAWXI,"{""P47390"": 4}"
XLRARAWXX,"{""P47390"": 1}"
XLRARAWKI,"{""P47390"": 1}"
XLRXXXXXX,"{""P47486"": 15}"
XLRXTISIV,"{""P47426"": 10}"
XLRXESLDI,"{""P47486"": 5}"
XLRLGXXXX,"{""P47610"": 2}"
XLRLGXVLL,"{""P47610"": 1}"
XLRLTEXIY,"{""P47583"": 3}"
XLRLTERIY,"{""P47583"": 12}"
XLRLLCDVG,"{""P47660"": 19}"
XLRLLXDVG,"{""P47660"": 2}"
XLRSADSSG,"{""Q49409"": 19}"
XLRSEFGVX,"{""Q49415"": 3}"
XLREFIXPN,"{""P47265"": 18}"
XLREFIXXX,"{""P47265"": 6}"
XLREXXXXX,"{""P47290"": 1}"
XLRIFSSFF,"{""P47248"": 2}"
XLRIISLIG,"{""P47664"": 10}"
XLRINNDAV,"{""P47551"": 1}"
XLRDVGVGD,"{""P47384"": 22}"
XLRDEYAHX,"{""Q49434"": 104}"
XLRDEYAHK,"{""Q49434"": 7}"
XLRDEXAHX,"{""Q49434"": 4}"
XLRHAVRNN,"{""P47491"": 5}"
XLRHAVXNN,"{""P47491"": 2}"
XLRNESELD,"{""P47528"": 2}"
XLRQDIXXX,"{""P55750"": 2}"
XLRVXISEX,"{""P47300"": 2}"
XLRVXXXXX,"{""P47300"": 3}"
XLRMTADQC,"{""P22746"": 1}"
XLRKTISIV,"{""P47426"": 1}"
XLWPLPITE,"{""Q49426"": 97}"
XLWHXXXXX,"{""P47324"": 9}"
XLWHXPGDI,"{""P47324"": 23}"
XLWSDLELE,"{""P47445"": 10}"
XLKYEELLQ,"{""P47540"": 16}"
XLKXXXXXX,"{""P47532"": 3}"
XLKXQCSYL,"{""P47532"": 1}"
XLKXQCSXL,"{""P47532"": 1}"
XLKWVSFAI,"{""P47655"": 2}"
XLKVIIETA,"{""P47296"": 16}"
XLKVAIICQ,"{""P47622"": 2}"
XLKVAIIXQ,"{""P47622"": 1}"
XLKVDQTIE,"{""P47486"": 3}"
XLKDNLALW,"{""P47587"": 6}"
XLKQATPTX,"{""P20796"": 4}"
XLKRXXXXX,"{""P47315"": 1}"
XLKALFXXQ,"{""P47326"": 1}"
XLKALFXXX,"{""P47326"": 2}"
XLKEXXXXX,"{""P47288"": 2}"
XLKEXLQXL,"{""P47288"": 2}"
XLKEXLQXX,"{""P47288"": 1}"
XLKEXLQKL,"{""P47288"": 1}"
XLKEVEQQX,"{""P47288"": 3}"
XLKELIQEL,"{""P47572"": 1}"
XLKITSHFI,"{""P47585"": 4}"
XLKSXNAVI,"{""P55750"": 1}"
XLKTLTIGX,"{""P47652"": 8}"
XLKLYDXLI,"{""P47580"": 1}"
XAVVTGIEM,"{""P13927"": 539}"
XAVVDALXX,"{""P47368"": 86}"
XAVVDALXQ,"{""P47368"": 1}"
XAVGTNSXT,"{""P47468"": 76}"
XAVGTNSXX,"{""P47468"": 15}"
XAVGTNSKT,"{""P47468"": 4}"
XAVSXXEGH,"{""P47414"": 72}"
XAVSXXXXX,"{""P47414"": 24}"
XAVSXKEGH,"{""P47414"": 6}"
XAVSKXEGH,"{""P47414"": 4}"
XAVASEAEL,"{""P47540"": 109}"
XAVAFLCEX,"{""Q49423"": 90}"
XAVAFLCEK,"{""Q49423"": 6}"
XAVAFLXEX,"{""Q49423"": 4}"
XAVQTEXNL,"{""P47464"": 81}"
XAVQTEXXX,"{""P47464"": 9}"
XAVQTEKNL,"{""P47464"": 2}"
XAVIPAAGL,"{""P47691"": 121}"
XAVIQPVFD,"{""P47398"": 23}"
XAVXXWLLN,"{""P47424"": 15}"
XAVXXXXXX,"{""P47424"": 6, ""P47326"": 7}"
XAVXESNVF,"{""P47326"": 3}"
XAVXKWLLN,"{""P47424"": 2}"
XAVDQILNQ,"{""P47513"": 32}"
XAVDXEXXX,"{""P47467"": 50}"
XAVDXEXIA,"{""P47467"": 3}"
XAVDXXXXX,"{""P47467"": 22}"
XAVDKEXXX,"{""P47467"": 6}"
XAVLCTVXL,"{""P47525"": 76}"
XAVLCTVXX,"{""P47525"": 21}"
XAVLCTVKL,"{""P47525"": 1}"
XAVLEDQIS,"{""P47460"": 5}"
XAVLIMMGI,"{""P47307"": 9}"
XAVLXTVXL,"{""P47525"": 11}"
XAVLXTVXX,"{""P47525"": 1}"
XAVLXTVKL,"{""P47525"": 1}"
XAVYYGIXT,"{""P47330"": 2}"
XAVYYGIXX,"{""P47330"": 5}"
XAVELLNLX,"{""P47285"": 4}"
XAVMNLFTX,"{""P47662"": 6}"
XAVKXWLLN,"{""P47424"": 1}"
XATTDSFNX,"{""P47372"": 471}"
XATTDSFNK,"{""P47372"": 4}"
XATPFWLLF,"{""P47317"": 96}"
XATEFVEXX,"{""P47607"": 63}"
XATEFVEXY,"{""P47607"": 14}"
XATEFVEKY,"{""P47607"": 1}"
XATSFSGLE,"{""P47591"": 6}"
XATSXXXXX,"{""P47597"": 2}"
XATSXHDLF,"{""P47597"": 6}"
XATFQNQIM,"{""P47492"": 19}"
XATVSLAGR,"{""P47382"": 3}"
XATVSLAGX,"{""P47382"": 2}"
XATDLFLCR,"{""Q49423"": 1}"
XAFXAEQFP,"{""P47374"": 57}"
XAFXXXXXX,"{""P47612"": 84, ""P47442"": 1, ""P47374"": 12}"
XAFXXLAXX,"{""P47442"": 6}"
XAFXXLEIN,"{""P47612"": 11}"
XAFXLYXXX,"{""P47629"": 8}"
XAFXLYXKX,"{""P47629"": 1}"
XAFXKLEIN,"{""P47612"": 1}"
XAFEXELED,"{""P47580"": 76}"
XAFEXXXXX,"{""P47580"": 16}"
XAFEVXFNI,"{""P47278"": 26}"
XAFEVXXXX,"{""P47278"": 4}"
XAFEVKFNI,"{""P47278"": 2}"
XAFEGTYIR,"{""P47553"": 5}"
XAFEGTYIX,"{""P47553"": 2}"
XAFEGTXIR,"{""P47553"": 1}"
XAFEKELED,"{""P47580"": 4}"
XAFLIAXXI,"{""Q49426"": 66}"
XAFLIAXXX,"{""Q49426"": 36}"
XAFLIAXKI,"{""Q49426"": 2}"
XAFLIAKXI,"{""Q49426"": 6}"
XAFLIAKXX,"{""Q49426"": 2}"
XAFLIXXXX,"{""P47460"": 96}"
XAFLIXRLR,"{""P47460"": 4}"
XAFLIKRLX,"{""P47460"": 1}"
XAFLESVDE,"{""P47549"": 101}"
XAFLGDVVV,"{""P47407"": 28}"
XAFNENWID,"{""P47429"": 96}"
XAFILNTXP,"{""P47281"": 81}"
XAFILNTXX,"{""P47281"": 14}"
XAFILNTKP,"{""P47281"": 4}"
XAFHGYLGF,"{""P47418"": 8}"
XAFAXAXNL,"{""P47436"": 49}"
XAFAXAXXX,"{""P47436"": 11}"
XAFAXAKNL,"{""P47436"": 3}"
XAFAXXXXX,"{""P47436"": 19}"
XAFAKAXNL,"{""P47436"": 4}"
XAFRXLAXX,"{""P47442"": 13}"
XAFRXXXXX,"{""P47265"": 1, ""P47442"": 2}"
XAFRLYXKX,"{""P47629"": 1}"
XAFRLYXXX,"{""P47629"": 11}"
XAFRLYKXX,"{""P47629"": 1}"
XAFSEXXXX,"{""P47530"": 84}"
XAFSEXGIQ,"{""P47530"": 4}"
XAFGVGDII,"{""P47633"": 5}"
XAFVAGAYH,"{""P47482"": 9}"
XAFKAEQFP,"{""P47374"": 3}"
XAFKXXXXX,"{""P47612"": 1}"
XAFKXLEIN,"{""P47612"": 1}"
XAWXEXXXX,"{""P47261"": 1}"
XAWXEXISI,"{""P47261"": 9}"
XAWNRFLSF,"{""P47297"": 19}"
XAWNEXXXX,"{""Q49410"": 20}"
XAWNEXNWN,"{""Q49410"": 70}"
XAWNEKNWN,"{""Q49410"": 7}"
XAWNXFLSF,"{""P47297"": 2}"
XAWTALGAI,"{""P47282"": 20}"
XAWREXISI,"{""P47261"": 15}"
XAWREXXXX,"{""P47261"": 6}"
XAWLVLLLG,"{""P47590"": 29}"
XALVVYDNX,"{""P47257"": 474}"
XALVVYDNK,"{""P47257"": 24}"
XALVVXDNX,"{""P47257"": 26}"
XALVVXDNK,"{""P47257"": 2}"
XALVFNFLQ,"{""P47617"": 96}"
XALDSLLLQ,"{""P47271"": 96}"
XALDEXLNG,"{""Q49419"": 81}"
XALDEXXXX,"{""Q49419"": 13}"
XALDEKLNG,"{""Q49419"": 1}"
XALLSDNAN,"{""P47681"": 512}"
XALLQNQNI,"{""Q49430"": 486}"
XALLVASRD,"{""P47625"": 1}"
XALINAQXN,"{""P47573"": 75}"
XALINAQXX,"{""P47573"": 16}"
XALINAQKN,"{""P47573"": 5}"
XALIACXXL,"{""P47534"": 21}"
XALIACXXX,"{""P47534"": 5}"
XALIACKXL,"{""P47534"": 2}"
XALIAXXXL,"{""P47534"": 2}"
XALIAXXXX,"{""P47534"": 1}"
XALSGIDVL,"{""P47627"": 142}"
XALSLLXFL,"{""P47563"": 88}"
XALSLLXXX,"{""P47563"": 15}"
XALSLLKFL,"{""P47563"": 3}"
XALQDCEVL,"{""P47302"": 9}"
XALQAGFDL,"{""P20796"": 107}"
XALQALKIW,"{""P47486"": 2}"
XALQALXIW,"{""P47486"": 2}"
XALQALXXX,"{""P47486"": 2}"
XALQFXXXX,"{""P47325"": 95}"
XALNQXLVE,"{""P47460"": 93}"
XALNQXXXX,"{""P47460"": 14}"
XALNQKLVE,"{""P47460"": 3}"
XALTLLTVS,"{""P47295"": 22}"
XALXXXXXX,"{""P36263"": 9}"
XALXTSNFE,"{""P36263"": 20}"
XALKTSNFE,"{""P36263"": 1}"
XANNFXXXX,"{""P47376"": 12}"
XANNFXANE,"{""P47376"": 91}"
XANNFKANE,"{""P47376"": 1}"
XANLLEAQA,"{""P47460"": 519}"
XANLANFQA,"{""P47460"": 8}"
XANLNLAII,"{""P47348"": 5}"
XANXLNNXQ,"{""P47390"": 332}"
XANXLNNXX,"{""P47390"": 63}"
XANXLNNKQ,"{""P47390"": 18}"
XANXLPGQL,"{""P47518"": 105}"
XANXLXXXX,"{""Q49426"": 4}"
XANXXXXXX,"{""P47518"": 354, ""P47390"": 91, ""P47705"": 30, ""P47394"": 1, ""P47288"": 2, ""Q49426"": 1}"
XANXXQXAN,"{""P47705"": 73}"
XANXXQXXX,"{""P47705"": 8}"
XANXXQKAN,"{""P47705"": 3}"
XANXXAIDX,"{""P47288"": 5}"
XANXGAVVL,"{""P22747"": 1}"
XANXKQXAN,"{""P47705"": 2}"
XANXKQXXX,"{""P47705"": 1}"
XANDLVEQX,"{""P47525"": 476}"
XANDLVEQK,"{""P47525"": 2}"
XANDGSYPS,"{""P47580"": 4}"
XANELNTNL,"{""Q49435"": 101}"
XANITPIMI,"{""P47317"": 124}"
XANKLPGQL,"{""P47518"": 5}"
XANKLNNXQ,"{""P47390"": 21}"
XANKLNNXX,"{""P47390"": 2}"
XANKLNNKQ,"{""P47390"": 1}"
XANKXXXXX,"{""P47705"": 2}"
XANKXQXAN,"{""P47705"": 2}"
XANWSQVIS,"{""P47647"": 14}"
XANFMGAFX,"{""P47473"": 26}"
XANYGAVVL,"{""P22747"": 8}"
XANYDXXXX,"{""P47442"": 2}"
XANYDXYGF,"{""P47442"": 9}"
XANVQFGEH,"{""P47615"": 5}"
XANCXXXXX,"{""P47394"": 4}"
XAIQPQFNL,"{""P47690"": 111}"
XAIAEAMTX,"{""P47514"": 504}"
XAIAEAMTK,"{""P47514"": 20}"
XAIANRDLF,"{""P47339"": 14}"
XAIANXDLF,"{""P47339"": 3}"
XAIATXYQM,"{""P47698"": 16}"
XAIATXXXX,"{""P47698"": 2}"
XAIATKYQM,"{""P47698"": 2}"
XAIAXTLDQ,"{""P47443"": 6}"
XAIAXQLEV,"{""P47457"": 7}"
XAIAXXXXX,"{""P47457"": 1}"
XAIFLEXTI,"{""P47246"": 23}"
XAIFLEXXX,"{""P47246"": 78}"
XAIFYFAVI,"{""P47468"": 93}"
XAIFXFAVI,"{""P47468"": 6}"
XAIHFQSQP,"{""P47499"": 94}"
XAIHFSDLE,"{""P47664"": 119}"
XAISEQTXL,"{""P47433"": 89}"
XAISEQTXX,"{""P47433"": 19}"
XAISEQTKL,"{""P47433"": 7}"
XAISLGICX,"{""P47269"": 93}"
XAISLGICK,"{""P47269"": 1}"
XAISLGIXX,"{""P47269"": 5}"
XAISXXXXX,"{""Q49405"": 5}"
XAISXXDVX,"{""Q49405"": 21}"
XAISXXDVK,"{""Q49405"": 1}"
XAISXKDVX,"{""Q49405"": 3}"
XAISFDDND,"{""P47250"": 3}"
XAISKXDVX,"{""Q49405"": 1}"
XAITIXNLV,"{""P47281"": 71}"
XAITIXXXX,"{""P47281"": 21}"
XAITIKNLV,"{""P47281"": 7}"
XAITDCHVN,"{""P47591"": 92}"
XAITDXHVN,"{""P47591"": 9}"
XAITGIQAS,"{""P47372"": 1}"
XAIXXAHNS,"{""P47414"": 67}"
XAIXXXXXX,"{""P47414"": 37, ""P47509"": 5}"
XAIXKAHNS,"{""P47414"": 2}"
XAIDXILFS,"{""P47535"": 90}"
XAIDXXXXX,"{""P47288"": 21, ""P47535"": 22}"
XAIDXEYDX,"{""P47288"": 77}"
XAIDXEYDK,"{""P47288"": 3}"
XAIDXEXDX,"{""P47288"": 5}"
XAIDVASEY,"{""P47685"": 1}"
XAIDKEYDX,"{""P47288"": 1}"
XAIDKILFS,"{""P47535"": 3}"
XAINYCFSD,"{""P47446"": 90}"
XAINYXFSD,"{""P47446"": 3}"
XAINQLVTS,"{""P47491"": 2}"
XAINXCFSD,"{""P47446"": 5}"
XAIKXAHNS,"{""P47414"": 4}"
XAIEXITDY,"{""P47455"": 78}"
XAIEXITDX,"{""P47455"": 7}"
XAIEXXXXX,"{""P47455"": 10}"
XAIEICGIX,"{""P47492"": 86}"
XAIEICGIK,"{""P47492"": 2}"
XAIEIXGIX,"{""P47492"": 4}"
XAIEKITDY,"{""P47455"": 4}"
XAILIDGNS,"{""Q49406"": 26}"
XAIGQVAGI,"{""P47429"": 6}"
XAIGFMPXT,"{""P47370"": 3}"
XAIPHININ,"{""P47269"": 7}"
XAIIIAENL,"{""Q9ZB71"": 8}"
XAEEAXXXX,"{""P47342"": 381}"
XAEEAXXNQ,"{""P47342"": 22}"
XAEEAXRNQ,"{""P47342"": 63}"
XAEEAKRNQ,"{""P47342"": 2}"
XAEEAKXNQ,"{""P47342"": 1}"
XAESGDXIA,"{""P47270"": 423}"
XAESGDXXX,"{""P47270"": 83}"
XAESGDKIA,"{""P47270"": 26}"
XAELXLXXX,"{""P47705"": 71}"
XAELXLXXK,"{""P47705"": 1}"
XAELXLXKX,"{""P47705"": 1}"
XAELXLKXX,"{""P47705"": 2}"
XAELXXXXX,"{""P47705"": 10}"
XAELKLXXX,"{""P47705"": 3}"
XAELNDLEX,"{""P47487"": 4}"
XAELVXVRD,"{""P35888"": 2}"
XAELVRVRD,"{""P35888"": 4}"
XAEQNGVTF,"{""P47523"": 8}"
XAEQTFXXX,"{""P47318"": 24}"
XAEQTFXXE,"{""P47318"": 71}"
XAEQTFXKE,"{""P47318"": 1}"
XAEQTFKXX,"{""P47318"": 1}"
XAEXXXXXX,"{""Q49410"": 11}"
XAEXTNLLF,"{""Q49410"": 91}"
XAEVXPXVE,"{""P47405"": 72}"
XAEVXPXXX,"{""P47405"": 15}"
XAEVXPLXX,"{""P47405"": 18}"
XAEVXPLXQ,"{""P47405"": 62}"
XAEVXPLKQ,"{""P47405"": 4}"
XAEVXPKVE,"{""P47405"": 4}"
XAEVXXXXX,"{""P47405"": 31}"
XAEVKPXVE,"{""P47405"": 4}"
XAEVKPLXQ,"{""P47405"": 6}"
XAEVKPLXX,"{""P47405"": 1}"
XAEVKPLKQ,"{""P47405"": 1}"
XAEVKPKVE,"{""P47405"": 1}"
XAEGYPSXX,"{""P47634"": 5}"
XAEKTNLLF,"{""Q49410"": 4}"
XAEMINYLF,"{""Q49405"": 7}"
XAGXXNSDA,"{""P47373"": 62}"
XAGXXXXXX,"{""Q49434"": 77, ""P47373"": 23}"
XAGXIVFLL,"{""Q49434"": 422}"
XAGXKNSDA,"{""P47373"": 3}"
XAGKIVFLL,"{""Q49434"": 26}"
XAGKXNSDA,"{""P47373"": 3}"
XAGIEXVXX,"{""P47456"": 62}"
XAGIEXVXL,"{""P47456"": 21}"
XAGIEXXXX,"{""P47456"": 12}"
XAGIEKVXX,"{""P47456"": 2}"
XAGILNSLP,"{""P47256"": 531}"
XAGIAEMET,"{""P47303"": 27}"
XAGDLIIII,"{""P47265"": 125}"
XAGGVTNQL,"{""P47350"": 491}"
XAGNVITIE,"{""P47618"": 2}"
XAXXDSVED,"{""P47582"": 343}"
XAXXXXXXX,"{""P47386"": 27, ""P47440"": 67, ""Q49400"": 11, ""P47582"": 131, ""P47446"": 8, ""P47693"": 90, ""P47628"": 90, ""P47330"": 75, ""P47421"": 23, ""Q9ZB76"": 101, ""P47424"": 19, ""P47495"": 16, ""P47411"": 61, ""P47695"": 19, ""P47704"": 11, ""P47371"": 17, ""P47656"": 5, ""P47347"": 1, ""P47513"": 1, ""P47283"": 2, ""P47453"": 5, ""P47338"": 7, ""P47384"": 1, ""P47333"": 2, ""P47471"": 2, ""P47299"": 3, ""Q49407"": 1, ""P47286"": 1}"
XAXXTVNFV,"{""P47495"": 5}"
XAXXWLLQP,"{""P47330"": 12}"
XAXXSXXNI,"{""P47583"": 3}"
XAXXSXXXX,"{""P47583"": 1}"
XAXXSFAMS,"{""P47371"": 3}"
XAXXLVVNS,"{""Q49407"": 4}"
XAXXEXXXX,"{""P47429"": 1}"
XAXXNNAXX,"{""P47299"": 1}"
XAXXFCTXL,"{""P47384"": 2}"
XAXXFCTXX,"{""P47384"": 2}"
XAXNNEFFT,"{""Q49400"": 80}"
XAXNTQXXX,"{""P47424"": 58}"
XAXNTQXXL,"{""P47424"": 3}"
XAXNTQXRL,"{""P47424"": 10}"
XAXNTQKRL,"{""P47424"": 1}"
XAXLLTVTT,"{""P47411"": 443}"
XAXLLTXXX,"{""P47286"": 4}"
XAXLLTXSS,"{""P47286"": 3}"
XAXLLGFPT,"{""P47391"": 6}"
XAXLEADLN,"{""P47453"": 25}"
XAXLVTGYE,"{""P47272"": 3}"
XAXLSTLIX,"{""P47347"": 1}"
XAXYTVNFV,"{""P47495"": 76}"
XAXYSFAMS,"{""P47371"": 79}"
XAXYEXXXX,"{""P47429"": 18}"
XAXYEXWIE,"{""P47429"": 4}"
XAXINPDXR,"{""P47421"": 12}"
XAXINPDXX,"{""P47421"": 74}"
XAXINPDKR,"{""P47421"": 1}"
XAXIIDYLV,"{""P47513"": 1}"
XAXIIDXLV,"{""P47513"": 1}"
XAXIVINRK,"{""P47440"": 2}"
XAXIVINRX,"{""P47440"": 10}"
XAXSDFNTE,"{""P47386"": 83}"
XAXSANXKS,"{""P47326"": 1}"
XAXSANXXX,"{""P47326"": 2}"
XAXSANXXS,"{""P47326"": 6}"
XAXEAQQRS,"{""P47693"": 10}"
XAXEAQQXS,"{""P47693"": 8}"
XAXEIGCNN,"{""P47628"": 16}"
XAXEIGXNN,"{""P47628"": 4}"
XAXEHFQSW,"{""P47512"": 7}"
XAXERXXXX,"{""P47656"": 2}"
XAXTIEXXX,"{""P47291"": 3}"
XAXTIIXXX,"{""P47695"": 57}"
XAXTIIXSN,"{""P47695"": 9}"
XAXKDSVED,"{""P47582"": 17}"
XAXKNNAXX,"{""P47299"": 1}"
XAXAIFXAV,"{""P47418"": 4}"
XAXALIPYY,"{""P47471"": 5}"
XAXAAAVNI,"{""P47543"": 2}"
XAXWLLLPF,"{""P22747"": 2}"
XAXWWTXTP,"{""P47259"": 4}"
XAXWWTXXX,"{""P47259"": 2}"
XAXQLALTS,"{""P47398"": 5}"
XAXQLRLEK,"{""Q49405"": 1}"
XAXQLRLEX,"{""Q49405"": 2}"
XAXVRLTNG,"{""P47333"": 1}"
XAXVMGSYN,"{""Q49428"": 2}"
XAXVNHWRD,"{""P47432"": 5}"
XAXVNHWXD,"{""P47432"": 2}"
XAXFIEAXX,"{""P47653"": 3}"
XAXFIEAXF,"{""P47653"": 1}"
XAXFFDGNX,"{""P47335"": 3}"
XASFXAAXQ,"{""P47440"": 301}"
XASFXAAXX,"{""P47440"": 90}"
XASFXAAKQ,"{""P47440"": 9}"
XASFXXXXX,"{""P47440"": 67}"
XASFLDXDV,"{""P47248"": 4}"
XASFLDKDV,"{""P47248"": 1}"
XASFKAAXQ,"{""P47440"": 17}"
XASFKAAXX,"{""P47440"": 7}"
XASFKAAKQ,"{""P47440"": 1}"
XASXLXXXX,"{""Q49398"": 52}"
XASXLXNLH,"{""Q49398"": 21}"
XASXLIXXL,"{""Q9ZB70"": 55}"
XASXLIXXX,"{""Q9ZB70"": 25}"
XASXLIXKL,"{""Q9ZB70"": 2}"
XASXLIKXL,"{""Q9ZB70"": 2}"
XASXLKNLH,"{""Q49398"": 1}"
XASXFGTDV,"{""P47618"": 1}"
XASXVPFXV,"{""P47253"": 60}"
XASXVPFXX,"{""P47253"": 28}"
XASXVPFKV,"{""P47253"": 2}"
XASXXXXXX,"{""Q49398"": 22, ""P47253"": 8, ""Q9ZB70"": 16}"
XASDITLXX,"{""Q49409"": 88}"
XASDITLXN,"{""Q49409"": 14}"
XASDITLKN,"{""Q49409"": 4}"
XASDNQEFE,"{""P47448"": 121}"
XASEAGADF,"{""P47328"": 106}"
XASLSAIXS,"{""Q9ZB81"": 7}"
XASLSAIRS,"{""Q9ZB81"": 23}"
XASKVPFXV,"{""P47253"": 2}"
XASKLXXXX,"{""Q49398"": 2}"
XASKLIXXL,"{""Q9ZB70"": 4}"
XASKLIXXX,"{""Q9ZB70"": 1}"
XASTLSGGE,"{""P47660"": 1}"
XASIFRRLQ,"{""P47340"": 2}"
XASIFRXLQ,"{""P47340"": 1}"
XASIFXRLQ,"{""P47340"": 1}"
XASYFGTDV,"{""P47618"": 8}"
XASANIIFL,"{""P47359"": 3}"
XAANNYLAL,"{""Q49460"": 120}"
XAANNXLAL,"{""Q49460"": 6}"
XAANINXXX,"{""P47336"": 5}"
XAANINXQI,"{""P47336"": 1}"
XAAYFLTXL,"{""P47402"": 68}"
XAAYFLTXX,"{""P47402"": 21}"
XAAYFLTKL,"{""P47402"": 2}"
XAAPCIIFI,"{""P47695"": 83}"
XAAPQQGLG,"{""P47549"": 9}"
XAAPXIIFI,"{""P47695"": 8}"
XAAXXXXXX,"{""P47486"": 66}"
XAAXEMQFR,"{""P47486"": 22}"
XAAXEMQFX,"{""P47486"": 4}"
XAAXFLTKL,"{""P47402"": 2}"
XAAXFLTXL,"{""P47402"": 2}"
XAAANQNYE,"{""P47319"": 25}"
XAAANQNXE,"{""P47319"": 3}"
XAAAFVLDE,"{""Q49428"": 8}"
XAAGLGTLI,"{""P47467"": 9}"
XAACSAGEP,"{""P47631"": 25}"
XAALLTTMF,"{""P47688"": 36}"
XAAKEMQFR,"{""P47486"": 3}"
XAAEALETV,"{""P47502"": 5}"
XADVIIXDX,"{""P47342"": 379}"
XADVIIXDK,"{""P47342"": 4}"
XADVIIXXX,"{""P47342"": 102}"
XADVIIKDX,"{""P47342"": 18}"
XADAIGIXX,"{""P47493"": 461}"
XADAIGIXY,"{""P47493"": 4}"
XADAIGIKY,"{""P47493"": 1}"
XADSLXNNS,"{""P47645"": 91}"
XADSLXXXX,"{""P47645"": 25}"
XADSLKNNS,"{""P47645"": 1}"
XADLIDALX,"{""P47342"": 71}"
XADNLLNDH,"{""P47455"": 29}"
XADYLXXXY,"{""P47455"": 6}"
XADYLXXXX,"{""P47455"": 3}"
XADRVXXXX,"{""P47580"": 1}"
XADQIXATN,"{""P47373"": 5}"
XADQIXXXX,"{""P47373"": 2}"
XADQIKATN,"{""P47373"": 1}"
XADFCIIGL,"{""P47565"": 1}"
XACYEXXXX,"{""P47429"": 330}"
XACYEXWIE,"{""P47429"": 84}"
XACYEKWIE,"{""P47429"": 7}"
XACAIFXAV,"{""P47418"": 90}"
XACAIFXXX,"{""P47418"": 11}"
XACAIFKAV,"{""P47418"": 7}"
XACXEXXXX,"{""P47429"": 21}"
XACXEXWIE,"{""P47429"": 5}"
XACVITEIR,"{""P47296"": 4}"
XACVITEIX,"{""P47296"": 1}"
XAYWLLLPF,"{""P22747"": 88}"
XAYTIEXXX,"{""P47291"": 70}"
XAYTIEXDS,"{""P47291"": 15}"
XAYTIEKDS,"{""P47291"": 2}"
XAYTPFSNF,"{""P47298"": 2}"
XAYXXXXXX,"{""Q49407"": 16}"
XAYXLVVNS,"{""Q49407"": 80}"
XAYFIEAXX,"{""P47653"": 78}"
XAYFIEAXF,"{""P47653"": 16}"
XAYFFDGNX,"{""P47335"": 87}"
XAYFFDGNK,"{""P47335"": 1}"
XAYSANXXX,"{""P47326"": 31}"
XAYSANXXS,"{""P47326"": 72}"
XAYSANXKS,"{""P47326"": 3}"
XAYSANKXX,"{""P47326"": 1}"
XAYSANKXS,"{""P47326"": 4}"
XAYQLALTS,"{""P47398"": 96}"
XAYQLRLEX,"{""Q49405"": 14}"
XAYQLXLEX,"{""Q49405"": 1}"
XAYVMGSYN,"{""Q49428"": 16}"
XAYKLVVNS,"{""Q49407"": 6}"
XAYEIIERX,"{""P47698"": 2}"
XAYEAGVRL,"{""P35888"": 1}"
XAYISYMRE,"{""P47682"": 1}"
XAPSALXXX,"{""P22747"": 15}"
XAPSALXAA,"{""P22747"": 70}"
XAPSALKAA,"{""P22747"": 8}"
XAPSPTGYL,"{""P47700"": 8}"
XAPLLQNIS,"{""P47532"": 103}"
XAPQFTXXX,"{""P47656"": 26}"
XAPQRVTGF,"{""P47515"": 5}"
XAPQXVTGF,"{""P47515"": 1}"
XAPHQXNHP,"{""P47448"": 4}"
XAQITDEMV,"{""P47372"": 86}"
XAQGVFSQM,"{""P47389"": 103}"
XAQDAIYLD,"{""P47572"": 89}"
XAQDAIXLD,"{""P47572"": 6}"
XAQRXANXL,"{""P47390"": 10}"
XAQRXANXX,"{""P47390"": 2}"
XAQFDSNII,"{""P47445"": 108}"
XAQXXXXXX,"{""P47306"": 5}"
XAQXXANXX,"{""P47390"": 1}"
XAQXXANXL,"{""P47390"": 4}"
XAQXQRYDA,"{""P47306"": 2}"
XAQMGARSP,"{""P47695"": 1}"
XAQKQXYDA,"{""P47306"": 1}"
XAHNSIHTV,"{""P47414"": 88}"
XAHVTFFFD,"{""P47669"": 10}"
XAHSLGVYE,"{""P47699"": 1}"
XARWWTXTP,"{""P47259"": 23}"
XARWWTXXX,"{""P47259"": 3}"
XARLVTGYE,"{""P47272"": 15}"
XARLVTGXE,"{""P47272"": 1}"
XARLIANTL,"{""P47304"": 4}"
XARLLGFPT,"{""P47391"": 15}"
XARVNHWRD,"{""P47432"": 15}"
XARVNHWXD,"{""P47432"": 8}"
XARAAAVNI,"{""P47543"": 4}"
XARXSXXNI,"{""P47583"": 10}"
XARXSXXXX,"{""P47583"": 5}"
XARXSKXNI,"{""P47583"": 1}"
XARXXXXXX,"{""P47583"": 4}"
XARKSXXNI,"{""P47583"": 3}"
XAKINPDXX,"{""P47421"": 4}"
XAKIVINXX,"{""P47440"": 1}"
XAKLLTVTT,"{""P47411"": 26}"
XAKLEADLN,"{""P47453"": 2}"
XAKKDSVED,"{""P47582"": 3}"
XAKSDFNTE,"{""P47386"": 2}"
XAKXDSVED,"{""P47582"": 11}"
XAKXXXXXX,"{""P47299"": 1, ""P47330"": 2, ""P47338"": 1, ""P47582"": 2}"
XAKXWLLQP,"{""P47330"": 1}"
XAKTIIXXX,"{""P47695"": 3}"
XAKNNEFFT,"{""Q49400"": 2}"
XAKNTQXXX,"{""P47424"": 1}"
XAKEIGCNN,"{""P47628"": 2}"
XAKEAQQXS,"{""P47693"": 1}"
XAKYSFAMS,"{""P47371"": 8}"
XAKYTVNFV,"{""P47495"": 3}"
XAMIRYXDI,"{""P47251"": 3}"
XAMIRXXDI,"{""P47251"": 1}"
XDCFYALVQ,"{""P47282"": 455}"
XDCFXALVQ,"{""P47282"": 22}"
XDCLVTGEV,"{""P47612"": 3}"
XDRQPEHTQ,"{""P47282"": 109}"
XDRSDSVFG,"{""P47318"": 88}"
XDRXLFNQE,"{""P47604"": 21}"
XDRXXXXXX,"{""P47653"": 19, ""P47604"": 2}"
XDRHANINA,"{""P47477"": 9}"
XDRELIYAI,"{""Q9ZB80"": 13}"
XDRELIXAI,"{""Q9ZB80"": 1}"
XDRFEXQLL,"{""P47685"": 1}"
XDRFIFLPL,"{""P47568"": 2}"
XDRKLFNQE,"{""P47604"": 1}"
XDHLVLASX,"{""P47534"": 115}"
XDHLVLASK,"{""P47534"": 5}"
XDHTGGYQN,"{""P55825"": 115}"
XDHTGGXQN,"{""P55825"": 9}"
XDHXSLGXQ,"{""P47615"": 8}"
XDHRSLGXQ,"{""P47615"": 12}"
XDHRSLGXX,"{""P47615"": 5}"
XDHRSLGKQ,"{""P47615"": 1}"
XDHNNXIVL,"{""P47513"": 3}"
XDHNNXXXX,"{""P47513"": 3}"
XDHNNKIVL,"{""P47513"": 2}"
XDHIGGNCY,"{""Q49398"": 3}"
XDFLTAGNI,"{""P47623"": 92}"
XDFLYEPSX,"{""Q49410"": 26}"
XDFLXEPSX,"{""Q49410"": 2}"
XDFVIQNXD,"{""Q49419"": 5}"
XDFVLCDTS,"{""P47539"": 5}"
XDFISXXXX,"{""P47663"": 82}"
XDFISXXGL,"{""P47663"": 3}"
XDFISXRGL,"{""P47663"": 14}"
XDFISKRGL,"{""P47663"": 1}"
XDFITNLLT,"{""P47577"": 18}"
XDFDEXXXX,"{""P47650"": 94}"
XDFDEXNVF,"{""P47650"": 22}"
XDFGXXXXX,"{""P47310"": 28}"
XDFNEQRWI,"{""P47653"": 110}"
XDFNEQXWI,"{""P47653"": 26}"
XDFNSFFEN,"{""P47701"": 107}"
XDFFVFYNX,"{""P47254"": 115}"
XDFFVFYNK,"{""P47254"": 7}"
XDFFVFXNX,"{""P47254"": 2}"
XDFFSLFQE,"{""P47607"": 4}"
XDFCFSGFS,"{""P47306"": 2}"
XDYWTSYWE,"{""P47288"": 97}"
XDYWTSXWE,"{""P47288"": 4}"
XDYLIEVNX,"{""P47484"": 40}"
XDYFVNDDQ,"{""P47551"": 38}"
XDYYLIFLA,"{""P47379"": 7}"
XDYYEVLGI,"{""P47442"": 3, ""P47265"": 9}"
XDYHLMESY,"{""P47305"": 4}"
XDYXEVLGI,"{""P47442"": 1}"
XDYXTFEXL,"{""P47512"": 6}"
XDYXLIFLA,"{""P47379"": 1}"
XDSVEDAXV,"{""P47582"": 92}"
XDSVEDAXX,"{""P47582"": 19}"
XDSVEDAKV,"{""P47582"": 2}"
XDSNFWIXX,"{""Q49405"": 88}"
XDSNTTLST,"{""P47431"": 89}"
XDSEXXNMS,"{""P47395"": 7}"
XDSEXXXXX,"{""P47395"": 1}"
XDSERXNMS,"{""P47395"": 16}"
XDSERXXXX,"{""P47395"": 5}"
XDSERKNMS,"{""P47395"": 2}"
XDSXPILSD,"{""P47340"": 3}"
XDSXGQFLH,"{""P47451"": 1}"
XDSWFDSNG,"{""P47613"": 111}"
XDSAHGELX,"{""P47543"": 9}"
XDSATRNYL,"{""P47312"": 19}"
XDSATXNYL,"{""P47312"": 2}"
XDSATXNXL,"{""P47312"": 1}"
XDSYGQFLH,"{""P47451"": 22}"
XDSTGICFI,"{""P47537"": 27}"
XDSTGIXFI,"{""P47537"": 1}"
XDSLINEWX,"{""P47597"": 7}"
XDSLINEWK,"{""P47597"": 1}"
XDSLDPYIN,"{""P47351"": 2}"
XDSLFYLNV,"{""P47637"": 1}"
XDSRPILSD,"{""P47340"": 8}"
XDSFTTTIX,"{""Q49429"": 3}"
XDSFTTTIR,"{""Q49429"": 19}"
XDSDLIXXX,"{""P47632"": 3}"
XDSDLIXER,"{""P47632"": 1}"
XDSMLXXXX,"{""P47248"": 4}"
XDSMLXVND,"{""P47248"": 1}"
XDNXDSFST,"{""P47247"": 423}"
XDNXXXXXX,"{""P47247"": 78}"
XDNXQNVFI,"{""P47618"": 4}"
XDNYQNVFI,"{""P47618"": 116}"
XDNEFWYHH,"{""P47657"": 95}"
XDNEFWXHH,"{""P47657"": 8}"
XDNESVAVG,"{""P47297"": 91}"
XDNERVLMI,"{""P47484"": 3}"
XDNEXVLMI,"{""P47484"": 2}"
XDNIELFTN,"{""P47361"": 514}"
XDNHNEDLE,"{""P47673"": 93}"
XDNQVFSLT,"{""Q9ZB77"": 87}"
XDNLNXXXX,"{""P47590"": 455}"
XDNLNXIRA,"{""P47590"": 20}"
XDNLNXIXA,"{""P47590"": 5}"
XDNLVEXXX,"{""P47380"": 3}"
XDNLVEXTM,"{""P47380"": 3}"
XDNNNGIVT,"{""P47610"": 104}"
XDNNGRALY,"{""P20796"": 5}"
XDNNSQPDL,"{""P47551"": 23}"
XDNAAEFXX,"{""P47368"": 97}"
XDNTIDYRY,"{""P47346"": 17}"
XDNTIDYXY,"{""P47346"": 3}"
XDNTIDYXX,"{""P47346"": 1}"
XDNDAATGX,"{""P47528"": 91}"
XDNDAATGK,"{""P47528"": 1}"
XDNKDSFST,"{""P47247"": 22}"
XDINFIDAN,"{""P47627"": 504}"
XDIYFXEVC,"{""Q9ZB70"": 7}"
XDIYFXXXX,"{""Q9ZB70"": 2}"
XDIYADFAV,"{""P47314"": 2}"
XDILIGSGR,"{""Q49405"": 18}"
XDILIGSGX,"{""Q49405"": 5}"
XDIXFXEVC,"{""Q9ZB70"": 1}"
XDIASDEEV,"{""P13927"": 1}"
XDTYXXXXX,"{""P47660"": 29}"
XDTYXEIIG,"{""P47660"": 51}"
XDTYKEIIG,"{""P47660"": 1}"
XDTXNMSNE,"{""P47652"": 73}"
XDTXXXXXX,"{""P47652"": 13, ""P47660"": 2}"
XDTXXEIIG,"{""P47660"": 2}"
XDTVPEVLL,"{""P47250"": 4}"
XDTKNMSNE,"{""P47652"": 5}"
XDTLDVYGS,"{""Q49404"": 8}"
XDXTIXSVA,"{""Q49408"": 363}"
XDXTIXXXX,"{""Q49408"": 63}"
XDXTIKSVA,"{""Q49408"": 23}"
XDXSDSVFG,"{""P47318"": 33}"
XDXSXWXXX,"{""P47592"": 1}"
XDXSXWXVD,"{""P47592"": 2}"
XDXSYWXVD,"{""P47592"": 17}"
XDXSYWXXX,"{""P47592"": 4}"
XDXSYWKVD,"{""P47592"": 1}"
XDXPVVDXX,"{""P47344"": 63}"
XDXPVVDXH,"{""P47344"": 345}"
XDXPVVDKH,"{""P47344"": 9}"
XDXRRSHDA,"{""P47603"": 1}"
XDXXXXXXX,"{""Q49421"": 80, ""P47603"": 30, ""Q49408"": 73, ""P47344"": 69, ""P47381"": 18, ""P47592"": 6, ""P47484"": 29, ""P47612"": 8, ""P47447"": 4, ""P47672"": 22, ""P47549"": 19, ""P47660"": 28, ""P47534"": 6, ""P47653"": 3, ""P47604"": 2}"
XDXXTSWNX,"{""P47484"": 57}"
XDXXLFNQE,"{""P47604"": 4}"
XDXGSDAMQ,"{""P47549"": 71}"
XDXIFIXXX,"{""P47381"": 59}"
XDXIFIXXE,"{""P47381"": 12}"
XDXWTSYWE,"{""P47288"": 3}"
XDXAERMAN,"{""Q49421"": 21}"
XDXAEXMAN,"{""Q49421"": 2}"
XDXQPEHTQ,"{""P47282"": 25}"
XDXEELDII,"{""P47395"": 9}"
XDXELIYAI,"{""Q9ZB80"": 6}"
XDXNATFLP,"{""P47672"": 79}"
XDXNFAENS,"{""P47612"": 26}"
XDXFYALVQ,"{""P47282"": 21}"
XDXFIFLPL,"{""P47568"": 1}"
XDXFXALVQ,"{""P47282"": 2}"
XDXHANINA,"{""P47477"": 6}"
XDXHLMESY,"{""P47305"": 1}"
XDXCFGDGV,"{""P47660"": 4}"
XDXKTSWNX,"{""P47484"": 1}"
XDXLIEVNX,"{""P47484"": 2}"
XDQLRDATL,"{""P47267"": 97}"
XDQLQAGDV,"{""P47384"": 10}"
XDQLXDATL,"{""P47267"": 23}"
XDQLTLRGP,"{""P47665"": 5}"
XDQLEXXXX,"{""P20796"": 3}"
XDQNYFNLV,"{""P47661"": 92}"
XDQNILAVA,"{""P47486"": 35}"
XDQNXFNLV,"{""P47661"": 2}"
XDQEINWRF,"{""P47460"": 88}"
XDQEINWXF,"{""P47460"": 28}"
XDQPCSVCN,"{""P55825"": 101}"
XDQPCSVXN,"{""P55825"": 8}"
XDQPXSVCN,"{""P55825"": 4}"
XDQVDNNQT,"{""P47387"": 92}"
XDQILAQLN,"{""P47369"": 105}"
XDQHIQTVF,"{""Q49407"": 9}"
XDQXSTVXI,"{""P22747"": 59}"
XDQXSTVXX,"{""P22747"": 17}"
XDQXSTVKI,"{""P22747"": 2}"
XDQXXXXXX,"{""P22747"": 11}"
XDQKSTVXI,"{""P22747"": 5}"
XDDISXXXX,"{""P47295"": 71}"
XDDISXVVL,"{""P47295"": 21}"
XDDISKVVL,"{""P47295"": 2}"
XDDIDHLGN,"{""P47583"": 6}"
XDDQLTINT,"{""Q49413"": 113}"
XDDTHXMAE,"{""P47334"": 81}"
XDDTHXXXX,"{""P47334"": 20}"
XDDTHKMAE,"{""P47334"": 1}"
XDDVIEFSA,"{""P47277"": 9}"
XDDLLNQYE,"{""Q49419"": 5}"
XDDHSAFFH,"{""P47535"": 2}"
XDVISLAXE,"{""P47295"": 421}"
XDVISLAXX,"{""P47295"": 74}"
XDVISLAKE,"{""P47295"": 24}"
XDVIVVGSV,"{""P47319"": 486}"
XDVIAXXXX,"{""P47384"": 357}"
XDVIAXLYG,"{""P47384"": 101}"
XDVIAXLXG,"{""P47384"": 5}"
XDVIAKLYG,"{""P47384"": 7}"
XDVILDRRN,"{""Q49423"": 19}"
XDVILDRXN,"{""Q49423"": 11}"
XDVILDXXN,"{""Q49423"": 1}"
XDVILDXRN,"{""Q49423"": 8}"
XDVIXNIYD,"{""P47652"": 87}"
XDVIXNIXD,"{""P47652"": 1}"
XDVIXXXXX,"{""P47652"": 17}"
XDVIKNIYD,"{""P47652"": 2}"
XDVYYFIDE,"{""Q49399"": 447}"
XDVYXFIDE,"{""Q49399"": 29}"
XDVFFFSTT,"{""P47592"": 501}"
XDVVXILXH,"{""P47310"": 65}"
XDVVXILXX,"{""P47310"": 14}"
XDVVXILKH,"{""P47310"": 3}"
XDVVXXXXX,"{""P47310"": 14, ""P47617"": 2}"
XDVVXDADE,"{""P47617"": 4}"
XDVVKILXH,"{""P47310"": 4}"
XDVVKILXX,"{""P47310"": 1}"
XDVNYAXXX,"{""P47545"": 31}"
XDVNYAXXY,"{""P47545"": 66}"
XDVNYAXKY,"{""P47545"": 4}"
XDVNYAKXY,"{""P47545"": 3}"
XDVNXAXXX,"{""P47545"": 3}"
XDVNXAXXY,"{""P47545"": 5}"
XDVNXAKKY,"{""P47545"": 1}"
XDVXLIQXN,"{""Q49405"": 42}"
XDVXLIQXX,"{""Q49405"": 29}"
XDVXLIQKN,"{""Q49405"": 1}"
XDVXEACQQ,"{""P47248"": 23}"
XDVXEAXQQ,"{""P47248"": 1}"
XDVXXXXXX,"{""Q49405"": 18, ""P47248"": 7}"
XDVXXFIDE,"{""Q49399"": 1}"
XDVXYFIDE,"{""Q49399"": 23}"
XDVQTXVST,"{""P47502"": 87}"
XDVQTXXXX,"{""P47502"": 17}"
XDVQTKVST,"{""P47502"": 3}"
XDVTDXTQL,"{""P47530"": 97}"
XDVTDXXXX,"{""P47530"": 21}"
XDVTDKTQL,"{""P47530"": 2}"
XDVKLIQXN,"{""Q49405"": 4}"
XDLENSXTQ,"{""P47522"": 81}"
XDLENSXXX,"{""P47522"": 14}"
XDLENSKTQ,"{""P47522"": 6}"
XDLELISFF,"{""P47254"": 100}"
XDLEQSLQX,"{""P47522"": 101}"
XDLEQSLQK,"{""P47522"": 5}"
XDLEEIXTI,"{""P47668"": 73}"
XDLEEIXXX,"{""P47668"": 18}"
XDLEEIKTI,"{""P47668"": 9}"
XDLITNXFE,"{""P47254"": 75}"
XDLITNXXX,"{""P47254"": 16}"
XDLITNKFE,"{""P47254"": 3}"
XDLISNNFG,"{""P47702"": 3}"
XDLAIQSLX,"{""P47597"": 105}"
XDLAIQSLK,"{""P47597"": 1}"
XDLTXTISX,"{""P47294"": 74}"
XDLTXTISK,"{""P47294"": 4}"
XDLTXXXXX,"{""P47294"": 18}"
XDLTKTISX,"{""P47294"": 3}"
XDLSXENNA,"{""P47483"": 86}"
XDLSXXXXX,"{""P47483"": 14}"
XDLSKENNA,"{""P47483"": 4}"
XDLQAXLLA,"{""P47431"": 84}"
XDLQAXXXX,"{""P47431"": 22}"
XDLQAKLLA,"{""P47431"": 1}"
XDLQTTSLE,"{""P47357"": 20}"
XDLXXLTLQ,"{""P47540"": 76}"
XDLXXXXXX,"{""P47540"": 33, ""P47369"": 17, ""P47277"": 1}"
XDLXQAQXL,"{""P47369"": 52}"
XDLXQAQXX,"{""P47369"": 16}"
XDLXQAQKL,"{""P47369"": 2}"
XDLXAIYGL,"{""P47277"": 5}"
XDLXKLTLQ,"{""P47540"": 2}"
XDLDATLPT,"{""P47386"": 100}"
XDLDXXXXX,"{""P47395"": 2}"
XDLDXLFXD,"{""P47395"": 2}"
XDLDFELXV,"{""P47699"": 2}"
XDLDFELXX,"{""P47699"": 1}"
XDLVVVSPD,"{""P47304"": 88}"
XDLKXLTLQ,"{""P47540"": 3}"
XDLKXXXXX,"{""P47540"": 3}"
XDLKKLTLQ,"{""P47540"": 1}"
XDLLYTXAX,"{""P47483"": 4}"
XDLLLENRE,"{""P47386"": 2}"
XDLLLENXE,"{""P47386"": 1}"
XDLLXTXAX,"{""P47483"": 1}"
XDLFNVIXX,"{""P47484"": 2}"
XDGQIGSEI,"{""P47635"": 500}"
XDGXXDSWF,"{""P47613"": 51}"
XDGXXXXXX,"{""P47613"": 34}"
XDGXKDSWF,"{""P47613"": 5}"
XDGFXXNSS,"{""P20796"": 70}"
XDGFXXXXX,"{""P20796"": 32}"
XDGFXKNSS,"{""P20796"": 5}"
XDGFKXXXX,"{""P20796"": 2}"
XDGFKXNSS,"{""P20796"": 3}"
XDGGLVEYI,"{""P47249"": 5}"
XDGGVALLL,"{""P47473"": 1}"
XDGKXDSWF,"{""P47613"": 2}"
XDWNSFXXX,"{""P47493"": 83}"
XDWNSFXVN,"{""P47493"": 12}"
XDWNSFKVN,"{""P47493"": 1}"
XDPXSLAXL,"{""P47346"": 82}"
XDPXSLAXX,"{""P47346"": 15}"
XDPXSLAKL,"{""P47346"": 4}"
XDPXXXXXX,"{""P47346"": 22}"
XDPITPFIV,"{""P47315"": 7}"
XDPWFFQHS,"{""P47288"": 28}"
XDPKSLAXL,"{""P47346"": 2}"
XDPLFQPVV,"{""P47540"": 5}"
XDPNSYFTF,"{""P47534"": 5}"
XDEXIIQDA,"{""P47368"": 78}"
XDEXNTLLL,"{""P47282"": 7}"
XDEXTTQFI,"{""P47700"": 4}"
XDEXXXXXX,"{""P47368"": 22, ""P47700"": 1, ""P47282"": 1}"
XDEVWXTIX,"{""P47604"": 417}"
XDEVWXTIK,"{""P47604"": 12}"
XDEVWXXXX,"{""P47604"": 78}"
XDEVWKTIX,"{""P47604"": 18}"
XDEGIXVNW,"{""Q49430"": 89}"
XDEGIXXXX,"{""Q49430"": 23}"
XDEGIKVNW,"{""Q49430"": 3}"
XDEGSCINH,"{""P47534"": 34}"
XDEGSXINH,"{""P47534"": 1}"
XDESENAXX,"{""P47530"": 109}"
XDESENAXK,"{""P47530"": 1}"
XDESENAKX,"{""P47530"": 5}"
XDEIDXAPE,"{""P13927"": 28}"
XDEIDXXXX,"{""P13927"": 4}"
XDEIDKAPE,"{""P13927"": 1}"
XDEIXXINI,"{""P47685"": 6}"
XDEIXXXXX,"{""P47685"": 2}"
XDEIXKINI,"{""P47685"": 2}"
XDEINSXLX,"{""P47540"": 4}"
XDEKIIQDA,"{""P47368"": 3}"
XDEQQXXEL,"{""P47460"": 2}"
XDAIIFDYY,"{""P47306"": 30}"
XDAIIFDYX,"{""P47306"": 2}"
XDAIIFDXY,"{""P47306"": 1}"
XDALQMIXX,"{""P47673"": 22}"
XDALQMIXK,"{""P47673"": 2}"
XDALQMIKX,"{""P47673"": 1}"
XDARQXAAY,"{""P47426"": 1}"
XDKIFIXXX,"{""P47381"": 4}"
XDKIFIKXE,"{""P47381"": 1}"
XDKPVVDXH,"{""P47344"": 17}"
XDKPVVDXX,"{""P47344"": 1}"
XDKPVVDKH,"{""P47344"": 1}"
XDKTIXSVA,"{""Q49408"": 8}"
XDKGSDAMQ,"{""P47549"": 6}"
XDKXTSWNX,"{""P47484"": 2}"
XDKAERMAN,"{""Q49421"": 2}"
XDKNATFLP,"{""P47672"": 3}"
XDKNFAENS,"{""P47612"": 1}"
XDKCFGDGV,"{""P47660"": 1}"
XDMSGAAIV,"{""P47631"": 12}"
XDMLLGAAM,"{""P47540"": 2}"
XTFLTCXXX,"{""P47317"": 334}"
XTFLTCXXV,"{""P47317"": 21}"
XTFLTCXRV,"{""P47317"": 70}"
XTFLTCKRV,"{""P47317"": 4}"
XTFLTCKXV,"{""P47317"": 1}"
XTFLTXXRV,"{""P47317"": 2}"
XTFLTXXXX,"{""P47317"": 13}"
XTFLMLTML,"{""P47693"": 113}"
XTFLAINNQ,"{""P47496"": 91}"
XTFIGCSNF,"{""P47368"": 27}"
XTFISARXX,"{""P47473"": 15}"
XTFISARXF,"{""P47473"": 2}"
XTFISAXXX,"{""P47473"": 7}"
XTFESLQDX,"{""P47649"": 92}"
XTFESLQDK,"{""P47649"": 4}"
XTFEINNQV,"{""P47436"": 105}"
XTFSXQHXX,"{""P47661"": 16}"
XTFSXQHXN,"{""P47661"": 48}"
XTFSXQHKN,"{""P47661"": 3}"
XTFSXXXXX,"{""P47661"": 12}"
XTFSKQHXN,"{""P47661"": 6}"
XTFSKQHXX,"{""P47661"": 1}"
XTFPVFXXX,"{""P47282"": 70}"
XTFPVFXFS,"{""P47282"": 17}"
XTFPVFKFS,"{""P47282"": 2}"
XTFNQLLFM,"{""P47483"": 32}"
XTFFIDSEE,"{""P47661"": 3}"
XTTDFLFNF,"{""P47493"": 88}"
XTTDGIPIE,"{""P47682"": 481}"
XTTNVYSPL,"{""P47333"": 92}"
XTTNVXSPL,"{""P47333"": 3}"
XTTNEENTM,"{""P47341"": 6}"
XTTHSGLXX,"{""P47563"": 64}"
XTTHSGLXG,"{""P47563"": 18}"
XTTHSGLKG,"{""P47563"": 2}"
XTTFXTLYS,"{""Q49418"": 9}"
XTTFXXXXX,"{""Q49418"": 1}"
XTTLFQALL,"{""P47470"": 37}"
XTTVVCATA,"{""P47641"": 2}"
XTTTXXXXX,"{""Q49427"": 32}"
XTTTXXTPX,"{""Q49427"": 61}"
XTTTXXTPK,"{""Q49427"": 1}"
XTTTXKTPX,"{""Q49427"": 4}"
XTTTKXTPX,"{""Q49427"": 5}"
XTTGQHPGG,"{""P47277"": 9}"
XTTPSIVSY,"{""P47547"": 5}"
XTVXNRNTI,"{""P47264"": 83}"
XTVXNXNTI,"{""P47264"": 25}"
XTVXXXXXX,"{""P47445"": 71, ""P47264"": 387, ""P47349"": 16}"
XTVXXLWSD,"{""P47445"": 27}"
XTVXYLWSD,"{""P47445"": 405}"
XTVXQNQLV,"{""P47349"": 86}"
XTVXQLLFE,"{""P47321"": 10}"
XTVIIXGLX,"{""P47593"": 71}"
XTVIIXGLK,"{""P47593"": 3}"
XTVIIXXXX,"{""P47593"": 17}"
XTVIIKGLX,"{""P47593"": 4}"
XTVANXXXX,"{""P47421"": 499}"
XTVANKXXX,"{""P47421"": 13}"
XTVAGQSNT,"{""Q49411"": 5}"
XTVNVPLXX,"{""P47548"": 16}"
XTVNVPLXT,"{""P47548"": 80}"
XTVNVPLKT,"{""P47548"": 2}"
XTVNFVQNI,"{""P47495"": 4}"
XTVDLLEXX,"{""Q49460"": 76}"
XTVDLLEXY,"{""Q49460"": 14}"
XTVDLLEKY,"{""Q49460"": 1}"
XTVPXXXXX,"{""P47458"": 79}"
XTVPXXXLV,"{""P47458"": 1}"
XTVPXRXLV,"{""P47458"": 16}"
XTVPXRXXX,"{""P47458"": 2}"
XTVPXRKLV,"{""P47458"": 1}"
XTVPKRXXX,"{""P47458"": 2}"
XTVPKRXLV,"{""P47458"": 1}"
XTVKYLWSD,"{""P47445"": 16}"
XTVKNRNTI,"{""P47264"": 4}"
XTVKQNQLV,"{""P47349"": 3}"
XTVTNQIXE,"{""P47265"": 7}"
XTVTRIAXI,"{""P47327"": 16}"
XTVTRIAXX,"{""P47327"": 4}"
XTVTRIAKI,"{""P47327"": 1}"
XTVTXIAXI,"{""P47327"": 4}"
XTVQMEYNX,"{""P47319"": 25}"
XTVQMEYNK,"{""P47319"": 1}"
XTVQMEXNX,"{""P47319"": 2}"
XTVYQLLFE,"{""P47321"": 86}"
XTVFGHXLX,"{""P47366"": 5}"
XTVLPDPVF,"{""P47334"": 1}"
XTVRYFLXN,"{""P47437"": 2}"
XTAITXFVS,"{""P47328"": 81}"
XTAITXXXX,"{""P47328"": 15}"
XTAITKFVS,"{""P47328"": 1}"
XTAIITDST,"{""P47568"": 112}"
XTAILDHFD,"{""P47691"": 89}"
XTAWXVFWW,"{""P47695"": 112}"
XTAWXXXXX,"{""P47695"": 377}"
XTAWKVFWW,"{""P47695"": 5}"
XTAXIGPID,"{""P47622"": 80}"
XTAXLYQTN,"{""P47330"": 90}"
XTAXLXQTN,"{""P47330"": 2}"
XTAXXXXXX,"{""P47330"": 16, ""P47622"": 23}"
XTAKIGPID,"{""P47622"": 5}"
XTAKLYQTN,"{""P47330"": 2}"
XTAVXXXXX,"{""P47355"": 32}"
XTAVXRENN,"{""P47355"": 5}"
XTXINSWHX,"{""P47284"": 384}"
XTXINSWHK,"{""P47284"": 5}"
XTXIAGFDS,"{""P47687"": 78}"
XTXILPGDV,"{""P47419"": 8}"
XTXITXXXX,"{""P47277"": 3}"
XTXITXXHV,"{""P47277"": 2}"
XTXITKXHV,"{""P47277"": 1}"
XTXIIATCG,"{""P47458"": 3}"
XTXFVLNXX,"{""P47250"": 326}"
XTXFVLNXQ,"{""P47250"": 87}"
XTXFVLNKQ,"{""P47250"": 3}"
XTXFFSQLX,"{""Q49401"": 402}"
XTXFFSQLK,"{""Q49401"": 17}"
XTXFNAXXT,"{""P47368"": 8}"
XTXFNAXXX,"{""P47368"": 21}"
XTXFDGXIX,"{""P47388"": 4}"
XTXFDGRIX,"{""P47388"": 10}"
XTXFDGRIK,"{""P47388"": 1}"
XTXLNNDFA,"{""P47460"": 378}"
XTXLNINLD,"{""P47631"": 90}"
XTXLGSMPG,"{""P47481"": 7}"
XTXXXXXXX,"{""P47592"": 93, ""P47460"": 129, ""Q49401"": 87, ""P47631"": 16, ""P47250"": 106, ""P47255"": 85, ""P47304"": 380, ""P58061"": 373, ""P47388"": 75, ""P47687"": 24, ""P47587"": 93, ""P47284"": 107, ""P47382"": 4, ""P47368"": 22, ""P47393"": 15, ""P47637"": 20, ""P47540"": 21, ""P47458"": 2, ""Q49429"": 12, ""P47277"": 2, ""Q49421"": 23, ""P47347"": 6, ""P47325"": 2, ""P47264"": 4, ""Q9ZB77"": 1, ""P47404"": 5}"
XTXXXIFFF,"{""P47592"": 4}"
XTXXTMCER,"{""P47587"": 17}"
XTXXTMCEX,"{""P47587"": 1}"
XTXXQTVVF,"{""Q49421"": 67}"
XTXXQLNEL,"{""P47255"": 15}"
XTXXSXXXX,"{""P47325"": 2}"
XTXXSXLXE,"{""P47325"": 5}"
XTXXSXLXX,"{""P47325"": 1}"
XTXXRIFFF,"{""P47592"": 10}"
XTXXGNEXF,"{""P47368"": 1}"
XTXWTXXXX,"{""P47393"": 17}"
XTXWTXFFS,"{""P47393"": 54}"
XTXWTKFFS,"{""P47393"": 7}"
XTXNXVLXE,"{""P47264"": 15}"
XTXNXVLXX,"{""P47264"": 4}"
XTXNXVLKE,"{""P47264"": 2}"
XTXNXXXXX,"{""P47264"": 5}"
XTXNTPGYF,"{""P47347"": 23}"
XTXNTPGXF,"{""P47347"": 2}"
XTXQVFDGL,"{""P47442"": 1}"
XTXQLYNNL,"{""P47637"": 84}"
XTXQLXNNL,"{""P47637"": 4}"
XTXGREPIT,"{""P47304"": 84}"
XTXGXEPIT,"{""P47304"": 19}"
XTXSFNSXX,"{""Q49429"": 75}"
XTXSFNSXK,"{""Q49429"": 2}"
XTXSFNSKX,"{""Q49429"": 4}"
XTXDRGFVX,"{""P58061"": 63}"
XTXDVYGLN,"{""Q9ZB77"": 7}"
XTXDXGFVX,"{""P58061"": 15}"
XTXDGFEYX,"{""P47653"": 3}"
XTXDGFEYK,"{""P47653"": 1}"
XTXDGFEXX,"{""P47653"": 2}"
XTXESLPXV,"{""P47470"": 18}"
XTXESLPXX,"{""P47470"": 4}"
XTXESLPKV,"{""P47470"": 2}"
XTXELFLXX,"{""P47619"": 4}"
XTXKQTVVF,"{""Q49421"": 5}"
XTXKSXLXE,"{""P47325"": 1}"
XTXRXXXXX,"{""P47540"": 2}"
XTXRGNEXF,"{""P47368"": 1}"
XTXVSCSFS,"{""P47326"": 5}"
XTXVASDFW,"{""P47473"": 2}"
XTXYXXXXX,"{""P47404"": 1}"
XTXYXXPHN,"{""P47404"": 1}"
XTINFDHPD,"{""P47622"": 468}"
XTINYXXXX,"{""P47310"": 12}"
XTINYXNGQ,"{""P47310"": 77}"
XTINYKNGQ,"{""P47310"": 1}"
XTINXXNGQ,"{""P47310"": 4}"
XTINXXXXX,"{""P47310"": 2}"
XTIDEXXXX,"{""P47326"": 60}"
XTIDEXLRE,"{""P47326"": 17}"
XTIDEXLXE,"{""P47326"": 3}"
XTIDEKLXE,"{""P47326"": 1}"
XTIDSLFDL,"{""Q49434"": 12}"
XTISIVFQF,"{""P47426"": 523}"
XTISIFQXX,"{""P47306"": 22}"
XTISIFQXY,"{""P47306"": 70}"
XTISIFQKY,"{""P47306"": 3}"
XTISIFQKX,"{""P47306"": 1}"
XTISEQPYW,"{""Q49429"": 106}"
XTISEQPXW,"{""Q49429"": 5}"
XTIFGITNF,"{""P47290"": 109}"
XTIFLLSXX,"{""P47470"": 6}"
XTIXQFMVX,"{""P47425"": 62}"
XTIXQFMVK,"{""P47425"": 5}"
XTIXXXXXX,"{""P47425"": 16}"
XTIKQFMVX,"{""P47425"": 4}"
XTIQIAISE,"{""P47444"": 27}"
XTIARAXGS,"{""P47402"": 4}"
XTIANHHNX,"{""P47376"": 6}"
XTIANHHNK,"{""P47376"": 1}"
XTIVGTLEA,"{""P47524"": 7}"
XTDXTXXLR,"{""P47486"": 1}"
XTDXTXXXX,"{""P47486"": 2}"
XTDTASQQF,"{""P47565"": 22}"
XTDQIDPMA,"{""P47297"": 104}"
XTDYTXXXX,"{""P47486"": 87}"
XTDYTXXLR,"{""P47486"": 20}"
XTDYTXXLX,"{""P47486"": 2}"
XTDYTKXXX,"{""P47486"": 5}"
XTDYTKXLR,"{""P47486"": 1}"
XTDLFSETX,"{""P47483"": 94}"
XTDLFSETK,"{""P47483"": 5}"
XTDIIVYLI,"{""P47655"": 91}"
XTDIIVXLI,"{""P47655"": 4}"
XTDPSNVLV,"{""P47540"": 26}"
XTDNFSXSS,"{""P20796"": 4}"
XTDVTNLLD,"{""P47264"": 5}"
XTPKIGLLN,"{""Q49427"": 9}"
XTPITDLSX,"{""P47283"": 95}"
XTPITDLSK,"{""P47283"": 5}"
XTPPSXXXX,"{""P47534"": 496}"
XTPPSXRLV,"{""P47534"": 8}"
XTPXIGLLN,"{""Q49427"": 95}"
XTPXXXXXX,"{""Q49427"": 12}"
XTPXSAGVA,"{""P47422"": 3}"
XTPQMLPVL,"{""P47609"": 113}"
XTPQTLTXX,"{""P47314"": 7}"
XTPYSAGVA,"{""P47422"": 97}"
XTPNXSWTD,"{""Q49420"": 81}"
XTPNXXXXX,"{""Q49420"": 18}"
XTPNKSWTD,"{""Q49420"": 6}"
XTPVXSXXX,"{""P47461"": 10}"
XTPVXSXPT,"{""P47461"": 63}"
XTPVXSKPT,"{""P47461"": 7}"
XTPVXXXXX,"{""P47461"": 26}"
XTPVKSXPT,"{""P47461"": 4}"
XTPSLSFEL,"{""P47546"": 95}"
XTPAHDFND,"{""P47576"": 11}"
XTELERXIH,"{""P47638"": 78}"
XTELERXXX,"{""P47638"": 12}"
XTELERKIH,"{""P47638"": 4}"
XTELEXXIH,"{""P47638"": 22}"
XTELEXXXX,"{""P47638"": 6}"
XTELXADIX,"{""P47288"": 81}"
XTELXADIK,"{""P47288"": 1}"
XTELXXXXX,"{""P47288"": 13}"
XTELKADIX,"{""P47288"": 6}"
XTEAXIFTE,"{""P47638"": 75}"
XTEAXXXXX,"{""P47638"": 13}"
XTEAXLSXX,"{""P47250"": 2}"
XTEAKIFTE,"{""P47638"": 4}"
XTEARLSXX,"{""P47250"": 1}"
XTEARLSXL,"{""P47250"": 2}"
XTETTAFAL,"{""P47544"": 98}"
XTETRLSLY,"{""P47446"": 6}"
XTEIFXDIF,"{""P47484"": 72}"
XTEIFXXXX,"{""P47484"": 14}"
XTEIFKDIF,"{""P47484"": 3}"
XTEXXXXXX,"{""P47453"": 23}"
XTEXLERIE,"{""P47453"": 5}"
XTEXLEXIE,"{""P47453"": 1}"
XTEKLERIE,"{""P47453"": 2}"
XTLMSFNQQ,"{""P47258"": 521}"
XTLTXLQFD,"{""P47686"": 2}"
XTLTXXXXX,"{""P47686"": 6}"
XTLAFEQQA,"{""P47380"": 96}"
XTLALTFPS,"{""P47480"": 101}"
XTLIFDQVL,"{""Q49399"": 115}"
XTLGEXPNS,"{""P47491"": 91}"
XTLGEXXXX,"{""P47491"": 11}"
XTLGEKPNS,"{""P47491"": 6}"
XTLGVLIPD,"{""P47437"": 109}"
XTLGVNQLD,"{""P47621"": 86}"
XTLLMPXTS,"{""P47587"": 105}"
XTLLMPXXX,"{""P47587"": 16}"
XTLLMPKTS,"{""P47587"": 4}"
XTLLRNDIE,"{""P47326"": 15}"
XTLLXNDIE,"{""P47326"": 2}"
XTLEQKNYQ,"{""P47345"": 6}"
XTLEQXNYQ,"{""P47345"": 76}"
XTLEQXNXQ,"{""P47345"": 3}"
XTLEQXXXX,"{""P47345"": 21}"
XTLEILQFI,"{""P47325"": 95}"
XTLESVIQS,"{""P47385"": 9}"
XTLNIYVTD,"{""P47277"": 92}"
XTLNIGIVL,"{""P47362"": 1}"
XTLNIXVTD,"{""P47277"": 3}"
XTLNSSLAX,"{""P22747"": 12}"
XTLVEDVNF,"{""P47264"": 106}"
XTLDALDKV,"{""P47497"": 3}"
XTLDALDXV,"{""P47497"": 83}"
XTLDALDXX,"{""P47497"": 22}"
XTLQFNXXX,"{""P47640"": 8}"
XTLRILGAQ,"{""Q49408"": 24}"
XTLXILGAQ,"{""Q49408"": 1}"
XTNXVYXXX,"{""P47350"": 288}"
XTNXVYXIG,"{""P47350"": 73}"
XTNXVYKIG,"{""P47350"": 3}"
XTNXVXXXX,"{""P47350"": 21}"
XTNXVXXIG,"{""P47350"": 2}"
XTNXXXXXX,"{""P47661"": 41, ""P47350"": 98, ""Q49432"": 6, ""P47635"": 1}"
XTNXXIXXX,"{""P47661"": 54}"
XTNXXIXXT,"{""P47661"": 2}"
XTNXXIXRT,"{""P47661"": 3}"
XTNXQTXXX,"{""Q49432"": 6}"
XTNXQTXHG,"{""Q49432"": 13}"
XTNXQNYFD,"{""P47582"": 5}"
XTNXTDITX,"{""P47635"": 5}"
XTNXLINNV,"{""P47386"": 1}"
XTNXLYNXQ,"{""P47429"": 1}"
XTNXKIXXX,"{""P47661"": 3}"
XTNQDQQLF,"{""P47466"": 107}"
XTNQQPLTV,"{""P47334"": 2}"
XTNVTAXEF,"{""P47388"": 428}"
XTNVTAXXX,"{""P47388"": 82}"
XTNVTAKEF,"{""P47388"": 20}"
XTNVXMTPT,"{""P47668"": 4}"
XTNFNDLLE,"{""P47618"": 109}"
XTNFELNDF,"{""P47359"": 96}"
XTNFWNXLV,"{""P47576"": 24}"
XTNFWNXXX,"{""P47576"": 3}"
XTNFWNKLV,"{""P47576"": 1}"
XTNELIVNS,"{""P47405"": 501}"
XTNNNSNTF,"{""P47502"": 90}"
XTNNANILV,"{""P47540"": 96}"
XTNNPDIRV,"{""P47436"": 2}"
XTNYLYNXQ,"{""P47429"": 32}"
XTNYLYNXX,"{""P47429"": 5}"
XTNYLYNKQ,"{""P47429"": 3}"
XTNYLXNXQ,"{""P47429"": 2}"
XTNYLINNV,"{""P47386"": 7}"
XTNGQSQSS,"{""Q49460"": 98}"
XTNGIYQLA,"{""P47466"": 6}"
XTNGFXSIL,"{""Q49329"": 7}"
XTNKVYXXX,"{""P47350"": 18}"
XTNKVYXIG,"{""P47350"": 8}"
XTNKVXXXX,"{""P47350"": 1}"
XTNKQTXXX,"{""Q49432"": 1}"
XTNKQTXHG,"{""Q49432"": 1}"
XTNKXIXXX,"{""P47661"": 2}"
XTNSVIAXX,"{""P47403"": 23}"
XTNSVIAXQ,"{""P47403"": 78}"
XTNSVIAKQ,"{""P47403"": 5}"
XTNTNFNFF,"{""P47312"": 3}"
XTNLLDLXX,"{""P47460"": 4}"
XTGXIXDIX,"{""P47397"": 66}"
XTGXIXDIK,"{""P47397"": 1}"
XTGXIXXXX,"{""P47397"": 12}"
XTGXLLVVT,"{""P47515"": 5}"
XTGXXXXXX,"{""P47397"": 17}"
XTGAYSISN,"{""P47429"": 7}"
XTGFLVTIX,"{""P47616"": 92}"
XTGFLVTIK,"{""P47616"": 3}"
XTGRLLVVT,"{""P47515"": 15}"
XTGKIXDIX,"{""P47397"": 5}"
XTGKIXXXX,"{""P47397"": 2}"
XTGSIFXXX,"{""P47553"": 5}"
XTGTEQIYH,"{""P47253"": 26}"
XTGGHRIQL,"{""P47395"": 1}"
XTGYADYSN,"{""P47502"": 2}"
XTHELNNAF,"{""P47460"": 463}"
XTHSVMXXX,"{""P47641"": 4}"
XTQASLIEE,"{""P47368"": 37}"
XTQDSHVDX,"{""P47635"": 88}"
XTQDSHVDK,"{""P47635"": 5}"
XTQDLTSWY,"{""P47525"": 114}"
XTQDLTSWX,"{""P47525"": 4}"
XTQPGVTNL,"{""P47372"": 95}"
XTQYQXSLS,"{""P47429"": 69}"
XTQYQXXXX,"{""P47429"": 12}"
XTQYQKSLS,"{""P47429"": 3}"
XTQXQXSLS,"{""P47429"": 6}"
XTQXQXXXX,"{""P47429"": 1}"
XTQLNKTLN,"{""Q49404"": 4}"
XTQLNXTLN,"{""Q49404"": 78}"
XTQLNXXXX,"{""Q49404"": 17}"
XTQNVASII,"{""P47678"": 39}"
XTQWIFSEL,"{""P47508"": 3}"
XTMCERCWN,"{""P47587"": 21}"
XTMCERXWN,"{""P47587"": 1}"
XTMCEXCWN,"{""P47587"": 8}"
XTMCEXXWN,"{""P47587"": 1}"
XTMGHXXEX,"{""P47402"": 7}"
XTMGHXXXX,"{""P47402"": 2}"
XTMGHXKEX,"{""P47402"": 1}"
XTMVQPTTT,"{""P47437"": 6}"
XTRVSCSFS,"{""P47326"": 23}"
XTRVSXSFS,"{""P47326"": 1}"
XTYESLPXX,"{""P47470"": 126}"
XTYESLPXV,"{""P47470"": 348}"
XTYESLPKV,"{""P47470"": 12}"
XTYELFLXX,"{""P47619"": 82}"
XTYELFLXK,"{""P47619"": 4}"
XTYELFLKX,"{""P47619"": 4}"
XTYLGSMPG,"{""P47481"": 110}"
XTYLFDLFQ,"{""P47551"": 6}"
XTYXSXLXE,"{""P47325"": 53}"
XTYXSXLXX,"{""P47325"": 14}"
XTYXSXLKE,"{""P47325"": 2}"
XTYXSXXXX,"{""P47325"": 9}"
XTYXSKLXE,"{""P47325"": 3}"
XTYXXXXXX,"{""P47325"": 16}"
XTYQPSXLX,"{""P47704"": 5}"
XTYQPSXXX,"{""P47704"": 1}"
XTYDLXXXX,"{""P47438"": 16}"
XTYDLXRXX,"{""P47438"": 6}"
XTYPSIFSE,"{""P47314"": 2}"
XTYKSXXXX,"{""P47325"": 1}"
XTSEIIESA,"{""P47331"": 507}"
XTSEIEFHL,"{""P47283"": 5}"
XTSEXELFI,"{""P47445"": 83}"
XTSEXXXXX,"{""P47445"": 23}"
XTSEKELFI,"{""P47445"": 2}"
XTSEQLLTY,"{""P47705"": 1}"
XTSWNXXXX,"{""P47484"": 41}"
XTSWNXXXV,"{""P47484"": 66}"
XTSWNXXKV,"{""P47484"": 1}"
XTSWNXKXV,"{""P47484"": 3}"
XTSWNXKXX,"{""P47484"": 3}"
XTSWNXKKV,"{""P47484"": 1}"
XTSWNKXXV,"{""P47484"": 4}"
XTSWNKXXX,"{""P47484"": 2}"
XTSNLTSDL,"{""P47573"": 101}"
XTSGRDMIN,"{""P47657"": 18}"
XTSGXDMIN,"{""P47657"": 7}"
XTSINLNTI,"{""P47247"": 6}"
XTSVGYLNS,"{""P47648"": 8}"
XTSVFIALL,"{""Q49433"": 2}"
XTSLNEFIN,"{""P47250"": 5}"
XTSPFILRR,"{""P47264"": 3}"
XTKXXXXXX,"{""P47255"": 3, ""Q49421"": 2, ""P47587"": 5, ""P47592"": 1}"
XTKXQLNEL,"{""P47255"": 1}"
XTKXQTVVF,"{""Q49421"": 1}"
XTKXTMCER,"{""P47587"": 1}"
XTKRGNEXF,"{""P47368"": 1}"
XTKFFSQLX,"{""Q49401"": 27}"
XTKFVLNXX,"{""P47250"": 4}"
XTKFVLNXQ,"{""P47250"": 2}"
XTKINSWHX,"{""P47284"": 11}"
XTKIAGFDS,"{""P47687"": 1}"
XTKLNNDFA,"{""P47460"": 24}"
XTKLNINLD,"{""P47631"": 3}"
XTKVASDFW,"{""P47473"": 1}"
XTKDRGFVX,"{""P58061"": 3}"
XTKDVYGLN,"{""Q9ZB77"": 1}"
XTKQLYNNL,"{""P47637"": 3}"
XTKSFNSXX,"{""Q49429"": 1}"
XTKGREPIT,"{""P47304"": 4}"
XTKGXEPIT,"{""P47304"": 1}"
XTKNTPGYF,"{""P47347"": 3}"
XTKNXVLXE,"{""P47264"": 1}"
XTKWTXFFS,"{""P47393"": 1}"
XGYFSVSEV,"{""P47355"": 490}"
XGYFDETGD,"{""P47442"": 22}"
XGYDLTFTL,"{""P47635"": 467}"
XGYDPRXLL,"{""P47269"": 17}"
XGYDPXXLL,"{""P47269"": 6}"
XGYDPXXXX,"{""P47269"": 1}"
XGYSSDXEE,"{""P47677"": 79}"
XGYSSDXXX,"{""P47677"": 20}"
XGYSSDKEE,"{""P47677"": 5}"
XGYXVLNXX,"{""P47283"": 67}"
XGYXVLNXK,"{""P47283"": 3}"
XGYXVLNKX,"{""P47283"": 3}"
XGYXXXXXX,"{""P47283"": 9, ""Q49427"": 4}"
XGYXXNPLA,"{""Q49427"": 1}"
XGYKVLNKX,"{""P47283"": 1}"
XGYKVLNXX,"{""P47283"": 2}"
XGYKRNPLA,"{""Q49427"": 1}"
XGTELLNGL,"{""P47437"": 104}"
XGTLLLXXX,"{""P47583"": 15}"
XGTLLLXEE,"{""P47583"": 80}"
XGTLLLKEE,"{""P47583"": 4}"
XGTLEIAND,"{""P47502"": 116}"
XGTLXXXXX,"{""P47388"": 7}"
XGTIFFNDX,"{""P47546"": 106}"
XGTIFFNDK,"{""P47546"": 2}"
XGTIDLSHX,"{""P47350"": 8}"
XGTVMFEVA,"{""P47404"": 105}"
XGNFDELAX,"{""P47315"": 499}"
XGNFDELAK,"{""P47315"": 22}"
XGNSENHAL,"{""P47473"": 105}"
XGNNGNYVI,"{""P47653"": 127}"
XGNNGNXVI,"{""P47653"": 4}"
XGNDNLLDE,"{""P47252"": 9}"
XGNDSLEXA,"{""Q49418"": 1}"
XGNDSLERA,"{""Q49418"": 1}"
XGNXXXXXX,"{""P47705"": 19, ""P47357"": 26}"
XGNXTVWNE,"{""P47705"": 84}"
XGNXHYQRV,"{""P47357"": 5}"
XGNELEXXX,"{""P47394"": 67}"
XGNELEXWC,"{""P47394"": 13}"
XGNELEKWC,"{""P47394"": 4}"
XGNEKFVGC,"{""P47368"": 2}"
XGNEXFVGC,"{""P47368"": 5}"
XGNKTVWNE,"{""P47705"": 6}"
XGNLCXXXX,"{""P47388"": 3}"
XGNYLIDNL,"{""P47661"": 3}"
XGMTDTAMX,"{""P47582"": 458}"
XGMTDTAMK,"{""P47582"": 14}"
XGMXLREXQ,"{""P57085"": 9}"
XGMXLXEXQ,"{""P57085"": 2}"
XGMXXQTAV,"{""P47548"": 65}"
XGMXXXXXX,"{""P47548"": 30, ""P47486"": 6}"
XGMXWILXN,"{""P47486"": 23}"
XGMXWILXX,"{""P47486"": 8}"
XGMXWILKN,"{""P47486"": 1}"
XGMXKQTAV,"{""P47548"": 4}"
XGMEELNFQ,"{""P47460"": 11}"
XGMKWILXN,"{""P47486"": 2}"
XGMKXQTAV,"{""P47548"": 5}"
XGMQIQRTW,"{""P47254"": 95}"
XGMQIQXTW,"{""P47254"": 17}"
XGMRLREXQ,"{""P57085"": 13}"
XGMRLREXX,"{""P57085"": 2}"
XGMRLREKQ,"{""P57085"": 1}"
XGMRLXEXQ,"{""P57085"": 6}"
XGXXXXXXX,"{""P47328"": 104, ""P55825"": 379, ""P47582"": 85, ""P47571"": 87, ""P47605"": 83, ""P47693"": 153, ""P47641"": 16, ""P47682"": 32, ""P47414"": 16, ""P47603"": 4, ""P47277"": 9, ""P47520"": 1, ""Q49405"": 3, ""Q49435"": 1, ""P47445"": 4, ""P47297"": 1}"
XGXXSFLTI,"{""P47693"": 330}"
XGXXVLNXX,"{""P47283"": 4}"
XGXXEYRTD,"{""P47328"": 14}"
XGXXEYXTD,"{""P47328"": 2}"
XGXXIIFLL,"{""P55825"": 2}"
XGXXPKHAP,"{""P47491"": 1}"
XGXXPXHAP,"{""P47491"": 1}"
XGXIFYESL,"{""P47582"": 354}"
XGXIFXESL,"{""P47582"": 18}"
XGXINMGIE,"{""P47571"": 405}"
XGXIIIMTD,"{""P47445"": 1}"
XGXVGYGIA,"{""P47414"": 85}"
XGXVGXGIA,"{""P47414"": 3}"
XGXVRRAYI,"{""P47682"": 1}"
XGXFSVSEV,"{""P47355"": 27}"
XGXDVLIVF,"{""P47641"": 82}"
XGXDLTFTL,"{""P47635"": 26}"
XGXDPRXLL,"{""P47269"": 1}"
XGXSSDXEE,"{""P47677"": 4}"
XGXYIIFLL,"{""P55825"": 89}"
XGXKSFLTI,"{""P47693"": 13}"
XGXKEYRTD,"{""P47328"": 2}"
XGXKXXXXX,"{""P47603"": 1}"
XGXWFEQIG,"{""P47605"": 22}"
XGXGAFCXT,"{""P47297"": 3}"
XGXGAFXXT,"{""P47297"": 1}"
XGXNLPXLI,"{""P47277"": 14}"
XGXNLPXXX,"{""P47277"": 6}"
XGXNLPKLI,"{""P47277"": 2}"
XGXTDVISL,"{""P47628"": 1}"
XGXHTXXXX,"{""P47564"": 1}"
XGATFYGIG,"{""P47698"": 490}"
XGATFXGIG,"{""P47698"": 28}"
XGASXVLLX,"{""P47414"": 399}"
XGASXVLLK,"{""P47414"": 5}"
XGASXXXXX,"{""P47414"": 104}"
XGASKVLLX,"{""P47414"": 15}"
XGAPLIEVV,"{""P47346"": 25}"
XGAFVDAHL,"{""P47401"": 96}"
XGAFVHRTN,"{""P47299"": 9}"
XGAYXHFGV,"{""Q49428"": 82}"
XGAYXXXXX,"{""Q49428"": 15}"
XGAYKHFGV,"{""Q49428"": 3}"
XGAVYAXXX,"{""P47423"": 23}"
XGAVYAXDL,"{""P47423"": 77}"
XGAVYAKDL,"{""P47423"": 4}"
XGAVXAXDL,"{""P47423"": 4}"
XGAVXAXXX,"{""P47423"": 1}"
XGAXXXXXX,"{""P47336"": 91, ""Q49428"": 2}"
XGAXXHFGV,"{""Q49428"": 5}"
XGAQXXXXX,"{""P47604"": 82}"
XGAQXNDFS,"{""P47604"": 3}"
XGAILFVTD,"{""P47688"": 8}"
XGDVLFIDE,"{""Q49425"": 108}"
XGDVNEXDX,"{""Q49460"": 386}"
XGDVNEXDK,"{""Q49460"": 2}"
XGDVNEXXX,"{""Q49460"": 96}"
XGDVNEKDX,"{""Q49460"": 17}"
XGDVNEKDK,"{""Q49460"": 1}"
XGDLFVHLY,"{""P47442"": 471}"
XGDLFVHLX,"{""P47442"": 37}"
XGDXVVVIT,"{""P47408"": 398}"
XGDXXXXXX,"{""P47408"": 71}"
XGDKVVVIT,"{""P47408"": 22}"
XGDIXHPXP,"{""P47464"": 4}"
XGDIXHPKP,"{""P47464"": 2}"
XGDIXXXXX,"{""P47464"": 1}"
XGDIKHPXP,"{""P47464"": 1}"
XGDTNHIAL,"{""P47448"": 3}"
XGIXAWAIA,"{""P47290"": 352}"
XGIXANILN,"{""P47647"": 90}"
XGIXVNAXE,"{""P47277"": 369}"
XGIXVNAXX,"{""P47277"": 50}"
XGIXVNAKE,"{""P47277"": 25}"
XGIXXXXXX,"{""P47277"": 83, ""P47290"": 108, ""P47647"": 20}"
XGIISLNRA,"{""P55750"": 86}"
XGIISLNXA,"{""P55750"": 23}"
XGIITSLAS,"{""P47633"": 114}"
XGIITPEGD,"{""P47691"": 11}"
XGIIEGTEQ,"{""P47335"": 8}"
XGIEXILEI,"{""P47698"": 420}"
XGIEXXXXX,"{""P47698"": 85}"
XGIEKILEI,"{""P47698"": 22}"
XGIEDASLL,"{""P47632"": 32}"
XGIASDQXX,"{""P47583"": 384}"
XGIASDQXL,"{""P47583"": 102}"
XGIASDQKL,"{""P47583"": 3}"
XGIVGFDFS,"{""P47668"": 488}"
XGIVVEAIV,"{""P47582"": 510}"
XGIDDXXXX,"{""P47539"": 93}"
XGIDDXYDF,"{""P47539"": 20}"
XGINIALXS,"{""P47605"": 394}"
XGINIALXX,"{""P47605"": 76}"
XGINIALKS,"{""P47605"": 16}"
XGINNLVVI,"{""P47457"": 2}"
XGIFYVLAE,"{""P47653"": 94}"
XGIFXVLAE,"{""P47653"": 10}"
XGIFVDLXQ,"{""P47365"": 4}"
XGIKVNAXE,"{""P47277"": 14}"
XGIKVNAXX,"{""P47277"": 3}"
XGIKVNAKE,"{""P47277"": 2}"
XGIKAWAIA,"{""P47290"": 11}"
XGIKANILN,"{""P47647"": 3}"
XGILXAYGE,"{""Q49460"": 5}"
XGILXXXXX,"{""Q49460"": 1}"
XGILKAYGE,"{""Q49460"": 1}"
XGIGMWSSY,"{""P47484"": 6}"
XGEPTDPNX,"{""P47274"": 102}"
XGEPTDPNK,"{""P47274"": 1}"
XGEEVQAVF,"{""P47431"": 125}"
XGEFITILG,"{""P47288"": 95}"
XGEFQNAIW,"{""P47467"": 93}"
XGEFVSCYL,"{""P47473"": 1}"
XGEMLEXXX,"{""Q49434"": 20}"
XGEMLEXEL,"{""Q49434"": 79}"
XGEMLEKEL,"{""Q49434"": 4}"
XGEXXXXXX,"{""P47394"": 14}"
XGEXINLDL,"{""P47394"": 69}"
XGEIAYIAY,"{""P47549"": 7}"
XGELLFNFH,"{""P47492"": 37}"
XGELVLXGX,"{""P47612"": 19}"
XGELVLXGK,"{""P47612"": 1}"
XGELVLXXX,"{""P47612"": 5}"
XGELVLKGX,"{""P47612"": 3}"
XGELNPTIN,"{""Q49413"": 7}"
XGENYLDXX,"{""P47455"": 2}"
XGENYLDXT,"{""P47455"": 9}"
XGEKINLDL,"{""P47394"": 2}"
XGSFLXXXX,"{""P47253"": 91}"
XGSFLXPFL,"{""P47253"": 429}"
XGSFLKPFL,"{""P47253"": 21}"
XGSITEAIN,"{""P22746"": 107}"
XGSIADLYI,"{""P47587"": 3}"
XGSCVVXAP,"{""P47428"": 72}"
XGSCVVXXX,"{""P47428"": 19}"
XGSCVVKAP,"{""P47428"": 6}"
XGSXVVXAP,"{""P47428"": 5}"
XGSXVVXXX,"{""P47428"": 1}"
XGSESDSEI,"{""P47653"": 9}"
XGSERVWDC,"{""P47515"": 1}"
XGSAXXXXX,"{""P47304"": 5}"
XGSAXSITA,"{""P47304"": 1}"
XGFLFWTXX,"{""P47535"": 102}"
XGFLFWTKX,"{""P47535"": 6}"
XGFLKXXXX,"{""P47447"": 6}"
XGFLKXNHI,"{""P47447"": 1}"
XGFLKKNHI,"{""P47447"": 1}"
XGFLGLLHM,"{""P47384"": 25}"
XGFLXXXXX,"{""P47447"": 70}"
XGFLXXNHI,"{""P47447"": 19}"
XGFLTLHGE,"{""P47310"": 5}"
XGFSISELE,"{""P47660"": 1}"
XGFSGGINI,"{""P47299"": 9}"
XGFWXXXXX,"{""Q49429"": 7}"
XGFXXRLXD,"{""Q49411"": 9}"
XGFXXRLXX,"{""Q49411"": 2}"
XGFXXRLKD,"{""Q49411"": 1}"
XGFXXXXXX,"{""Q49411"": 75}"
XGFXXXLXD,"{""Q49411"": 4}"
XGFXTQFXI,"{""P47314"": 1}"
XGFXTQFXX,"{""P47314"": 1}"
XGFEIXDFT,"{""P47282"": 30}"
XGFEIXXXX,"{""P47282"": 7}"
XGFEIKDFT,"{""P47282"": 2}"
XGFNLQDFL,"{""P47256"": 30}"
XGFDGVDGE,"{""P47442"": 7}"
XGFHGTSYK,"{""P47599"": 1}"
XGFHGTSYX,"{""P47599"": 29}"
XGFHGTSXX,"{""P47599"": 4}"
XGFRTQFXI,"{""P47314"": 3}"
XGFRTQFXX,"{""P47314"": 2}"
XGFKXXXXX,"{""Q49411"": 3}"
XGFKXRLXD,"{""Q49411"": 1}"
XGVILFDIG,"{""P47259"": 17}"
XGVXXDTYX,"{""P47660"": 328}"
XGVXXDTYK,"{""P47660"": 11}"
XGVXXDTXX,"{""P47660"": 18}"
XGVXXXXXX,"{""P47660"": 135}"
XGVXKDTXX,"{""P47660"": 2}"
XGVXKDTYX,"{""P47660"": 15}"
XGVGSTXXX,"{""P47476"": 86}"
XGVGSTXNG,"{""P47476"": 19}"
XGVGYNIAV,"{""P47597"": 105}"
XGVGNGITL,"{""P47416"": 25}"
XGVGXNIAV,"{""P47597"": 7}"
XGVAQNTTN,"{""P47647"": 97}"
XGVAYCLSY,"{""Q49409"": 27}"
XGVAYCLSX,"{""Q49409"": 2}"
XGVAYXLSY,"{""Q49409"": 1}"
XGVANXGIL,"{""P47415"": 4}"
XGVANXXXX,"{""P47415"": 1}"
XGVANKGIL,"{""P47415"": 1}"
XGVAXCLSY,"{""Q49409"": 1}"
XGVFIPRID,"{""Q49404"": 23}"
XGVFIPXID,"{""Q49404"": 6}"
XGVFIVPPE,"{""Q49429"": 3}"
XGVKXDTYX,"{""P47660"": 14}"
XGVKXDTXX,"{""P47660"": 1}"
XGVKXXXXX,"{""P47660"": 6}"
XGVKKDTYX,"{""P47660"": 1}"
XGVSSYYDS,"{""P47362"": 1}"
XGQYLVLXN,"{""P47285"": 387}"
XGQYLVLXX,"{""P47285"": 64}"
XGQYLVLKN,"{""P47285"": 15}"
XGQLGEGII,"{""P47582"": 134}"
XGQQXQDGT,"{""P47407"": 6}"
XGQQRQDGT,"{""P47407"": 25}"
XGQXLVLXN,"{""P47285"": 20}"
XGQXLVLXX,"{""P47285"": 2}"
XGQVLRAVI,"{""P47407"": 5}"
XGLSLANLX,"{""P47436"": 93}"
XGLLTXXXX,"{""P47357"": 24}"
XGLLTXMAS,"{""P47357"": 69}"
XGLLTKMAS,"{""P47357"": 4}"
XGLLHDIGX,"{""P47376"": 4}"
XGLTPNPDI,"{""P47537"": 28}"
XGLIXDWXT,"{""P47537"": 74}"
XGLIXDWXX,"{""P47537"": 18}"
XGLIXDWKT,"{""P47537"": 3}"
XGLIXXXXX,"{""P47537"": 19}"
XGLIFQDLX,"{""P47587"": 88}"
XGLIFQDLK,"{""P47587"": 3}"
XGLIKDWXT,"{""P47537"": 5}"
XGLIKDWKT,"{""P47537"": 1}"
XGLIDTNTT,"{""P47551"": 4}"
XGLAQRILY,"{""P47334"": 17}"
XGLAQXILY,"{""P47334"": 5}"
XGLYTXVSX,"{""P47663"": 6}"
XGLNTNXGD,"{""P47647"": 3}"
XGLNTNXXX,"{""P47647"": 1}"
XGLEPFVVX,"{""P47508"": 5}"
XGLXTXVSX,"{""P47663"": 1}"
XGGISLDCV,"{""P47664"": 86}"
XGGISLDXV,"{""P47664"": 3}"
XGGRISGLX,"{""P47568"": 85}"
XGGRISGLK,"{""P47568"": 3}"
XGGTNIQSN,"{""P47574"": 107}"
XGGVYAXXX,"{""P47254"": 66}"
XGGVYAXPG,"{""P47254"": 24}"
XGGVXAXXX,"{""P47254"": 3}"
XGGVXAXPG,"{""P47254"": 1}"
XGGXISGLX,"{""P47568"": 26}"
XGGXISGLK,"{""P47568"": 1}"
XGGGGHNNA,"{""P22746"": 2}"
XGCXNLQNX,"{""P47520"": 22}"
XGCXNLQNK,"{""P47520"": 1}"
XGCXXXXXX,"{""P47520"": 1}"
XGCTDVISL,"{""P47628"": 32}"
XGCSSIYYV,"{""P47473"": 6}"
XGCKNLQNX,"{""P47520"": 1}"
XGPVRXXXX,"{""P47354"": 7}"
XGPVRXENQ,"{""P47354"": 16}"
XGPVXXENQ,"{""P47354"": 6}"
XGPRXTVAN,"{""P47421"": 77}"
XGPRXXXXX,"{""P47421"": 18}"
XGPRKTVAN,"{""P47421"": 2}"
XGPXXTVAN,"{""P47421"": 15}"
XGPXXXXXX,"{""P47421"": 2}"
XGPXKTVAN,"{""P47421"": 2}"
XGPECEXSF,"{""P56723"": 4}"
XGPECEXXX,"{""P56723"": 1}"
XGPEXEXSF,"{""P56723"": 1}"
XGPEXEXXX,"{""P56723"": 1}"
XGWNAPQCA,"{""P47270"": 90}"
XGWNAPQXA,"{""P47270"": 3}"
XGWTEVICG,"{""P47280"": 92}"
XGWTEVIXG,"{""P47280"": 8}"
XGKIFYESL,"{""P47582"": 19}"
XGKINMGIE,"{""P47571"": 17}"
XGKXSFLTI,"{""P47693"": 12}"
XGKXXXXXX,"{""P47693"": 1, ""P47603"": 1}"
XGKYIIFLL,"{""P55825"": 3}"
XGKVGYGIA,"{""P47414"": 3}"
XGKWFEQIG,"{""P47605"": 1}"
XGKDVLIVF,"{""P47641"": 3}"
XGKNLPXLI,"{""P47277"": 1}"
XGRGISETF,"{""P47682"": 4}"
XGRXXXXXX,"{""P47491"": 1}"
XGRXPXHAP,"{""P47491"": 2}"
XGRHTXHQF,"{""P47564"": 1}"
XGHRQPYTX,"{""P47474"": 6}"
XMSXSNPDQ,"{""P47372"": 95}"
XMSXSLNNV,"{""P47267"": 99}"
XMSXSLNNG,"{""P47576"": 26}"
XMSXSXXXX,"{""P47508"": 63}"
XMSXSXGNT,"{""P47508"": 1}"
XMSXXXXXX,"{""P47576"": 443, ""P47267"": 375, ""P47508"": 18, ""P47372"": 15, ""P47315"": 1}"
XMSXESTNF,"{""P47315"": 4}"
XMSGHYGHE,"{""P47397"": 88}"
XMSGHXGHE,"{""P47397"": 2}"
XMSGYSVVI,"{""P47269"": 6}"
XMSDYLALI,"{""P47520"": 95}"
XMSDXLALI,"{""P47520"": 6}"
XMSFLGEDI,"{""P47277"": 12}"
XMSKSXXXX,"{""P47508"": 3}"
XMSKSNPDQ,"{""P47372"": 5}"
XMSKSLNNV,"{""P47267"": 4}"
XMSKSLNNG,"{""P47576"": 1}"
XMDELNXLM,"{""P47294"": 425}"
XMDELNXXX,"{""P47294"": 73}"
XMDELNKLM,"{""P47294"": 21}"
XMDAGPIWX,"{""P47605"": 100}"
XMDAGPIWK,"{""P47605"": 3}"
XMDLLSPXX,"{""P47661"": 18}"
XMDLLSPXL,"{""P47661"": 82}"
XMDLLSPKL,"{""P47661"": 5}"
XMDLIPMIQ,"{""P47592"": 10}"
XMDISNVDA,"{""P47310"": 5}"
XMLINNLXH,"{""P47701"": 386}"
XMLINNLXX,"{""P47701"": 73}"
XMLINNLKH,"{""P47701"": 25}"
XMLXLHFXH,"{""P47571"": 62}"
XMLXLHFXX,"{""P47571"": 19}"
XMLXLHFKH,"{""P47571"": 5}"
XMLXXXXXX,"{""P47571"": 22}"
XMLDLLNID,"{""P47302"": 514}"
XMLTFLXNA,"{""P47398"": 81}"
XMLTFLXXX,"{""P47398"": 16}"
XMLTFLKNA,"{""P47398"": 5}"
XMLVVANXI,"{""P47624"": 76}"
XMLVVANXX,"{""P47624"": 22}"
XMLVVANKI,"{""P47624"": 7}"
XMLVWQRAG,"{""P47516"": 26}"
XMLVWQXAG,"{""P47516"": 4}"
XMLKLHFXH,"{""P47571"": 4}"
XMIAYVDAS,"{""P47352"": 102}"
XMIAXVDAS,"{""P47352"": 2}"
XMIYVDNXX,"{""P47491"": 79}"
XMIYVDNXV,"{""P47491"": 22}"
XMIYVDNKV,"{""P47491"": 2}"
XMITIATIQ,"{""P47615"": 105}"
XMIVSVSMY,"{""P47681"": 108}"
XMIVSVSMX,"{""P47681"": 7}"
XMIXACRFF,"{""P47458"": 4}"
XMIXACXFF,"{""P47458"": 1}"
XMIXXXXXX,"{""P47458"": 24}"
XMIXVDNXX,"{""P47491"": 4}"
XMIXVDNXV,"{""P47491"": 2}"
XMHLXXXXX,"{""P47302"": 96}"
XMHEALXXX,"{""P47647"": 9}"
XMHEALXMA,"{""P47647"": 93}"
XMHEALKMA,"{""P47647"": 3}"
XMHVLIYSL,"{""P47548"": 15}"
XMHVLIXSL,"{""P47548"": 3}"
XMQGFELGX,"{""P47397"": 507}"
XMQGFELGK,"{""P47397"": 18}"
XMQGFSINW,"{""P47576"": 103}"
XMQPLIELG,"{""P47445"": 35}"
XMQALVEXX,"{""P47609"": 96}"
XMQALVEXK,"{""P47609"": 1}"
XMQALVEKX,"{""P47609"": 3}"
XMQALLAFE,"{""P47369"": 40}"
XMQAVTXLI,"{""P47328"": 4}"
XMQAVTXXX,"{""P47328"": 2}"
XMQLIFYFV,"{""P47702"": 91}"
XMQFNSINI,"{""P47623"": 101}"
XMEXSLDEI,"{""P47368"": 92}"
XMEXXXXXX,"{""P47368"": 15}"
XMEKSLDEI,"{""P47368"": 3}"
XMXQWVLXI,"{""P47508"": 323}"
XMXQWVLXX,"{""P47508"": 86}"
XMXQWVLKI,"{""P47508"": 14}"
XMXDNYFXF,"{""P47429"": 70}"
XMXDNYFXX,"{""P47429"": 16}"
XMXDNYFKF,"{""P47429"": 4}"
XMXDNXFXF,"{""P47429"": 6}"
XMXDNXFXX,"{""P47429"": 2}"
XMXDEIEXX,"{""P47460"": 2}"
XMXDEIERX,"{""P47460"": 7}"
XMXXXXXXX,"{""P47508"": 88, ""P47429"": 23}"
XMXIGYNSS,"{""P47373"": 1}"
XMXFLQALM,"{""P47580"": 2}"
XMNFLYXDG,"{""P47272"": 84}"
XMNFLYXXX,"{""P47272"": 8}"
XMNFLYKDG,"{""P47272"": 3}"
XMNFLXXDG,"{""P47272"": 3}"
XMNFLXXXX,"{""P47272"": 1}"
XMNFLXKDG,"{""P47272"": 1}"
XMNNVIISN,"{""P47247"": 94}"
XMNNPIYRE,"{""P47520"": 4}"
XMNNPIYXE,"{""P47520"": 3}"
XMNNPIXXE,"{""P47520"": 1}"
XMNTVKSTI,"{""P47640"": 2}"
XMNTVXSTI,"{""P47640"": 31}"
XMNTVXXXX,"{""P47640"": 6}"
XMWSFLEXX,"{""P47409"": 86}"
XMVENYPPS,"{""P20796"": 95}"
XMVENXPPS,"{""P20796"": 6}"
XMVPSLQFE,"{""P47285"": 7}"
XMVRAGLNC,"{""P47588"": 1}"
XMRDEIERX,"{""P47460"": 25}"
XMRDEIEXX,"{""P47460"": 5}"
XMRIGYNSS,"{""P47373"": 1}"
XMRFLQALM,"{""P47580"": 2}"
XMGLLLGVN,"{""P47631"": 11}"
XMPLVAXXX,"{""P47283"": 67}"
XMPLVAXIH,"{""P47283"": 20}"
XMPLVAKIH,"{""P47283"": 2}"
XMPENISDS,"{""P47276"": 88}"
XMYCAFDAL,"{""P47618"": 5}"
XMTLLDNHI,"{""P47615"": 10}"
XMATSETXA,"{""P47279"": 77}"
XMATSETXX,"{""P47279"": 21}"
XMATSETKA,"{""P47279"": 4}"
XMFXXXXXX,"{""P47652"": 104}"
XMKQWVLXX,"{""P47508"": 4}"
XMKQWVLXI,"{""P47508"": 11}"
XMKQWVLKI,"{""P47508"": 1}"
XMKDNYFXF,"{""P47429"": 2}"
XSLXVXXXX,"{""P47410"": 61}"
XSLXVXQSX,"{""P47410"": 2}"
XSLXVXQSR,"{""P47410"": 4}"
XSLXDXVFI,"{""Q49409"": 5}"
XSLXPVAEL,"{""P47542"": 82}"
XSLXXXXXX,"{""P47410"": 17, ""P47643"": 8, ""P47542"": 16, ""Q49409"": 2, ""P47582"": 2}"
XSLXEQSIX,"{""P47643"": 28}"
XSLXSLTDR,"{""P47582"": 4}"
XSLETFNFA,"{""P47661"": 525}"
XSLEENYQL,"{""P47378"": 6}"
XSLEAEIYN,"{""P47583"": 7}"
XSLEXXXXX,"{""P47667"": 4}"
XSLEXQNTV,"{""P47667"": 3}"
XSLFLLSGM,"{""P47286"": 98}"
XSLFYQFIP,"{""Q49426"": 92}"
XSLFXXHFA,"{""P47592"": 67}"
XSLFXXXXX,"{""P47592"": 32}"
XSLFXQFIP,"{""Q49426"": 10}"
XSLFXKHFA,"{""P47592"": 3}"
XSLFKXXXX,"{""P47592"": 1}"
XSLFKXHFA,"{""P47592"": 3}"
XSLLXIAIN,"{""Q49418"": 408}"
XSLLXXXXX,"{""Q49418"": 80}"
XSLLTCFVX,"{""P47699"": 83}"
XSLLTCFVK,"{""P47699"": 3}"
XSLLTXFVX,"{""P47699"": 6}"
XSLLKIAIN,"{""Q49418"": 25}"
XSLVGLQQL,"{""Q9ZB78"": 9}"
XSLGVICFN,"{""P47386"": 119}"
XSLGVIXFN,"{""P47386"": 7}"
XSLAXLAXX,"{""P47520"": 72}"
XSLAXLAXS,"{""P47520"": 14}"
XSLAXLAKS,"{""P47520"": 1}"
XSLAXXXXX,"{""P47520"": 22}"
XSLAGFDTP,"{""P47342"": 11}"
XSLAKLAXX,"{""P47520"": 1}"
XSLAKLAXS,"{""P47520"": 2}"
XSLNSFEAX,"{""Q9ZB70"": 469}"
XSLNSFEAK,"{""Q9ZB70"": 28}"
XSLIXPSVX,"{""P47655"": 80}"
XSLIXPSVK,"{""P47655"": 2}"
XSLIXXXXX,"{""P47655"": 12}"
XSLIKPSVX,"{""P47655"": 3}"
XSLIQFXNR,"{""P47610"": 2}"
XSLIQFXXX,"{""P47610"": 1}"
XSLINTQLQ,"{""P47564"": 5}"
XSLSQLGFX,"{""P47437"": 103}"
XSLSQLGFK,"{""P47437"": 6}"
XSLSQXXXX,"{""P47658"": 1}"
XSLSQXMVD,"{""P47658"": 1}"
XSLSQSNVE,"{""P47460"": 7}"
XSLSQKMVD,"{""P47658"": 1}"
XSLSSPQXE,"{""P47445"": 78}"
XSLSSPQXX,"{""P47445"": 20}"
XSLSSPQKE,"{""P47445"": 2}"
XSLKPVAEL,"{""P47542"": 6}"
XSLKVXXXX,"{""P47410"": 5}"
XSLKVXQSR,"{""P47410"": 1}"
XSCFDXQEL,"{""P47308"": 398}"
XSCFDXXXX,"{""P47308"": 78}"
XSCFDKQEL,"{""P47308"": 22}"
XSVNQPLET,"{""P47641"": 458}"
XSVTXPXXE,"{""Q49429"": 55}"
XSVTXPXXX,"{""Q49429"": 26}"
XSVTXPXKE,"{""Q49429"": 1}"
XSVTXPKXE,"{""Q49429"": 1}"
XSVTXXXXX,"{""Q49429"": 13}"
XSVTKPXXE,"{""Q49429"": 4}"
XSVSXPQXP,"{""P47405"": 79}"
XSVSXPQXX,"{""P47405"": 18}"
XSVSXPQKP,"{""P47405"": 6}"
XSVSXXXXX,"{""P47405"": 13}"
XSVSILXXX,"{""P47267"": 21}"
XSVSILXEI,"{""P47267"": 5}"
XSVSKPQXP,"{""P47405"": 7}"
XSVSKPQKP,"{""P47405"": 1}"
XSVAXQLXE,"{""P47539"": 65}"
XSVAXQLXX,"{""P47539"": 6}"
XSVAXQLKE,"{""P47539"": 6}"
XSVAXXXXX,"{""P47539"": 14}"
XSVAKQLXE,"{""P47539"": 5}"
XSVFELLGL,"{""P47331"": 6}"
XSVQFQXXX,"{""P47523"": 2}"
XSSYEPPFT,"{""P47455"": 93}"
XSSYRQYXX,"{""P47427"": 1}"
XSSTAXVYL,"{""P47656"": 368}"
XSSTAXVXL,"{""P47656"": 15}"
XSSTAXXXX,"{""P47656"": 70}"
XSSTAKVYL,"{""P47656"": 21}"
XSSIXXXXX,"{""P47450"": 72}"
XSSIXQFYV,"{""P47450"": 19}"
XSSIKQFYV,"{""P47450"": 2}"
XSSXXXXXX,"{""P47603"": 32}"
XSSXEPPFT,"{""P47455"": 9}"
XSSXHRRDX,"{""P47603"": 1}"
XSSLDLFPX,"{""P47655"": 89}"
XSSLDLFPK,"{""P47655"": 4}"
XSSLGVIGS,"{""P47685"": 30}"
XSSSSSDXV,"{""P47291"": 92}"
XSSSSSDXX,"{""P47291"": 16}"
XSSSSSSTT,"{""P47502"": 8}"
XSSNYEVXX,"{""Q49402"": 20}"
XSSNYEVXV,"{""Q49402"": 81}"
XSSNYEVKV,"{""Q49402"": 5}"
XSSNLVIXX,"{""P47402"": 4}"
XSSNXXXXX,"{""P47694"": 3}"
XSSNXTEXV,"{""P47694"": 8}"
XSSNXEVXV,"{""Q49402"": 6}"
XSSNKTEXV,"{""P47694"": 1}"
XSSPQIPTT,"{""Q49413"": 22}"
XSXNNPVLI,"{""P47597"": 390}"
XSXXXXXXX,"{""P47583"": 176, ""P47491"": 34, ""P47615"": 4, ""Q9ZB74"": 93, ""P47641"": 2, ""P47597"": 103, ""Q49397"": 16, ""P47623"": 18, ""P47301"": 24, ""P47549"": 15, ""P47286"": 18, ""P47261"": 14, ""P47249"": 18, ""P47395"": 14, ""P47705"": 14, ""P47551"": 14, ""Q49430"": 3, ""P47606"": 8, ""P47632"": 2, ""P47563"": 3, ""P47408"": 2}"
XSXXXQXNI,"{""P47491"": 56}"
XSXXXQXXX,"{""P47491"": 5}"
XSXXXQKNI,"{""P47491"": 1}"
XSXXNIASN,"{""P47583"": 306}"
XSXXIFNSE,"{""P47641"": 3}"
XSXXKQXNI,"{""P47491"": 2}"
XSXGVDLPE,"{""P47286"": 81}"
XSXGAEQTE,"{""P47551"": 68}"
XSXSXPPXX,"{""P47705"": 68}"
XSXSXPPXK,"{""P47705"": 3}"
XSXSXPPKX,"{""P47705"": 2}"
XSXSXXXXX,"{""P47705"": 11}"
XSXSKPPXX,"{""P47705"": 2}"
XSXANFNNS,"{""P47606"": 82}"
XSXAXGVIF,"{""P47623"": 68}"
XSXAXXXXX,"{""P47623"": 10}"
XSXAKGVIF,"{""P47623"": 1}"
XSXQIAQQP,"{""Q49397"": 83}"
XSXQTNPTT,"{""P47408"": 4}"
XSXTSYSQV,"{""P47261"": 71}"
XSXTSXSQV,"{""P47261"": 5}"
XSXTIEQAX,"{""P47429"": 6}"
XSXDXERTX,"{""P47301"": 14}"
XSXDXEXTX,"{""P47301"": 4}"
XSXDXEXTK,"{""P47301"": 1}"
XSXDXXXXX,"{""P47301"": 52}"
XSXDKERTX,"{""P47301"": 1}"
XSXFWWFLL,"{""P47549"": 100}"
XSXFDXXXX,"{""P47308"": 2}"
XSXFDXQEL,"{""P47308"": 19}"
XSXFDKQEL,"{""P47308"": 2}"
XSXEEVQXE,"{""P47395"": 52}"
XSXEEVQXX,"{""P47395"": 15}"
XSXEEVQKE,"{""P47395"": 2}"
XSXEQLFEN,"{""Q49430"": 35}"
XSXKNIASN,"{""P47583"": 11}"
XSXKXXXXX,"{""P47491"": 2}"
XSXKXQXXX,"{""P47491"": 1}"
XSXIDDNXP,"{""P47563"": 9}"
XSXIDDNXX,"{""P47563"": 1}"
XSXHQLFNI,"{""Q9ZB72"": 4}"
XSXRLGFSL,"{""P47553"": 1}"
XSXVISDED,"{""P47695"": 3}"
XSIPLFXEN,"{""P47260"": 407}"
XSIPLFXXX,"{""P47260"": 79}"
XSIPLFKEN,"{""P47260"": 14}"
XSIPFFNSX,"{""P47545"": 116}"
XSIPFFNSK,"{""P47545"": 6}"
XSIPGQHGN,"{""P47553"": 24}"
XSIENASND,"{""P47354"": 516}"
XSITPIVDP,"{""P47582"": 30}"
XSITATQML,"{""P47458"": 4}"
XSILSNANL,"{""P47307"": 94}"
XSILSSVVL,"{""P47366"": 5}"
XSILFNCLX,"{""P47253"": 108}"
XSILFNCLK,"{""P47253"": 6}"
XSILFNXLK,"{""P47253"": 2}"
XSILFNXLX,"{""P47253"": 4}"
XSISVLXIS,"{""P47624"": 75}"
XSISVLXXX,"{""P47624"": 18}"
XSISVLKIS,"{""P47624"": 1}"
XSIDNIEPN,"{""P47573"": 113}"
XSIIYNPNL,"{""P47311"": 9}"
XSIGIFYRC,"{""P47379"": 13}"
XSIGIFYRX,"{""P47379"": 2}"
XSIGIFYXC,"{""P47379"": 2}"
XSIGIFXRC,"{""P47379"": 1}"
XSIXQLIFE,"{""Q49404"": 1}"
XSIKQLIFE,"{""Q49404"": 1}"
XSTQASVMD,"{""P47246"": 492}"
XSTQTNQXF,"{""P47549"": 3}"
XSTQTNQXX,"{""P47549"": 1}"
XSTGXTLFV,"{""P47660"": 85}"
XSTGXXXXX,"{""P47660"": 23}"
XSTYPNGVX,"{""P47590"": 35}"
XSTIFPEFV,"{""P47401"": 24}"
XSTLVMLDE,"{""P47494"": 1}"
XSTXPNGVX,"{""P47590"": 3}"
XSTXIIALX,"{""P47532"": 1}"
XSTFSSTTV,"{""P47582"": 6}"
XSTNQPQXX,"{""P47483"": 1}"
XSTNQPQXL,"{""P47483"": 1}"
XSTRLGCNE,"{""P47567"": 2}"
XSTRIIALX,"{""P47532"": 2}"
XSEIELXXX,"{""P47432"": 73}"
XSEIELXEA,"{""P47432"": 436}"
XSEIELKEA,"{""P47432"": 15}"
XSEILYDIS,"{""P47250"": 38}"
XSEILXDIS,"{""P47250"": 2}"
XSEITFCII,"{""P47591"": 8}"
XSEINLDXL,"{""P47619"": 3}"
XSEINLDXX,"{""P47619"": 1}"
XSESSVXLA,"{""P47310"": 3}"
XSESSVXXX,"{""P47310"": 2}"
XSEANXXXX,"{""P47326"": 21}"
XSEANXASI,"{""P47326"": 115}"
XSEANKASI,"{""P47326"": 3}"
XSEAELXXX,"{""P47686"": 78}"
XSEAELXXT,"{""P47686"": 2}"
XSEAELXRT,"{""P47686"": 15}"
XSEFLNEIT,"{""P47662"": 100}"
XSEFSNPXP,"{""P47368"": 4}"
XSELAFYEX,"{""P47520"": 33}"
XSELAFXEX,"{""P47520"": 1}"
XSELFLEAT,"{""P47639"": 5}"
XSEMIMNWA,"{""P47576"": 106}"
XSEEELXXX,"{""P47382"": 6}"
XSEEELXKX,"{""P47382"": 1}"
XSEREIIXX,"{""P47423"": 16}"
XSEREIIKX,"{""P47423"": 1}"
XSEXFLXAP,"{""Q49460"": 18}"
XSEXFLXXX,"{""Q49460"": 2}"
XSEXFLKAP,"{""Q49460"": 1}"
XSEXEIIXX,"{""P47423"": 7}"
XSEXXLLXL,"{""P47649"": 2}"
XSEXXLLXX,"{""P47649"": 1}"
XSEXXXXXX,"{""Q49460"": 1}"
XSEKFLXAP,"{""Q49460"": 1}"
XSEKFLXXX,"{""Q49460"": 2}"
XSFLNPFXI,"{""P47544"": 8}"
XSFLNPFXX,"{""P47544"": 1}"
XSFLLTENP,"{""P47277"": 513}"
XSFLTIXXX,"{""P47693"": 88}"
XSFNFDNEV,"{""P47653"": 125}"
XSFXXXXXX,"{""P47326"": 88, ""P47687"": 86}"
XSFXXFFLS,"{""P47687"": 15}"
XSFXXTXVS,"{""P47326"": 5}"
XSFXXTRVS,"{""P47326"": 18}"
XSFXAINYP,"{""Q49412"": 3}"
XSFXKTRVS,"{""P47326"": 1}"
XSFXKFFLS,"{""P47687"": 1}"
XSFIXXXXX,"{""P47615"": 67}"
XSFIXLLNV,"{""P47615"": 23}"
XSFIKLLNV,"{""P47615"": 2}"
XSFELGLTD,"{""P47619"": 103}"
XSFESIXQA,"{""P47254"": 82}"
XSFESIXXX,"{""P47254"": 17}"
XSFESIKQA,"{""P47254"": 3}"
XSFVXNAPX,"{""P47281"": 71}"
XSFVXNAPK,"{""P47281"": 2}"
XSFVXXXXX,"{""P47281"": 16}"
XSFVKNAPX,"{""P47281"": 1}"
XSFSDMQSL,"{""P47344"": 111}"
XSFYAINYP,"{""Q49412"": 22}"
XSFYAINXP,"{""Q49412"": 2}"
XSFYGLGRR,"{""P47656"": 4}"
XSFYGLGRX,"{""P47656"": 2}"
XSFYGLGXR,"{""P47656"": 2}"
XSFYGLGXX,"{""P47656"": 1}"
XSFFEMXYY,"{""P47332"": 4}"
XSFFEMKYY,"{""P47332"": 1}"
XSFFANLEF,"{""Q49409"": 1}"
XSFGQNVLS,"{""P47376"": 37}"
XSFAMSXSP,"{""P47371"": 4}"
XSFAMSXXX,"{""P47371"": 1}"
XSFKXXXXX,"{""P47687"": 3, ""P47326"": 4}"
XSFKXFFLS,"{""P47687"": 1}"
XSFDPXLLI,"{""P35888"": 1}"
XSYHQLFNI,"{""Q9ZB72"": 83}"
XSYTIEQAX,"{""P47429"": 87}"
XSYTIEQAK,"{""P47429"": 2}"
XSYXXXXXX,"{""P47615"": 32}"
XSYIFWITT,"{""Q49401"": 2}"
XSYKXXXXX,"{""P47615"": 1}"
XSNHXXXXX,"{""P47658"": 15}"
XSNHXQDQX,"{""P47658"": 73}"
XSNHXQDQK,"{""P47658"": 2}"
XSNHKQDQX,"{""P47658"": 2}"
XSNXXXXXX,"{""P47592"": 29, ""P47461"": 99}"
XSNXGDIHL,"{""P47592"": 5}"
XSNLEVANL,"{""P47349"": 489}"
XSNLNXFXI,"{""P47615"": 76}"
XSNLNXFXX,"{""P47615"": 18}"
XSNLNXFKI,"{""P47615"": 4}"
XSNLNXXXX,"{""P47615"": 24}"
XSNLNKFXX,"{""P47615"": 1}"
XSNLNKFXI,"{""P47615"": 4}"
XSNSSSLPR,"{""Q49407"": 21}"
XSNSSSLPX,"{""Q49407"": 4}"
XSNQAXVEX,"{""P47499"": 76}"
XSNQAXXXX,"{""P47499"": 22}"
XSNGVNGFL,"{""P47606"": 85}"
XSNFFVDXD,"{""P47325"": 5}"
XSNFFVDXX,"{""P47325"": 1}"
XSNKXXXXX,"{""P47461"": 2}"
XSNKGDIHL,"{""P47592"": 1}"
XSNISYFEX,"{""P47271"": 7}"
XSNDYRKLL,"{""Q49426"": 1}"
XSPFDSGSL,"{""P47249"": 468}"
XSPSFQNET,"{""P47469"": 89}"
XSPSXTIXX,"{""P47595"": 4}"
XSPSXTIXE,"{""P47595"": 22}"
XSPSXTIKE,"{""P47595"": 3}"
XSPSXXXXX,"{""P47595"": 4}"
XSPLLVXXX,"{""P47624"": 4}"
XSPTATRRY,"{""P47583"": 1}"
XSPTATXRX,"{""P47583"": 1}"
XSWAFLTAA,"{""P20796"": 93}"
XSWDPAILV,"{""P47364"": 6}"
XSWXNAXXE,"{""P56723"": 3}"
XSWXNAXXX,"{""P56723"": 1}"
XSWTMYDXR,"{""P47527"": 1}"
XSGHYEXLN,"{""P47549"": 383}"
XSGHYEXXX,"{""P47549"": 50}"
XSGHYEKLN,"{""P47549"": 20}"
XSGHXEXLN,"{""P47549"": 22}"
XSGHXEXXX,"{""P47549"": 4}"
XSGLYAWQL,"{""P20796"": 36}"
XSGLTFILV,"{""P47288"": 26}"
XSGLTXLGF,"{""P47415"": 1}"
XSGLTRLGF,"{""P47415"": 5}"
XSGFNGVTL,"{""P47698"": 104}"
XSGYNSANE,"{""P47331"": 87}"
XSGMFAITG,"{""P47599"": 20}"
XSGNASNED,"{""P47310"": 27}"
XSGIHTLQE,"{""P47423"": 13}"
XSGIWXTTI,"{""P47616"": 5}"
XSGIWXXXX,"{""P47616"": 1}"
XSGXNSANE,"{""P47331"": 5}"
XSATTFAXX,"{""P47539"": 28}"
XSATTFAXT,"{""P47539"": 80}"
XSATTFAKT,"{""P47539"": 2}"
XSAEIVFXI,"{""Q9ZB71"": 83}"
XSAEIVFXX,"{""Q9ZB71"": 11}"
XSAEIVFKI,"{""Q9ZB71"": 5}"
XSAIIFXPI,"{""P47606"": 83}"
XSAIIFXXX,"{""P47606"": 12}"
XSAIIFKPI,"{""P47606"": 4}"
XSANNQEAI,"{""P47250"": 108}"
XSALSVIQL,"{""P47605"": 99}"
XSAMFNGSI,"{""P47619"": 99}"
XSARQMVNH,"{""P47553"": 65}"
XSARAVGEI,"{""P47446"": 23}"
XSARIVGDV,"{""P47250"": 21}"
XSARDIVXA,"{""P47658"": 1}"
XSASXVLIS,"{""P47580"": 4}"
XSAXQMVNH,"{""P47553"": 16}"
XSAXIVGDV,"{""P47250"": 4}"
XSAXAVGEI,"{""P47446"": 6}"
XSAFNXLSN,"{""P47448"": 6}"
XSAFNKLSN,"{""P47448"": 2}"
XSDTFIFMT,"{""P47662"": 497}"
XSDLYXIIS,"{""Q49413"": 88}"
XSDLYXXXX,"{""Q49413"": 20}"
XSDLYKIIS,"{""Q49413"": 4}"
XSDLLAMIA,"{""P47695"": 113}"
XSDLXXIIS,"{""Q49413"": 6}"
XSDEQXPVA,"{""P47461"": 70}"
XSDEQXXXX,"{""P47461"": 17}"
XSDEQKPVA,"{""P47461"": 7}"
XSDXXXXXX,"{""P47276"": 33}"
XSDXIRVGH,"{""P47276"": 3}"
XSDXIXVGH,"{""P47276"": 1}"
XSDNYXXXX,"{""P47653"": 9}"
XSDNYXQII,"{""P47653"": 3}"
XSDNNVIAN,"{""P47265"": 7}"
XSDYAVYGH,"{""P47293"": 5}"
XSDYAVXGH,"{""P47293"": 1}"
XSDDNXAVV,"{""P47417"": 4}"
XSDKIRVGH,"{""P47276"": 1}"
XSDFFXXXX,"{""P47610"": 5}"
XSDFFXYLX,"{""P47610"": 1}"
XSDFFXYLR,"{""P47610"": 1}"
XSDIHSLNN,"{""P47278"": 4}"
XSDPLYSDT,"{""Q57081"": 1}"
XSKTSYSQV,"{""P47261"": 3}"
XSKDXERTX,"{""P47301"": 2}"
XSKDXXXXX,"{""P47301"": 3}"
XSKXNIASN,"{""P47583"": 7}"
XSKXXQXNI,"{""P47491"": 3}"
XSKXXXXXX,"{""P47583"": 3}"
XSKXIFNSE,"{""P47641"": 1}"
XSKNNPVLI,"{""P47597"": 21}"
XSKEEVQXE,"{""P47395"": 4}"
XSKEQLFEN,"{""Q49430"": 1}"
XSKKNIASN,"{""P47583"": 2}"
XSKKXQXNI,"{""P47491"": 1}"
XSKGAEQTE,"{""P47551"": 4}"
XSKGVDLPE,"{""P47286"": 4}"
XSKANFNNS,"{""P47606"": 6}"
XSKAXGVIF,"{""P47623"": 1}"
XSKAXXXXX,"{""P47623"": 1}"
XSKQIAQQP,"{""Q49397"": 3}"
XSKFWWFLL,"{""P47549"": 3}"
XSKSXXXXX,"{""P47705"": 1}"
XSKSXPPXX,"{""P47705"": 1}"
XSQICGFIN,"{""P47446"": 27}"
XSQILVVXG,"{""P47481"": 1}"
XSQIXGFIN,"{""P47446"": 1}"
XSQVGSGEX,"{""P47500"": 24}"
XSQVGSGER,"{""P47500"": 72}"
XSQVXXDNQ,"{""Q9ZB77"": 1}"
XSQVXXXXX,"{""Q9ZB77"": 1}"
XSQAIVXNX,"{""P47576"": 7}"
XSQAIVXNK,"{""P47576"": 1}"
XSQAIVXXX,"{""P47576"": 1}"
XSQLILXHQ,"{""P47526"": 3}"
XSHILFXNI,"{""P47700"": 75}"
XSHILFXXX,"{""P47700"": 26}"
XSHILFKNI,"{""P47700"": 5}"
XSHDALTLQ,"{""P47603"": 29}"
XSHSLXERX,"{""P47703"": 3}"
XSHSLRERX,"{""P47703"": 3}"
XSHSLREXX,"{""P47703"": 1}"
XSHSSVLMA,"{""P35888"": 1}"
XSRVISDED,"{""P47695"": 9}"
XSMXXXXXX,"{""P47514"": 3}"
XSMXISYFA,"{""P47514"": 5}"
XSMSFFDSE,"{""P47493"": 1}"
XNDTIIIQE,"{""P47496"": 542}"
XNDTXDPGD,"{""P47502"": 5}"
XNDTXXXXX,"{""P47502"": 3}"
XNDDDNNSS,"{""P47444"": 101}"
XNDLXNQDN,"{""P47264"": 14}"
XNDLSLIDG,"{""Q49460"": 35}"
XNDXXXXXX,"{""P47366"": 22}"
XNDXTXFNW,"{""P47366"": 68}"
XNDXTXXXX,"{""P47366"": 15}"
XNDXTKFNW,"{""P47366"": 3}"
XNDEDETTI,"{""P47353"": 9}"
XNDQLIGXP,"{""P47324"": 4}"
XNDQLIGXX,"{""P47324"": 2}"
XNDKTKFNW,"{""P47366"": 1}"
XNELVXXXX,"{""P47512"": 359}"
XNELVXVIY,"{""P47512"": 98}"
XNELVXVIX,"{""P47512"": 2}"
XNELVKVIX,"{""P47512"": 1}"
XNELVKVIY,"{""P47512"": 3}"
XNELRTFAL,"{""P47664"": 102}"
XNELXLNPX,"{""P47662"": 76}"
XNELXLNPK,"{""P47662"": 2}"
XNELXTFAL,"{""P47664"": 24}"
XNELXXXXX,"{""P47662"": 21}"
XNELASQED,"{""P47590"": 500}"
XNELTRPRV,"{""P47356"": 18}"
XNELTRPXV,"{""P47356"": 3}"
XNELTXPRV,"{""P47356"": 6}"
XNELTXPXV,"{""P47356"": 1}"
XNELPILFG,"{""P47307"": 103}"
XNELLXTTI,"{""P47637"": 81}"
XNELLXXXX,"{""P47637"": 14}"
XNELLKTTI,"{""P47637"": 3}"
XNELKLNPX,"{""P47662"": 5}"
XNEXYFXGL,"{""P47619"": 83}"
XNEXYFXXX,"{""P47619"": 10}"
XNEXYFKGL,"{""P47619"": 5}"
XNEXXXXXX,"{""P47274"": 96, ""P47619"": 15, ""P47334"": 5, ""P47653"": 1}"
XNEXXFXGL,"{""P47619"": 2}"
XNEXXFXXX,"{""P47619"": 1}"
XNEXXFKGL,"{""P47619"": 1}"
XNEXFNDYE,"{""P47653"": 5}"
XNEXTMLER,"{""P47334"": 3}"
XNENSGCFH,"{""P47631"": 101}"
XNENSGXFH,"{""P47631"": 3}"
XNENGSTXN,"{""P47286"": 79}"
XNENGSTXX,"{""P47286"": 14}"
XNENGSTKN,"{""P47286"": 3}"
XNENAXAHS,"{""P47702"": 6}"
XNENAXXXX,"{""P47702"": 1}"
XNEIIFTSS,"{""Q49420"": 103}"
XNEIIASEN,"{""P47336"": 6}"
XNEIFXLSG,"{""P47606"": 8}"
XNEYGERQX,"{""P47632"": 1}"
XNEYGEXQX,"{""P47632"": 1}"
XNEQIILQL,"{""Q49423"": 33}"
XNEVIFRNP,"{""Q49429"": 4}"
XNEVRLEIE,"{""P47330"": 4}"
XNEVXLEIE,"{""P47330"": 1}"
XNEKYFXGL,"{""P47619"": 5}"
XNGGLFLET,"{""P47299"": 498}"
XNGGYSRVL,"{""P47424"": 1}"
XNGISSWML,"{""P47661"": 98}"
XNGVPQFXX,"{""P47286"": 5}"
XNGVPQFXS,"{""P47286"": 2}"
XNGWYNVHW,"{""P47342"": 8}"
XNGWXNVHW,"{""P47342"": 1}"
XNGXYIALI,"{""P47684"": 3}"
XNGXXXXXX,"{""P47684"": 1}"
XNGQIYQSV,"{""P47445"": 3}"
XNGKYIALI,"{""P47684"": 1}"
XNAHXXXXX,"{""P47473"": 30}"
XNAHXNRIV,"{""P47473"": 4}"
XNAHXNXIV,"{""P47473"": 1}"
XNAHKNXIV,"{""P47473"": 1}"
XNASNYXVD,"{""Q49414"": 405}"
XNASNYXXX,"{""Q49414"": 56}"
XNASNYKVD,"{""Q49414"": 13}"
XNASNXXVD,"{""Q49414"": 24}"
XNASNXXXX,"{""Q49414"": 5}"
XNASNXKVD,"{""Q49414"": 1}"
XNAXFITEY,"{""P47507"": 75}"
XNAXFITEX,"{""P47507"": 5}"
XNAXXXXXX,"{""P47507"": 19, ""P47250"": 2}"
XNAXGVXXX,"{""P47250"": 4}"
XNADLILPW,"{""P47622"": 1}"
XNAKFITEY,"{""P47507"": 6}"
XNALPPLDY,"{""P47310"": 6}"
XNAISSVEH,"{""Q49409"": 7}"
XNPSSYSNL,"{""P47587"": 84}"
XNPSSXSNL,"{""P47587"": 6}"
XNPEXXXXX,"{""P47567"": 26}"
XNPEXLALN,"{""P47567"": 66}"
XNPEKLALN,"{""P47567"": 1}"
XNPNGYCHI,"{""P47648"": 62}"
XNPNGYXHI,"{""P47648"": 2}"
XNPNGXCHI,"{""P47648"": 3}"
XNPXXXXXX,"{""P47376"": 26}"
XNPXXANNF,"{""P47376"": 54}"
XNPXKANNF,"{""P47376"": 5}"
XNPKXANNF,"{""P47376"": 2}"
XNPKXXXXX,"{""P47376"": 1}"
XNPLAGLFS,"{""Q49427"": 3}"
XNQSFWNXN,"{""P47640"": 101}"
XNQSFWNXX,"{""P47640"": 383}"
XNQSFWNKN,"{""P47640"": 6}"
XNQSENQIV,"{""P47377"": 431}"
XNQVSEWIY,"{""P47591"": 99}"
XNQVSEWIX,"{""P47591"": 3}"
XNQVLXLDL,"{""P47496"": 89}"
XNQVLXXXX,"{""P47496"": 15}"
XNQVLKLDL,"{""P47496"": 3}"
XNQIGEIDI,"{""Q49411"": 36}"
XNQIIYRYI,"{""P47347"": 14}"
XNQIIYRXI,"{""P47347"": 2}"
XNQIIYXXI,"{""P47347"": 1}"
XNQIIYXYI,"{""P47347"": 1}"
XNQIYDAII,"{""P47563"": 9}"
XNQIXDAII,"{""P47563"": 1}"
XNQTIIQTX,"{""P47438"": 106}"
XNQTIIQTK,"{""P47438"": 2}"
XNQTEFSII,"{""Q49460"": 27}"
XNQFDYLNL,"{""Q9ZB74"": 84}"
XNQFDXLNL,"{""Q9ZB74"": 6}"
XNQFLALXX,"{""P47460"": 1}"
XNQFLALXG,"{""P47460"": 2}"
XNQPLVXXY,"{""P47368"": 1}"
XNQEXXXXX,"{""P47342"": 4}"
XNQQDNSIX,"{""P47551"": 4}"
XNQNNNRXI,"{""P47563"": 1}"
XNQNNNXXI,"{""P47563"": 1}"
XNNFTXATN,"{""P52271"": 419}"
XNNFTXXXX,"{""P52271"": 71}"
XNNFTKATN,"{""P52271"": 19}"
XNNFSIVDS,"{""P47574"": 98}"
XNNFYVGFD,"{""P47693"": 100}"
XNNFXVGFD,"{""P47693"": 5}"
XNNQXLXNE,"{""P47655"": 73}"
XNNQXLXXX,"{""P47655"": 7}"
XNNQXXXXX,"{""P47655"": 17}"
XNNQVPINN,"{""P47494"": 87}"
XNNQKLXNE,"{""P47655"": 3}"
XNNQKLXXX,"{""P47655"": 1}"
XNNQKLKNE,"{""P47655"": 1}"
XNNASVFGL,"{""P47693"": 503}"
XNNAXXXXX,"{""P47299"": 60}"
XNNAXLIIM,"{""P47299"": 14}"
XNNAEMXSX,"{""P47291"": 85}"
XNNAEMXSK,"{""P47291"": 2}"
XNNAEMXXX,"{""P47291"": 13}"
XNNAEMKSX,"{""P47291"": 2}"
XNNAKLIIM,"{""P47299"": 2}"
XNNLGYVYQ,"{""P47705"": 112}"
XNNLGYVXQ,"{""P47705"": 4}"
XNNLGXVYQ,"{""P47705"": 3}"
XNNLGXVXQ,"{""P47705"": 1}"
XNNLPLXLI,"{""P47415"": 80}"
XNNLPLXXX,"{""P47415"": 11}"
XNNLPLKLI,"{""P47415"": 5}"
XNNXLYXXX,"{""P47582"": 3}"
XNNXLYXNI,"{""P47582"": 4}"
XNNXGEWIW,"{""Q49429"": 26}"
XNNXXXXXX,"{""Q49429"": 6}"
XNNVAFSXN,"{""P47706"": 99}"
XNNVAFSXX,"{""P47706"": 11}"
XNNVAFSKN,"{""P47706"": 5}"
XNNIHXAQQ,"{""P47365"": 29}"
XNNIHXXXX,"{""P47365"": 8}"
XNNIHKAQQ,"{""P47365"": 2}"
XNNSNHXXX,"{""Q49418"": 2}"
XNNSNHXDF,"{""Q49418"": 6}"
XNNKGEWIW,"{""Q49429"": 3}"
XNNRWIGVX,"{""P47283"": 1}"
XNLESQNNL,"{""P47522"": 104}"
XNLQXELQQ,"{""P47288"": 376}"
XNLQXXXXX,"{""P47288"": 81}"
XNLQQLELA,"{""P47251"": 514}"
XNLQKELQQ,"{""P47288"": 23}"
XNLLEAQIX,"{""P47643"": 478}"
XNLLEAQIK,"{""P47643"": 16}"
XNLLNGVFL,"{""P47544"": 12}"
XNLLXEXDX,"{""P47445"": 4}"
XNLLXEXXX,"{""P47445"": 3}"
XNLLXXXXX,"{""P47445"": 2}"
XNLIELLSA,"{""P47705"": 23}"
XNLIEAYWN,"{""P47537"": 97}"
XNLIEAXWN,"{""P47537"": 6}"
XNLIDYDHV,"{""P47318"": 105}"
XNLIDXDHV,"{""P47318"": 7}"
XNLMLVFRD,"{""P47429"": 2}"
XNLXXXXXX,"{""P47342"": 6}"
XNLXSIELX,"{""P47342"": 24}"
XNLNNXGQX,"{""P55750"": 4}"
XNLNNXXXX,"{""P55750"": 1}"
XNLNQILVT,"{""Q49411"": 11}"
XNLNXNIDI,"{""P47247"": 3}"
XNLPFAIAQ,"{""P47493"": 9}"
XNLTYLTFX,"{""P47685"": 5}"
XNLTXLTFX,"{""P47685"": 1}"
XNLAIEVQQ,"{""P47416"": 32}"
XNLSNAGRY,"{""P47583"": 3}"
XNLVLILSX,"{""P47326"": 9}"
XNLVSLGHT,"{""P47457"": 2}"
XNWEFDFFS,"{""P47248"": 516}"
XNWIINNID,"{""Q49436"": 511}"
XNWRQHYNV,"{""P47274"": 2}"
XNYLLNVID,"{""P47460"": 81}"
XNYENLDLV,"{""P35888"": 22}"
XNSYSFQID,"{""P47655"": 99}"
XNSYVWIWS,"{""P47379"": 8}"
XNSTXETTQ,"{""P47592"": 78}"
XNSTXXXXX,"{""P47592"": 16}"
XNSTKETTQ,"{""P47592"": 6}"
XNSSSPIAL,"{""P20796"": 102}"
XNSEIETIS,"{""P47581"": 32}"
XNSDAGXTF,"{""P47373"": 92}"
XNSDAGXXX,"{""P47373"": 19}"
XNSDAGKTF,"{""P47373"": 4}"
XNSDXDLGI,"{""P47636"": 94}"
XNSDXXXXX,"{""P47636"": 21}"
XNSDKDLGI,"{""P47636"": 5}"
XNSGGGWIN,"{""Q9ZB74"": 85}"
XNSQTLEIX,"{""P47660"": 7}"
XNSQXXXXX,"{""P47431"": 5}"
XNSQXDPND,"{""P47431"": 2}"
XNSNNTITI,"{""P47372"": 6}"
XNSHGGXDV,"{""P47257"": 6}"
XNSLYWFDQ,"{""P47253"": 5}"
XNSLTSGIF,"{""P47498"": 6}"
XNSLFXNNY,"{""P47386"": 2}"
XNSLFXXXX,"{""P47386"": 1}"
XNSXSFQID,"{""P47655"": 7}"
XNIXXXXXX,"{""P47592"": 67, ""P47618"": 94, ""P47606"": 11, ""P47349"": 4, ""P47277"": 1}"
XNIXILIES,"{""P47618"": 4}"
XNIXISRSG,"{""P47349"": 3}"
XNIXDYFNL,"{""P47606"": 76}"
XNIXDXFNL,"{""P47606"": 3}"
XNIXVALIY,"{""P47592"": 16}"
XNIXVALIX,"{""P47592"": 2}"
XNIXPLTNP,"{""P47277"": 7}"
XNIXQIANA,"{""Q49402"": 5}"
XNIFSYLEN,"{""P47432"": 34}"
XNIFRXDIN,"{""P47627"": 3}"
XNIFXXDIN,"{""P47627"": 1}"
XNILXXXXX,"{""Q49429"": 28}"
XNILXXTXX,"{""Q49429"": 8}"
XNILXXTXS,"{""Q49429"": 45}"
XNILXKTXS,"{""Q49429"": 2}"
XNILKXTXS,"{""Q49429"": 3}"
XNILKXTXX,"{""Q49429"": 1}"
XNILGRXIW,"{""P47285"": 1}"
XNILGRXXX,"{""P47285"": 1}"
XNILGXXIW,"{""P47285"": 1}"
XNIAIQQHP,"{""P47618"": 98}"
XNIASNTNG,"{""P47583"": 96}"
XNINSLXXX,"{""P47448"": 31}"
XNINSLXXG,"{""P47448"": 2}"
XNINSLKXX,"{""P47448"": 2}"
XNIKDYFNL,"{""P47606"": 6}"
XNIKDXFNL,"{""P47606"": 1}"
XNIHGSEXD,"{""P47574"": 4}"
XNISNFTQL,"{""P47582"": 2}"
XNIRQIANA,"{""Q49402"": 3}"
XNXTDTDTL,"{""P47469"": 21}"
XNXLDFVLW,"{""P47495"": 87}"
XNXLNDANE,"{""Q49419"": 95}"
XNXLLNVID,"{""P47460"": 4}"
XNXLLAAAL,"{""P47283"": 79}"
XNXLLXKVN,"{""P47694"": 1}"
XNXLLXXVN,"{""P47694"": 5}"
XNXLLYIEI,"{""P47647"": 1}"
XNXLALGQY,"{""P47271"": 87}"
XNXLALGQX,"{""P47271"": 2}"
XNXXXXXXX,"{""P47335"": 478, ""P47705"": 32, ""P47283"": 13, ""P47599"": 75, ""P36263"": 30, ""P47582"": 28, ""P47495"": 14, ""P47254"": 25, ""P47271"": 15, ""P47365"": 15, ""P47571"": 12, ""P47650"": 1, ""Q49419"": 16, ""P47542"": 2, ""Q49414"": 5, ""P47695"": 2, ""P47694"": 1}"
XNXXNNKLY,"{""P47582"": 1}"
XNXXERVSR,"{""P47335"": 10}"
XNXXERVSX,"{""P47335"": 4}"
XNXXEXVSX,"{""P47335"": 2}"
XNXXEXVSR,"{""P47335"": 2}"
XNXXDFFVF,"{""P47254"": 75}"
XNXXQQVTD,"{""P36263"": 65}"
XNXXVLNNI,"{""P47705"": 65}"
XNXXIVLLS,"{""P47542"": 1}"
XNXDITTMV,"{""P47486"": 31}"
XNXDXPVIL,"{""P47571"": 68}"
XNXDXXXXX,"{""P47571"": 13}"
XNXDKPVIL,"{""P47571"": 4}"
XNXIITELS,"{""P47599"": 22}"
XNXISGXXI,"{""P47273"": 2}"
XNXISGXXX,"{""P47273"": 2}"
XNXITALIG,"{""P47650"": 4}"
XNXALXXXX,"{""P47334"": 31}"
XNXAFNQVX,"{""P47388"": 4}"
XNXFLINGD,"{""P47252"": 4}"
XNXPLXDLW,"{""P47365"": 61}"
XNXPLXXXX,"{""P47365"": 17}"
XNXPLKDLW,"{""P47365"": 5}"
XNXKERVSR,"{""P47335"": 1}"
XNXKDFFVF,"{""P47254"": 1}"
XNXKVLNNI,"{""P47705"": 2}"
XNXKQQVTD,"{""P36263"": 1}"
XNXGLVEQT,"{""P47695"": 3}"
XNXSVGSIL,"{""P47681"": 2}"
XNXRNNXLY,"{""P47582"": 2}"
XNTQXNSSF,"{""P47581"": 77}"
XNTQXXXXX,"{""P47581"": 16}"
XNTQKNSSF,"{""P47581"": 6}"
XNTEQIGIL,"{""P47310"": 109}"
XNTYGTGWL,"{""P47314"": 3}"
XNTLXXXXX,"{""P47615"": 98}"
XNTLXXPVI,"{""P47615"": 16}"
XNTLXEDPD,"{""P47484"": 2}"
XNTLREDPD,"{""P47484"": 18}"
XNTLKXPVI,"{""P47615"": 1}"
XNTLKXXXX,"{""P47615"": 2}"
XNTTIPVSX,"{""P47547"": 7}"
XNTNLPDNI,"{""P47527"": 6}"
XNVTWGIXX,"{""P47267"": 369}"
XNVTWGIXV,"{""P47267"": 96}"
XNVTWGIKV,"{""P47267"": 3}"
XNVDDQYXX,"{""P47549"": 82}"
XNVDDQYXN,"{""P47549"": 12}"
XNVDDQYKN,"{""P47549"": 1}"
XNVDDQXXX,"{""P47549"": 6}"
XNVFIFLHG,"{""Q49418"": 129}"
XNVIVDFWA,"{""P47370"": 99}"
XNVREFGSX,"{""P47489"": 24}"
XNVXEFGSX,"{""P47489"": 5}"
XNVNEGAYF,"{""P47386"": 2}"
XNVNLXVXX,"{""P47465"": 2}"
XNVQTXEGL,"{""P47278"": 1}"
XNVQTREGL,"{""P47278"": 1}"
XNHISSGRV,"{""P47447"": 18}"
XNHISSGXV,"{""P47447"": 4}"
XNHYSLSLL,"{""P47311"": 4}"
XNFXWFENN,"{""Q49420"": 409}"
XNFXXXXXX,"{""Q49420"": 74}"
XNFQRFSNE,"{""P47460"": 86}"
XNFQNQARX,"{""P47330"": 21}"
XNFQNQAXX,"{""P47330"": 6}"
XNFQXFSNE,"{""P47460"": 32}"
XNFEHSFNT,"{""P47376"": 30}"
XNFEMQMQF,"{""P47342"": 39}"
XNFEXXXXX,"{""P47580"": 4}"
XNFEXQAEV,"{""P47580"": 1}"
XNFSESXXI,"{""Q9ZB73"": 54}"
XNFSESXXX,"{""Q9ZB73"": 26}"
XNFSESXKI,"{""Q9ZB73"": 5}"
XNFSESKXX,"{""Q9ZB73"": 1}"
XNFSESKXI,"{""Q9ZB73"": 2}"
XNFLSFSSS,"{""P47428"": 15}"
XNFLGCLXV,"{""P47587"": 3}"
XNFLGCLKV,"{""P47587"": 1}"
XNFKWFENN,"{""Q49420"": 28}"
XNFAEIXVF,"{""P47681"": 31}"
XNFAEIXXX,"{""P47681"": 5}"
XNFFDNLTS,"{""P47351"": 25}"
XNFFEXAVQ,"{""Q49405"": 1}"
XNMSGSTTM,"{""P47395"": 454}"
XNMQFQQIG,"{""P35888"": 6}"
XNMKXXXXX,"{""P47561"": 2}"
XNMVNDVNI,"{""P47458"": 9}"
XNMXXXXXX,"{""P47561"": 6}"
XNCFLINGD,"{""P47252"": 92}"
XNCXXXXXX,"{""P47542"": 78}"
XNCXIVLLS,"{""P47542"": 19}"
XNCKIVLLS,"{""P47542"": 1}"
XNRALXXXX,"{""P47334"": 82}"
XNRALXRTV,"{""P47334"": 4}"
XNRAFNQVX,"{""P47388"": 20}"
XNRDITTMV,"{""P47486"": 96}"
XNRTDTDTL,"{""P47469"": 81}"
XNRSVGSIL,"{""P47681"": 1}"
XNRVIVNEI,"{""P47257"": 1}"
XNKXXXXXX,"{""P47705"": 2, ""P47335"": 20}"
XNKXVLNNI,"{""P47705"": 1}"
XNKXERVSX,"{""P47335"": 1}"
XNKXQQVTD,"{""P36263"": 4}"
XNKXDFFVF,"{""P47254"": 2}"
XNKLNDANE,"{""Q49419"": 2}"
XNKLLAAAL,"{""P47283"": 5}"
XNKLALGQY,"{""P47271"": 3}"
XNKLDFVLW,"{""P47495"": 2}"
XNKDXXXXX,"{""P47571"": 2}"
XNKDXPVIL,"{""P47571"": 4}"
XNKPLXXXX,"{""P47365"": 1}"
XNKPLXDLW,"{""P47365"": 3}"
XNKPLKDLW,"{""P47365"": 1}"
XNKIITELS,"{""P47599"": 1}"
XYVYNHFXT,"{""P22746"": 90}"
XYVYNHFXX,"{""P22746"": 14}"
XYVYNHFKT,"{""P22746"": 1}"
XYVALAQDG,"{""P47468"": 476}"
XYVALVHFP,"{""P47451"": 9}"
XYVXNHAHL,"{""P47312"": 88}"
XYVXNHFXT,"{""P22746"": 5}"
XYVXXXXXX,"{""P47668"": 21, ""P47312"": 16}"
XYVXGFLTE,"{""P47668"": 78}"
XYVFAINPX,"{""P47399"": 102}"
XYVFAINPK,"{""P47399"": 5}"
XYVNVDEQF,"{""P47539"": 3}"
XYVRVIIXX,"{""Q49400"": 8}"
XYVKNHAHL,"{""P47312"": 6}"
XYVKGFLTE,"{""P47668"": 4}"
XYDPITPFI,"{""P47315"": 468}"
XYDEIXXXX,"{""P47685"": 28}"
XYDEIXXIN,"{""P47685"": 60}"
XYDEIXKIN,"{""P47685"": 2}"
XYDEIKXXX,"{""P47685"": 2}"
XYDEIKXIN,"{""P47685"": 2}"
XYDEIKKIN,"{""P47685"": 1}"
XYDNNGRAL,"{""P20796"": 11}"
XYDNNGXAL,"{""P20796"": 1}"
XYDIYFXEV,"{""Q9ZB70"": 76}"
XYDIYFXXX,"{""Q9ZB70"": 14}"
XYDIYFKEV,"{""Q9ZB70"": 3}"
XYDITAVLN,"{""P47666"": 19}"
XYDIXFXEV,"{""Q9ZB70"": 3}"
XYDIXFXXX,"{""Q9ZB70"": 1}"
XYDLXAIYG,"{""P47277"": 86}"
XYDLXAIXG,"{""P47277"": 3}"
XYDLXXXXX,"{""P47277"": 16}"
XYDLKAIYG,"{""P47277"": 4}"
XYDYLIEVN,"{""P47484"": 22}"
XYDXLIEVN,"{""P47484"": 1}"
XYQXEGVXX,"{""P47264"": 284}"
XYQXEGVXW,"{""P47264"": 83}"
XYQXEGVKW,"{""P47264"": 4}"
XYQXXVDQI,"{""P47357"": 77}"
XYQXXXXXX,"{""P47357"": 24, ""P52271"": 15, ""P47264"": 86}"
XYQXQQIQN,"{""P52271"": 97}"
XYQXKVDQI,"{""P47357"": 2}"
XYQIXTTXX,"{""P47448"": 82}"
XYQIXTTXC,"{""P47448"": 320}"
XYQIXTTKC,"{""P47448"": 17}"
XYQIXXXXX,"{""P47448"": 74}"
XYQIKTTXX,"{""P47448"": 6}"
XYQIKTTXC,"{""P47448"": 14}"
XYQIKTTKC,"{""P47448"": 1}"
XYQFLSFII,"{""P47366"": 482}"
XYQTYPVVN,"{""Q49398"": 84}"
XYQTTMIIV,"{""P47311"": 7}"
XYQTXPVVN,"{""Q49398"": 6}"
XYQLNLIIA,"{""P47488"": 97}"
XYQLAIGSE,"{""P47310"": 102}"
XYQLDVPNV,"{""P22747"": 95}"
XYQELXXXX,"{""P47606"": 73}"
XYQELXINQ,"{""P47606"": 29}"
XYQELKINQ,"{""P47606"": 1}"
XYQKXVDQI,"{""P47357"": 2}"
XYQKEGVXW,"{""P47264"": 9}"
XYQKEGVXX,"{""P47264"": 21}"
XYQKQQIQN,"{""P52271"": 3}"
XYQNXSYLD,"{""P47372"": 4}"
XYQNLTRIF,"{""P47627"": 2}"
XYQQTQTLF,"{""P47562"": 2}"
XYAXXXXXX,"{""P47333"": 448}"
XYAXVRLTN,"{""P47333"": 6}"
XYAIAXXXX,"{""P47443"": 11}"
XYAIAXTLD,"{""P47443"": 75}"
XYAIAKTLD,"{""P47443"": 2}"
XYAINQLVT,"{""P47491"": 101}"
XYALNEQXN,"{""P47661"": 17}"
XYALNEQXX,"{""P47661"": 8}"
XYALNEQKN,"{""P47661"": 3}"
XYAFLGDVV,"{""P47407"": 2}"
XYIXXXXXX,"{""P47271"": 484}"
XYIVAMQXD,"{""P47481"": 374}"
XYIVAMQXX,"{""P47481"": 66}"
XYIVAMQKD,"{""P47481"": 12}"
XYIESNKDL,"{""P47269"": 18}"
XYIESNXXX,"{""P47269"": 80}"
XYIESNXDL,"{""P47269"": 386}"
XYITTPIYY,"{""P47267"": 16}"
XYITTPIXY,"{""P47267"": 1}"
XYILNDQQI,"{""P47369"": 16}"
XYIDLTIHR,"{""P47350"": 1}"
XYGENYLDX,"{""P47455"": 99}"
XYGENYLDK,"{""P47455"": 4}"
XYGENXLDX,"{""P47455"": 1}"
XYGPECEXS,"{""P56723"": 75}"
XYGPECEXX,"{""P56723"": 11}"
XYGPECEKS,"{""P56723"": 5}"
XYGPEXEXS,"{""P56723"": 4}"
XYGPEXEXX,"{""P56723"": 1}"
XYGPEXEKS,"{""P56723"": 1}"
XYGDIXHPX,"{""P47464"": 65}"
XYGDIXHPK,"{""P47464"": 5}"
XYGDIXXXX,"{""P47464"": 11}"
XYGDIKHPX,"{""P47464"": 5}"
XYGFWXXXX,"{""Q49429"": 357}"
XYGFWXNHT,"{""Q49429"": 84}"
XYGFWKNHT,"{""Q49429"": 6}"
XYGFHGTSX,"{""P47599"": 2}"
XYGFHGTSY,"{""P47599"": 34}"
XYGXIETNF,"{""P47583"": 26}"
XYGXNLPXL,"{""P47277"": 6}"
XYGXXXXXX,"{""P47583"": 4}"
XYGAFVHRT,"{""P47299"": 1}"
XYGHXQPYT,"{""P47474"": 1}"
XYGHRQPYT,"{""P47474"": 2}"
XYGKIETNF,"{""P47583"": 3}"
XYGNXXXXX,"{""P47357"": 3}"
XYGNXHYQR,"{""P47357"": 1}"
XYGNXHYQX,"{""P47357"": 1}"
XYFXXXXXX,"{""P47447"": 67, ""P47516"": 79, ""P52271"": 17, ""P47653"": 17}"
XYFXTFTFA,"{""P52271"": 101}"
XYFXHLEPT,"{""P47653"": 94}"
XYFXNLSGG,"{""P47447"": 22}"
XYFXGFNGL,"{""P47580"": 4}"
XYFYGFNGL,"{""P47580"": 113}"
XYFLSFSDG,"{""P47249"": 109}"
XYFLEIIYD,"{""P47606"": 448}"
XYFLEIIXD,"{""P47606"": 26}"
XYFLESFSP,"{""P47471"": 99}"
XYFLFEFNA,"{""P47349"": 96}"
XYFQAXSDL,"{""P47325"": 34}"
XYFQAXXXX,"{""P47325"": 2}"
XYFQAKSDL,"{""P47325"": 1}"
XYFNNAGLF,"{""P47512"": 9}"
XYFIEXXXX,"{""Q49404"": 5}"
XYFIEXIPL,"{""Q49404"": 3}"
XYFKTFTFA,"{""P52271"": 4}"
XYFKHLEPT,"{""P47653"": 2}"
XYFKNLSGG,"{""P47447"": 1}"
XYFGTDQLN,"{""P47369"": 4}"
XYLSPTLEV,"{""P47251"": 24}"
XYLSENQTE,"{""P47479"": 99}"
XYLSRXLTX,"{""P47288"": 1}"
XYLXXEIFD,"{""P47481"": 17}"
XYLXXXXXX,"{""P47481"": 55, ""P47655"": 1}"
XYLXKEIFD,"{""P47481"": 1}"
XYLXWVSFA,"{""P47655"": 4}"
XYLNGXXXX,"{""P47267"": 20}"
XYLNGXLEY,"{""P47267"": 66}"
XYLNGXLEX,"{""P47267"": 5}"
XYLNGKLEY,"{""P47267"": 6}"
XYLNEYLEI,"{""P47706"": 94}"
XYLNEXLEI,"{""P47706"": 3}"
XYLTFISSD,"{""P47484"": 95}"
XYLTEVSQI,"{""P47521"": 4}"
XYLAQXXXX,"{""P47264"": 31}"
XYLAVXLFE,"{""P47612"": 74}"
XYLAVXXXX,"{""P47612"": 14}"
XYLAVKLFE,"{""P47612"": 7}"
XYLESANXX,"{""Q49429"": 91}"
XYLESANXK,"{""Q49429"": 2}"
XYLESANKX,"{""Q49429"": 2}"
XYLESANKK,"{""Q49429"": 1}"
XYLESLSSY,"{""P47660"": 3}"
XYLENXNEX,"{""P47683"": 67}"
XYLENXXXX,"{""P47683"": 16}"
XYLENYEDR,"{""P47473"": 3}"
XYLENYEDX,"{""P47473"": 1}"
XYLENKNEX,"{""P47683"": 1}"
XYLFFDVLV,"{""P47254"": 24}"
XYLFVIXXX,"{""P47387"": 86}"
XYLFVIXEI,"{""P47387"": 3}"
XYLDENGII,"{""P47583"": 7}"
XYLDLCGLE,"{""P47545"": 92}"
XYLDLXGLE,"{""P47545"": 7}"
XYLLLGSTL,"{""P47563"": 6}"
XYLKWVSFA,"{""P47655"": 1}"
XYYNETSAV,"{""P47670"": 467}"
XYYGKIETN,"{""P47583"": 1}"
XYYGXIETN,"{""P47583"": 20}"
XYYGXXXXX,"{""P47583"": 5}"
XYYVLDMFP,"{""P47508"": 4}"
XYYVALVHF,"{""P47451"": 1}"
XYXXXXXXX,"{""P47277"": 20, ""P47362"": 66, ""P47609"": 27, ""P47294"": 22, ""Q49432"": 10, ""P47508"": 13, ""P47470"": 11, ""P47706"": 15, ""P47604"": 7, ""P47344"": 4, ""P47326"": 2, ""P47610"": 1}"
XYXXTQWIF,"{""P47508"": 2}"
XYXXADAIG,"{""P47493"": 2}"
XYXLFCEFS,"{""P47609"": 68}"
XYXLFXEFS,"{""P47609"": 3}"
XYXLIDFXR,"{""P47400"": 1}"
XYXLIDFXX,"{""P47400"": 24}"
XYXLLPYFY,"{""P47326"": 5}"
XYXGDQFLX,"{""P47470"": 82}"
XYXGLVFGQ,"{""P47610"": 5}"
XYXNTTVFF,"{""P47362"": 15}"
XYXNETSAV,"{""P47670"": 30}"
XYXQXXXXX,"{""P47294"": 48}"
XYXQXTMLV,"{""P47294"": 14}"
XYXQKTMLV,"{""P47294"": 1}"
XYXASDIAE,"{""P47706"": 73}"
XYXAXGFNV,"{""P47508"": 16}"
XYXAXXXXX,"{""P47508"": 6}"
XYXDIGGIL,"{""Q49432"": 91}"
XYXHANHQF,"{""P47344"": 26}"
XYXILIEQE,"{""P47277"": 76}"
XYXYTQWIF,"{""P47508"": 11}"
XYXVALVHF,"{""P47451"": 1}"
XYPDLLXAT,"{""P47255"": 73}"
XYPDLLXXX,"{""P47255"": 10}"
XYPDLLKAT,"{""P47255"": 5}"
XYPDFIPXX,"{""P47576"": 85}"
XYPDFIPXR,"{""P47576"": 11}"
XYPDFIPKX,"{""P47576"": 1}"
XYPIISIED,"{""P47647"": 91}"
XYPINSVSD,"{""P47429"": 5}"
XYPSRSYWS,"{""Q57081"": 5}"
XYPSRSXWS,"{""Q57081"": 1}"
XYPXNTPXX,"{""P47344"": 3}"
XYPXXXXXX,"{""P47344"": 1}"
XYSNDYRXX,"{""Q49426"": 6}"
XYSNDYRXL,"{""Q49426"": 8}"
XYSNDYXXL,"{""Q49426"": 6}"
XYSNDYXXX,"{""Q49426"": 1}"
XYSNDXRXX,"{""Q49426"": 1}"
XYSNDXRXL,"{""Q49426"": 1}"
XYSNDXXXX,"{""Q49426"": 1}"
XYSXXXXXX,"{""P47641"": 40}"
XYSXXIFNS,"{""P47641"": 59}"
XYSXKIFNS,"{""P47641"": 4}"
XYSYXXXXX,"{""P47615"": 8}"
XYSLIQFXX,"{""P47610"": 79}"
XYSLIQFXN,"{""P47610"": 16}"
XYSLIQFKN,"{""P47610"": 1}"
XYSTFIPNP,"{""P47645"": 28}"
XYSKXIFNS,"{""P47641"": 2}"
XYSKKIFNS,"{""P47641"": 1}"
XYSPTATRR,"{""P47583"": 1}"
XYNLLXXXX,"{""P47445"": 77}"
XYNLLXEXD,"{""P47445"": 298}"
XYNLLXEXX,"{""P47445"": 86}"
XYNLLXEKD,"{""P47445"": 11}"
XYNLLKEXD,"{""P47445"": 12}"
XYNLLKEXX,"{""P47445"": 5}"
XYNLLKEKD,"{""P47445"": 1}"
XYNLSNAGR,"{""P47583"": 1}"
XYNLSNAGX,"{""P47583"": 1}"
XYNSQTLEI,"{""P47660"": 96}"
XYNDTXDPG,"{""P47502"": 63}"
XYNDTXXXX,"{""P47502"": 15}"
XYNDTKDPG,"{""P47502"": 5}"
XYNDVTTPX,"{""P47332"": 5}"
XYNINSLXX,"{""P47448"": 37}"
XYNINSLKX,"{""P47448"": 1}"
XYNRLENSQ,"{""P47326"": 7}"
XYNXLENSQ,"{""P47326"": 6}"
XYNETSAVI,"{""P47670"": 5}"
XYTNVXMTP,"{""P47668"": 82}"
XYTNVXXXX,"{""P47668"": 15}"
XYTNVKMTP,"{""P47668"": 5}"
XYTNFWNXL,"{""P47576"": 8}"
XYTGFRVGI,"{""P47582"": 7}"
XYTGFXVGI,"{""P47582"": 3}"
XYTVAGQSN,"{""Q49411"": 97}"
XYHIXLRXE,"{""Q49436"": 14}"
XYHIXLRXX,"{""Q49436"": 1}"
XYHIXLRKE,"{""Q49436"": 1}"
XYHIXLXXE,"{""Q49436"": 3}"
XYHIXXXXX,"{""Q49436"": 83}"
XYHPDRNNA,"{""P47442"": 14}"
XYHPDVNXL,"{""P47248"": 6}"
XYHPDVNXX,"{""P47248"": 1}"
XYHPDXNNA,"{""P47442"": 2}"
XYHWFSXXP,"{""P47442"": 4}"
XYHWFSXXX,"{""P47442"": 2}"
XYHYDNLXA,"{""P47400"": 7}"
XYHYDNLXX,"{""P47400"": 4}"
XYHVHNFGE,"{""P47406"": 1}"
XYHXDNLXX,"{""P47400"": 1}"
XYWXXASXL,"{""Q49398"": 53}"
XYWXXASXX,"{""Q49398"": 9}"
XYWXXASKL,"{""Q49398"": 1}"
XYWXXXXXX,"{""Q49398"": 25}"
XYWXKASXL,"{""Q49398"": 2}"
XYWXKASKL,"{""Q49398"": 1}"
XYWLLLPFF,"{""P47289"": 108}"
XYWNPXXXX,"{""P47316"": 9}"
XYWNPXMGF,"{""P47316"": 2}"
XYWKXASXL,"{""Q49398"": 3}"
XYWKXASXX,"{""Q49398"": 1}"
XYWKXASKL,"{""Q49398"": 1}"
XYWEINNAL,"{""P47492"": 2}"
XYRLIDFXX,"{""P47400"": 66}"
XYRLIDFXR,"{""P47400"": 18}"
XYRGTYVSY,"{""P47325"": 1}"
XYENEGFPG,"{""P47321"": 118}"
XYENPLPVS,"{""Q49399"": 23}"
XYEVNVLTE,"{""P47376"": 108}"
XYEXXXXXX,"{""P47329"": 85}"
XYEXTXHNA,"{""P47329"": 3}"
XYEXTRHNA,"{""P47329"": 1}"
XYEAAXNFI,"{""P47566"": 1}"
XYEAARNFI,"{""P47566"": 5}"
XYETINXXX,"{""P47649"": 1}"
XYCILNXXX,"{""P47661"": 7}"
XYCILNXTL,"{""P47661"": 2}"
XYCRFCAIG,"{""P47338"": 3}"
XYCDSLGEF,"{""P47455"": 7}"
XYCENDVRA,"{""P47606"": 23}"
XYCENDVXA,"{""P47606"": 2}"
XYCXFCAIG,"{""P47338"": 3}"
XYKDIGGIL,"{""Q49432"": 5}"
XYKASDIAE,"{""P47706"": 5}"
XYKAXGFNV,"{""P47508"": 1}"
XYKQXXXXX,"{""P47294"": 2}"
XYKQXTMLV,"{""P47294"": 1}"
XYKLLPYFY,"{""P47326"": 1}"
XYKILIEQE,"{""P47277"": 4}"
XYKYTQWIF,"{""P47508"": 2}"
XYKGDQFLX,"{""P47470"": 2}"
XYKGDQFLK,"{""P47470"": 1}"
XHXHENIAF,"{""P47491"": 23}"
XHXXXXXXX,"{""P47254"": 64, ""P47585"": 19, ""P47483"": 91, ""P47541"": 80, ""P47420"": 85, ""P47523"": 15, ""P47368"": 6, ""P47587"": 2}"
XHXXQLLPF,"{""Q49435"": 5}"
XHXXDEXII,"{""P47368"": 5}"
XHXGMDLXE,"{""P47541"": 295}"
XHXGMDLXX,"{""P47541"": 91}"
XHXGMDLKE,"{""P47541"": 12}"
XHXGLCLAY,"{""P47371"": 6}"
XHXGLCLAX,"{""P47371"": 1}"
XHXSGLEXA,"{""P47254"": 330}"
XHXSGLEXX,"{""P47254"": 59}"
XHXSGLEKA,"{""P47254"": 11}"
XHXSXNNVM,"{""P47585"": 66}"
XHXSXXXXX,"{""P47585"": 13}"
XHXSKNNVM,"{""P47585"": 1}"
XHXSIFARL,"{""P47460"": 3}"
XHXNSVXXX,"{""P47523"": 17}"
XHXNSVXFX,"{""P47523"": 68}"
XHXNSVKFX,"{""P47523"": 3}"
XHXEXTIGF,"{""P35888"": 7}"
XHXEXXXXX,"{""P35888"": 1}"
XHXEIDTLD,"{""P47587"": 3}"
XHXFYQDLP,"{""P47346"": 24}"
XHXFXXXXX,"{""P47433"": 2}"
XHXFXTXVE,"{""P47433"": 3}"
XHXFXTXXX,"{""P47433"": 1}"
XHXFXQDLP,"{""P47346"": 2}"
XHXAHVDCP,"{""P13927"": 1}"
XHXDNLXAT,"{""P47400"": 1}"
XHSTNLIIX,"{""P47400"": 1}"
XHSTNLIIR,"{""P47400"": 2}"
XHSNYELIT,"{""P47627"": 95}"
XHSNXELIT,"{""P47627"": 5}"
XHSSKLFVI,"{""P47621"": 8}"
XHSSXLFVI,"{""P47621"": 69}"
XHSSXXXXX,"{""P47621"": 15}"
XHSIINLSN,"{""P47610"": 88}"
XHSXXXXXX,"{""Q49426"": 345}"
XHSXXIFSV,"{""Q49426"": 21}"
XHSXRIFSV,"{""Q49426"": 84}"
XHSKRIFSV,"{""Q49426"": 5}"
XHSKXIFSV,"{""Q49426"": 2}"
XHSLNNIXP,"{""P47591"": 73}"
XHSLNNIXX,"{""P47591"": 25}"
XHSLNNIKP,"{""P47591"": 2}"
XHAVLEMST,"{""P47518"": 471}"
XHAVDFSST,"{""P47378"": 96}"
XHAYTSHLA,"{""P47439"": 463}"
XHASNAGIA,"{""P47542"": 511}"
XHAGXNNQG,"{""P47400"": 4}"
XHAGRNNQG,"{""P47400"": 18}"
XHAXTSHLA,"{""P47439"": 32}"
XHGIDSWFE,"{""P47587"": 102}"
XHGDNLNLL,"{""P47321"": 5}"
XHGXXXXXX,"{""P47660"": 1}"
XHGXXLIXD,"{""P47660"": 5}"
XHGRIAALA,"{""P47413"": 3}"
XHFXNLIXN,"{""P47290"": 22}"
XHFXNLIXX,"{""P47290"": 57}"
XHFXNLIKN,"{""P47290"": 1}"
XHFXXXXXX,"{""P47290"": 18}"
XHFXPEFIN,"{""P47597"": 3}"
XHFMILSXH,"{""P47465"": 64}"
XHFMILSXX,"{""P47465"": 23}"
XHFMILSKH,"{""P47465"": 5}"
XHFVXXXXX,"{""Q2MHT0"": 428}"
XHFVXXELL,"{""Q2MHT0"": 5}"
XHFVXRELL,"{""Q2MHT0"": 32}"
XHFVKRELL,"{""Q2MHT0"": 2}"
XHFAXNYPG,"{""Q49410"": 358}"
XHFAXNXPG,"{""Q49410"": 10}"
XHFAXXXXX,"{""Q49410"": 102}"
XHFAXLXXX,"{""P47592"": 2}"
XHFAXLXLT,"{""P47592"": 6}"
XHFAYLXLT,"{""P47592"": 86}"
XHFAYLXXX,"{""P47592"": 12}"
XHFAYLKLT,"{""P47592"": 4}"
XHFAKNYPG,"{""Q49410"": 15}"
XHFELLXXX,"{""P47386"": 90}"
XHFELLXXL,"{""P47386"": 2}"
XHFELLKXX,"{""P47386"": 4}"
XHFLNVCFF,"{""P47347"": 96}"
XHFLNVXFF,"{""P47347"": 2}"
XHFDXNRVL,"{""P47551"": 15}"
XHFDXNXVL,"{""P47551"": 3}"
XHFDXXXXX,"{""P47551"": 64}"
XHFDKNRVL,"{""P47551"": 1}"
XHFRPEFIN,"{""P47597"": 3}"
XHFKNLIXN,"{""P47290"": 2}"
XHFKNLIXX,"{""P47290"": 1}"
XHFSNCYHQ,"{""P47356"": 1}"
XHVATGDSF,"{""Q49431"": 497}"
XHVDELXXX,"{""P47551"": 21}"
XHVDELXVS,"{""P47551"": 86}"
XHVDELKVS,"{""P47551"": 4}"
XHVELLNGR,"{""P47632"": 22}"
XHVELLNGX,"{""P47632"": 6}"
XHVETMEQL,"{""P47277"": 90}"
XHVIFSLSX,"{""P47304"": 101}"
XHVIFSLSK,"{""P47304"": 3}"
XHVTVXTXN,"{""P47280"": 63}"
XHVTVXTXX,"{""P47280"": 12}"
XHVTVXTKN,"{""P47280"": 1}"
XHVTVXXXX,"{""P47280"": 18}"
XHVTVKTXN,"{""P47280"": 5}"
XHVTVKTXX,"{""P47280"": 1}"
XHVHNFGEL,"{""P47406"": 1}"
XHLIANQTN,"{""P47574"": 500}"
XHLFAEDGQ,"{""P47624"": 114}"
XHLFEVVDT,"{""P47264"": 6}"
XHLXAVVEX,"{""Q2MHT0"": 74}"
XHLXAVVEK,"{""Q2MHT0"": 2}"
XHLXXXXXX,"{""Q2MHT0"": 18}"
XHLETNSQV,"{""P47660"": 15}"
XHLERGLDF,"{""P47491"": 19}"
XHLEXGLDF,"{""P47491"": 5}"
XHLNFVNVE,"{""P47387"": 99}"
XHLDIVKPN,"{""P47282"": 1}"
XHLDIVXPN,"{""P47282"": 7}"
XHLKAVVEX,"{""Q2MHT0"": 1}"
XHLQAQXXX,"{""P47545"": 6}"
XHLQAQXAN,"{""P47545"": 3}"
XHLQAQKAN,"{""P47545"": 2}"
XHLRXQATV,"{""P47439"": 1}"
XHYAHVDCP,"{""P13927"": 8}"
XHYFXTXXX,"{""P47433"": 11}"
XHYFXTXVE,"{""P47433"": 56}"
XHYFXTKVE,"{""P47433"": 4}"
XHYFXQDLP,"{""P47346"": 25}"
XHYFXXXXX,"{""P47433"": 15}"
XHYFYQDLP,"{""P47346"": 436}"
XHYFKTKVE,"{""P47433"": 1}"
XHYFKTXXX,"{""P47433"": 2}"
XHYFKTXVE,"{""P47433"": 1}"
XHYEXTIGF,"{""P35888"": 82}"
XHYEXXXXX,"{""P35888"": 23}"
XHYEKTIGF,"{""P35888"": 3}"
XHYXQLLPF,"{""Q49435"": 81}"
XHYXXXXXX,"{""Q49435"": 12}"
XHYDNLXAT,"{""P47400"": 20}"
XHYDNLXXX,"{""P47400"": 3}"
XHYDNLKAT,"{""P47400"": 3}"
XHYKQLLPF,"{""Q49435"": 3}"
XHNLYVXVE,"{""P47308"": 70}"
XHNLYVXXX,"{""P47308"": 33}"
XHNLYVKVE,"{""P47308"": 4}"
XHNLTVLFI,"{""P47326"": 6}"
XHNLXVXVE,"{""P47308"": 6}"
XHNNDLLXX,"{""P47316"": 79}"
XHNNDLLXL,"{""P47316"": 422}"
XHNNDLLKL,"{""P47316"": 21}"
XHNTHLYDQ,"{""P47635"": 96}"
XHNTHLXDQ,"{""P47635"": 10}"
XHNISFEWT,"{""P47281"": 28}"
XHNIXXXXX,"{""P47702"": 85}"
XHNIXSSAA,"{""P47702"": 1}"
XHQWXXXXX,"{""P47325"": 68}"
XHQWXXYRG,"{""P47325"": 1}"
XHQWXYYXG,"{""P47325"": 4}"
XHQWXYYRG,"{""P47325"": 14}"
XHQWXYXRG,"{""P47325"": 1}"
XHPXANSYS,"{""P47564"": 383}"
XHPXANSXS,"{""P47564"": 24}"
XHPXXXSLN,"{""Q9ZB70"": 6}"
XHPXXXXXX,"{""Q9ZB70"": 81, ""P47564"": 79, ""P47294"": 31}"
XHPXXKSLN,"{""Q9ZB70"": 1}"
XHPXRXSLN,"{""Q9ZB70"": 21}"
XHPXRXXXX,"{""Q9ZB70"": 1}"
XHPXRKSLN,"{""Q9ZB70"": 1}"
XHPFXXXXX,"{""Q49409"": 100}"
XHPFYIGQL,"{""P47499"": 4}"
XHPDVNXLG,"{""P47248"": 29}"
XHPDVNXXX,"{""P47248"": 7}"
XHPDVNKLG,"{""P47248"": 1}"
XHPDRNNAP,"{""P47442"": 2}"
XHPEWFDEG,"{""P20796"": 34}"
XHPKANSYS,"{""P47564"": 18}"
XHPKANSXS,"{""P47564"": 2}"
XHPHGDSSI,"{""P47446"": 1}"
XHIWISPHT,"{""P47278"": 106}"
XHIDIPXTL,"{""Q49423"": 83}"
XHIDIPXXX,"{""Q49423"": 17}"
XHIDIPKTL,"{""Q49423"": 2}"
XHILSGLLI,"{""P47250"": 29}"
XHIVRGTLD,"{""P47333"": 6}"
XHIFRNSII,"{""P47323"": 1}"
XHIXXXXXX,"{""Q49436"": 7}"
XHIXLRXES,"{""Q49436"": 4}"
XHIXLRXXX,"{""Q49436"": 1}"
XHIXLXXES,"{""Q49436"": 2}"
XHRHENIAF,"{""P47491"": 104}"
XHRGLCLAY,"{""P47371"": 12}"
XHRGLCLAX,"{""P47371"": 2}"
XHRGLXLAY,"{""P47371"": 1}"
XHRILRVIC,"{""P47420"": 1}"
XHRSIFAXL,"{""P47460"": 2}"
XHRSIFARL,"{""P47460"": 2}"
XHWFSXXPX,"{""P47442"": 26}"
XHWFSXXPK,"{""P47442"": 1}"
XHWFSXXXX,"{""P47442"": 9}"
XHWFSKXPX,"{""P47442"": 1}"
XHWSNXTSQ,"{""P47460"": 6}"
XHWSNXXXX,"{""P47460"": 1}"
XHEYDQSEL,"{""P47493"": 102}"
XHEIPWFNG,"{""Q49434"": 30}"
XHEQNLFXX,"{""P47292"": 27}"
XHEXASFXG,"{""P47277"": 4}"
XHEXASFXX,"{""P47277"": 1}"
XHEXDQSEL,"{""P47493"": 3}"
XHKGMDLXE,"{""P47541"": 14}"
XHKGMDLXX,"{""P47541"": 3}"
XHKGMDLKE,"{""P47541"": 1}"
XHKSGLEXA,"{""P47254"": 14}"
XHKSGLEXX,"{""P47254"": 2}"
XHKSGLEKA,"{""P47254"": 1}"
XHKSXNNVM,"{""P47585"": 3}"
XHKSXXXXX,"{""P47585"": 1}"
XHKNSVXFX,"{""P47523"": 3}"
XHTDSVDND,"{""P47505"": 5}"
XHDSLNSIX,"{""P47527"": 84}"
XHDSLNSIK,"{""P47527"": 1}"
XHDXEYQQY,"{""P47635"": 5}"
XHDXEYQQX,"{""P47635"": 1}"
XHMGVXTRN,"{""P47400"": 1}"
XHMGVXXXX,"{""P47400"": 4}"
XHCVTSVDX,"{""P47347"": 2}"
XWFXXLNFM,"{""P47326"": 341}"
XWFXXXXXX,"{""P47326"": 144}"
XWFXKLNFM,"{""P47326"": 26}"
XWFIALPEN,"{""Q49460"": 30}"
XWFENTLIQ,"{""P47354"": 4}"
XWFDXXXXX,"{""P47624"": 33}"
XWFDXIPQT,"{""P47624"": 1}"
XWFDKIPQT,"{""P47624"": 1}"
XWFKKLNFM,"{""P47326"": 1}"
XWFKXLNFM,"{""P47326"": 23}"
XWFKXXXXX,"{""P47326"": 2}"
XWXLNEWQF,"{""P47307"": 394}"
XWXLRDFMX,"{""P47268"": 71}"
XWXLRDFMK,"{""P47268"": 2}"
XWXLVDASG,"{""P47657"": 30}"
XWXLXDFMX,"{""P47268"": 26}"
XWXLXDFMK,"{""P47268"": 2}"
XWXYXXXXX,"{""P47435"": 372}"
XWXYXXLVW,"{""P47435"": 13}"
XWXYKXXXX,"{""P47435"": 13}"
XWXYKXLVW,"{""P47435"": 1}"
XWXYKKLVW,"{""P47435"": 1}"
XWXXXXXXX,"{""P47533"": 441, ""P47268"": 378, ""P47307"": 86, ""P47435"": 98, ""P47508"": 17, ""P47330"": 1, ""P47412"": 3, ""P47306"": 2, ""P47280"": 1}"
XWXXPEPYX,"{""P47412"": 27}"
XWXXPEPYK,"{""P47412"": 2}"
XWXXPEPXX,"{""P47412"": 2}"
XWXXIIFIL,"{""P47533"": 5}"
XWXXASXLX,"{""Q49398"": 3}"
XWXRIIFIL,"{""P47533"": 18}"
XWXNXXXXX,"{""P47508"": 59}"
XWXNXDVNR,"{""P47508"": 12}"
XWXNXDVNX,"{""P47508"": 4}"
XWXNKDVNR,"{""P47508"": 2}"
XWXIAXISV,"{""P47280"": 4}"
XWXIVXXXX,"{""P47406"": 1}"
XWXQLLVLX,"{""P47449"": 3}"
XWXEEMAXX,"{""P47547"": 4}"
XWXDXXXXX,"{""P47652"": 2}"
XWXDXXLXT,"{""P47652"": 2}"
XWXDXXLXX,"{""P47652"": 1}"
XWXKFLWXX,"{""P47306"": 1}"
XWLLQPDVX,"{""P47330"": 7}"
XWLLQPDVR,"{""P47330"": 12}"
XWLLNTNSL,"{""P47424"": 104}"
XWLLLPFFL,"{""P47289"": 12}"
XWLXXXXXX,"{""P47548"": 390, ""P47440"": 84, ""P47429"": 2}"
XWLXXPYLT,"{""P47548"": 21}"
XWLXRPYLT,"{""P47548"": 59}"
XWLXRPXLT,"{""P47548"": 1}"
XWLXQASGS,"{""P47440"": 35}"
XWLXIVXQS,"{""P47429"": 3}"
XWLAVSNFG,"{""P47360"": 521}"
XWLCQNGCS,"{""P47436"": 27}"
XWLDRVYNF,"{""P47508"": 5}"
XWLDXVYNF,"{""P47508"": 3}"
XWLKXPYLT,"{""P47548"": 2}"
XWLKQASGS,"{""P47440"": 3}"
XWLKRPYLT,"{""P47548"": 8}"
XWLKIVXQS,"{""P47429"": 1}"
XWVEXXXXX,"{""Q49423"": 360}"
XWVEXXLEY,"{""Q49423"": 23}"
XWVEXXLEX,"{""Q49423"": 1}"
XWVEXRLEY,"{""Q49423"": 94}"
XWVEXRLEX,"{""Q49423"": 3}"
XWVEKRLEY,"{""Q49423"": 4}"
XWVEKRLEX,"{""Q49423"": 1}"
XWVXYHXEI,"{""P47587"": 72}"
XWVXYHXXX,"{""P47587"": 19}"
XWVXYHKEI,"{""P47587"": 2}"
XWVXTTEEL,"{""P47467"": 78}"
XWVXXXXXX,"{""P47467"": 18, ""P47587"": 13}"
XWVKYHXEI,"{""P47587"": 6}"
XWVKTTEEL,"{""P47467"": 5}"
XWVVLNLNX,"{""P47415"": 6}"
XWYLVDASG,"{""P47657"": 485}"
XWYLNXXXX,"{""P47558"": 2}"
XWYLNXLSG,"{""P47558"": 1}"
XWYQLLVLX,"{""P47449"": 80}"
XWYQLLVLK,"{""P47449"": 1}"
XWIIXAIXX,"{""P47528"": 279}"
XWIIXAIXQ,"{""P47528"": 75}"
XWIIXAIKQ,"{""P47528"": 2}"
XWIIXXXXX,"{""P47528"": 112}"
XWIIKAIXX,"{""P47528"": 14}"
XWIIKAIXQ,"{""P47528"": 4}"
XWIINDIEF,"{""P47484"": 32}"
XWIEGTQPX,"{""Q49423"": 5}"
XWIXHXXXX,"{""P47534"": 1}"
XWIXHXIDX,"{""P47534"": 4}"
XWIXXXXXX,"{""P47534"": 1}"
XWIGSIRSX,"{""Q49428"": 4}"
XWIGSIRSR,"{""Q49428"": 7}"
XWIGSIXSR,"{""Q49428"": 1}"
XWGLTIFXL,"{""P47548"": 29}"
XWGLTIFXX,"{""P47548"": 7}"
XWGLTIFKL,"{""P47548"": 2}"
XWGEPFPII,"{""P47508"": 33}"
XWNVNLQSX,"{""P47665"": 19}"
XWNVNLQSC,"{""P47665"": 475}"
XWNNLXXTL,"{""P47345"": 72}"
XWNNLXXXX,"{""P47345"": 37}"
XWNNLXKTL,"{""P47345"": 3}"
XWNNLKXTL,"{""P47345"": 2}"
XWNPXXXXX,"{""P47316"": 22}"
XWNPKMGFF,"{""P47316"": 1}"
XWNFQTIIX,"{""P47587"": 41}"
XWNFXXXXX,"{""P47397"": 6}"
XWDQFELXX,"{""P47528"": 25}"
XWDXNVLNH,"{""Q49419"": 79}"
XWDXXXXXX,"{""Q49419"": 18}"
XWDKNVLNH,"{""Q49419"": 1}"
XWPFFTFNF,"{""Q49418"": 90}"
XWRXPEPYX,"{""P47412"": 72}"
XWRXPEPYK,"{""P47412"": 2}"
XWRXPEPXX,"{""P47412"": 3}"
XWRXXXXXX,"{""P47412"": 14}"
XWREEMAXX,"{""P47547"": 13}"
XWRKPEPYX,"{""P47412"": 7}"
XWRDXXLXT,"{""P47652"": 13}"
XWRDXXLXX,"{""P47652"": 1}"
XWRDXXXXX,"{""P47652"": 5}"
XWRDKXLXT,"{""P47652"": 2}"
XWEINNALI,"{""P47492"": 11}"
XWEQLIEGX,"{""P47549"": 5}"
XWKLNEWQF,"{""P47307"": 21}"
XWKLRDFMX,"{""P47268"": 5}"
XWKLXDFMX,"{""P47268"": 1}"
XWKYXXXXX,"{""P47435"": 17}"
XWKYKXXXX,"{""P47435"": 2}"
XWKRIIFIL,"{""P47533"": 1}"
XWKNXXXXX,"{""P47508"": 5}"
XWKNXDVNR,"{""P47508"": 1}"
XWKXXXXXX,"{""P47435"": 3}"
XWANSPXIX,"{""P47558"": 19}"
XWANSPXXX,"{""P47558"": 5}"
XWAXXXXXX,"{""P47323"": 35}"
XWAXNAAGN,"{""P47492"": 1}"
XWAXLFSFQ,"{""P47323"": 1}"
XWAIVYLSG,"{""P47274"": 6}"
XWAIVXLSG,"{""P47274"": 1}"
XWACNAAGN,"{""P47492"": 5}"
XWTXXXXXX,"{""Q9ZB82"": 5}"
XWTXQPLQR,"{""Q9ZB82"": 1}"
XWTKQPLQR,"{""Q9ZB82"": 1}"
XWSFHQDLN,"{""Q49427"": 8}"
XWSLIALAF,"{""P47580"": 2}"
XWMHFLLTA,"{""P47307"": 6}"
XCAPHQXNH,"{""P47448"": 380}"
XCAPHQXXX,"{""P47448"": 74}"
XCAPHQKNH,"{""P47448"": 20}"
XCINSAALX,"{""P47686"": 26}"
XCINSAALK,"{""P47686"": 1}"
XCINCLEIL,"{""P47253"": 79}"
XCINXLEIL,"{""P47253"": 5}"
XCILNXXXX,"{""P47661"": 18}"
XCILNXTLH,"{""P47661"": 9}"
XCGXXXXXX,"{""P47603"": 93}"
XCGXXXLSH,"{""P47603"": 4}"
XCGXXKLSH,"{""P47603"": 1}"
XCGXKXXXX,"{""P47603"": 3}"
XCGNVXXXX,"{""Q49408"": 2}"
XCGNVXNLI,"{""Q49408"": 2}"
XCGKXXXXX,"{""P47603"": 4}"
XCLLINPXI,"{""P47352"": 73}"
XCLLINPXX,"{""P47352"": 8}"
XCLLINPKI,"{""P47352"": 4}"
XCLLXXXXX,"{""P47267"": 20}"
XCLLXEMRL,"{""P47267"": 5}"
XCLEQLFYD,"{""P47605"": 77}"
XCLEQLFXD,"{""P47605"": 3}"
XCLEDADLN,"{""P47481"": 6}"
XCLIXXXXX,"{""P47349"": 5}"
XCLIXSDHP,"{""P47349"": 27}"
XCLVSDAGY,"{""P47302"": 7}"
XCLWFVVGX,"{""P47319"": 5}"
XCHGXXXXX,"{""P47660"": 24}"
XCHGXXLIX,"{""P47660"": 54}"
XCHGXXLIK,"{""P47660"": 3}"
XCHGXKLIX,"{""P47660"": 2}"
XCHGXKLIK,"{""P47660"": 1}"
XCHGKKLIX,"{""P47660"": 1}"
XCHGKXLIX,"{""P47660"": 1}"
XCSNXXXXX,"{""P47592"": 23}"
XCSNXGDIH,"{""P47592"": 5}"
XCSNKGDIH,"{""P47592"": 1}"
XCSTLVMLD,"{""P47494"": 23}"
XCSXXXXXX,"{""Q49430"": 2}"
XCSXEQLFE,"{""Q49430"": 8}"
XCSGVIEPN,"{""P47545"": 10}"
XCSELXNTS,"{""P47386"": 2}"
XCSELXXXX,"{""P47386"": 1}"
XCFLIAFGC,"{""P47468"": 121}"
XCFLIAFGX,"{""P47468"": 8}"
XCFFSLFVS,"{""P47291"": 1}"
XCDTLDVYG,"{""Q49404"": 101}"
XCDTLDVXG,"{""Q49404"": 7}"
XCDSLGEFE,"{""P47455"": 28}"
XCDVNDXGE,"{""P47542"": 20}"
XCDVNDXXX,"{""P47542"": 6}"
XCQIDLMXX,"{""P47277"": 81}"
XCQIDLMXR,"{""P47277"": 17}"
XCRFLVPNE,"{""P47625"": 4}"
XCRFCAIGQ,"{""P47338"": 1}"
XCXQXYXXX,"{""P47661"": 9}"
XCXQXYXLL,"{""P47661"": 47}"
XCXQXYKLL,"{""P47661"": 2}"
XCXQXXXXX,"{""P47661"": 10}"
XCXQXXKLL,"{""P47661"": 1}"
XCXQCNQXX,"{""Q9ZB82"": 3}"
XCXQCNQXT,"{""Q9ZB82"": 3}"
XCXQCNQKT,"{""Q9ZB82"": 1}"
XCXQKYXLL,"{""P47661"": 2}"
XCXXXXXXX,"{""Q9ZB82"": 1, ""P47661"": 19, ""P47687"": 3, ""P47371"": 1}"
XCXXVYEIL,"{""P47371"": 3}"
XCXXVXEIL,"{""P47371"": 1}"
XCXVNTGLT,"{""P47687"": 4}"
XCEDPIVSS,"{""P47543"": 9}"
XCENDVRAM,"{""P47606"": 5}"
XCVFFNQNH,"{""P47371"": 5}"
XCVIVDDVL,"{""P47518"": 3}"
XCYITTPIY,"{""P47267"": 9}"
XCKQKYXLL,"{""P47661"": 1}"
XCKQXYXLL,"{""P47661"": 1}"
XCPAHNTLH,"{""P47666"": 5}"
XCPSCNSXX,"{""P47496"": 2}"
XCPSCNSXL,"{""P47496"": 3}"
XRCVFFNQN,"{""P47371"": 92}"
XRCACVITE,"{""P47296"": 5}"
XRCAXVITE,"{""P47296"": 1}"
XRNMXXXXX,"{""P47561"": 100}"
XRNMXXQEQ,"{""P47561"": 1}"
XRNMKXXXX,"{""P47561"": 6}"
XRNSHGGXD,"{""P47257"": 24}"
XRNSHGGXX,"{""P47257"": 6}"
XRNSHGGKD,"{""P47257"": 1}"
XRNXXXXXX,"{""Q49414"": 21, ""P47695"": 4}"
XRNXGLVEQ,"{""P47695"": 15}"
XRNXEQALL,"{""Q49414"": 2}"
XRNEXFNDY,"{""P47653"": 17}"
XRNEXFNDX,"{""P47653"": 1}"
XRNEXXXXX,"{""P47653"": 5}"
XRNDEDETT,"{""P47353"": 22}"
XRNQFLALX,"{""P47460"": 22}"
XRNLVLILS,"{""P47326"": 21}"
XRNLPFAIA,"{""P47493"": 20}"
XRSLSQXMV,"{""P47658"": 8}"
XRSLSQXXX,"{""P47658"": 1}"
XRSLSQKMV,"{""P47658"": 3}"
XRSFFEMXX,"{""P47332"": 7}"
XRSFFEMXY,"{""P47332"": 14}"
XRSFFEMKY,"{""P47332"": 1}"
XRSSYXQYX,"{""P47427"": 1}"
XRSSYRQYX,"{""P47427"": 3}"
XRSMQGLYD,"{""P47583"": 9}"
XRSMQGLXD,"{""P47583"": 1}"
XRSHDALTL,"{""P47603"": 2}"
XRTVQMEYN,"{""P47319"": 11}"
XRTXITXXH,"{""P47277"": 9}"
XRTXITXXX,"{""P47277"": 10}"
XRTXXXXXX,"{""P47277"": 1}"
XRTSVFIAL,"{""Q49433"": 7}"
XRTMGHXXX,"{""P47402"": 7}"
XRTMGHXXE,"{""P47402"": 10}"
XRTMGHXKE,"{""P47402"": 1}"
XRTTFXTLY,"{""Q49418"": 15}"
XRTTFXXXX,"{""Q49418"": 3}"
XRIVNLWFG,"{""P47301"": 14}"
XRIVEFTXI,"{""P52271"": 17}"
XRIVEFTXX,"{""P52271"": 2}"
XRILEKXIV,"{""P47661"": 3}"
XRILEXXXX,"{""P47661"": 43}"
XRILEXXIV,"{""P47661"": 67}"
XRILEXKIV,"{""P47661"": 2}"
XRILDTFFX,"{""Q49418"": 21}"
XRILSELEH,"{""P47481"": 16}"
XRIGXEISX,"{""P47662"": 16}"
XRIGXEISK,"{""P47662"": 2}"
XRIGXXXXX,"{""P47662"": 2}"
XRIFFFNLQ,"{""P47592"": 26}"
XRICYLMPL,"{""P47384"": 92}"
XRICXLMPL,"{""P47384"": 5}"
XRISEXXXX,"{""P47353"": 3}"
XRISEXEGI,"{""P47353"": 13}"
XRISTIANL,"{""P47490"": 19}"
XRINAGISF,"{""P47365"": 14}"
XRIXYLMPL,"{""P47384"": 4}"
XRPGMYIGS,"{""P47249"": 76, ""P47445"": 22}"
XRPGMXIGS,"{""P47249"": 3, ""P47445"": 2}"
XRPDLYXXY,"{""P47683"": 2}"
XRPDLYXXX,"{""P47683"": 2}"
XRPSHNVAE,"{""P47304"": 1}"
XRAVLEDQI,"{""P47460"": 109}"
XRAVYYGIX,"{""P47330"": 18}"
XRAVYXGIX,"{""P47330"": 1}"
XRAVGENPN,"{""P47367"": 6}"
XRAIGFMPX,"{""P47370"": 19}"
XRAIGFMPK,"{""P47370"": 2}"
XRANYDXYG,"{""P47442"": 11}"
XRANYDXXX,"{""P47442"": 3}"
XRANYDXXG,"{""P47442"": 1}"
XRADXVXXX,"{""P47580"": 1}"
XRADRVXWP,"{""P47580"": 3}"
XRAYEIIER,"{""P47698"": 1}"
XREXLATDF,"{""P47460"": 76}"
XREXIISND,"{""P47387"": 2}"
XREXXXXXX,"{""P47460"": 20}"
XREEEITTG,"{""P47308"": 18}"
XRELEELEX,"{""P47460"": 18}"
XREAEEXXX,"{""P47342"": 10}"
XREAEEXRX,"{""P47342"": 1}"
XREQLTFNL,"{""P47496"": 15}"
XREKLATDF,"{""P47460"": 2}"
XREFXSLWI,"{""P47440"": 1}"
XRVXXXXXX,"{""P47597"": 22, ""P47687"": 25}"
XRVXGQDEA,"{""P47597"": 2}"
XRVQEGYVC,"{""P47583"": 81}"
XRVQEGYVX,"{""P47583"": 3}"
XRVQEGXVC,"{""P47583"": 4}"
XRVMLENNV,"{""P47419"": 1}"
XRQAXXNQT,"{""P47438"": 10}"
XRQAXXXXX,"{""P47438"": 6}"
XRQAKXNQT,"{""P47438"": 1}"
XRQQQIVVP,"{""P47265"": 20}"
XRQQXSAYG,"{""P47333"": 1}"
XRQWNLINI,"{""P47386"": 24}"
XRQLEELRR,"{""P47342"": 1}"
XRQXXXXXX,"{""P47637"": 2}"
XRQVDAQVX,"{""Q49409"": 1}"
XRQVDAQVR,"{""Q49409"": 2}"
XRLLXXXXX,"{""P47663"": 14}"
XRLLXXLXX,"{""P47663"": 2}"
XRLLXYLXX,"{""P47663"": 78}"
XRLLXYLXE,"{""P47663"": 6}"
XRLLLCNNL,"{""P47303"": 26}"
XRLLLXNNL,"{""P47303"": 1}"
XRLLKYLXE,"{""P47663"": 1}"
XRLLKYLXX,"{""P47663"": 2}"
XRLIWYWXX,"{""P47533"": 15}"
XRLIWYWXL,"{""P47533"": 3}"
XRLIWXWXX,"{""P47533"": 1}"
XRLIDFXRY,"{""P47400"": 2}"
XRLQAVSXX,"{""P47541"": 14}"
XRLQAVSXK,"{""P47541"": 1}"
XRLXXXXXX,"{""P47651"": 16, ""P47325"": 17, ""Q49411"": 2, ""P47384"": 2}"
XRLXAVGSV,"{""P47384"": 16}"
XRLXAFPSE,"{""P47325"": 1}"
XRLXDFSXQ,"{""Q49411"": 11}"
XRLXDFSXX,"{""Q49411"": 4}"
XRLXDFSKQ,"{""Q49411"": 1}"
XRLALASVL,"{""P47545"": 18}"
XRLAXXSWA,"{""P20796"": 15}"
XRLAXXXXX,"{""P20796"": 8}"
XRLAKXSWA,"{""P20796"": 1}"
XRLMQXXXX,"{""P47282"": 10}"
XRLEQAXIE,"{""P47353"": 16}"
XRLEQAXXX,"{""P47353"": 1}"
XRLEQAKIE,"{""P47353"": 1}"
XRLTXXXXX,"{""P47250"": 1}"
XRLNLPNAQ,"{""P47458"": 14}"
XRLSEEXSX,"{""Q49419"": 1}"
XRLKXXXXX,"{""P47651"": 2}"
XRLKAVGSV,"{""P47384"": 1}"
XRGILXAYG,"{""Q49460"": 68}"
XRGILXAXG,"{""Q49460"": 6}"
XRGILXXXX,"{""Q49460"": 27}"
XRGILKAYG,"{""Q49460"": 2}"
XRGINNLVV,"{""P47457"": 21}"
XRGLNTNXG,"{""P47647"": 18}"
XRGLNTNXX,"{""P47647"": 2}"
XRGFNLQDF,"{""P47256"": 4}"
XRGCTDVIS,"{""P47628"": 1}"
XRGVSSYYD,"{""P47362"": 4}"
XRGEFVSCY,"{""P47473"": 1}"
XRGXGISET,"{""P47682"": 1}"
XRYHWFSXX,"{""P47442"": 12}"
XRYQTTMII,"{""P47311"": 18}"
XRYLLLGST,"{""P47563"": 19}"
XRYLESLSS,"{""P47660"": 2}"
XRYFQAXSD,"{""P47325"": 1}"
XRXXXXXXX,"{""P47469"": 13, ""Q49418"": 14, ""P47386"": 5, ""P47553"": 22, ""P47653"": 4, ""P47356"": 3, ""P47561"": 3, ""P57085"": 2, ""P47567"": 3}"
XRXNVFIFL,"{""Q49418"": 4}"
XRXNRTDTD,"{""P47469"": 4}"
XRXNXTDTD,"{""P47469"": 1}"
XRXVFFNQN,"{""P47371"": 5}"
XRXVVLHXE,"{""P47567"": 4}"
XRXVLNYVL,"{""P47386"": 14}"
XRXVLNXVL,"{""P47386"": 1}"
XRXPHNVSY,"{""P47404"": 2}"
XRXSIPGQH,"{""P47553"": 2}"
XRXSDTFIF,"{""P47662"": 1}"
XRXLLLGST,"{""P47563"": 1}"
XRXEXIISN,"{""P47387"": 1}"
XRXQTTMII,"{""P47311"": 2}"
XRXADAIGI,"{""P47493"": 1}"
XRFLDLTYN,"{""P47382"": 29}"
XRFLDLTXN,"{""P47382"": 1}"
XRFSLDWIL,"{""Q49409"": 20}"
XRFSISFXX,"{""P47533"": 16}"
XRFSISFXI,"{""P47533"": 2}"
XRFSTLLNL,"{""P47371"": 7}"
XRFYNQFAE,"{""P47386"": 10}"
XRFIIDDDI,"{""P47486"": 19}"
XRFEQQLEE,"{""P47382"": 97}"
XRFNNNLEE,"{""Q9ZB70"": 5}"
XRFNPEFGL,"{""P47667"": 12}"
XRFNFLMLN,"{""Q49430"": 8}"
XRFVIGAFA,"{""P47345"": 4}"
XRFXNQFAE,"{""P47386"": 1}"
XRWMHFLLT,"{""P47307"": 17}"
XRWVVLNLN,"{""P47415"": 19}"
XRKADAIGI,"{""P47493"": 2}"
XRKVLNYVL,"{""P47386"": 1}"
XRKRNMXXX,"{""P47561"": 1}"
XRKNRTDTD,"{""P47469"": 1}"
XRDFVIQNX,"{""Q49419"": 15}"
XRDXNFAEN,"{""P47612"": 1}"
XRDVXEACQ,"{""P47248"": 1}"
XRRXXXXXX,"{""P57085"": 9}"
XRREXXXXX,"{""P47387"": 1}"
XRREXIISN,"{""P47387"": 3}"
XRRGRXXXX,"{""P47491"": 1}"
XRRGRXPXH,"{""P47491"": 1}"
XRMNTVXST,"{""P47640"": 1}"
XRHIQRRLT,"{""P47589"": 1}"
XRHIQRXLT,"{""P47589"": 1}"
XKLQTLGFH,"{""P47437"": 22}"
XKLQSLIET,"{""P47350"": 2}"
XKLIXXXXX,"{""P47495"": 18}"
XKLIPLAVL,"{""P47482"": 20}"
XKLICGFLL,"{""P47528"": 1}"
XKLIKXXXX,"{""P47495"": 1}"
XKLSHRVCS,"{""P47603"": 2}"
XKLSEVATX,"{""P47286"": 4}"
XKLSLIIDI,"{""P47651"": 4}"
XKLSVXXXX,"{""P47297"": 1}"
XKLANYVFS,"{""P47506"": 21}"
XKLANXVFS,"{""P47506"": 1}"
XKLAXTSAT,"{""P47577"": 2}"
XKLAXXXXX,"{""P47577"": 1}"
XKLFNXGSX,"{""P36263"": 16}"
XKLFNXGSK,"{""P36263"": 1}"
XKLFNXXXX,"{""P36263"": 3}"
XKLWPLPIT,"{""Q49426"": 5}"
XKLVNSAFX,"{""P47458"": 1}"
XKLLEXQXE,"{""P47384"": 4}"
XKLLEXQXX,"{""P47384"": 1}"
XKLLERNVN,"{""P47251"": 1}"
XKLLNHFDC,"{""P47627"": 14}"
XKLLGLYXX,"{""Q49409"": 1}"
XKLDENPYP,"{""P47481"": 19}"
XKLDETVAL,"{""P47684"": 1}"
XKLNAEVLL,"{""P47257"": 2}"
XKLNCENLI,"{""P47606"": 1}"
XKLTTNPQV,"{""P47442"": 4}"
XKLYDQFGH,"{""P47265"": 1}"
XKLHHSFLT,"{""P47280"": 1}"
XKXWPFFTF,"{""Q49418"": 4}"
XKXWLLLPF,"{""P47289"": 1}"
XKXWLXQAS,"{""P47440"": 1}"
XKXXXXXXX,"{""P47606"": 5, ""P47384"": 4, ""P47653"": 5, ""P47604"": 2, ""P47470"": 1, ""Q49418"": 1, ""Q9ZB71"": 2}"
XKXXXXIKX,"{""P47604"": 1}"
XKXXXIXXP,"{""P47604"": 2}"
XKXXXIXXX,"{""P47604"": 1}"
XKXXASDIA,"{""P47706"": 1}"
XKXXIXXXX,"{""P47604"": 2}"
XKXIVXXXX,"{""P47653"": 9}"
XKXISEXXX,"{""P47353"": 1}"
XKXISEXEG,"{""P47353"": 1}"
XKXINVPSG,"{""P47422"": 2}"
XKXIXXPXE,"{""P47604"": 1}"
XKXIXXPXX,"{""P47604"": 1}"
XKXIXXXXX,"{""P47604"": 2}"
XKXLLEXQK,"{""P47384"": 1}"
XKXLLEXQX,"{""P47384"": 12}"
XKXLLEXXX,"{""P47384"": 2}"
XKXVYFDFE,"{""P47606"": 2}"
XKVLXTLTT,"{""Q49435"": 2}"
XKVESEXDT,"{""Q49460"": 6}"
XKVESEXXX,"{""Q49460"": 1}"
XKVEAAVXX,"{""P47551"": 6}"
XKVYVFSEX,"{""P47543"": 20}"
XKVYILDEA,"{""P47658"": 1}"
XKVYFDFET,"{""P47606"": 1}"
XKVNTGLTX,"{""P47687"": 2}"
XKVQDLEQL,"{""P47484"": 3}"
XKVDMIANG,"{""P47632"": 10}"
XKVXXXXXX,"{""P47333"": 1}"
XKVXVFSEX,"{""P47543"": 1}"
XKVILFTQF,"{""P47264"": 1}"
XKTPYSAGV,"{""P47422"": 18}"
XKTPVXSXP,"{""P47461"": 2}"
XKTPXSAGV,"{""P47422"": 1}"
XKTXLNINL,"{""P47631"": 14}"
XKTXXXXXX,"{""P47631"": 4, ""P47283"": 2}"
XKTGXIXDI,"{""P47397"": 2}"
XKTGXIXXX,"{""P47397"": 1}"
XKTELXADI,"{""P47288"": 6}"
XKTELKADI,"{""P47288"": 1}"
XKTEINLLD,"{""P47394"": 1}"
XKTLAFEQQ,"{""P47380"": 3}"
XKYXASDIA,"{""P47706"": 20}"
XKYXXXXXX,"{""P47706"": 1}"
XKYXGDQFL,"{""P47470"": 5}"
XKYQLNLII,"{""P47488"": 4}"
XKYWLLLPF,"{""P47289"": 4}"
XKYENEGFP,"{""P47321"": 17}"
XKYGENYLD,"{""P47455"": 1}"
XKYFLEIIY,"{""P47606"": 1}"
XKIVPINPL,"{""P47426"": 4}"
XKIVXXXXX,"{""P47653"": 5}"
XKIFAXXXX,"{""P47260"": 10}"
XKIIIEVLD,"{""P47264"": 25}"
XKIIFVCQD,"{""Q9ZB82"": 2}"
XKIXXSNHK,"{""P47658"": 1}"
XKIXXSNHX,"{""P47658"": 3}"
XKIXXXXXX,"{""P47564"": 2, ""P47658"": 1}"
XKIXXPXXX,"{""P47604"": 3}"
XKIXXPXEI,"{""P47604"": 1}"
XKIATLIVA,"{""P47285"": 23}"
XKISTSEIS,"{""P47629"": 3}"
XKINGXGSY,"{""P55825"": 1}"
XKINVPSGL,"{""P47422"": 2}"
XKIEMITRI,"{""P47416"": 1}"
XKNQFDYLN,"{""Q9ZB74"": 8}"
XKNQFDXLN,"{""Q9ZB74"": 1}"
XKNDTIIIQ,"{""P47496"": 2}"
XKNDXTXFN,"{""P47366"": 2}"
XKNXSVGSI,"{""P47681"": 1}"
XKNRSVGSI,"{""P47681"": 1}"
XKSILSNAN,"{""P47307"": 16}"
XKSAEIVFX,"{""Q9ZB71"": 20}"
XKSAEIVFK,"{""Q9ZB71"": 1}"
XKSLNSFEA,"{""Q9ZB70"": 1}"
XKSSTAXVY,"{""P47656"": 2}"
XKSSLDLFP,"{""P47655"": 3}"
XKSNGVNGF,"{""P47606"": 5}"
XKSPFDSGS,"{""P47249"": 3}"
XKQLILNLN,"{""P47271"": 7}"
XKQELISFL,"{""P47619"": 4}"
XKQTMEVDA,"{""P47460"": 20}"
XKQXNITLS,"{""P47491"": 4}"
XKQXXXXXX,"{""P47294"": 2, ""P47491"": 2}"
XKQFYNXGL,"{""P47582"": 1}"
XKWLXXXXX,"{""P47440"": 22}"
XKWLXQASG,"{""P47440"": 3}"
XKWPFFTFN,"{""Q49418"": 2}"
XKRVVXLWN,"{""P47582"": 1}"
XKRISEXEG,"{""P47353"": 1}"
XKRISEKEG,"{""P47353"": 1}"
XKRYHWFSX,"{""P47442"": 1}"
XKRQAXXXX,"{""P47438"": 1}"
XKRQAXXNQ,"{""P47438"": 1}"
XKRLLLCNN,"{""P47303"": 1}"
XKPIXXXXX,"{""P47401"": 6}"
XKPDNQXTL,"{""P47640"": 2}"
XKPDNQXXX,"{""P47640"": 1}"
XKPLNFITR,"{""Q9ZB78"": 1}"
XKPYSVLLF,"{""P47597"": 1}"
XKEGELQXX,"{""P47460"": 3}"
XKEGELQXL,"{""P47460"": 1}"
XKETVXSXS,"{""Q49429"": 2}"
XKETVXSXX,"{""Q49429"": 2}"
XKEFXXXXX,"{""P47479"": 1}"
XKEXLTAXD,"{""P47301"": 1}"
XKEXLTAYD,"{""P47301"": 1}"
XKENLFFVT,"{""P47669"": 1}"
XKFLLNVVD,"{""P47580"": 2}"
XKFDXXXXX,"{""P47305"": 2}"
XKFDXRETI,"{""P47305"": 1}"
XKFCLENSV,"{""P47371"": 1}"
XKMNFLYXD,"{""P47272"": 5}"
XKMNFLXXD,"{""P47272"": 1}"
XKMLVVANX,"{""P47624"": 1}"
XKMLINNLX,"{""P47701"": 3}"
XKMFXXXXX,"{""P47652"": 2}"
XKMIVSVSM,"{""P47681"": 3}"
XKGIASDQX,"{""P47583"": 1}"
XKGAQXXXX,"{""P47604"": 3}"
XKGLGEMNA,"{""P47445"": 1}"
XKGLGEMDA,"{""P47249"": 1}"
XKARLVTGY,"{""P47272"": 6}"
XKANXXQKA,"{""P47705"": 1}"
XKANXXQXA,"{""P47705"": 5}"
XKANXKQXA,"{""P47705"": 1}"
XKAESGDXX,"{""P47270"": 1}"
XKASDIAEI,"{""P47706"": 1}"
XKAWTALGA,"{""P47282"": 1}"
XKDNTIDYX,"{""P47346"": 2}"
XKDNTIDYR,"{""P47346"": 4}"
XKDDTHXMA,"{""P47334"": 3}"
XKDDTHXXX,"{""P47334"": 1}"
XKDINNGXX,"{""P47251"": 1}"
XKDGXXXXX,"{""P47613"": 1}"
XKDGXXDSW,"{""P47613"": 2}"
XKCDTLDVY,"{""Q49404"": 5}"
XKKIVXXXX,"{""P47653"": 1}"
XKKWPFFTF,"{""Q49418"": 2}"
CQSFFFXXX,"{""P47658"": 481}"
CQSFFFXXI,"{""P47658"": 81}"
CQSFFFXKI,"{""P47658"": 1}"
CQSFFFKXX,"{""P47658"": 19}"
CQSFFFKXI,"{""P47658"": 8}"
CQSLNIDTX,"{""P47359"": 567}"
CQSLNIDTK,"{""P47359"": 1}"
CQIDLMXXX,"{""P47277"": 76}"
CQIDLMXXV,"{""P47277"": 3}"
CQIDLMXRV,"{""P47277"": 19}"
CQTIICDTA,"{""P47294"": 20}"
CXYSEFSNP,"{""P47368"": 110}"
CXYANVQFG,"{""P47615"": 87}"
CXLHHSFLT,"{""P47280"": 486}"
CXLVIIQAN,"{""P47259"": 83}"
CXLVSDAGY,"{""P47302"": 4}"
CXLDETVAL,"{""P47684"": 116}"
CXXXXXXXX,"{""P47687"": 115, ""P47265"": 95, ""P47684"": 21, ""Q49411"": 76, ""P47651"": 120, ""P47371"": 156, ""P47280"": 87, ""P47615"": 21, ""P47368"": 100, ""P47259"": 29, ""P47661"": 16, ""P47567"": 4}"
CXXVXEILX,"{""P47371"": 22}"
CXXVXEILK,"{""P47371"": 2}"
CXXVYEILX,"{""P47371"": 375}"
CXXVYEILK,"{""P47371"": 19}"
CXXVVLHXE,"{""P47567"": 21}"
CXXVVLHXX,"{""P47567"": 5}"
CXXVVLHKE,"{""P47567"": 1}"
CXXITFNEI,"{""P47368"": 4}"
CXXSEFSNP,"{""P47368"": 3}"
CXXANVQFG,"{""P47615"": 3}"
CXPXXXXXX,"{""P47651"": 375}"
CXPXIRXXX,"{""P47651"": 70}"
CXPXIRXXL,"{""P47651"": 8}"
CXPXIRKXX,"{""P47651"": 2}"
CXPXIXXXX,"{""P47651"": 11}"
CXPKIXXXX,"{""P47651"": 1}"
CXVNTGLTX,"{""P47687"": 469}"
CXVNTGLTK,"{""P47687"": 7}"
CXSYILFLM,"{""Q49411"": 25}"
CXSELXNTS,"{""P47386"": 5}"
CXSELXXXX,"{""P47386"": 2}"
CXSELKNTS,"{""P47386"": 1}"
CXSXILFLM,"{""Q49411"": 4}"
CXSGVIEPN,"{""P47545"": 2}"
CXKVYEILX,"{""P47371"": 12}"
CXKVYEILK,"{""P47371"": 1}"
CXKVVLHXE,"{""P47567"": 2}"
CXKVXEILX,"{""P47371"": 1}"
CXQXYXLLL,"{""P47661"": 64}"
CXQXYXXXX,"{""P47661"": 8}"
CXQXYKLLL,"{""P47661"": 2}"
CXQXXXXXX,"{""P47661"": 18}"
CXQXXXLLL,"{""P47661"": 4}"
CXQXXKLLL,"{""P47661"": 2}"
CXQKYXLLL,"{""P47661"": 2}"
CXQKYKLLL,"{""P47661"": 1}"
CXRITFNEI,"{""P47368"": 16}"
CXTCRSNXX,"{""P47265"": 5}"
CXTCRSNXY,"{""P47265"": 14}"
CXTCRSNKY,"{""P47265"": 1}"
CXTCXSNXY,"{""P47265"": 3}"
CXTCXSNXX,"{""P47265"": 1}"
CXTXRSNXY,"{""P47265"": 3}"
CXTXRSNXX,"{""P47265"": 1}"
CXITTPIYY,"{""P47267"": 18}"
CXITTPIYX,"{""P47267"": 2}"
CXITTPIXY,"{""P47267"": 3}"
CXFIEXXXX,"{""Q49404"": 7}"
CXFIEXIPL,"{""Q49404"": 1}"
CPLEIASSX,"{""P47482"": 99}"
CPAHNTLHG,"{""P47666"": 556}"
CPACIYTNP,"{""P47513"": 96}"
CPACIXTNP,"{""P47513"": 2}"
CPAXIYTNP,"{""P47513"": 4}"
CPAXIXTNP,"{""P47513"": 1}"
CDIASDEEV,"{""P13927"": 26}"
CDXCFGDGV,"{""P47660"": 106}"
CDXCGVWVT,"{""P47582"": 1}"
CDXXFGDGV,"{""P47660"": 4}"
CDXXXXXXX,"{""P47660"": 414, ""P47534"": 98}"
CDXSRNFWD,"{""P47534"": 4}"
CDXSXNFWD,"{""P47534"": 1}"
CDXYLIFLA,"{""P47379"": 3}"
CDLFNVIXX,"{""P47484"": 118}"
CDLFNVIXQ,"{""P47484"": 1}"
CDEXNTLLL,"{""P47282"": 93}"
CDEXXXXXX,"{""P47282"": 20}"
CDEKNTLLL,"{""P47282"": 6}"
CDQNILAVA,"{""P47486"": 580}"
CDMLLGAAM,"{""P47540"": 130}"
CDPLFQPVV,"{""P47540"": 135}"
CDYYLIFLA,"{""P47379"": 93}"
CDYXLIFLA,"{""P47379"": 5}"
CDTLDVYGS,"{""Q49404"": 102}"
CDTLDVXGS,"{""Q49404"": 5}"
CDKCFGDGV,"{""P47660"": 9}"
CDRCGVWVT,"{""P47582"": 1}"
CLESFLTGE,"{""P47317"": 624}"
CLEDADLNS,"{""P47481"": 584}"
CLEQLFYDN,"{""P47605"": 112}"
CLEQLFXDN,"{""P47605"": 5}"
CLIHGILHL,"{""P47628"": 560}"
CLIEHQDWH,"{""P47478"": 114}"
CLIRLNIPS,"{""P47326"": 18}"
CLIXLNIPS,"{""P47326"": 9}"
CLLINPXII,"{""P47352"": 79}"
CLLINPXXX,"{""P47352"": 21}"
CLLINPKII,"{""P47352"": 5}"
CLLVPPEXX,"{""P47382"": 112}"
CLLVPPEXW,"{""P47382"": 3}"
CLLREIHLL,"{""P47621"": 32}"
CLLXEIHLL,"{""P47621"": 5}"
CLNXLNDLN,"{""P47650"": 113}"
CLNXXXXXX,"{""P47650"": 414}"
CLNKLNDLN,"{""P47650"": 8}"
CLGXTGXMW,"{""P47404"": 17}"
CLGXTGXXX,"{""P47404"": 58}"
CLGXTGKMW,"{""P47404"": 2}"
CLGXXXXXX,"{""P47404"": 20}"
CLGKTGXXX,"{""P47404"": 2}"
CLGKTGXMW,"{""P47404"": 1}"
CLXLXXXXX,"{""P47323"": 113}"
CLXXXXXXX,"{""P47323"": 21}"
CLVYNIEXX,"{""Q49412"": 107}"
CLVYNIEXK,"{""Q49412"": 3}"
CLVYNIEKX,"{""Q49412"": 6}"
CLVXNIEXX,"{""Q49412"": 5}"
CLALASLQN,"{""P47285"": 120}"
CLPFIENFL,"{""P47699"": 3}"
CLKLXXXXX,"{""P47323"": 2}"
CTAVXXXXX,"{""P47355"": 454}"
CTAVXXENN,"{""P47355"": 22}"
CTAVXRENN,"{""P47355"": 88}"
CTAVKRENN,"{""P47355"": 2}"
CTAVKXENN,"{""P47355"": 1}"
CTPAHDFND,"{""P47576"": 136}"
CTSEQLLTY,"{""P47705"": 22}"
CTSEQLLTX,"{""P47705"": 2}"
CTNGIYQLA,"{""P47466"": 108}"
CTNGIXQLA,"{""P47466"": 5}"
CWLCQNGCS,"{""P47436"": 554}"
CWLCQNGXS,"{""P47436"": 25}"
CWLXQNGCS,"{""P47436"": 37}"
CWLXQNGXS,"{""P47436"": 1}"
CWNFQTIIX,"{""P47587"": 575}"
CWNFQTIIK,"{""P47587"": 15}"
CWXXFLWXX,"{""P47306"": 73}"
CWXXFLWXI,"{""P47306"": 3}"
CWXXFLWKI,"{""P47306"": 1}"
CWXXXXXXX,"{""P47306"": 32}"
CWXKFLWXX,"{""P47306"": 2}"
CWACNAAGN,"{""P47492"": 111}"
CWAXNAAGN,"{""P47492"": 5}"
CWKXXXXXX,"{""P47306"": 2}"
CWKXFLWXX,"{""P47306"": 2}"
CVGNNNNLF,"{""P22746"": 117}"
CVIVDDVLA,"{""P47518"": 606}"
CVISITHDM,"{""P47425"": 120}"
CVDSAGLQE,"{""P47662"": 35}"
CVFFNQNHL,"{""P47371"": 616}"
CVFXXXXXX,"{""P47525"": 562}"
CVFASTKTH,"{""P47577"": 5}"
CVFASTXTH,"{""P47577"": 111}"
CVFASTXXX,"{""P47577"": 27}"
CVFKXXXXX,"{""P47525"": 20}"
CVQVCYVLL,"{""P47267"": 520}"
CVQVCXVLL,"{""P47267"": 30}"
CVQVXYVLL,"{""P47267"": 28}"
CVQVXXVLL,"{""P47267"": 1}"
CHEQNLFXX,"{""P47292"": 537}"
CHEQNLFXA,"{""P47292"": 10}"
CHEXASFXG,"{""P47277"": 74}"
CHEXASFXX,"{""P47277"": 16}"
CHEXASFKG,"{""P47277"": 2}"
CHEXXXXXX,"{""P47277"": 23}"
CHEKASFXX,"{""P47277"": 1}"
CHEKASFXG,"{""P47277"": 2}"
CHPFYIGQL,"{""P47499"": 110}"
CHPFXIGQL,"{""P47499"": 8}"
CHFSNCYHQ,"{""P47356"": 129}"
CHFSNCXHQ,"{""P47356"": 7}"
CHFSNXYHQ,"{""P47356"": 7}"
CHGXXLIXD,"{""P47660"": 75}"
CHGXXLIXX,"{""P47660"": 13}"
CHGXXLIKD,"{""P47660"": 4}"
CHGXXXXXX,"{""P47660"": 33}"
CHGXKLIXD,"{""P47660"": 4}"
CHGXKLIKD,"{""P47660"": 1}"
CHGKXLIXD,"{""P47660"": 3}"
CEILIHLIS,"{""P47624"": 626}"
CELYGLXXX,"{""P47330"": 411}"
CELYGLXIY,"{""P47330"": 111}"
CELYGLXIX,"{""P47330"": 7}"
CELYGLKIX,"{""P47330"": 1}"
CELYGLKIY,"{""P47330"": 3}"
CELDLEHLX,"{""Q49405"": 588}"
CELDLEHLK,"{""Q49405"": 18}"
CELXGLKIY,"{""P47330"": 2}"
CELXGLXXX,"{""P47330"": 21}"
CELXGLXIY,"{""P47330"": 2}"
CEEELATPY,"{""P47479"": 560}"
CEEELATPX,"{""P47479"": 35}"
CEVCNGXXY,"{""P47660"": 64}"
CEVCNGXXX,"{""P47660"": 32}"
CEVCNGXKY,"{""P47660"": 8}"
CEVCNGKXX,"{""P47660"": 4}"
CEVCNGKXY,"{""P47660"": 1}"
CEVXNGXXX,"{""P47660"": 2}"
CEVXNGXXY,"{""P47660"": 2}"
CEVXNGXKX,"{""P47660"": 1}"
CYITTPIYY,"{""P47267"": 541}"
CYITTPIYX,"{""P47267"": 25}"
CYITTPIXY,"{""P47267"": 20}"
CYFIEXXXX,"{""Q49404"": 92}"
CYFIEXIPL,"{""Q49404"": 17}"
CSVSILXXX,"{""P47267"": 429}"
CSVSILXEI,"{""P47267"": 109}"
CSVSILKEI,"{""P47267"": 6}"
CSXEQLFEN,"{""Q49430"": 481}"
CSXXXXXXX,"{""Q49430"": 106}"
CSLVGLQQL,"{""Q9ZB78"": 142}"
CSNXXXXXX,"{""P47592"": 441}"
CSNXGDIHL,"{""P47592"": 110}"
CSNKGDIHL,"{""P47592"": 6}"
CSFLNPFXI,"{""P47544"": 100}"
CSFLNPFXX,"{""P47544"": 21}"
CSFLNPFKI,"{""P47544"": 9}"
CSEEELXXX,"{""P47382"": 103}"
CSEEELXKX,"{""P47382"": 2}"
CSEEELKXX,"{""P47382"": 2}"
CSKEQLFEN,"{""Q49430"": 23}"
CSTLVMLDE,"{""P47494"": 31}"
CMTLLDNHI,"{""P47615"": 139}"
CFQDXXXXX,"{""P47270"": 464}"
CFQDXXIVH,"{""P47270"": 101}"
CFQDXKIVH,"{""P47270"": 7}"
CFQDKXXXX,"{""P47270"": 21}"
CFQDKXIVH,"{""P47270"": 2}"
CFQXIAGIS,"{""Q49400"": 96}"
CFQXXXXXX,"{""Q49400"": 14}"
CFQKIAGIS,"{""Q49400"": 6}"
CFYLNNXCD,"{""P47379"": 379}"
CFYLNNXXX,"{""P47379"": 147}"
CFYLNNXXD,"{""P47379"": 17}"
CFYLNNKCD,"{""P47379"": 17}"
CFXXXXXXX,"{""P47587"": 543}"
CFXSXEXXX,"{""P47700"": 16}"
CFXSXEXLE,"{""P47700"": 3}"
CFXSXXXXX,"{""P47700"": 5}"
CFXSKEXXX,"{""P47700"": 1}"
CFXLNNXCD,"{""P47379"": 21}"
CFXLNNXXD,"{""P47379"": 5}"
CFXLNNXXX,"{""P47379"": 5}"
CFXLNNKCD,"{""P47379"": 1}"
CFALAXYHT,"{""P47505"": 80}"
CFALAXXXX,"{""P47505"": 33}"
CFALAXXHT,"{""P47505"": 2}"
CFALAKYHT,"{""P47505"": 5}"
CFCSXXXXX,"{""P47700"": 111}"
CFCSXEXXX,"{""P47700"": 344}"
CFCSXEXLE,"{""P47700"": 104}"
CFCSXEKLE,"{""P47700"": 2}"
CFCSKEXXX,"{""P47700"": 15}"
CFCSKEXLE,"{""P47700"": 2}"
CFGPFASSX,"{""P47448"": 106}"
CFGPFASSK,"{""P47448"": 9}"
CFGDGVIXI,"{""P47660"": 8}"
CFGDGVIRI,"{""P47660"": 16}"
CFSXQXIXA,"{""P47425"": 3}"
CFSXQXIXX,"{""P47425"": 1}"
CFSXQXXXX,"{""P47425"": 2}"
CFSRQXXXX,"{""P47425"": 3}"
CFSRQXIXA,"{""P47425"": 13}"
CFSRQXIXX,"{""P47425"": 3}"
CFSRQXIKA,"{""P47425"": 2}"
CFNTNIQYD,"{""P47293"": 24}"
CFNTNIQXD,"{""P47293"": 3}"
CFLIAFGCV,"{""P47468"": 16}"
CNNIHXAQQ,"{""P47365"": 496}"
CNNIHXXXX,"{""P47365"": 84}"
CNNIHKAQQ,"{""P47365"": 23}"
CNQPLVYRY,"{""P47368"": 25}"
CNQPLVYRX,"{""P47368"": 1}"
CNQPLVYXY,"{""P47368"": 7}"
CNQPLVYXX,"{""P47368"": 1}"
CNQPLVXRY,"{""P47368"": 1}"
CNLNXNIDI,"{""P47247"": 106}"
CNLNXXXXX,"{""P47247"": 23}"
CNLNKNIDI,"{""P47247"": 4}"
CNLVSLGHT,"{""P47457"": 30}"
CNEYGERQX,"{""P47632"": 21}"
CNEYGERQK,"{""P47632"": 2}"
CNEYGEXQX,"{""P47632"": 6}"
CNEXGERQX,"{""P47632"": 2}"
CNEXGEXQX,"{""P47632"": 1}"
CNISNFTQL,"{""P47582"": 149}"
CAXLEADLN,"{""P47453"": 444}"
CAXXXXXXX,"{""P47453"": 115}"
CAXVITEIR,"{""P47296"": 6}"
CAXVITEIX,"{""P47296"": 2}"
CAFHGYLGF,"{""P47418"": 126}"
CAFHGXLGF,"{""P47418"": 10}"
CACVITEIR,"{""P47296"": 106}"
CACVITEIX,"{""P47296"": 32}"
CAPHQXXXX,"{""P47448"": 16}"
CAPHQXNHP,"{""P47448"": 105}"
CAPHQKNHP,"{""P47448"": 3}"
CAKLEADLN,"{""P47453"": 19}"
CINCLEILN,"{""P47253"": 122}"
CINXLEILN,"{""P47253"": 7}"
CIALGPTEG,"{""P47639"": 142}"
CGVWVTESI,"{""P47582"": 14}"
CGAPLIEVV,"{""P47346"": 606}"
CGAILFVTD,"{""P47688"": 108}"
CGFLGLLHM,"{""P47384"": 545}"
CGFSISELE,"{""P47660"": 27}"
CGXXXXXXX,"{""P47603"": 115}"
CGXXXLSHR,"{""P47603"": 4}"
CGXXXLSHX,"{""P47603"": 1}"
CGXKXXXXX,"{""P47603"": 5}"
CGXARAVLS,"{""P47410"": 1}"
CGXAXAVLS,"{""P47410"": 1}"
CGLEPFVVX,"{""P47508"": 114}"
CGLLHDIGX,"{""P47376"": 128}"
CGLLHDIGK,"{""P47376"": 3}"
CGRARAVLS,"{""P47410"": 2}"
CGRAXAVLS,"{""P47410"": 1}"
CGKXXXXXX,"{""P47603"": 3}"
CCSELXNTS,"{""P47386"": 79}"
CCSELXXXX,"{""P47386"": 31}"
CCSELKNTS,"{""P47386"": 4}"
CCSGVIEPN,"{""P47545"": 116}"
CCLVSDAGY,"{""P47302"": 122}"
CCLVSDAGX,"{""P47302"": 5}"
CRXVVLHXE,"{""P47567"": 73}"
CRXVVLHXX,"{""P47567"": 17}"
CRXVVLHKE,"{""P47567"": 4}"
CRXXXXXXX,"{""P47567"": 20}"
CRKVVLHXE,"{""P47567"": 3}"
CRKVVLHXX,"{""P47567"": 2}"
CRKVVLHKE,"{""P47567"": 1}"
CKVNTGLTX,"{""P47687"": 25}"
CKPXXXXXX,"{""P47651"": 9}"
CKPXIRXXX,"{""P47651"": 3}"
CKPXIRXXL,"{""P47651"": 1}"
CKPXIXXXX,"{""P47651"": 1}"
CKXVXEILX,"{""P47371"": 1}"
CKXVYEILX,"{""P47371"": 20}"
CKXVYEILK,"{""P47371"": 2}"
CKXXXXXXX,"{""P47371"": 4}"
CKYSEFSNP,"{""P47368"": 4}"
CKYANVQFG,"{""P47615"": 2}"
CKLHHSFLT,"{""P47280"": 18}"
CKLVIIQAN,"{""P47259"": 6}"
CKLDETVAL,"{""P47684"": 3}"
CKQXYXLLL,"{""P47661"": 3}"
CKKVYEILX,"{""P47371"": 2}"
CKSYILFLM,"{""Q49411"": 1}"
CKTCRSNXY,"{""P47265"": 1}"
IADLSQGSL,"{""P47658"": 35}"
IADLFLAXQ,"{""P47321"": 99}"
IADLFLAXX,"{""P47321"": 20}"
IADLFLAKQ,"{""P47321"": 4}"
IADFHNDSL,"{""P47460"": 636}"
IADFFIXXX,"{""P47539"": 25}"
IADFFIXQN,"{""P47539"": 87}"
IADFFIKQN,"{""P47539"": 3}"
IADSIVEWF,"{""P47618"": 131}"
IADIEXXXX,"{""P47480"": 35}"
IADIEXIXV,"{""P47480"": 76}"
IADIEXIXX,"{""P47480"": 16}"
IADIEXIKV,"{""P47480"": 3}"
IADIEKIXX,"{""P47480"": 1}"
IADIEKIXV,"{""P47480"": 3}"
IADIEKIKV,"{""P47480"": 1}"
IADTVNDTE,"{""P47350"": 108}"
IANAVXVTV,"{""P47632"": 96}"
IANAVXXXX,"{""P47632"": 21}"
IANAVKVTV,"{""P47632"": 6}"
IANEIALXX,"{""P47382"": 588}"
IANEIALXK,"{""P47382"": 19}"
IANEIALKX,"{""P47382"": 27}"
IANEIALKK,"{""P47382"": 1}"
IANEGWXXX,"{""P47260"": 129}"
IANEGWKXX,"{""P47260"": 5}"
IANELAXLM,"{""P47297"": 104}"
IANELAXXX,"{""P47297"": 17}"
IANELAKLM,"{""P47297"": 2}"
IANEXLDLF,"{""Q49329"": 88}"
IANEXXXXX,"{""Q49329"": 20}"
IANEKLDLF,"{""Q49329"": 4}"
IANSFPEXX,"{""P47502"": 113}"
IANSFPEXV,"{""P47502"": 521}"
IANSFPEKV,"{""P47502"": 22}"
IANSVVIAS,"{""P47609"": 634}"
IANSLGIKL,"{""P47537"": 4}"
IANSLGIXL,"{""P47537"": 104}"
IANSLGIXX,"{""P47537"": 22}"
IANSDQLXE,"{""P47618"": 503}"
IANSDQLXX,"{""P47618"": 105}"
IANSDQLKE,"{""P47618"": 25}"
IANSSNVSL,"{""P47323"": 621}"
IANXFLVPX,"{""P47610"": 463}"
IANXFLVPK,"{""P47610"": 4}"
IANXXXXXX,"{""P47610"": 130}"
IANXIVIGG,"{""P47510"": 5}"
IANXILGLG,"{""P47294"": 27}"
IANXIIKIS,"{""P47705"": 2}"
IANXIIXIS,"{""P47705"": 13}"
IANXIIXXX,"{""P47705"": 7}"
IANXRFTTL,"{""P47624"": 2}"
IANTECLDQ,"{""P47513"": 533}"
IANTEXLDQ,"{""P47513"": 34}"
IANRILGLG,"{""P47294"": 119}"
IANRIIXIS,"{""P47705"": 68}"
IANRIIXXX,"{""P47705"": 30}"
IANRIIKIS,"{""P47705"": 3}"
IANCIVIGG,"{""P47510"": 108}"
IANQFNVKY,"{""P47482"": 7}"
IANQFNVXY,"{""P47482"": 103}"
IANQFNVXX,"{""P47482"": 34}"
IANHYNLXI,"{""P47358"": 104}"
IANHYNLXX,"{""P47358"": 24}"
IANHYNLKI,"{""P47358"": 3}"
IANHXNLXI,"{""P47358"": 9}"
IANKFLVPX,"{""P47610"": 14}"
IANYRFTTL,"{""P47624"": 20}"
IANYXFTTL,"{""P47624"": 9}"
IANWLTVYR,"{""P47360"": 4}"
IANWLTVYX,"{""P47360"": 1}"
IAIXEGADE,"{""P47296"": 96}"
IAIXELPQW,"{""P47493"": 472}"
IAIXXXXXX,"{""P47493"": 135, ""P47296"": 16}"
IAIXIVRRI,"{""Q49425"": 1}"
IAIXLXALG,"{""P47310"": 2}"
IAIARALIT,"{""P47326"": 114}"
IAIAXALIT,"{""P47326"": 36}"
IAIRIVRRI,"{""Q49425"": 3}"
IAIRIVRXI,"{""Q49425"": 1}"
IAIRIVXRI,"{""Q49425"": 1}"
IAIRLXALG,"{""P47310"": 19}"
IAIRLXXXX,"{""P47310"": 3}"
IAIRLKALG,"{""P47310"": 2}"
IAILTSGGD,"{""P47457"": 127}"
IAILEILIX,"{""P47411"": 99}"
IAILEILIK,"{""P47411"": 6}"
IAILVFLMV,"{""P47509"": 119}"
IAINSPLFH,"{""P47448"": 127}"
IAINAFXXR,"{""Q49418"": 12}"
IAINAFXXX,"{""Q49418"": 114}"
IAINAFXKR,"{""Q49418"": 1}"
IAINAFKXX,"{""Q49418"": 3}"
IAINAFKXR,"{""Q49418"": 1}"
IAIKELPQW,"{""P47493"": 22}"
IAIKEGADE,"{""P47296"": 3}"
IAIVGSGAV,"{""P47698"": 23}"
IAIIGETNV,"{""P47254"": 143}"
IAXTVDDSV,"{""P47317"": 113}"
IAXTLNVAX,"{""P47495"": 27}"
IAXTLNVAR,"{""P47495"": 115}"
IAXVLNSTD,"{""P47491"": 118}"
IAXVVHVNY,"{""P47330"": 1}"
IAXXXXXXX,"{""P47581"": 94, ""P47257"": 127, ""P47647"": 477, ""P47495"": 457, ""P47431"": 93, ""P47491"": 449, ""P47299"": 107, ""P36263"": 107, ""P47498"": 125, ""P47270"": 17, ""P47540"": 20, ""P47327"": 102, ""P47280"": 29, ""P47248"": 4, ""P47282"": 23, ""P47317"": 16}"
IAXXNRLLY,"{""P47647"": 5}"
IAXXNXLLY,"{""P47647"": 1}"
IAXXRLAXX,"{""P47248"": 1}"
IAXXYGAFV,"{""P47299"": 1}"
IAXALLSLE,"{""Q49424"": 4}"
IAXADTFIE,"{""P47260"": 3}"
IAXSFTXLQ,"{""P47431"": 400}"
IAXSFTXXX,"{""P47431"": 85}"
IAXSFTKLQ,"{""P47431"": 20}"
IAXINLIGG,"{""P47327"": 514}"
IAXISVVIF,"{""P47280"": 84}"
IAXIHXXXS,"{""P47606"": 5}"
IAXIHXXXX,"{""P47606"": 3}"
IAXLQNQLN,"{""P47540"": 106}"
IAXLPGRNE,"{""P36263"": 5}"
IAXLPGXNE,"{""P36263"": 2}"
IAXLSQGVA,"{""P47632"": 9}"
IAXEEFVLL,"{""P47270"": 96}"
IAXYNXLLY,"{""P47647"": 19}"
IAXYNRLLY,"{""P47647"": 95}"
IAXYNRLLX,"{""P47647"": 2}"
IAXDHDVSL,"{""P47282"": 96}"
IAXPFGVAI,"{""P47581"": 23}"
IAXRYGAFV,"{""P47299"": 10}"
IAXRXGAFV,"{""P47299"": 1}"
IAXNGXXXX,"{""P47631"": 6}"
IAXNGXSVE,"{""P47631"": 1}"
IAETEXYAH,"{""P47669"": 488}"
IAETEXXXX,"{""P47669"": 98}"
IAETEXXAH,"{""P47669"": 25}"
IAETEKYAH,"{""P47669"": 25}"
IAETEKXAH,"{""P47669"": 1}"
IAETNXXVA,"{""P47508"": 87}"
IAETNXXXX,"{""P47508"": 36}"
IAETNXKVA,"{""P47508"": 4}"
IAETNKXVA,"{""P47508"": 3}"
IAECXQMEI,"{""P47664"": 502}"
IAECXXXXX,"{""P47664"": 96}"
IAECKQMEI,"{""P47664"": 23}"
IAEIQDILA,"{""P47524"": 649}"
IAEITXXXX,"{""Q49407"": 23}"
IAEITXLDH,"{""Q49407"": 99}"
IAEITKLDH,"{""Q49407"": 4}"
IAEIXXXXX,"{""P47491"": 84}"
IAEIXXLSL,"{""P47491"": 5}"
IAEIXRLSL,"{""P47491"": 16}"
IAEIKRLSL,"{""P47491"": 2}"
IAELEEWNE,"{""Q49419"": 127}"
IAELDLXXX,"{""P47653"": 21}"
IAELDLXSS,"{""P47653"": 111}"
IAELDLKSS,"{""P47653"": 3}"
IAEXXXXXX,"{""P47664"": 4}"
IAEXXQMEI,"{""P47664"": 16}"
IAEXNVHVF,"{""P47385"": 7}"
IAEXKQMEI,"{""P47664"": 2}"
IAEELDFFY,"{""P47572"": 91}"
IAEELDFFX,"{""P47572"": 4}"
IAEEQRRQE,"{""P47278"": 2}"
IAEEQRXQE,"{""P47278"": 1}"
IAERNVHVF,"{""P47385"": 20}"
IAEMMRQAE,"{""P47380"": 5}"
IAEMMXQAE,"{""P47380"": 1}"
IAQDVIVQI,"{""P47318"": 145}"
IAQXXXRXX,"{""P57085"": 2}"
IAQXXXXXX,"{""P57085"": 115, ""P47520"": 22}"
IAQXXRRXX,"{""P57085"": 2}"
IAQXXRXXX,"{""P57085"": 1}"
IAQXFTNAE,"{""P47520"": 94}"
IAQSIXINN,"{""P47591"": 96}"
IAQSIXXXX,"{""P47591"": 26}"
IAQSIKINN,"{""P47591"": 7}"
IAQQQEVSE,"{""P47495"": 120}"
IAQTAXAXQ,"{""P47451"": 77}"
IAQTAXAXX,"{""P47451"": 10}"
IAQTAXAKQ,"{""P47451"": 7}"
IAQTAXXXX,"{""P47451"": 18}"
IAQTAKAXQ,"{""P47451"": 1}"
IAQTAKAXX,"{""P47451"": 1}"
IAQKFTNAE,"{""P47520"": 1}"
IAQKXXXXX,"{""P57085"": 4}"
IALDXFNSV,"{""P47264"": 134}"
IALDXXXXX,"{""P47264"": 469}"
IALDKFNSV,"{""P47264"": 7}"
IALLDADVN,"{""P47294"": 651}"
IALLXCLIE,"{""P47478"": 453}"
IALLXXXXX,"{""P47478"": 119}"
IALLXXLIE,"{""P47478"": 22}"
IALLMMGXX,"{""P47365"": 19}"
IALLMMGXE,"{""P47365"": 94}"
IALLMMGKE,"{""P47365"": 9}"
IALLKCLIE,"{""P47478"": 20}"
IALPMVXXX,"{""P47435"": 114}"
IALPMVXST,"{""P47435"": 7}"
IALPYRVHP,"{""P47350"": 3}"
IALPYXVHP,"{""P47350"": 5}"
IALPXRVHP,"{""P47350"": 1}"
IALXENQXY,"{""P47576"": 67}"
IALXENQXX,"{""P47576"": 17}"
IALXENQKY,"{""P47576"": 6}"
IALXXXXXX,"{""P47576"": 22}"
IALIALTFL,"{""P47310"": 126}"
IALIQQXLE,"{""Q49405"": 100}"
IALIQQXXX,"{""Q49405"": 19}"
IALIQQKLE,"{""Q49405"": 3}"
IALALRWIV,"{""P47334"": 103}"
IALALXWIV,"{""P47334"": 39}"
IALKENQXX,"{""P47576"": 2}"
IALKENQXY,"{""P47576"": 1}"
IAWILXNVP,"{""P47284"": 111}"
IAWILXXXX,"{""P47284"": 14}"
IAWILKNVP,"{""P47284"": 11}"
IAWFXXXXX,"{""P47277"": 90}"
IAWFXLYHP,"{""P47277"": 485}"
IAWFXLXHP,"{""P47277"": 22}"
IAWFKLYHP,"{""P47277"": 34}"
IAWFKLXHP,"{""P47277"": 1}"
IAFFGDVLN,"{""P47618"": 559}"
IAFLVDSVS,"{""P47688"": 624}"
IAFQIDEYD,"{""P47350"": 115}"
IAFQIDEXD,"{""P47350"": 7}"
IAFSDLQXD,"{""P47460"": 104}"
IAFSDLQXX,"{""P47460"": 23}"
IAFSDLQKD,"{""P47460"": 5}"
IAFIDTGGL,"{""P47571"": 135}"
IAVIGDSWN,"{""P47371"": 628}"
IAVIXQQXL,"{""P47572"": 76}"
IAVIXQQXX,"{""P47572"": 21}"
IAVIXQQKL,"{""P47572"": 1}"
IAVIXXXXX,"{""P47572"": 21}"
IAVISNDPA,"{""P47387"": 139}"
IAVIKQQXL,"{""P47572"": 7}"
IAVIKQQXX,"{""P47572"": 3}"
IAVNNIXXX,"{""P47596"": 28}"
IAVNNIXTL,"{""P47596"": 102}"
IAVNNIKTL,"{""P47596"": 7}"
IAVVEFIFS,"{""P47273"": 594}"
IAVELAXXX,"{""P47255"": 43}"
IAVELAXXY,"{""P47255"": 75}"
IAVELAXKY,"{""P47255"": 3}"
IAVELAKXY,"{""P47255"": 4}"
IAVELAKXX,"{""P47255"": 2}"
IAVAVGINE,"{""P36263"": 124}"
IAVDPNIRX,"{""P47572"": 20}"
IAVDPNIRK,"{""P47572"": 1}"
IAVDPNIXX,"{""P47572"": 7}"
IAGRIGMYP,"{""P47520"": 17}"
IAGRIGMXP,"{""P47520"": 2}"
IAGRMFSFF,"{""P47467"": 4}"
IAGISWFTN,"{""Q49400"": 127}"
IAGIQRVXQ,"{""P47582"": 5}"
IAGIQRVRQ,"{""P47582"": 23}"
IAGIQXVRQ,"{""P47582"": 4}"
IAGLSLXHF,"{""P47698"": 109}"
IAGLSLXXX,"{""P47698"": 23}"
IAGLSLKHF,"{""P47698"": 6}"
IAGLNVERI,"{""P47547"": 15}"
IAGLNVEXI,"{""P47547"": 4}"
IAGFDSVGM,"{""P47687"": 119}"
IAGSNYQVP,"{""P47334"": 7}"
IAGXIGMYP,"{""P47520"": 7}"
IAGXIGMXP,"{""P47520"": 1}"
IAGXMFSFF,"{""P47467"": 1}"
IAALAEGAX,"{""P47413"": 31}"
IAALAEGAR,"{""P47413"": 102}"
IAASLILXX,"{""P47385"": 588}"
IAASLILXK,"{""P47385"": 21}"
IAASLILKX,"{""P47385"": 25}"
IAASLALXX,"{""P47335"": 26}"
IAASLALXE,"{""P47335"": 98}"
IAASLALKE,"{""P47335"": 4}"
IAAYEAXXX,"{""P47661"": 94}"
IAAYEAXSR,"{""P47661"": 12}"
IAAYEAXSX,"{""P47661"": 3}"
IAAIISQGG,"{""P47417"": 28}"
IAAXEAXXX,"{""P47661"": 2}"
IAAXEAXSR,"{""P47661"": 1}"
IASNLVGXX,"{""P47354"": 25}"
IASNLVGXL,"{""P47354"": 106}"
IASNLVGKL,"{""P47354"": 5}"
IASAVXXGG,"{""P47574"": 381}"
IASAVXXXX,"{""P47574"": 183}"
IASAVXKGG,"{""P47574"": 25}"
IASAVKXGG,"{""P47574"": 26}"
IASAVKXXX,"{""P47574"": 6}"
IASAVKKGG,"{""P47574"": 1}"
IASEVESYX,"{""P47318"": 549}"
IASEVESYK,"{""P47318"": 4}"
IASEVESXX,"{""P47318"": 33}"
IASEVESXK,"{""P47318"": 1}"
IASEIENFP,"{""P47618"": 134}"
IASENQFHL,"{""P47264"": 32}"
IASTXTGSI,"{""P47639"": 424}"
IASTXXXXX,"{""P47639"": 143}"
IASTKTGSI,"{""P47639"": 23}"
IASXXXXXX,"{""P47512"": 27}"
IASXGVDSV,"{""P47512"": 101}"
IASDSGLTM,"{""P47583"": 120}"
IASKGVDSV,"{""P47512"": 2}"
IAYNGXXXX,"{""P47631"": 82}"
IAYNGXSVE,"{""P47631"": 21}"
IAYIHXKXX,"{""P47606"": 1}"
IAYIHXKXS,"{""P47606"": 4}"
IAYIHXXXS,"{""P47606"": 65}"
IAYIHXXXX,"{""P47606"": 46}"
IAYIHXXKS,"{""P47606"": 3}"
IAYIHKXXS,"{""P47606"": 4}"
IAYIHKXKS,"{""P47606"": 1}"
IAYIHKKXS,"{""P47606"": 1}"
IAYLSQGVA,"{""P47632"": 126}"
IAYXXXXXX,"{""P47248"": 63}"
IAYXXLAXX,"{""P47248"": 3}"
IAYXRLAXR,"{""P47248"": 6}"
IAYXRLAXX,"{""P47248"": 16}"
IAYKRLAXX,"{""P47248"": 1}"
IATIIAXSW,"{""P47450"": 120}"
IATIIAXXX,"{""P47450"": 445}"
IATIIAKSW,"{""P47450"": 7}"
IATEQVQNS,"{""Q9ZB78"": 119}"
IATFNNIXN,"{""P47286"": 116}"
IATFNNIXX,"{""P47286"": 462}"
IATFNNIKN,"{""P47286"": 5}"
IATNGAIXA,"{""P47423"": 87}"
IATNGAIXX,"{""P47423"": 26}"
IATNGAIKA,"{""P47423"": 2}"
IATPIFQGV,"{""P47583"": 138}"
IATLIVAFN,"{""P47285"": 141}"
IAKTVDDSV,"{""P47317"": 7}"
IAKTLNVAX,"{""P47495"": 3}"
IAKSFTXXX,"{""P47431"": 4}"
IAKSFTXLQ,"{""P47431"": 15}"
IAKSFTKLQ,"{""P47431"": 1}"
IAKEEFVLL,"{""P47270"": 6}"
IAKYNXLLY,"{""P47647"": 2}"
IAKYNRLLY,"{""P47647"": 4}"
IAKYNRLLX,"{""P47647"": 1}"
IAKLQNQLN,"{""P47540"": 6}"
IAKINLIGG,"{""P47327"": 29}"
IAKISVVIF,"{""P47280"": 8}"
IAKVLNSTD,"{""P47491"": 5}"
IAKXXXXXX,"{""P47498"": 3}"
IAKXNXLLY,"{""P47647"": 1}"
IAKDHDVSL,"{""P47282"": 3}"
IAKRYGAFV,"{""P47299"": 1}"
IARALLSLE,"{""Q49424"": 24}"
IARSAGSXA,"{""P47400"": 1}"
IARSAGSYA,"{""P47400"": 3}"
IAMLKLAIX,"{""P47482"": 24}"
IAMLKLAIK,"{""P47482"": 2}"
IAMLXLAIX,"{""P47482"": 476}"
IAMLXLAIK,"{""P47482"": 15}"
IAMLXXXXX,"{""P47482"": 100}"
IAMXLWXEA,"{""P47658"": 2}"
IAMXLWXXX,"{""P47658"": 2}"
IAMRLWXEA,"{""P47658"": 24}"
IAMRLWXXX,"{""P47658"": 4}"
IAHSVKRTL,"{""P47385"": 2}"
IAHSVXXXX,"{""P47385"": 93}"
IAHSVXXTL,"{""P47385"": 10}"
IAHSVXRTL,"{""P47385"": 23}"
IACADTFIE,"{""P47260"": 132}"
IACVVHVNY,"{""P47330"": 5}"
IAPGVMXXX,"{""P47641"": 79}"
IAPGVMXRX,"{""P47641"": 20}"
IAPGVMKRX,"{""P47641"": 1}"
INTIXEILP,"{""P47632"": 108}"
INTIXXXXX,"{""P47632"": 19}"
INTILXQVX,"{""P47597"": 462}"
INTILXXXX,"{""P47597"": 146}"
INTILKQVX,"{""P47597"": 22}"
INTIIFMVP,"{""P47285"": 119}"
INTIKEILP,"{""P47632"": 5}"
INTSLDQPQ,"{""P52271"": 122}"
INTSIXTXX,"{""P47495"": 73}"
INTSIXTXD,"{""P47495"": 20}"
INTSIXTKD,"{""P47495"": 2}"
INTSIXXXX,"{""P47495"": 19}"
INTSIKTXX,"{""P47495"": 2}"
INTNEEIEQ,"{""P47632"": 137}"
INTLVEXFS,"{""Q49406"": 97}"
INTLVEXXX,"{""Q49406"": 25}"
INTLVEKFS,"{""Q49406"": 4}"
INTLIRXPV,"{""P47399"": 7}"
INTLIRXXX,"{""P47399"": 13}"
INTLIXXXX,"{""P47399"": 6}"
INDTVVIYX,"{""P47496"": 542}"
INDTVVIYK,"{""P47496"": 26}"
INDTVVIXX,"{""P47496"": 26}"
INDTVVIXK,"{""P47496"": 1}"
INDAQNILL,"{""P47402"": 128}"
INDAEFLQD,"{""P47533"": 623}"
INDLAVXED,"{""Q49426"": 5}"
INDLAVCED,"{""Q49426"": 114}"
INDLEDELS,"{""Q49419"": 104}"
INDYXIXNF,"{""P47278"": 401}"
INDYXIXXX,"{""P47278"": 91}"
INDYXIKNF,"{""P47278"": 22}"
INDYXXXXX,"{""P47278"": 101}"
INDYXXNII,"{""P47649"": 1}"
INDYXYNII,"{""P47649"": 34}"
INDYCYNII,"{""P47649"": 542}"
INDYCXNII,"{""P47649"": 38}"
INDYKIXNF,"{""P47278"": 20}"
INDYKIXXX,"{""P47278"": 2}"
INDYKIKNF,"{""P47278"": 1}"
INDXXIXNF,"{""P47278"": 14}"
INDXXIXXX,"{""P47278"": 6}"
INDXXXXXX,"{""P47278"": 2}"
INDXCYNII,"{""P47649"": 28}"
INDPIVQXX,"{""P47282"": 461}"
INDPIVQXR,"{""P47282"": 98}"
INDPIVQKX,"{""P47282"": 2}"
INDPIVQKR,"{""P47282"": 2}"
INDFFDALF,"{""P47483"": 131}"
INDQFGDER,"{""P47250"": 7}"
INDQFGDEX,"{""P47250"": 1}"
INDQTLVNE,"{""P47585"": 20}"
INDDXXXXX,"{""P47618"": 89}"
INDDXNSLL,"{""P47618"": 9}"
INDNYRYXV,"{""Q49415"": 9}"
INDNYRYXX,"{""Q49415"": 11}"
INDNYRXXV,"{""Q49415"": 1}"
INDNYXYXV,"{""Q49415"": 3}"
INDNYXYXX,"{""Q49415"": 5}"
INADXXPGE,"{""P47315"": 76}"
INADXXXXX,"{""P47315"": 34}"
INADXKPGE,"{""P47315"": 4}"
INADXVITA,"{""P47609"": 12}"
INADYVITA,"{""P47609"": 129}"
INADKXPGE,"{""P47315"": 9}"
INAQTITEX,"{""P47294"": 111}"
INAQTITEK,"{""P47294"": 2}"
INALNHQRI,"{""Q57081"": 29}"
INALNHQXI,"{""Q57081"": 6}"
INALDGSKQ,"{""P47527"": 3}"
INALDGSXQ,"{""P47527"": 100}"
INALDGSXX,"{""P47527"": 23}"
INAXVIGLF,"{""P47534"": 118}"
INAXXXXXX,"{""P47534"": 31}"
INAGISFVL,"{""P47365"": 121}"
INAKVIGLF,"{""P47534"": 5}"
INGLSHVCG,"{""P47264"": 111}"
INGLSHVXG,"{""P47264"": 2}"
INGMENXXX,"{""P47341"": 94}"
INGMENXTG,"{""P47341"": 5}"
INGIFAQSX,"{""P47615"": 601}"
INGIFAQSK,"{""P47615"": 28}"
INGNLXMIL,"{""P47613"": 107}"
INGNLXXXX,"{""P47613"": 13}"
INGNLKMIL,"{""P47613"": 5}"
INGNQNLID,"{""P47460"": 135}"
INGNDMAFP,"{""P47460"": 111}"
INGSFTLXY,"{""P47321"": 86}"
INGSFTLXX,"{""P47321"": 28}"
INGSFTLKY,"{""P47321"": 3}"
INGRGSYFC,"{""P55825"": 18}"
INGRGSYFX,"{""P55825"": 2}"
INGVLDSLY,"{""P47551"": 16}"
INGXGSYFC,"{""P55825"": 2}"
INPDXRVXX,"{""P47421"": 13}"
INPDXRVXD,"{""P47421"": 5}"
INPDXXXXX,"{""P47421"": 100}"
INPDXXVXX,"{""P47421"": 5}"
INPDXXVXD,"{""P47421"": 2}"
INPDKXVXX,"{""P47421"": 1}"
INPLNPWFX,"{""P47352"": 585}"
INPLNPWFK,"{""P47352"": 34}"
INPSLSSSG,"{""P47580"": 111}"
INPQNIPHF,"{""P47277"": 148}"
INPTLQSFL,"{""Q49409"": 31}"
INPETMVDQ,"{""P55825"": 109}"
INPELLXXH,"{""P47493"": 91}"
INPELLXXX,"{""P47493"": 32}"
INPELLXKH,"{""P47493"": 3}"
INPELLKXH,"{""P47493"": 3}"
INPELLKXX,"{""P47493"": 1}"
INXPFSDDS,"{""P47631"": 507}"
INXNXXDFI,"{""P47577"": 18}"
INXNXXXXX,"{""P47577"": 93}"
INXNXSNQL,"{""P47673"": 4}"
INXNYSNQL,"{""P47673"": 99}"
INXNESLXL,"{""P47661"": 89}"
INXNESLXX,"{""P47661"": 18}"
INXNESLKL,"{""P47661"": 4}"
INXNTXSAF,"{""Q49427"": 93}"
INXNTXXXX,"{""Q49427"": 15}"
INXNTKSAF,"{""Q49427"": 5}"
INXNKXXXX,"{""P47577"": 4}"
INXNKXDFI,"{""P47577"": 1}"
INXXXXXXX,"{""P47484"": 610, ""Q57081"": 124, ""P47366"": 579, ""P47631"": 99, ""P47673"": 11, ""P47682"": 27, ""P47345"": 23, ""P47468"": 43, ""P47661"": 16, ""Q49460"": 21, ""P47577"": 22, ""P47483"": 19, ""Q49427"": 26, ""P47520"": 42, ""P47589"": 12}"
INXXAIFYF,"{""P47468"": 80}"
INXXAIFXF,"{""P47468"": 6}"
INXXDNERV,"{""P47484"": 17}"
INXXDNEXV,"{""P47484"": 1}"
INXXYPDVS,"{""Q57081"": 1}"
INXQALIDA,"{""P47682"": 107}"
INXQXVFYD,"{""P47520"": 65}"
INXQXVFXD,"{""P47520"": 3}"
INXQXDEFD,"{""P47520"": 83}"
INXQXXXXX,"{""P47520"": 29}"
INXQKDEFD,"{""P47520"": 1}"
INXQKVFYD,"{""P47520"": 3}"
INXAXNXLL,"{""Q57081"": 5}"
INXAXNXXX,"{""Q57081"": 2}"
INXAYNKLL,"{""Q57081"": 7}"
INXAYNXLL,"{""Q57081"": 84}"
INXAYNXXX,"{""Q57081"": 17}"
INXHGEIVL,"{""P47483"": 91}"
INXLDFNLE,"{""P47589"": 95}"
INXLFPYQE,"{""Q49460"": 8}"
INXLFPXXX,"{""P47277"": 3}"
INXLTXXXX,"{""P47460"": 1}"
INXLTXXVN,"{""P47460"": 2}"
INXSDEXIL,"{""P47345"": 79}"
INXSDEXXX,"{""P47345"": 10}"
INXSDEKIL,"{""P47345"": 6}"
INXSLLVXG,"{""P47247"": 2}"
INXDWLXXX,"{""Q49460"": 86}"
INXDWLXXK,"{""Q49460"": 1}"
INXDWLXKX,"{""Q49460"": 3}"
INXDWLKXX,"{""Q49460"": 5}"
INXDDVCEG,"{""P47249"": 9}"
INXDDVXEG,"{""P47249"": 1}"
INXRYPDVS,"{""Q57081"": 5}"
INXKAIFYF,"{""P47468"": 3}"
INXKAIFXF,"{""P47468"": 1}"
INLXXXXXX,"{""Q49396"": 108}"
INLXLLXDE,"{""Q49396"": 411}"
INLXLLXXX,"{""Q49396"": 83}"
INLXLLKDE,"{""Q49396"": 16}"
INLTTYETY,"{""P47366"": 113}"
INLTTYETX,"{""P47366"": 5}"
INLTTXETY,"{""P47366"": 9}"
INLIGGQAX,"{""P47327"": 131}"
INLIGGQAK,"{""P47327"": 4}"
INLLNVQSS,"{""P47361"": 19}"
INLLEVXTX,"{""P47374"": 81}"
INLLEVXTK,"{""P47374"": 1}"
INLLEVXXX,"{""P47374"": 25}"
INLETXXXX,"{""P47484"": 30}"
INLETXNES,"{""P47484"": 102}"
INLETKNES,"{""P47484"": 2}"
INLDLINQV,"{""P47394"": 106}"
INLSLLIFG,"{""P47310"": 144}"
INLKLLXDE,"{""Q49396"": 15}"
INLKLLXXX,"{""Q49396"": 5}"
INQQIDDVX,"{""P47277"": 127}"
INQQIDDVK,"{""P47277"": 7}"
INQQNLTIE,"{""P47394"": 133}"
INQSPYFYS,"{""P47589"": 128}"
INQSPYFXS,"{""P47589"": 11}"
INQSPXFYS,"{""P47589"": 4}"
INQXXXXXX,"{""P47573"": 21, ""P47487"": 92}"
INQXILINX,"{""P47573"": 4}"
INQXILINY,"{""P47573"": 87}"
INQXLMAFL,"{""P47487"": 26}"
INQIVXXXX,"{""P47558"": 74}"
INQIVXNNF,"{""P47558"": 29}"
INQIVFNYS,"{""P47606"": 31}"
INQIVFNXS,"{""P47606"": 4}"
INQIVKNNF,"{""P47558"": 1}"
INQTVEXQX,"{""P47609"": 119}"
INQTVEXQK,"{""P47609"": 1}"
INQTVEXXX,"{""P47609"": 18}"
INQTVEKQX,"{""P47609"": 2}"
INQLIXPHC,"{""P47428"": 78}"
INQLIXPHX,"{""P47428"": 3}"
INQLIXXXX,"{""P47428"": 22}"
INQLIKPHX,"{""P47428"": 1}"
INQLIKPHC,"{""P47428"": 3}"
INQKILINY,"{""P47573"": 3}"
INQKLMAFL,"{""P47487"": 1}"
INYLFPXXX,"{""P47277"": 86}"
INYLFPXAH,"{""P47277"": 19}"
INYLFPXQE,"{""Q49460"": 9}"
INYLFPYQE,"{""Q49460"": 102}"
INYLTXXVN,"{""P47460"": 66}"
INYLTXXXX,"{""P47460"": 27}"
INYLTXKVN,"{""P47460"": 2}"
INYLTKXXX,"{""P47460"": 2}"
INYLTKXVN,"{""P47460"": 3}"
INYLTKKVN,"{""P47460"": 1}"
INYSLLVXG,"{""P47247"": 109}"
INYSLLVXX,"{""P47247"": 16}"
INYSLLVKG,"{""P47247"": 7}"
INSGDXXMX,"{""P47429"": 65}"
INSGDXXMK,"{""P47429"": 2}"
INSGDXXXX,"{""P47429"": 36}"
INSGDKXMX,"{""P47429"": 6}"
INSGENLFS,"{""P47386"": 126}"
INSLINATP,"{""P22747"": 98}"
INSLANEHI,"{""P47621"": 644}"
INSLNVSVA,"{""P47494"": 142}"
INSIPTVSD,"{""P47314"": 119}"
INSIYFGVL,"{""P47635"": 120}"
INSIXFGVL,"{""P47635"": 6}"
INSSLHFYL,"{""P47655"": 129}"
INSSLHFXL,"{""P47655"": 6}"
INSSLQLGD,"{""P47387"": 27}"
INSVYXMTM,"{""P47540"": 109}"
INSVYXXXX,"{""P47540"": 18}"
INSVYKMTM,"{""P47540"": 3}"
INSVXXMTM,"{""P47540"": 4}"
INSVXXXXX,"{""P47540"": 1}"
INSWHXXXX,"{""P47284"": 100}"
INSWHXAVE,"{""P47284"": 27}"
INSDNAQNI,"{""P47323"": 145}"
INSXXXXXX,"{""P47313"": 95}"
INSXPEEMN,"{""P47313"": 20}"
INSKPEEMN,"{""P47313"": 2}"
INEAPXFWE,"{""Q49429"": 488}"
INEAPXXXX,"{""Q49429"": 102}"
INEAPKFWE,"{""Q49429"": 22}"
INEAELILN,"{""P47257"": 14}"
INEXXXXXX,"{""P47491"": 616}"
INEXVEEDV,"{""P47260"": 3}"
INEFXNESA,"{""P47460"": 94}"
INEFXXXXX,"{""P47460"": 21}"
INEFKNESA,"{""P47460"": 5}"
INELVINET,"{""P47369"": 127}"
INELEQRXX,"{""P47540"": 17}"
INELEQRXV,"{""P47540"": 5}"
INELEQRKV,"{""P47540"": 1}"
INELEQXXX,"{""P47540"": 4}"
INELEQXXV,"{""P47540"": 5}"
INELEQXKV,"{""P47540"": 1}"
INELEIRMQ,"{""P47459"": 26}"
INELEIXMQ,"{""P47459"": 3}"
INEIIEIAL,"{""P47385"": 594}"
INEIRGVDS,"{""P47456"": 114}"
INEIXGVDS,"{""P47456"": 27}"
INENXXXXX,"{""P47662"": 112}"
INENXLNIA,"{""P47662"": 18}"
INENNWXXX,"{""P47355"": 84}"
INENNWXXF,"{""P47355"": 23}"
INENNWKXX,"{""P47355"": 4}"
INENNWKXF,"{""P47355"": 3}"
INENKLNIA,"{""P47662"": 1}"
INESVLDXN,"{""P47416"": 30}"
INESVLDRN,"{""P47416"": 111}"
INERVEEDV,"{""P47260"": 22}"
INEKXXXXX,"{""P47491"": 23}"
INEQVIXDL,"{""P47427"": 3}"
INEQVIRDL,"{""P47427"": 19}"
INVNGEXID,"{""P47330"": 99}"
INVNGEXXX,"{""P47330"": 23}"
INVNGEKID,"{""P47330"": 3}"
INVNFNIVD,"{""Q49410"": 126}"
INVDNNNYL,"{""P47384"": 25}"
INVDLASFD,"{""P47326"": 122}"
INVPSGLIH,"{""P47422"": 122}"
INVSASHEP,"{""P47520"": 131}"
INVVYNPAF,"{""P47258"": 108}"
INVVXNPAF,"{""P47258"": 8}"
INVHXLSFN,"{""P47278"": 105}"
INVHXXXXX,"{""P47278"": 19}"
INVHKLSFN,"{""P47278"": 4}"
INVIRTLVL,"{""Q49399"": 109}"
INVIXTLVL,"{""Q49399"": 25}"
INNDAVYAA,"{""P47551"": 578}"
INNDAVXAA,"{""P47551"": 28}"
INNNXSGCS,"{""P47537"": 103}"
INNNXSGXS,"{""P47537"": 4}"
INNNXXXXX,"{""P47537"": 21}"
INNNQRLGL,"{""P47563"": 38}"
INNNQXLGL,"{""P47563"": 5}"
INNNKSGCS,"{""P47537"": 1}"
INNEAEYSW,"{""P47700"": 34}"
INNEAEXSW,"{""P47700"": 1}"
INNPSXLAL,"{""P47371"": 100}"
INNPSXXXX,"{""P47371"": 24}"
INNPSKLAL,"{""P47371"": 2}"
INNSQNSYE,"{""P47591"": 105}"
INNSQNSXE,"{""P47591"": 5}"
INNLANFET,"{""P47281"": 123}"
INNIQANXA,"{""Q49410"": 112}"
INNIQANXX,"{""Q49410"": 18}"
INNIQANKA,"{""Q49410"": 3}"
INNARXAXL,"{""P47411"": 19}"
INNARXAXX,"{""P47411"": 2}"
INNARXXXX,"{""P47411"": 5}"
INNARKAXL,"{""P47411"": 2}"
INNAXXAXL,"{""P47411"": 9}"
INNVFEELM,"{""P47340"": 160}"
INNFDSNAA,"{""P47521"": 102}"
INNXXEAIT,"{""P47445"": 84}"
INNXXXXXX,"{""P47445"": 40}"
INNXKEAIT,"{""P47445"": 3}"
INNKKEAIT,"{""P47445"": 1}"
INNKXEAIT,"{""P47445"": 3}"
INISENNNX,"{""P47549"": 112}"
INISENNNK,"{""P47549"": 8}"
INISQNFLV,"{""P47475"": 117}"
INIYTVIIC,"{""P47685"": 111}"
INIYTVIIX,"{""P47685"": 7}"
INIXXAFXX,"{""P47612"": 74}"
INIXXAFKX,"{""P47612"": 4}"
INIXXXXXX,"{""P47612"": 34}"
INIXKAFXX,"{""P47612"": 5}"
INIXKAFXK,"{""P47612"": 1}"
INIXTVIIC,"{""P47685"": 3}"
INIKXAFXX,"{""P47612"": 5}"
INIKXXXXX,"{""P47612"": 1}"
INFNLCLXR,"{""P47538"": 90}"
INFNLCLXX,"{""P47538"": 470}"
INFNLCLKR,"{""P47538"": 6}"
INFNLXLXX,"{""P47538"": 29}"
INFNLXLXR,"{""P47538"": 4}"
INFNLXLKR,"{""P47538"": 1}"
INFNTNLXL,"{""P47678"": 4}"
INFNTNLRL,"{""P47678"": 33}"
INFQIHSTN,"{""P47494"": 20}"
INFQEEGII,"{""P47574"": 130}"
INFLVHDXA,"{""P47350"": 105}"
INFLVHDXX,"{""P47350"": 41}"
INFLVHDKA,"{""P47350"": 2}"
INFLIRLND,"{""P47497"": 19}"
INFLIXLND,"{""P47497"": 5}"
INFSNFFNX,"{""P47431"": 621}"
INFSNFFNK,"{""P47431"": 19}"
INFETNSIY,"{""P47496"": 120}"
INFETNSIX,"{""P47496"": 3}"
INFXXXXXX,"{""P47486"": 92}"
INFXDMAIL,"{""P47486"": 26}"
INFKDMAIL,"{""P47486"": 2}"
INFIGAPFL,"{""P47416"": 2}"
INHAXXXXX,"{""P47496"": 122}"
INHLSXFYE,"{""P47573"": 96}"
INHLSXFXE,"{""P47573"": 3}"
INHLSXXXX,"{""P47573"": 23}"
INHLSKFYE,"{""P47573"": 4}"
INHLEVDLN,"{""P47460"": 28}"
INHFIDPID,"{""P47346"": 132}"
INHRNNXIV,"{""P47605"": 14}"
INHRNNXXX,"{""P47605"": 3}"
INHRNNKIV,"{""P47605"": 1}"
INHXNNXIV,"{""P47605"": 5}"
INHXNNXXX,"{""P47605"": 1}"
INMGIETAS,"{""P47571"": 119}"
INMIENQPL,"{""P47537"": 133}"
INMIQLINP,"{""P47449"": 25}"
INWFPGHMX,"{""Q49435"": 117}"
INWFPGHMK,"{""Q49435"": 1}"
INWQXYELN,"{""P47661"": 95}"
INWQXXXXX,"{""P47661"": 18}"
INWQXXELN,"{""P47661"": 1}"
INWQKYELN,"{""P47661"": 4}"
INWIQLLXL,"{""P47356"": 102}"
INWIQLLXX,"{""P47356"": 20}"
INWIQLLKL,"{""P47356"": 11}"
INKDWLXXX,"{""Q49460"": 4}"
INKDWLKXX,"{""Q49460"": 1}"
INKXXXXXX,"{""P47484"": 13, ""P47468"": 1}"
INKXAIFYF,"{""P47468"": 4}"
INKNTXSAF,"{""Q49427"": 10}"
INKNESLXL,"{""P47661"": 7}"
INKNESLXX,"{""P47661"": 1}"
INKNXXXXX,"{""P47577"": 5}"
INKNXSNQL,"{""P47673"": 1}"
INKNYSNQL,"{""P47673"": 2}"
INKHGEIVL,"{""P47483"": 7}"
INKLDFNLE,"{""P47589"": 10}"
INKQXDEFD,"{""P47520"": 3}"
INKQXVFYD,"{""P47520"": 2}"
INKQALIDA,"{""P47682"": 9}"
INKQKVFYD,"{""P47520"": 1}"
INKPFSDDS,"{""P47631"": 23}"
INKSDEXIL,"{""P47345"": 6}"
INKSDEKIL,"{""P47345"": 1}"
INKAYNXLL,"{""Q57081"": 2}"
INRDDVCEG,"{""P47249"": 13}"
INRDDVXEG,"{""P47249"": 2}"
IXNLPIXXX,"{""P47340"": 386}"
IXNLPIXLF,"{""P47340"": 88}"
IXNLPIKLF,"{""P47340"": 9}"
IXNLSEISM,"{""P47699"": 100}"
IXNLDISVR,"{""P47248"": 26}"
IXNLDISVX,"{""P47248"": 4}"
IXNDGYELE,"{""Q9ZB76"": 490}"
IXNDGXELE,"{""Q9ZB76"": 22}"
IXNQISFDF,"{""P47465"": 510}"
IXNFLXLIQ,"{""P47349"": 5}"
IXNFLXXXX,"{""P47349"": 1}"
IXNFLSQPF,"{""P47639"": 38}"
IXNFNVDLV,"{""P47278"": 105}"
IXNFXXXXX,"{""P47426"": 83}"
IXNFXXLRX,"{""P47426"": 8}"
IXNFXXLXK,"{""P47426"": 1}"
IXNFXXLXX,"{""P47426"": 7}"
IXNFVFQNL,"{""Q49426"": 32}"
IXNFKXXXX,"{""P47426"": 5}"
IXNNSEIDH,"{""P47277"": 115}"
IXNNIPSSE,"{""P47522"": 89}"
IXNEVVEVM,"{""P47323"": 32}"
IXNEIEILN,"{""P47650"": 128}"
IXNETVIFG,"{""Q49430"": 102}"
IXNIPMDWN,"{""Q49400"": 87}"
IXNTXDNVI,"{""P47650"": 80}"
IXNTXXXXX,"{""P47650"": 17}"
IXNTKDNVI,"{""P47650"": 5}"
IXNPSYEQV,"{""P47648"": 32}"
IXNPSXEQV,"{""P47648"": 2}"
IXNXFXXXX,"{""P47315"": 5}"
IXNXLDDXV,"{""P47277"": 1}"
IXNXXXXXX,"{""P47315"": 1}"
IXNSLLXFI,"{""P47587"": 1}"
IXNSLLRFI,"{""P47587"": 7}"
IXNYLLDNQ,"{""Q49432"": 3}"
IXNYLDDCV,"{""P47277"": 5}"
IXNKFXXXX,"{""P47315"": 1}"
IXNRSRGVY,"{""P47515"": 1}"
IXXLGEINF,"{""P47282"": 406}"
IXXLLLNXH,"{""P47305"": 308}"
IXXLLLNXX,"{""P47305"": 81}"
IXXLLLNKH,"{""P47305"": 14}"
IXXLXXXXX,"{""P47288"": 60}"
IXXLXEXLQ,"{""P47288"": 261}"
IXXLXEXXX,"{""P47288"": 38}"
IXXLXEKLQ,"{""P47288"": 19}"
IXXLVLIDS,"{""P47620"": 70}"
IXXLMPLGE,"{""P47384"": 2}"
IXXLKEXLQ,"{""P47288"": 8}"
IXXLKEXXX,"{""P47288"": 2}"
IXXLTDQEM,"{""P47332"": 1}"
IXXXXXXXX,"{""P47471"": 589, ""P47428"": 104, ""P47458"": 466, ""P47386"": 110, ""P47396"": 143, ""P47257"": 57, ""Q49426"": 166, ""P47248"": 579, ""P47350"": 88, ""P47661"": 820, ""Q49415"": 657, ""P47544"": 486, ""P47481"": 549, ""P47650"": 560, ""Q9ZB71"": 110, ""P47558"": 37, ""Q49419"": 512, ""P47303"": 96, ""P47293"": 579, ""P47336"": 547, ""P47374"": 174, ""P47473"": 699, ""Q49433"": 463, ""P47593"": 116, ""P47448"": 144, ""P47597"": 54, ""P47651"": 214, ""P47305"": 201, ""P47286"": 202, ""P47445"": 25, ""P47280"": 91, ""P52271"": 21, ""P47703"": 576, ""Q49404"": 155, ""P47283"": 91, ""Q49421"": 18, ""P47568"": 83, ""P47340"": 135, ""P47264"": 88, ""P47631"": 24, ""P47660"": 84, ""Q49430"": 20, ""P47442"": 56, ""P47319"": 144, ""P47325"": 20, ""P47699"": 131, ""P47388"": 246, ""P47484"": 128, ""P47664"": 107, ""P47494"": 106, ""Q49400"": 24, ""P47520"": 288, ""P47662"": 84, ""Q9ZB81"": 27, ""P47282"": 322, ""P47542"": 108, ""P47474"": 17, ""P47403"": 117, ""P56723"": 100, ""P47278"": 35, ""P47296"": 21, ""P47480"": 154, ""P47500"": 131, ""P47288"": 202, ""P47447"": 25, ""P47583"": 112, ""Q49418"": 15, ""P20796"": 105, ""Q49429"": 21, ""P47365"": 33, ""P47582"": 136, ""P47277"": 224, ""P47585"": 100, ""P47485"": 28, ""P47592"": 119, ""P47658"": 57, ""P47254"": 14, ""P47621"": 33, ""P47311"": 94, ""P47436"": 23, ""P47564"": 117, ""Q9ZB76"": 96, ""P47376"": 37, ""Q49406"": 23, ""P47632"": 101, ""P47668"": 103, ""P47292"": 41, ""P47693"": 20, ""P47584"": 103, ""P47547"": 79, ""P47426"": 23, ""P47637"": 25, ""P47434"": 21, ""P47514"": 18, ""P47247"": 14, ""P47437"": 113, ""P47425"": 17, ""Q49460"": 34, ""P47310"": 39, ""P47576"": 42, ""P47397"": 19, ""P47342"": 18, ""P47696"": 22, ""P47260"": 85, ""P47482"": 10, ""P47502"": 37, ""P47465"": 127, ""P47384"": 21, ""P47408"": 24, ""P47306"": 30, ""P47620"": 34, ""P47595"": 27, ""P47358"": 25, ""P47369"": 46, ""P47624"": 16, ""P47665"": 22, ""P36263"": 31, ""P47619"": 33, ""P47599"": 13, ""P47529"": 22, ""P47653"": 22, ""P47682"": 20, ""P47587"": 15, ""P47443"": 21, ""P47687"": 12, ""P47321"": 16, ""P47604"": 37, ""P47522"": 21, ""P47492"": 26, ""P47486"": 14, ""P47256"": 40, ""P47690"": 11, ""P47431"": 18, ""P47683"": 24, ""P47691"": 9}"
IXXXXWLXQ,"{""P47440"": 1}"
IXXXNPXXX,"{""P47376"": 9}"
IXXXNPXXA,"{""P47376"": 23}"
IXXXNPKKA,"{""P47376"": 1}"
IXXXLSLII,"{""P47651"": 1}"
IXXXLXXXX,"{""P47651"": 2}"
IXXXDFVIQ,"{""Q49419"": 19}"
IXXIXPXXX,"{""P47277"": 242}"
IXXIXPXEA,"{""P47277"": 58}"
IXXIXPKEA,"{""P47277"": 1}"
IXXIXWISP,"{""P47286"": 295}"
IXXIXXXXX,"{""P47277"": 101, ""P47286"": 71}"
IXXIAXXXX,"{""P47257"": 77}"
IXXIFICFD,"{""P47256"": 81}"
IXXIFIXFD,"{""P47256"": 6}"
IXXIKPXXX,"{""P47277"": 13}"
IXXIKPXEA,"{""P47277"": 4}"
IXXIKPKEA,"{""P47277"": 1}"
IXXIKWISP,"{""P47286"": 9}"
IXXIGFCYS,"{""P47568"": 7}"
IXXIGFXYS,"{""P47568"": 2}"
IXXMSDYLA,"{""P47520"": 375}"
IXXMSDXLA,"{""P47520"": 19}"
IXXAFXAEQ,"{""P47374"": 356}"
IXXAFXXXX,"{""P47374"": 74}"
IXXAFKAEQ,"{""P47374"": 15}"
IXXAVIPAA,"{""P47691"": 2}"
IXXAILSGV,"{""P47308"": 1}"
IXXHVELLN,"{""P47632"": 21}"
IXXQAEQLF,"{""P47442"": 80}"
IXXQQFSEQ,"{""P56723"": 22}"
IXXQIDPXT,"{""P47408"": 5}"
IXXPXXXXX,"{""P47604"": 56}"
IXXPXEIRN,"{""P47604"": 12}"
IXXPXEIXN,"{""P47604"": 3}"
IXXSNHXQD,"{""P47658"": 65}"
IXXSNHXXX,"{""P47658"": 9}"
IXXSNHKQD,"{""P47658"": 2}"
IXXSFEXXX,"{""P47411"": 1}"
IXXDCFYAL,"{""P47282"": 21}"
IXXGVGYNI,"{""P47597"": 76}"
IXXGVGXNI,"{""P47597"": 5}"
IXXGDXVVV,"{""P47408"": 18}"
IXXGDXXXX,"{""P47408"": 4}"
IXXGDKVVV,"{""P47408"": 1}"
IXXGLAVSF,"{""Q49460"": 10}"
IXXGNLCXL,"{""P47388"": 4}"
IXXGRHTXH,"{""P47564"": 1}"
IXXTFISAR,"{""P47473"": 69}"
IXXTFISAX,"{""P47473"": 30}"
IXXTFPVFX,"{""P47282"": 76}"
IXXTFFIDS,"{""P47661"": 1}"
IXXTDNFSX,"{""P20796"": 26}"
IXXTDNFSK,"{""P20796"": 1}"
IXXYIDQIV,"{""P47683"": 5}"
IXXRLXXXX,"{""P47651"": 12}"
IXXRLXXEN,"{""P47651"": 2}"
IXXRLXKEN,"{""P47651"": 1}"
IXXRLKXXX,"{""P47651"": 1}"
IXXRLKXEN,"{""P47651"": 1}"
IXXRDFVIQ,"{""Q49419"": 84}"
IXXKXXXXX,"{""Q9ZB71"": 5}"
IXXKNPKXA,"{""P47376"": 1}"
IXXNGWXNV,"{""P47342"": 1}"
IXXNGWYNV,"{""P47342"": 2}"
IXXFFVNLL,"{""P47299"": 6}"
IXXFLQNNQ,"{""P47336"": 9}"
IXXWKIAXI,"{""P47280"": 1}"
IXXWXIAXI,"{""P47280"": 2}"
IXASGGIXT,"{""P47296"": 62}"
IXASGGIXX,"{""P47296"": 22}"
IXASGGIKT,"{""P47296"": 4}"
IXASLPSLE,"{""P47500"": 96}"
IXALIEEDN,"{""P47699"": 504}"
IXALILVAP,"{""Q49418"": 106}"
IXALNQTEX,"{""P47486"": 104}"
IXALNQTEK,"{""P47486"": 5}"
IXALRXIAK,"{""P47282"": 1}"
IXALRXIAX,"{""P47282"": 21}"
IXALRXXXX,"{""P47282"": 3}"
IXALLTTLX,"{""P47447"": 112}"
IXALLTTLK,"{""P47447"": 4}"
IXALSNARL,"{""P47458"": 3}"
IXALXXIAX,"{""P47282"": 6}"
IXAEIAXNP,"{""P47376"": 73}"
IXAEIAXXX,"{""P47376"": 24}"
IXAEIAKNP,"{""P47376"": 3}"
IXAEIENVI,"{""P47480"": 95}"
IXATSXXXX,"{""P47621"": 107}"
IXAYEXXVV,"{""P47360"": 18}"
IXAYEXXXX,"{""P47360"": 4}"
IXAYEKXVV,"{""P47360"": 3}"
IXAYEKXXX,"{""P47360"": 1}"
IXANVDVSL,"{""P47365"": 111}"
IXANTAVXY,"{""P47429"": 1}"
IXANTAVXX,"{""P47429"": 2}"
IXANFYGLD,"{""P47590"": 1}"
IXANAXXXX,"{""P47664"": 4}"
IXAIIDEVT,"{""P47425"": 117}"
IXAISEPFV,"{""P47384"": 95}"
IXAIXAXYX,"{""P52271"": 59}"
IXAIXAXYK,"{""P52271"": 3}"
IXAIXAXXX,"{""P52271"": 7}"
IXAIXAKYX,"{""P52271"": 7}"
IXAIXXXXX,"{""P52271"": 11}"
IXAIDTPEX,"{""P47432"": 26}"
IXAIVNNIG,"{""P47247"": 8}"
IXAIKAXYX,"{""P52271"": 4}"
IXAIKAXXX,"{""P52271"": 1}"
IXAQXLFFV,"{""P47482"": 76}"
IXAQXXXXX,"{""P47482"": 18}"
IXAQKLFFV,"{""P47482"": 2}"
IXAFGGIQE,"{""P47385"": 5}"
IXAHQIPYG,"{""P47250"": 5}"
IXAHQIPXG,"{""P47250"": 1}"
IXAXEXXVV,"{""P47360"": 2}"
IXAGVITDE,"{""P47583"": 20}"
IXSDVIIVA,"{""P47668"": 524}"
IXSLSLGLV,"{""P47473"": 505}"
IXSLEDXLN,"{""P47542"": 398}"
IXSLEDXXX,"{""P47542"": 66}"
IXSLEDKLN,"{""P47542"": 23}"
IXSLLSVNN,"{""P47250"": 32}"
IXSLLEXYA,"{""P47283"": 380}"
IXSLLEXXX,"{""P47283"": 113}"
IXSLLEXXA,"{""P47283"": 25}"
IXSLLEKYA,"{""P47283"": 18}"
IXSLIXQXI,"{""P47534"": 3}"
IXSLIXQXX,"{""P47534"": 1}"
IXSLHXNLN,"{""P47311"": 5}"
IXSLHRNLN,"{""P47311"": 18}"
IXSLAFNWG,"{""P47281"": 4}"
IXSPFFQVN,"{""P47442"": 104}"
IXSAWNFLN,"{""P47576"": 94}"
IXSNIVISS,"{""P47292"": 104}"
IXSNQXXXX,"{""P47558"": 108}"
IXSSFXXDX,"{""Q49421"": 56}"
IXSSFXXDK,"{""Q49421"": 1}"
IXSSFXXXX,"{""Q49421"": 39}"
IXSSFXKDX,"{""Q49421"": 1}"
IXSSFKXDX,"{""Q49421"": 1}"
IXSTXVGRF,"{""P47293"": 4}"
IXSTRVGRF,"{""P47293"": 20}"
IXSTRVGXF,"{""P47293"": 3}"
IXSXXXXXX,"{""P47303"": 10}"
IXSXLEQHL,"{""P47303"": 1}"
IXSINGVXQ,"{""P47411"": 18}"
IXSINGVXX,"{""P47411"": 8}"
IXSINGVKQ,"{""P47411"": 1}"
IXSEFALFX,"{""P47326"": 1}"
IXSEFALFY,"{""P47326"": 4}"
IXSVLSHAI,"{""P47359"": 9}"
IXSFLQSDF,"{""P47459"": 1}"
IXVAYIHXD,"{""P47319"": 74}"
IXVAYIHXX,"{""P47319"": 23}"
IXVAYIHKD,"{""P47319"": 1}"
IXVAXIHXD,"{""P47319"": 5}"
IXVDNNXIX,"{""P47480"": 74}"
IXVDNNXIK,"{""P47480"": 5}"
IXVDNNXXX,"{""P47480"": 25}"
IXVDNNKIX,"{""P47480"": 4}"
IXVGXXXXX,"{""P47687"": 22}"
IXVGXPFID,"{""P47687"": 69}"
IXVGHLGIY,"{""P47276"": 1}"
IXVGKPFID,"{""P47687"": 5}"
IXVEIWLAX,"{""P47305"": 84}"
IXVEIWLAK,"{""P47305"": 3}"
IXVNGIDIX,"{""P47288"": 84}"
IXVNGIDIK,"{""P47288"": 7}"
IXVNNINER,"{""P47651"": 17}"
IXVNNINEX,"{""P47651"": 3}"
IXVNFPQIT,"{""P47673"": 1}"
IXVLXQSDL,"{""P47631"": 77}"
IXVLXXXXX,"{""P47631"": 21}"
IXVLKQSDL,"{""P47631"": 5}"
IXVIGSGRT,"{""P47428"": 28}"
IXVIGSGXT,"{""P47428"": 6}"
IXVINNDFP,"{""P47248"": 79}"
IXVPAYXXX,"{""P47473"": 8}"
IXVPAYXLD,"{""P47473"": 23}"
IXPINVEXX,"{""P47325"": 86}"
IXPINVEXK,"{""P47325"": 7}"
IXPINVEKX,"{""P47325"": 10}"
IXPIETPEG,"{""P47583"": 36}"
IXPTIXFXD,"{""P47653"": 60}"
IXPTIXFXX,"{""P47653"": 17}"
IXPTIXFKD,"{""P47653"": 4}"
IXPTIXXXX,"{""P47653"": 6}"
IXPTIKFXD,"{""P47653"": 1}"
IXPTIKFXX,"{""P47653"": 1}"
IXPTIKFKD,"{""P47653"": 2}"
IXPSELYLF,"{""P47492"": 93}"
IXPSELXLF,"{""P47492"": 7}"
IXPHHSYFL,"{""P47247"": 114}"
IXPHHSXFL,"{""P47247"": 3}"
IXPXEAELL,"{""P47277"": 21}"
IXPXAFDIN,"{""P47696"": 89}"
IXPXXXXXX,"{""P47696"": 16, ""P47277"": 73}"
IXPEEINEI,"{""P47547"": 23}"
IXPKAFDIN,"{""P47696"": 9}"
IXPKEAELL,"{""P47277"": 2}"
IXEVLISID,"{""P47587"": 115}"
IXEDHDINA,"{""P47609"": 31}"
IXEDEFDET,"{""P47613"": 9}"
IXEHSNLIF,"{""P47584"": 85}"
IXEHSMYII,"{""P47505"": 5}"
IXELIQLVX,"{""P47358"": 91}"
IXELIQLVK,"{""P47358"": 4}"
IXELDATXX,"{""P47522"": 10}"
IXELTXXXX,"{""P47460"": 3}"
IXELTXXQE,"{""P47460"": 3}"
IXELTKXQE,"{""P47460"": 2}"
IXELHFAIV,"{""P47318"": 2}"
IXEFWGEYQ,"{""P47502"": 101}"
IXEFWGEXQ,"{""P47502"": 3}"
IXEFIXXXX,"{""P47599"": 22}"
IXEFIXLAP,"{""P47599"": 85}"
IXEFIKLAP,"{""P47599"": 4}"
IXEIFXYLN,"{""P47595"": 19}"
IXEIFXXXX,"{""P47595"": 91}"
IXEIAXSXX,"{""P47529"": 16}"
IXEIAXSXN,"{""P47529"": 56}"
IXEIAXSKN,"{""P47529"": 3}"
IXEIAXXXX,"{""P47529"": 20}"
IXEIAKSXN,"{""P47529"": 2}"
IXEIGIEDQ,"{""P47624"": 108}"
IXEILTXLX,"{""P47255"": 2}"
IXEILTRLX,"{""P47255"": 2}"
IXEQIXXXX,"{""P47445"": 65}"
IXEQIXQQR,"{""P47445"": 15}"
IXEQIXQQX,"{""P47445"": 3}"
IXEQIKQQX,"{""P47445"": 2}"
IXEQIKQQR,"{""P47445"": 1}"
IXEQLEQFL,"{""P47254"": 109}"
IXETNSDES,"{""Q49429"": 107}"
IXEXXXXXX,"{""P47682"": 108}"
IXEXYPQMI,"{""P47535"": 7}"
IXEXRCSNX,"{""P47592"": 1}"
IXEECHFFL,"{""P47642"": 8}"
IXEEXHFFL,"{""P47642"": 1}"
IXEGSGFXX,"{""P47533"": 7}"
IXEKXXXXX,"{""P47682"": 3}"
IXEYERFDE,"{""P47386"": 7}"
IXEYEXFDE,"{""P47386"": 1}"
IXERRCSNX,"{""P47592"": 2}"
IXENLDNST,"{""P47250"": 5}"
IXENFGFNS,"{""P47571"": 2}"
IXLSXFLQX,"{""P47660"": 397}"
IXLSXFLQK,"{""P47660"": 19}"
IXLSXXXXX,"{""P47660"": 88}"
IXLSENNFX,"{""P47369"": 103}"
IXLSENNFK,"{""P47369"": 2}"
IXLSKFLQX,"{""P47660"": 21}"
IXLSKFLQK,"{""P47660"": 1}"
IXLSLGIIS,"{""P47483"": 32}"
IXLXXXXXX,"{""P47257"": 77, ""P47311"": 23}"
IXLXNLSEX,"{""P47311"": 101}"
IXLXNLSEK,"{""P47311"": 1}"
IXLXNXXAL,"{""P47257"": 1}"
IXLXNXXXX,"{""P47257"": 1}"
IXLXNRXAL,"{""P47257"": 11}"
IXLXNRXXX,"{""P47257"": 2}"
IXLXNRKAL,"{""P47257"": 2}"
IXLLXNQNF,"{""P47376"": 86}"
IXLLXXXXX,"{""P47484"": 84, ""P47376"": 24}"
IXLLXTNWN,"{""P47484"": 364}"
IXLLKTNWN,"{""P47484"": 17}"
IXLLKNQNF,"{""P47376"": 9}"
IXLLGXXXX,"{""P47385"": 4}"
IXLATVTSA,"{""P47431"": 98}"
IXLATQIGS,"{""P47660"": 32}"
IXLASSLTS,"{""P47502"": 98}"
IXLVXXXXX,"{""Q9ZB81"": 100}"
IXLVDXXXX,"{""P47642"": 2}"
IXLVDXLFX,"{""P47642"": 1}"
IXLVDKLFX,"{""P47642"": 1}"
IXLTINXLN,"{""P47500"": 408}"
IXLTINXXX,"{""P47500"": 85}"
IXLTINKLN,"{""P47500"": 29}"
IXLTDLNXX,"{""P47514"": 24}"
IXLTDLNXG,"{""P47514"": 74}"
IXLTDLNKG,"{""P47514"": 3}"
IXLTNLNNX,"{""P47413"": 2}"
IXLTNLNNR,"{""P47413"": 2}"
IXLFAFDXX,"{""P47485"": 107}"
IXLFAFDXR,"{""P47485"": 2}"
IXLESYDST,"{""P47396"": 99}"
IXLESXDST,"{""P47396"": 5}"
IXLNTWLLT,"{""P47326"": 28}"
IXLNDEITN,"{""P47464"": 36}"
IXLIXHISQ,"{""P47474"": 80}"
IXLIXXXXX,"{""P47474"": 14}"
IXLIKHISQ,"{""P47474"": 6}"
IXLDIPFSL,"{""P47425"": 6}"
IXLKNLSEX,"{""P47311"": 2}"
IXLKNXXAL,"{""P47257"": 1}"
IXLKNRXAL,"{""P47257"": 1}"
IXLGLNLIX,"{""Q49405"": 8}"
IXQTXQMLA,"{""P47693"": 93}"
IXQTXXXXX,"{""P47693"": 14}"
IXQTIINGD,"{""P47520"": 5}"
IXQTKQMLA,"{""P47693"": 3}"
IXQQLXCXF,"{""Q49404"": 6}"
IXQQLXCYF,"{""Q49404"": 73}"
IXQQLXXYF,"{""Q49404"": 5}"
IXQQLXXXX,"{""Q49404"": 21}"
IXQQLKXYF,"{""Q49404"": 1}"
IXQQLKCYF,"{""Q49404"": 3}"
IXQQFNNXX,"{""P47576"": 5}"
IXQQFNNXS,"{""P47576"": 28}"
IXQQFNNKS,"{""P47576"": 1}"
IXQRALNXH,"{""Q49404"": 17}"
IXQRALNXX,"{""Q49404"": 5}"
IXQRALNKH,"{""Q49404"": 1}"
IXQRIIIXL,"{""P47672"": 1}"
IXQIIQXVS,"{""P47539"": 7}"
IXQIIQXXX,"{""P47539"": 1}"
IXQIIQKVS,"{""P47539"": 1}"
IXQISANXX,"{""P47292"": 57}"
IXQISANXT,"{""P47292"": 16}"
IXQISANKT,"{""P47292"": 1}"
IXQIENXXX,"{""P47491"": 5}"
IXQLLLNET,"{""P47252"": 1}"
IXQLYVQXX,"{""P47434"": 95}"
IXQLXVQXX,"{""P47434"": 5}"
IXQLIGIEX,"{""P47437"": 3}"
IXQAQATRG,"{""P47544"": 87}"
IXQAQATXG,"{""P47544"": 23}"
IXQAAXNNE,"{""P47583"": 88}"
IXQAAXXXX,"{""P47583"": 10}"
IXQAAKNNE,"{""P47583"": 7}"
IXQFLLTNT,"{""P47480"": 6}"
IXQFLHPWT,"{""P47535"": 6}"
IXQXXXXXX,"{""Q49410"": 8, ""P47583"": 7}"
IXQXAIGEI,"{""Q49410"": 25}"
IXQXALNXH,"{""Q49404"": 1}"
IXQXALNXX,"{""Q49404"": 1}"
IXQXALNKH,"{""Q49404"": 1}"
IXQXTLACD,"{""P47583"": 21}"
IXQXTLAXD,"{""P47583"": 3}"
IXQWXXXXX,"{""P47290"": 4}"
IXQKAIGEI,"{""Q49410"": 1}"
IXQEWIRPA,"{""P47313"": 1}"
IXIPMNNXI,"{""P47494"": 371}"
IXIPMNNXX,"{""P47494"": 110}"
IXIPMNNKI,"{""P47494"": 17}"
IXIPHTFDY,"{""P47619"": 104}"
IXIPHTFDX,"{""P47619"": 7}"
IXIPXXXXX,"{""P47576"": 78}"
IXIPXLFDL,"{""P47576"": 2}"
IXIPKLFDL,"{""P47576"": 1}"
IXISIGISD,"{""Q49426"": 522}"
IXIDGVIVC,"{""P47303"": 493}"
IXIDGVIVX,"{""P47303"": 30}"
IXIDXEIXX,"{""P47310"": 66}"
IXIDXXXXX,"{""P47310"": 25}"
IXIDDXXIN,"{""Q49460"": 54}"
IXIDDXXXX,"{""Q49460"": 33}"
IXIDDXKIN,"{""Q49460"": 3}"
IXIDDKXXX,"{""Q49460"": 1}"
IXIDDKXIN,"{""Q49460"": 1}"
IXIDKEIXX,"{""P47310"": 2}"
IXIVXXXXX,"{""P36263"": 81}"
IXIVXDVAX,"{""P47458"": 23}"
IXIVXNNIL,"{""P36263"": 3}"
IXIVRDVAX,"{""P47458"": 81}"
IXILXNXDT,"{""P47324"": 16}"
IXILXNXXX,"{""P47324"": 7}"
IXILXNKDT,"{""P47324"": 1}"
IXILXXXXX,"{""P47324"": 5}"
IXIEXDALI,"{""P47658"": 84}"
IXIEXXXXX,"{""P47658"": 20}"
IXIEPGMEF,"{""P47443"": 111}"
IXIEKDALI,"{""P47658"": 3}"
IXIANSSNV,"{""P47323"": 40}"
IXITNLLGT,"{""P47488"": 10}"
IXIXSLSLG,"{""P47473"": 3}"
IXDILSQPE,"{""P47260"": 532}"
IXDIXLAVQ,"{""P47397"": 93}"
IXDIXXXXX,"{""P47397"": 13}"
IXDIKLAVQ,"{""P47397"": 8}"
IXDDKIMPF,"{""P47582"": 4}"
IXDDXIMPF,"{""P47582"": 89}"
IXDDXXXXX,"{""P47582"": 14}"
IXDDFAIDL,"{""P47473"": 5}"
IXDTNGXVT,"{""P47665"": 23}"
IXDTNGXXX,"{""P47665"": 80}"
IXDTNGKVT,"{""P47665"": 1}"
IXDLTPLTX,"{""P47480"": 93}"
IXDLTPLTK,"{""P47480"": 1}"
IXDADXIFP,"{""P47278"": 81}"
IXDADXXXX,"{""P47278"": 13}"
IXDADKIFP,"{""P47278"": 4}"
IXDAIIEQI,"{""P47539"": 11}"
IXDYANNLT,"{""P47649"": 34}"
IXDYVNLXT,"{""P47613"": 5}"
IXDYVNLXX,"{""P47613"": 4}"
IXDEILSDI,"{""P47549"": 5}"
IXDNELIFM,"{""P47386"": 24}"
IXDQIADSI,"{""P47293"": 9}"
IXDQYGADI,"{""P47587"": 2}"
IXGIYSTYX,"{""P47520"": 447}"
IXGIYSTYK,"{""P47520"": 27}"
IXGIYSTXX,"{""P47520"": 23}"
IXGIXXXXX,"{""P47310"": 14}"
IXGIXDWXD,"{""P47310"": 64}"
IXGIXDWXX,"{""P47310"": 10}"
IXGIXDWKD,"{""P47310"": 3}"
IXGIXSTYX,"{""P47520"": 28}"
IXGIXSTYK,"{""P47520"": 1}"
IXGITSTID,"{""P47425"": 7}"
IXGISEEFN,"{""P47387"": 6}"
IXGIQYLAX,"{""P47447"": 3}"
IXGIQXLAX,"{""P47447"": 1}"
IXGIKDWXD,"{""P47310"": 1}"
IXGVILXXX,"{""P47619"": 78}"
IXGVILXDG,"{""P47619"": 25}"
IXGVILKDG,"{""P47619"": 2}"
IXGFRPGXI,"{""P47480"": 19}"
IXGFRPGXX,"{""P47480"": 3}"
IXGFRPGKI,"{""P47480"": 2}"
IXGFDITIV,"{""P47409"": 26}"
IXGFXPGXI,"{""P47480"": 4}"
IXGFXPGXX,"{""P47480"": 1}"
IXGPLPLPT,"{""P47396"": 89}"
IXGRGLQRV,"{""P47481"": 19}"
IXGRGLQXV,"{""P47481"": 2}"
IXGQLFSIN,"{""P47651"": 23}"
IXGNFCLAL,"{""P47264"": 24}"
IXGNFXLAL,"{""P47264"": 1}"
IXGXGLQRV,"{""P47481"": 7}"
IXGXGLQXV,"{""P47481"": 1}"
IXTSAXXXX,"{""P47388"": 372}"
IXTSAXHQL,"{""P47388"": 102}"
IXTSAKHQL,"{""P47388"": 3}"
IXTSQNXIX,"{""P47699"": 67}"
IXTSQNXIK,"{""P47699"": 5}"
IXTSQNXXX,"{""P47699"": 17}"
IXTSQNKIX,"{""P47699"": 5}"
IXTNTXXXX,"{""P47637"": 101}"
IXTNXLYPA,"{""P47350"": 361}"
IXTNXLXPA,"{""P47350"": 19}"
IXTNXXXXX,"{""P47350"": 111}"
IXTNKLYPA,"{""P47350"": 17}"
IXTNPQIIV,"{""P47664"": 8}"
IXTDSDFAX,"{""Q49415"": 480}"
IXTDSDFAK,"{""Q49415"": 17}"
IXTDIELDQ,"{""Q49406"": 103}"
IXTALDLCC,"{""Q49404"": 102}"
IXTALDLCX,"{""Q49404"": 8}"
IXTALDLXC,"{""Q49404"": 5}"
IXTALILAP,"{""P47260"": 9}"
IXTATXLSE,"{""P47436"": 94}"
IXTATXXXX,"{""P47436"": 12}"
IXTPIDLIV,"{""Q49404"": 109}"
IXTIMEXXX,"{""P47365"": 21}"
IXTIMEXXG,"{""P47365"": 6}"
IXTIMEXYG,"{""P47365"": 71}"
IXTIMEKYG,"{""P47365"": 2}"
IXTIPFSAQ,"{""P47582"": 7}"
IXTTLSEEE,"{""P47484"": 113}"
IXTTFGLLI,"{""P47498"": 4}"
IXTLFIPVL,"{""P47544"": 107}"
IXTLVRXIK,"{""P47584"": 2}"
IXTLVRXIX,"{""P47584"": 13}"
IXTLVRXXX,"{""P47584"": 2}"
IXTLVRKIX,"{""P47584"": 1}"
IXTLVXXIX,"{""P47584"": 5}"
IXTLIDFIN,"{""P47465"": 96}"
IXTVXINEL,"{""P47369"": 84}"
IXTVXXXXX,"{""P47369"": 14}"
IXTVKINEL,"{""P47369"": 4}"
IXTRILLLX,"{""P47661"": 97}"
IXTRILLLK,"{""P47661"": 2}"
IXTEMSSEP,"{""P47597"": 89}"
IXTHYFXXX,"{""P47483"": 1}"
IXTHYFXHX,"{""P47483"": 4}"
IXTYFAXXX,"{""P47448"": 82}"
IXTXXXXXX,"{""P47571"": 33}"
IXTXILLLX,"{""P47661"": 23}"
IXTXILLLK,"{""P47661"": 2}"
IXTXFAXXX,"{""P47448"": 2}"
IXTGRPNPK,"{""P47673"": 1}"
IXYTDNFSX,"{""P20796"": 467}"
IXYTDNFSK,"{""P20796"": 25}"
IXYNGWXNV,"{""P47342"": 4}"
IXYNGWYNV,"{""P47342"": 81}"
IXYLMPLGE,"{""P47384"": 32}"
IXYQIDPXT,"{""P47408"": 78}"
IXYQIDPXX,"{""P47408"": 15}"
IXYQIDPKT,"{""P47408"": 1}"
IXYGXHTXH,"{""P47564"": 3}"
IXYGXHTXX,"{""P47564"": 1}"
IXYGXHTKH,"{""P47564"": 1}"
IXYGRHTXH,"{""P47564"": 11}"
IXYGRHTXX,"{""P47564"": 2}"
IXYSSPNPV,"{""P47368"": 6}"
IXYRXSDTF,"{""P47662"": 2}"
IXYRXXXXX,"{""P47662"": 1}"
IXYEYDRQT,"{""P47593"": 1}"
IXKTFISAR,"{""P47473"": 6}"
IXKTFPVFX,"{""P47282"": 1}"
IXKIKPXXX,"{""P47277"": 1}"
IXKIXPXXX,"{""P47277"": 15}"
IXKIXXXXX,"{""P47277"": 3, ""P47286"": 3}"
IXKIXWISP,"{""P47286"": 13}"
IXKIFICFD,"{""P47256"": 3}"
IXKIAXXXX,"{""P47257"": 4}"
IXKMSDYLA,"{""P47520"": 18}"
IXKLGEINF,"{""P47282"": 22}"
IXKLXEXXX,"{""P47288"": 3}"
IXKLXEXLQ,"{""P47288"": 13}"
IXKLXXXXX,"{""P47288"": 1}"
IXKLLLNXH,"{""P47305"": 15}"
IXKLLLNXX,"{""P47305"": 3}"
IXKLVLIDS,"{""P47620"": 2}"
IXKGVGYNI,"{""P47597"": 4}"
IXKGDXVVV,"{""P47408"": 3}"
IXKXXXXXX,"{""Q9ZB71"": 1}"
IXKXNPXXX,"{""P47376"": 1}"
IXKAFXAEQ,"{""P47374"": 11}"
IXKAFXXXX,"{""P47374"": 3}"
IXKAFKAEQ,"{""P47374"": 1}"
IXKSNHXQD,"{""P47658"": 4}"
IXKPXXXXX,"{""P47604"": 2}"
IXKRDFVIQ,"{""Q49419"": 3}"
IXKHVELLN,"{""P47632"": 1}"
IXKQAEQLF,"{""P47442"": 5}"
IXKQQFSEQ,"{""P56723"": 1}"
IXKFFVNLL,"{""P47299"": 2}"
IXKKNPXXA,"{""P47376"": 1}"
IXFIMXXXX,"{""P47661"": 75}"
IXFIMXXXC,"{""P47661"": 2}"
IXFIMXXYC,"{""P47661"": 3}"
IXFIMXRYC,"{""P47661"": 11}"
IXFIMXRXC,"{""P47661"": 1}"
IXFIHPTLN,"{""P47451"": 36}"
IXFAXXXXX,"{""P47372"": 4}"
IXFAXXTQP,"{""P47372"": 3}"
IXFTVXXXX,"{""P47306"": 97}"
IXFTVXRDF,"{""P47306"": 4}"
IXFFALGGQ,"{""P47662"": 28}"
IXFFHPFTG,"{""Q49412"": 3}"
IXFSLQLSY,"{""Q49433"": 104}"
IXFSLQLSX,"{""Q49433"": 4}"
IXFSFIEIN,"{""P47525"": 8}"
IXFNEXNDL,"{""P47247"": 29}"
IXFNEXXXX,"{""P47247"": 6}"
IXFNEKNDL,"{""P47247"": 1}"
IXFNLCEEI,"{""P47661"": 21}"
IXFNLXEEI,"{""P47661"": 1}"
IXFENTIQN,"{""P47540"": 7}"
IXFEPNXDX,"{""P47335"": 4}"
IXFEPNKDX,"{""P47335"": 1}"
IXFCVIGXP,"{""P47571"": 7}"
IXFDNFPFL,"{""P47585"": 1}"
IXFDQFXXX,"{""P47330"": 1}"
IXFDQFXXT,"{""P47330"": 1}"
IXHXXXXXX,"{""P47413"": 22}"
IXHXXIVXX,"{""P47413"": 2}"
IXHXRIVKX,"{""P47413"": 1}"
IXHXRIVXX,"{""P47413"": 3}"
IXHXRXXXX,"{""P47650"": 3}"
IXHXRXLYE,"{""P47650"": 1}"
IXHLNVQYX,"{""P47321"": 92}"
IXHLNVQYK,"{""P47321"": 1}"
IXHLNVQXX,"{""P47321"": 5}"
IXHLSRXYN,"{""P47448"": 2}"
IXHLSRRYN,"{""P47448"": 1}"
IXHLSXRYN,"{""P47448"": 1}"
IXHEVYSLR,"{""P47585"": 20}"
IXHEVYSLX,"{""P47585"": 5}"
IXHEXXXXX,"{""P47690"": 27}"
IXHEXDVNI,"{""P47690"": 59}"
IXHEKDVNI,"{""P47690"": 5}"
IXHAQXPEI,"{""P47537"": 27}"
IXHAQXXXX,"{""P47537"": 3}"
IXHAQKPEI,"{""P47537"": 1}"
IXHYRXLYE,"{""P47650"": 13}"
IXHYRXXXX,"{""P47650"": 2}"
IXHYRKLYE,"{""P47650"": 1}"
IXHYXXLYE,"{""P47650"": 3}"
IXHYXXXXX,"{""P47650"": 1}"
IXHYXKLYE,"{""P47650"": 1}"
IXRFLQNNQ,"{""P47336"": 22}"
IXRAILSGV,"{""P47308"": 5}"
IXRIGFCYS,"{""P47568"": 25}"
IXRIGFCXS,"{""P47568"": 1}"
IXRIGFXYS,"{""P47568"": 1}"
IXRGNLCXX,"{""P47388"": 15}"
IXRGNLCXL,"{""P47388"": 4}"
IXRGNLXXX,"{""P47388"": 2}"
IXRSFEXLP,"{""P47411"": 5}"
IXRSFEXXX,"{""P47411"": 1}"
IXRWXIAXI,"{""P47280"": 15}"
IXRWXIAXX,"{""P47280"": 4}"
IXRWXXXXX,"{""P47280"": 3}"
IXRWKIAXI,"{""P47280"": 1}"
IXRTFFIDS,"{""P47661"": 3}"
IXRXXXXXX,"{""P47440"": 1}"
IXRXXWLXX,"{""P47440"": 3}"
IXRXXWLXQ,"{""P47440"": 1}"
IXRKXXXXX,"{""P47440"": 1}"
IXRVLVDNF,"{""P47345"": 1}"
IXRPLMXYW,"{""P47330"": 1}"
IXWISPXQG,"{""P47286"": 22}"
IXWISPXXX,"{""P47286"": 89}"
IXWIFWTIF,"{""Q49415"": 36}"
IXWSENQTA,"{""P47492"": 24}"
IXWRSFFNF,"{""P47661"": 5}"
IXWXXXXXX,"{""P47667"": 3}"
IXWXSWXFL,"{""P47667"": 1}"
IXMVYTXXX,"{""P47640"": 2}"
IXMVYTXFX,"{""P47640"": 26}"
IXMVYTXFK,"{""P47640"": 1}"
IXMVYTKFX,"{""P47640"": 1}"
IXMVXTXFX,"{""P47640"": 1}"
IXMVXTXXX,"{""P47640"": 1}"
IXMDNFEIS,"{""P47261"": 6}"
IGTSNAVQI,"{""P47296"": 632}"
IGTAIANTL,"{""Q9ZB76"": 139}"
IGTPYCPNG,"{""P47660"": 571}"
IGTPYXPNG,"{""P47660"": 25}"
IGTPXCPNG,"{""P47660"": 32}"
IGTILGLVC,"{""Q49409"": 115}"
IGTILGLVX,"{""Q49409"": 8}"
IGDIVENXY,"{""P47355"": 83}"
IGDIVENXX,"{""P47355"": 32}"
IGDIVENKY,"{""P47355"": 4}"
IGDIIVAYE,"{""P47388"": 127}"
IGDIIVAXE,"{""P47388"": 7}"
IGDTTSHGT,"{""P47445"": 121}"
IGDXLFNXL,"{""P47496"": 93}"
IGDXLFNXX,"{""P47496"": 14}"
IGDXLFNKL,"{""P47496"": 3}"
IGDXLEAXL,"{""P47350"": 2}"
IGDXLEAXX,"{""P47350"": 2}"
IGDXXXXXX,"{""P47549"": 596, ""P47368"": 16, ""P47496"": 24}"
IGDXFSFEK,"{""P47368"": 4}"
IGDXFSFEX,"{""P47368"": 89}"
IGDXYSLGM,"{""P47465"": 8}"
IGDCYSLGM,"{""P47465"": 117}"
IGDCXSLGM,"{""P47465"": 6}"
IGDKLFNXL,"{""P47496"": 3}"
IGDKLFNXX,"{""P47496"": 1}"
IGDKFSFEX,"{""P47368"": 4}"
IGDRLEAXL,"{""P47350"": 15}"
IGDRLEAXX,"{""P47350"": 5}"
IGDRLEAKL,"{""P47350"": 1}"
IGDDNLHEN,"{""P47312"": 8}"
IGMELXLGD,"{""P47607"": 509}"
IGMELXXXX,"{""P47607"": 101}"
IGMELKLGD,"{""P47607"": 31}"
IGMPPYNEP,"{""P47491"": 623}"
IGMPPXNEP,"{""P47491"": 36}"
IGMYPVKTX,"{""P47520"": 28}"
IGMYPVXTX,"{""P47520"": 488}"
IGMYPVXTK,"{""P47520"": 17}"
IGMYPVXXX,"{""P47520"": 87}"
IGMVHQHFX,"{""P47365"": 109}"
IGMXPVXTX,"{""P47520"": 20}"
IGMXPVXTK,"{""P47520"": 3}"
IGMXPVXXX,"{""P47520"": 2}"
IGMXPVKTX,"{""P47520"": 2}"
IGFVINIDX,"{""P47264"": 123}"
IGFVINIDK,"{""P47264"": 2}"
IGFXXXXXX,"{""P20796"": 126}"
IGFXXSFCX,"{""P47568"": 3}"
IGFXYSFCX,"{""P47568"": 29}"
IGFXYSFCK,"{""P47568"": 1}"
IGFXYSFXX,"{""P47568"": 2}"
IGFXADSSS,"{""P20796"": 7}"
IGFGXXXXX,"{""P47487"": 464}"
IGFGXGYXD,"{""P47487"": 6}"
IGFGXGYYD,"{""P47487"": 106}"
IGFGXGXYD,"{""P47487"": 4}"
IGFGKGYYD,"{""P47487"": 4}"
IGFCYSFCX,"{""P47568"": 541}"
IGFCYSFCK,"{""P47568"": 23}"
IGFCYSFXX,"{""P47568"": 18}"
IGFCYSFXK,"{""P47568"": 1}"
IGFCXSFCX,"{""P47568"": 25}"
IGFCXSFCK,"{""P47568"": 1}"
IGFCXSFXX,"{""P47568"": 4}"
IGFLVAIFD,"{""P47489"": 117}"
IGQSXXXXX,"{""P47264"": 468}"
IGQSXTVQV,"{""P47264"": 100}"
IGQSKTVQV,"{""P47264"": 11}"
IGXPYLEXA,"{""P47474"": 94}"
IGXPYLEXX,"{""P47474"": 19}"
IGXPYLEKA,"{""P47474"": 4}"
IGXPXLEXA,"{""P47474"": 1}"
IGXEISXXX,"{""P47662"": 84}"
IGXEISXEL,"{""P47662"": 390}"
IGXEISKEL,"{""P47662"": 21}"
IGXEILESL,"{""P47376"": 4}"
IGXYXLLNY,"{""P47606"": 72}"
IGXYXXXXX,"{""P47606"": 12}"
IGXYKLLNY,"{""P47606"": 1}"
IGXNFTILS,"{""P47681"": 89}"
IGXNSSEIX,"{""P47373"": 29}"
IGXLXXXXX,"{""P47270"": 364}"
IGXLXXXAE,"{""P47270"": 13}"
IGXLXXKAE,"{""P47270"": 1}"
IGXLXRXAE,"{""P47270"": 66}"
IGXLXRXXX,"{""P47270"": 6}"
IGXLXRKAE,"{""P47270"": 2}"
IGXLKRXAE,"{""P47270"": 6}"
IGXLKRXXX,"{""P47270"": 3}"
IGXLKXXXX,"{""P47270"": 1}"
IGXLKXXAE,"{""P47270"": 1}"
IGXLVFRSL,"{""P47543"": 4}"
IGXLVFXSL,"{""P47543"": 3}"
IGXXXXXXX,"{""P47547"": 121, ""P47317"": 15, ""P47270"": 141, ""P47474"": 27, ""P47681"": 27, ""P47376"": 117, ""P47662"": 103, ""P47606"": 19, ""P47619"": 1}"
IGXXXLLNY,"{""P47606"": 4}"
IGXXXLLNX,"{""P47606"": 1}"
IGXXNWFQS,"{""P47619"": 3}"
IGXXISRAV,"{""P47547"": 5}"
IGXXISXAV,"{""P47547"": 1}"
IGXXKLLNY,"{""P47606"": 1}"
IGXWFSWFG,"{""P47317"": 98}"
IGXTTGFFI,"{""Q9ZB74"": 9}"
IGXILQXAE,"{""P47545"": 6}"
IGXAMGFDY,"{""P47292"": 2}"
IGXAMGFDX,"{""P47292"": 1}"
IGXKNWFQS,"{""P47619"": 1}"
IGVIIEIQG,"{""P47246"": 623}"
IGVIAGLGG,"{""P47490"": 115}"
IGVCLDTCH,"{""P47477"": 562}"
IGVCLDTXH,"{""P47477"": 34}"
IGVXLDTCH,"{""P47477"": 23}"
IGVXLDTXH,"{""P47477"": 4}"
IGVFXPXNG,"{""P47448"": 74}"
IGVFXPXXX,"{""P47448"": 17}"
IGVFXPKNG,"{""P47448"": 3}"
IGVFXXXXX,"{""P47448"": 17}"
IGVFGIGGA,"{""P47466"": 132}"
IGVFKPXNG,"{""P47448"": 8}"
IGVFKPKNG,"{""P47448"": 1}"
IGVDAYNLQ,"{""P47250"": 128}"
IGVDAXNLQ,"{""P47250"": 11}"
IGVENLAXX,"{""P47700"": 94}"
IGVENLAXK,"{""P47700"": 7}"
IGVENLAKX,"{""P47700"": 8}"
IGVNILXXX,"{""P47587"": 128}"
IGVSNITTI,"{""P47344"": 7}"
IGILLQDPD,"{""P47546"": 120}"
IGIAPVYVH,"{""P47670"": 112}"
IGIAPVXVH,"{""P47670"": 8}"
IGIEFYFAD,"{""P47364"": 35}"
IGIEFXFAD,"{""P47364"": 1}"
IGIETRSDW,"{""P47260"": 16}"
IGIETXSDW,"{""P47260"": 12}"
IGIIYGDGI,"{""P47283"": 118}"
IGIIXGDGI,"{""P47283"": 7}"
IGIDTVXXX,"{""P47252"": 89}"
IGIDTVXQI,"{""P47252"": 25}"
IGIDTVKQI,"{""P47252"": 1}"
IGINLGAGR,"{""P47297"": 31}"
IGINLGAGX,"{""P47297"": 5}"
IGYNSSEIX,"{""P47373"": 550}"
IGYNSSEIK,"{""P47373"": 9}"
IGYILQXAE,"{""P47545"": 109}"
IGYILQXXX,"{""P47545"": 20}"
IGYILQKAE,"{""P47545"": 8}"
IGYXXXXXX,"{""P47619"": 23}"
IGYXNWFQS,"{""P47619"": 81}"
IGYTTGFFI,"{""Q9ZB74"": 148}"
IGYKNWFQS,"{""P47619"": 4}"
IGSDLVXYY,"{""P47372"": 84}"
IGSDLVXYX,"{""P47372"": 7}"
IGSDLVXXX,"{""P47372"": 24}"
IGSDLVXXY,"{""P47372"": 5}"
IGSDLVKYY,"{""P47372"": 8}"
IGSCGALAP,"{""P47295"": 583}"
IGSXGALAP,"{""P47295"": 28}"
IGNIAGTIV,"{""P47388"": 127}"
IGNLSGVDD,"{""P47444"": 128}"
IGNSVNEIT,"{""P47653"": 21}"
IGNRSIXID,"{""P47412"": 28}"
IGNRSIXXX,"{""P47412"": 5}"
IGNXSIXID,"{""P47412"": 7}"
IGNXSIXXX,"{""P47412"": 1}"
IGEYVDVTS,"{""P47397"": 99}"
IGEXXXXXX,"{""P47534"": 83}"
IGEXLFFED,"{""P47534"": 16}"
IGEXVDVTS,"{""P47397"": 4}"
IGETHDGES,"{""P47335"": 111}"
IGENEHAIA,"{""P47378"": 111}"
IGEIIAXNX,"{""P47542"": 101}"
IGEIIAXNK,"{""P47542"": 3}"
IGEIIAXXX,"{""P47542"": 19}"
IGEIIAKNX,"{""P47542"": 8}"
IGEICGGSE,"{""P47359"": 22}"
IGEIXGGSE,"{""P47359"": 3}"
IGELALXXX,"{""P47660"": 97}"
IGELALXEI,"{""P47660"": 24}"
IGELALKEI,"{""P47660"": 3}"
IGEKLFFED,"{""P47534"": 1}"
IGGXXXXXX,"{""P47655"": 19}"
IGGXNXVIT,"{""P47655"": 84}"
IGGXNXXXX,"{""P47655"": 21}"
IGGXNKVIT,"{""P47655"": 2}"
IGGIRDDGI,"{""P47502"": 22}"
IGGIXDDGI,"{""P47502"": 6}"
IGGKNXVIT,"{""P47655"": 4}"
IGGKNXXXX,"{""P47655"": 1}"
IGARSDSSL,"{""P47376"": 122}"
IGAIIAIEX,"{""P47351"": 113}"
IGAYQVXXX,"{""P47388"": 37}"
IGAYQVXNH,"{""P47388"": 101}"
IGAYQVKNH,"{""P47388"": 4}"
IGAXSDSSL,"{""P47376"": 29}"
IGAXQVXNH,"{""P47388"": 5}"
IGAXQVXXX,"{""P47388"": 1}"
IGPDFAXSL,"{""P47651"": 90}"
IGPDFAXXX,"{""P47651"": 24}"
IGPDFAKSL,"{""P47651"": 2}"
IGPIDVVIL,"{""P47622"": 88}"
IGPADEYVV,"{""P47319"": 117}"
IGPADEXVV,"{""P47319"": 7}"
IGPLGHGAG,"{""P47397"": 1}"
IGLFGGAGV,"{""P47639"": 114}"
IGLLNIGTE,"{""Q49427"": 125}"
IGLDYSLGF,"{""P47310"": 28}"
IGLMAIDSN,"{""P47385"": 32}"
IGKEISXEL,"{""P47662"": 21}"
IGKEISXXX,"{""P47662"": 3}"
IGKLXXXXX,"{""P47270"": 15}"
IGKLXRXAE,"{""P47270"": 2}"
IGKYXLLNY,"{""P47606"": 5}"
IGKNFTILS,"{""P47681"": 6}"
IGKPYLEXA,"{""P47474"": 2}"
IGKXXXXXX,"{""P47547"": 6}"
IGKWFSWFG,"{""P47317"": 6}"
IGWGETITQ,"{""P47564"": 29}"
IGRLVFXSL,"{""P47543"": 4}"
IGRLVFRSL,"{""P47543"": 24}"
IGRAMGFDY,"{""P47292"": 27}"
IMNAIXXXX,"{""P47435"": 475}"
IMNAIXNRA,"{""P47435"": 71}"
IMNAIXNXA,"{""P47435"": 26}"
IMNAIKNXA,"{""P47435"": 1}"
IMNAIKNRA,"{""P47435"": 5}"
IMNGLTAVX,"{""P47318"": 127}"
IMNGLTAVK,"{""P47318"": 6}"
IMILIDESI,"{""P47267"": 25}"
IMIHELFLW,"{""P47485"": 583}"
IMSDIALXS,"{""Q57081"": 479}"
IMSDIALXX,"{""Q57081"": 141}"
IMSDIALKS,"{""Q57081"": 21}"
IMSALELVD,"{""P47443"": 129}"
IMSAXFILT,"{""P47661"": 8}"
IMSARFILT,"{""P47661"": 23}"
IMDLSNPLX,"{""P47372"": 615}"
IMDLSNPLK,"{""P47372"": 28}"
IMDLLERXX,"{""P47664"": 101}"
IMDLLERXA,"{""P47664"": 26}"
IMDLLERKA,"{""P47664"": 1}"
IMDLLEXXX,"{""P47664"": 19}"
IMDLLEXXA,"{""P47664"": 5}"
IMDLLEXKA,"{""P47664"": 1}"
IMDLITDFV,"{""P47532"": 121}"
IMDITAFTM,"{""P47672"": 118}"
IMAYEXQVX,"{""P47486"": 84}"
IMAYEXQVK,"{""P47486"": 4}"
IMAYEXXXX,"{""P47486"": 26}"
IMAYEKQVX,"{""P47486"": 2}"
IMAFLFXXX,"{""P47446"": 107}"
IMAFLFXHT,"{""P47446"": 23}"
IMAFLFKHT,"{""P47446"": 1}"
IMAXEXQVX,"{""P47486"": 8}"
IMLTNTAII,"{""P47300"": 644}"
IMPFXFXXX,"{""P47582"": 21}"
IMPFXFXEV,"{""P47582"": 77}"
IMPFXFKEV,"{""P47582"": 5}"
IMPFXXXXX,"{""P47582"": 24}"
IMPFKFXXX,"{""P47582"": 4}"
IMPFKFXEV,"{""P47582"": 6}"
IMPFKFKEV,"{""P47582"": 1}"
IMXXXXXXX,"{""P47687"": 97, ""P47616"": 27}"
IMXXISELL,"{""P47687"": 8}"
IMXPNSXXX,"{""P47616"": 94}"
IMXRISELL,"{""P47687"": 19}"
IMMVGLQGS,"{""P47294"": 116}"
IMKRISELL,"{""P47687"": 1}"
IMKPNSXXX,"{""P47616"": 2}"
IVGNIELXX,"{""P47437"": 92}"
IVGNIELXQ,"{""P47437"": 540}"
IVGNIELKQ,"{""P47437"": 19}"
IVGALEMID,"{""P47593"": 602}"
IVGFDSDQX,"{""P47260"": 631}"
IVGFDSDQK,"{""P47260"": 17}"
IVGFIHLXD,"{""Q49399"": 114}"
IVGFIHLXX,"{""Q49399"": 18}"
IVGFIHLKD,"{""Q49399"": 3}"
IVGMGXXXX,"{""P47365"": 576}"
IVGXXXXXX,"{""P47565"": 95}"
IVGXTNLVI,"{""P47390"": 5}"
IVGXNLVIX,"{""P47565"": 2}"
IVGXNLVIR,"{""P47565"": 1}"
IVGDVMSXX,"{""P47250"": 589}"
IVGYTNLVI,"{""P47390"": 125}"
IVGIELANG,"{""P47432"": 34}"
IVGGRIPXE,"{""P47335"": 1}"
IVGGRIPRE,"{""P47335"": 2}"
IVXGPDFPT,"{""P47446"": 106}"
IVXGNXXXX,"{""P47355"": 8}"
IVXXXXXXX,"{""P47406"": 583, ""P36263"": 107, ""P47413"": 602, ""P47414"": 143, ""P47369"": 106, ""P47514"": 559, ""P47576"": 21, ""P47429"": 51, ""P47573"": 36, ""P47653"": 113, ""P47446"": 14, ""P47658"": 24, ""P47466"": 23, ""P47532"": 21, ""P47355"": 24, ""P47277"": 16, ""P47348"": 17}"
IVXXAFNEN,"{""P47429"": 68}"
IVXXALINA,"{""P47573"": 80}"
IVXXIRLTN,"{""P47413"": 11}"
IVXXIFEQX,"{""Q49425"": 3}"
IVXXIXLTN,"{""P47413"": 7}"
IVXASSFGI,"{""P47658"": 99}"
IVXAIDYLH,"{""P47355"": 81}"
IVXAIDXLH,"{""P47355"": 9}"
IVXLNFXXX,"{""P47466"": 20}"
IVXLNFXQI,"{""P47466"": 70}"
IVXLNFKQI,"{""P47466"": 5}"
IVXLXXXXX,"{""P47414"": 375}"
IVXLXXISX,"{""P47414"": 17}"
IVXLXXISK,"{""P47414"": 1}"
IVXLXRISX,"{""P47414"": 69}"
IVXLXRISK,"{""P47414"": 4}"
IVXLLDLNE,"{""P47277"": 88}"
IVXTNIVEN,"{""P47348"": 91}"
IVXTSLQEL,"{""P47250"": 7}"
IVXTTFRFV,"{""P47270"": 3}"
IVXSGLVYF,"{""P47532"": 101}"
IVXQSFXXX,"{""P47429"": 78}"
IVXQSFKXX,"{""P47429"": 5}"
IVXIVHNXW,"{""P47289"": 6}"
IVXIVHNXX,"{""P47289"": 1}"
IVXNFPGIT,"{""P47300"": 6}"
IVXNFIAXL,"{""P47464"": 7}"
IVXNFIAXX,"{""P47464"": 1}"
IVXNNILRX,"{""P36263"": 2}"
IVXNNILRR,"{""P36263"": 4}"
IVXNNILXR,"{""P36263"": 2}"
IVXVENGIA,"{""P47514"": 31}"
IVXDVAXAM,"{""P47458"": 1}"
IVXDVAXXX,"{""P47458"": 5}"
IVXWLEXNX,"{""P47576"": 62}"
IVXWLEXNK,"{""P47576"": 3}"
IVXWLEXXX,"{""P47576"": 10}"
IVXWLEKNX,"{""P47576"": 2}"
IVXEFQITN,"{""P47369"": 24}"
IVXKAFNEN,"{""P47429"": 5}"
IVXKALINA,"{""P47573"": 4}"
IVXRIFEQX,"{""Q49425"": 5}"
IVQIXXIIL,"{""P47540"": 437}"
IVQIXXXXX,"{""P47540"": 155}"
IVQIXKIIL,"{""P47540"": 21}"
IVQIKXIIL,"{""P47540"": 22}"
IVQIKXXXX,"{""P47540"": 3}"
IVQNFWLPE,"{""P47471"": 636}"
IVQFGAAIN,"{""Q49430"": 172}"
IVHDHLNHT,"{""P22746"": 647}"
IVHNXWXQH,"{""P47289"": 380}"
IVHNXWXXX,"{""P47289"": 114}"
IVHNXWKQH,"{""P47289"": 20}"
IVHNXXXXX,"{""P47289"": 112}"
IVHNPDNTX,"{""P47277"": 108}"
IVHNKWXXX,"{""P47289"": 3}"
IVHNKWXQH,"{""P47289"": 23}"
IVHVNNTID,"{""P47270"": 23}"
IVVMNEGNI,"{""P47288"": 612}"
IVVQXNELX,"{""P47247"": 90}"
IVVQXXXXX,"{""P47247"": 28}"
IVVQKNELX,"{""P47247"": 8}"
IVVFDIXXX,"{""P47612"": 595}"
IVVFDIXXE,"{""P47612"": 17}"
IVVFDIXKE,"{""P47612"": 1}"
IVVFDIKXE,"{""P47612"": 2}"
IVVFDIKXX,"{""P47612"": 20}"
IVVFNEQIG,"{""P47437"": 134}"
IVVLDINTA,"{""P47614"": 132}"
IVVLICFYL,"{""P47468"": 131}"
IVVLICFXL,"{""P47468"": 9}"
IVVLIXFYL,"{""P47468"": 5}"
IVVVGLGIT,"{""P47259"": 133}"
IVVNMGVGD,"{""P47409"": 38}"
IVLNEXXXX,"{""P47513"": 102}"
IVLNEXLQT,"{""P47513"": 31}"
IVLNEKLQT,"{""P47513"": 1}"
IVLDDEXXX,"{""P47488"": 567}"
IVLDMSHDP,"{""P47696"": 128}"
IVLDLXAXA,"{""P47623"": 82}"
IVLDLXAXX,"{""P47623"": 19}"
IVLDLXAKA,"{""P47623"": 2}"
IVLDLXXXX,"{""P47623"": 17}"
IVLDLKAXA,"{""P47623"": 6}"
IVLSEQSSY,"{""Q49398"": 133}"
IVLSEQSSX,"{""Q49398"": 2}"
IVLAIDQVM,"{""P47542"": 112}"
IVLLSHLSR,"{""P47542"": 18}"
IVLLSHLSX,"{""P47542"": 9}"
IVLPSALXX,"{""P47651"": 119}"
IVLPSALXG,"{""P47651"": 7}"
IVLPSALKG,"{""P47651"": 1}"
IVLMRRVFY,"{""P47612"": 17}"
IVLMRXVFY,"{""P47612"": 6}"
IVLMXRVFY,"{""P47612"": 8}"
IVLMXXVFY,"{""P47612"": 2}"
IVLRXVVVF,"{""P47246"": 2}"
IVLRRVVVF,"{""P47246"": 2}"
IVDGXXXXX,"{""P47582"": 563}"
IVDGXAIRL,"{""P47582"": 19}"
IVDGXAIXL,"{""P47582"": 4}"
IVDGKAIRL,"{""P47582"": 3}"
IVDXDRIGV,"{""P47477"": 91}"
IVDXDXIGV,"{""P47477"": 24}"
IVDXXXXXX,"{""P47477"": 458, ""P47362"": 23, ""P47376"": 108}"
IVDXAAKXY,"{""P47362"": 5}"
IVDXAAKXX,"{""P47362"": 1}"
IVDXAAXXX,"{""P47362"": 30}"
IVDXAAXXY,"{""P47362"": 51}"
IVDXAAXKY,"{""P47362"": 2}"
IVDXLNFTD,"{""P47321"": 24}"
IVDXTINNF,"{""P47376"": 5}"
IVDDFINXL,"{""P47551"": 101}"
IVDDFINXX,"{""P47551"": 23}"
IVDDFINKL,"{""P47551"": 7}"
IVDDFLXXX,"{""P47636"": 125}"
IVDDFLXAN,"{""P47636"": 1}"
IVDDXXXXX,"{""P47460"": 491}"
IVDDXNXLL,"{""P47460"": 17}"
IVDDXNRLL,"{""P47460"": 75}"
IVDDKNRLL,"{""P47460"": 4}"
IVDDKNXLL,"{""P47460"": 1}"
IVDFCXANQ,"{""P47669"": 468}"
IVDFCXXXX,"{""P47669"": 103}"
IVDFCKANQ,"{""P47669"": 15}"
IVDFXXANQ,"{""P47669"": 34}"
IVDFXXXXX,"{""P47669"": 4}"
IVDFXKANQ,"{""P47669"": 2}"
IVDSIETID,"{""P47660"": 167}"
IVDSILVAT,"{""P47321"": 117}"
IVDEVDQYC,"{""P47496"": 102}"
IVDEVDQYX,"{""P47496"": 5}"
IVDEVDQXC,"{""P47496"": 6}"
IVDRLNFTD,"{""P47321"": 109}"
IVDKAAXXY,"{""P47362"": 3}"
IVDKAAXXX,"{""P47362"": 2}"
IVDKDRIGV,"{""P47477"": 8}"
IVDKTINNF,"{""P47376"": 2}"
IVDLXALLD,"{""P47540"": 2}"
IVDLRALLD,"{""P47540"": 1}"
IVTANGNFX,"{""P47264"": 129}"
IVTLDGETV,"{""P47540"": 654}"
IVTTLRPIX,"{""P47702"": 122}"
IVTTLRPIK,"{""P47702"": 4}"
IVTTLXPIX,"{""P47702"": 34}"
IVTFDDFSE,"{""P47385"": 133}"
IVELYGNES,"{""P47581"": 614}"
IVELVXXXX,"{""P47250"": 122}"
IVELVXAEE,"{""P47250"": 1}"
IVELAXRVI,"{""Q9ZB70"": 22}"
IVELAXXXX,"{""Q9ZB70"": 90}"
IVELAXXVI,"{""Q9ZB70"": 5}"
IVELAKXVI,"{""Q9ZB70"": 1}"
IVELTEQLE,"{""P47500"": 126}"
IVELXGNES,"{""P47581"": 30}"
IVETXXXXX,"{""P47458"": 186}"
IVETXXEGL,"{""P47458"": 403}"
IVETXKEGL,"{""P47458"": 25}"
IVETIDTFX,"{""P47706"": 607}"
IVETIDTFK,"{""P47706"": 18}"
IVETKXXXX,"{""P47458"": 6}"
IVETKXEGL,"{""P47458"": 30}"
IVEFTXIQQ,"{""P52271"": 519}"
IVEFTXXXX,"{""P52271"": 67}"
IVEFTKIQQ,"{""P52271"": 30}"
IVEVLIAWL,"{""P47688"": 637}"
IVEVVXGVN,"{""P47396"": 88}"
IVEVVXXXX,"{""P47396"": 21}"
IVEVVKGVN,"{""P47396"": 8}"
IVEXEFEDX,"{""P47688"": 101}"
IVEXEFEDK,"{""P47688"": 1}"
IVEXXXXXX,"{""P47688"": 16}"
IVEXLAVQL,"{""P47481"": 8}"
IVEXGSVDE,"{""P47326"": 1}"
IVEQGLVEE,"{""P47325"": 143}"
IVEYLAVQL,"{""P47481"": 148}"
IVEMXVNPF,"{""Q49425"": 99}"
IVEMXXXXX,"{""Q49425"": 23}"
IVEMVLSDY,"{""P47479"": 109}"
IVEMVLSDX,"{""P47479"": 8}"
IVEMKVNPF,"{""Q49425"": 4}"
IVEKEFEDX,"{""P47688"": 4}"
IVERGSVDE,"{""P47326"": 7}"
IVIAIAVAT,"{""P47325"": 623}"
IVIVSHDVD,"{""P47545"": 653}"
IVIVSVLIA,"{""P47366"": 145}"
IVIVANWNN,"{""P47435"": 150}"
IVIHXTNSL,"{""P47587"": 109}"
IVIHXXXXX,"{""P47587"": 19}"
IVIHKTNSL,"{""P47587"": 5}"
IVINITHDF,"{""P47546"": 139}"
IVINEVVDL,"{""P47479"": 113}"
IVINRXVLS,"{""P47440"": 26}"
IVINRXXXX,"{""P47440"": 3}"
IVINRKVLS,"{""P47440"": 1}"
IVINXXXXX,"{""P47440"": 1}"
IVINXXVLS,"{""P47440"": 4}"
IVIMLNHVL,"{""P47484"": 125}"
IVIMTDADV,"{""P47249"": 8}"
IVIEPCCSX,"{""P47520"": 89}"
IVIEPCCSK,"{""P47520"": 2}"
IVIEPCXSX,"{""P47520"": 3}"
IVIEPXCSX,"{""P47520"": 2}"
IVIEPXXSX,"{""P47520"": 1}"
IVIGFPXFH,"{""Q9ZB76"": 88}"
IVIGFPXXX,"{""Q9ZB76"": 16}"
IVIGFPKFH,"{""Q9ZB76"": 8}"
IVIFHHVRP,"{""P22746"": 31}"
IVIFHHVXP,"{""P22746"": 6}"
IVMSNLCSE,"{""P47473"": 611}"
IVMSNLXSE,"{""P47473"": 27}"
IVMNELNQP,"{""P47387"": 131}"
IVFLLDQXL,"{""Q49434"": 103}"
IVFLLDQXX,"{""Q49434"": 19}"
IVFLLDQKL,"{""Q49434"": 1}"
IVFLLINSP,"{""P47585"": 108}"
IVFEXIXSP,"{""P47442"": 76}"
IVFEXIXXX,"{""P47442"": 22}"
IVFEXIKSP,"{""P47442"": 2}"
IVFEXXXXX,"{""P47442"": 17}"
IVFELSXLI,"{""P47267"": 117}"
IVFELSXXX,"{""P47267"": 13}"
IVFELSKLI,"{""P47267"": 7}"
IVFEKIXSP,"{""P47442"": 3}"
IVFEKIKSP,"{""P47442"": 1}"
IVFDDANSF,"{""Q49410"": 128}"
IVFQLTPIX,"{""P47279"": 611}"
IVFQLTPIK,"{""P47279"": 26}"
IVFFGTSTL,"{""P47605"": 130}"
IVFIDVIGT,"{""Q9ZB73"": 6}"
IVNLWFGVD,"{""P47301"": 626}"
IVNRYSITP,"{""P47582"": 110}"
IVNRXSITP,"{""P47582"": 6}"
IVNXXIDLE,"{""Q49425"": 81}"
IVNXXXXXX,"{""Q49425"": 35, ""P47498"": 24}"
IVNXXNSLT,"{""P47498"": 4}"
IVNXYNSLT,"{""P47498"": 108}"
IVNXYSITP,"{""P47582"": 44}"
IVNXKIDLE,"{""Q49425"": 2}"
IVNALGEAI,"{""P47641"": 174}"
IVNNCFXXX,"{""P47576"": 21}"
IVNNCFXNL,"{""P47576"": 80}"
IVNNCFKNL,"{""P47576"": 3}"
IVNNXFXNL,"{""P47576"": 8}"
IVNKXIDLE,"{""Q49425"": 1}"
IVNKXNSLT,"{""P47498"": 1}"
IVNKYNSLT,"{""P47498"": 4}"
IVNKKIDLE,"{""Q49425"": 1}"
IVSIXXXXX,"{""P47433"": 84}"
IVSIXQFIN,"{""P47433"": 500}"
IVSIKQFIN,"{""P47433"": 31}"
IVSXRIXXX,"{""P47661"": 13}"
IVSXRIXTX,"{""P47661"": 1}"
IVSXRIKTX,"{""P47661"": 1}"
IVSXXXXXX,"{""P47484"": 18, ""P47661"": 101}"
IVSXXIXXX,"{""P47661"": 5}"
IVSXXIXTX,"{""P47661"": 1}"
IVSXTGSSX,"{""P47484"": 93}"
IVSXTGSSK,"{""P47484"": 2}"
IVSKTGSSX,"{""P47484"": 5}"
IVSKRIXXX,"{""P47661"": 3}"
IVRTSLQEL,"{""P47250"": 25}"
IVRNFPGIT,"{""P47300"": 30}"
IVRNFIAXL,"{""P47464"": 21}"
IVRNFIAXX,"{""P47464"": 1}"
IVRRIFEQX,"{""Q49425"": 22}"
IVRRIFEQK,"{""Q49425"": 1}"
IVRIVHNXW,"{""P47289"": 25}"
IVRIVHNXX,"{""P47289"": 6}"
IVRIVHNKW,"{""P47289"": 1}"
IVRGNXXXX,"{""P47355"": 21}"
IVRGNXTIA,"{""P47355"": 1}"
IVRXIFEQX,"{""Q49425"": 7}"
IVRXIFEQK,"{""Q49425"": 1}"
IVRDVAXXX,"{""P47458"": 20}"
IVRDVAXAM,"{""P47458"": 3}"
IVPSDVXSF,"{""P47605"": 99}"
IVPSDVXXX,"{""P47605"": 18}"
IVPSDVKSF,"{""P47605"": 4}"
IVPINPLXA,"{""P47426"": 107}"
IVPINPLXX,"{""P47426"": 17}"
IVPINPLKA,"{""P47426"": 5}"
IVKXXXXXX,"{""P47413"": 20, ""P47653"": 4, ""P47573"": 1, ""P47429"": 1}"
IVKXIRLTN,"{""P47413"": 2}"
IVKXIXLTN,"{""P47413"": 1}"
IVKXAFNEN,"{""P47429"": 3}"
IVKXALINA,"{""P47573"": 5}"
IVKLXXXXX,"{""P47414"": 18}"
IVKLXRISX,"{""P47414"": 2}"
IVKLNFKQI,"{""P47466"": 1}"
IVKLNFXQI,"{""P47466"": 1}"
IVKLNFXXX,"{""P47466"": 2}"
IVKLLDLNE,"{""P47277"": 5}"
IVKVENGIA,"{""P47514"": 2}"
IVKASSFGI,"{""P47658"": 6}"
IVKAIDYLH,"{""P47355"": 5}"
IVKSGLVYF,"{""P47532"": 6}"
IVKGPDFPT,"{""P47446"": 7}"
IVKTNIVEN,"{""P47348"": 5}"
IVKQSFXXX,"{""P47429"": 2}"
IVKWLEXNX,"{""P47576"": 3}"
IVKEFQITN,"{""P47369"": 1}"
IVAVDSRVX,"{""P47684"": 111}"
IVAVDSXVX,"{""P47684"": 24}"
IVANQIIEE,"{""Q49424"": 127}"
IVADNPRFX,"{""P47350"": 1}"
IVADNPRFY,"{""P47350"": 27}"
IVADNPXFY,"{""P47350"": 3}"
IVWFSGEGE,"{""P47497"": 122}"
IVWVXGXQL,"{""P47301"": 10}"
IVWVXGRQL,"{""P47301"": 19}"
IVWVXXXXX,"{""P47301"": 83}"
IVWVKGRQL,"{""P47301"": 2}"
IVYTTFRFV,"{""P47270"": 18}"
IVYTTFXFV,"{""P47270"": 4}"
ISHFSSSLX,"{""P47437"": 127}"
ISHFSSSLK,"{""P47437"": 5}"
ISSXEIFTD,"{""P47534"": 98}"
ISSXXXXXX,"{""P47534"": 28}"
ISSLETAPS,"{""P47473"": 649}"
ISSLAXSGF,"{""P47444"": 98}"
ISSLAXXXX,"{""P47444"": 20}"
ISSLAKSGF,"{""P47444"": 5}"
ISSNWXNNX,"{""P47580"": 107}"
ISSNWXNNK,"{""P47580"": 2}"
ISSNWXXXX,"{""P47580"": 19}"
ISSNWKNNX,"{""P47580"": 5}"
ISSKEIFTD,"{""P47534"": 4}"
ISTLNLPFL,"{""P47292"": 646}"
ISTLQEXXX,"{""P47431"": 34}"
ISTLQEXEA,"{""P47431"": 97}"
ISTLQEKEA,"{""P47431"": 5}"
ISTIANLVQ,"{""P47490"": 617}"
ISTFFENSS,"{""P47610"": 123}"
ISTSEISSE,"{""P47629"": 117}"
ISFFDTXXX,"{""P47319"": 123}"
ISFFDTXVE,"{""P47319"": 466}"
ISFFDTKVE,"{""P47319"": 24}"
ISFFLDLRA,"{""P47484"": 127}"
ISFFLDLXA,"{""P47484"": 25}"
ISFFLEAWN,"{""P47606"": 125}"
ISFHVEPFS,"{""P47358"": 627}"
ISFQGVFXG,"{""P47534"": 109}"
ISFQGVFXX,"{""P47534"": 24}"
ISFQGVFKG,"{""P47534"": 10}"
ISFNNFVXX,"{""P47615"": 574}"
ISFLNXLTX,"{""P47620"": 110}"
ISFLNXLTK,"{""P47620"": 2}"
ISFLNXXXX,"{""P47620"": 23}"
ISFLNKLTX,"{""P47620"": 4}"
ISFRLQDQS,"{""P47527"": 119}"
ISFXLQDQS,"{""P47527"": 39}"
ISFXXXXXX,"{""P20796"": 104}"
ISFXPGNQI,"{""P20796"": 8}"
ISVIAIVAA,"{""P47276"": 131}"
ISVITPXXX,"{""Q49396"": 115}"
ISVFXXXXX,"{""P47533"": 554}"
ISVNEHXXX,"{""P47368"": 90}"
ISVNEHXTN,"{""P47368"": 21}"
ISVDXHSTG,"{""P47297"": 96}"
ISVDXXXXX,"{""P47297"": 16}"
ISVDKHSTG,"{""P47297"": 3}"
ISVYFLSAX,"{""P47371"": 118}"
ISVYFLSAK,"{""P47371"": 1}"
ISVALXXXX,"{""P47351"": 31}"
ISVALXGVI,"{""P47351"": 95}"
ISVVIFXXX,"{""P47280"": 95}"
ISVVIFXPI,"{""P47280"": 15}"
ISVVIFKPI,"{""P47280"": 3}"
ISVXFLSAX,"{""P47371"": 2}"
ISVXFLSAK,"{""P47371"": 1}"
ISEXEGIDY,"{""P47353"": 515}"
ISEXEGIDX,"{""P47353"": 29}"
ISEXXXXXX,"{""P47353"": 102, ""P47303"": 18, ""P47300"": 100}"
ISEXQTVIL,"{""P47303"": 92}"
ISEXNLLGX,"{""P47300"": 4}"
ISEXNLLGR,"{""P47300"": 13}"
ISEXNTEIX,"{""P47521"": 5}"
ISEXNTEIK,"{""P47521"": 1}"
ISELLGYDL,"{""P47687"": 581}"
ISELLGXDL,"{""P47687"": 41}"
ISELTINLX,"{""Q49436"": 564}"
ISELTINLK,"{""Q49436"": 3}"
ISELEQENV,"{""P47291"": 115}"
ISETNFXAV,"{""P47387"": 113}"
ISETNFXXX,"{""P47387"": 12}"
ISETNFKAV,"{""P47387"": 4}"
ISEYNTEIX,"{""P47521"": 115}"
ISEYNTEIK,"{""P47521"": 5}"
ISEEPNTTI,"{""P47614"": 129}"
ISEKEGIDY,"{""P47353"": 22}"
ISEKEGIDX,"{""P47353"": 1}"
ISEKQTVIL,"{""P47303"": 6}"
ISEKNLLGR,"{""P47300"": 1}"
ISEFCYEIF,"{""P47574"": 28}"
ISEFCXEIF,"{""P47574"": 2}"
ISEFXYEIF,"{""P47574"": 1}"
ISDLXELEI,"{""Q49434"": 478}"
ISDLXXXXX,"{""Q49434"": 144}"
ISDLLFEDG,"{""P47423"": 164}"
ISDLKELEI,"{""Q49434"": 22}"
ISDXXXXXX,"{""P47318"": 34, ""Q9ZB74"": 26}"
ISDXVNVLT,"{""P47318"": 90}"
ISDXLSEIN,"{""Q9ZB74"": 95}"
ISDFFXEID,"{""P47483"": 97}"
ISDFFXXXX,"{""P47483"": 20}"
ISDFFKEID,"{""P47483"": 6}"
ISDFVTXEI,"{""P47606"": 101}"
ISDFVTXXX,"{""P47606"": 25}"
ISDFVTKEI,"{""P47606"": 5}"
ISDKVNVLT,"{""P47318"": 6}"
ISDKLSEIN,"{""Q9ZB74"": 2}"
ISDGXXXXX,"{""P47705"": 120}"
ISGXXXXXX,"{""P47307"": 457, ""P47273"": 31}"
ISGXXIDLL,"{""P47273"": 85}"
ISGXPTGIL,"{""P47307"": 104}"
ISGXKIDLL,"{""P47273"": 5}"
ISGLXXXXX,"{""P47568"": 505}"
ISGLXXFIT,"{""P47568"": 95}"
ISGLXKFIT,"{""P47568"": 4}"
ISGLKXXXX,"{""P47568"": 12}"
ISGLKXFIT,"{""P47568"": 8}"
ISGLKKFIT,"{""P47568"": 1}"
ISGLLFGPI,"{""P47344"": 33}"
ISGHYQHYX,"{""P47615"": 105}"
ISGHYQHYK,"{""P47615"": 2}"
ISGHYQHXX,"{""P47615"": 6}"
ISGHXQHYX,"{""P47615"": 9}"
ISGVLAVFG,"{""P47381"": 112}"
ISGNFVRIH,"{""Q49432"": 23}"
ISGNFVXIH,"{""Q49432"": 8}"
ISGTRFVAY,"{""P47251"": 24}"
ISGTRFVAX,"{""P47251"": 1}"
ISGTXFVAY,"{""P47251"": 4}"
ISGKXIDLL,"{""P47273"": 5}"
ISGKXXXXX,"{""P47273"": 1}"
ISGKPTGIL,"{""P47307"": 2}"
ISGGQQQRV,"{""P47433"": 1}"
ISAFALGIS,"{""P47651"": 615}"
ISAMGPGGI,"{""P47583"": 10}"
ISALXXXXX,"{""P47624"": 92}"
ISALXXELG,"{""P47624"": 16}"
ISALKXXXX,"{""P47624"": 3}"
ISALKXELG,"{""P47624"": 1}"
ISQSMFVTX,"{""P47268"": 125}"
ISQSMFVTK,"{""P47268"": 5}"
ISQNIFQNN,"{""P47521"": 138}"
ISIDALLEA,"{""P47311"": 639}"
ISIDNIDYL,"{""P47310"": 9}"
ISIDNIDXL,"{""P47310"": 2}"
ISITDVEXX,"{""P47658"": 102}"
ISITDVEXT,"{""P47658"": 34}"
ISIVLQDSF,"{""P47261"": 111}"
ISIGISDHF,"{""Q49426"": 129}"
ISXTTXXXX,"{""P47414"": 464}"
ISXTTXGGX,"{""P47414"": 7}"
ISXTTXGGR,"{""P47414"": 18}"
ISXTTKGGX,"{""P47414"": 1}"
ISXXXXXXX,"{""P47258"": 114, ""P47414"": 127, ""P47415"": 26, ""P47268"": 94, ""Q49432"": 37, ""P47326"": 20, ""Q49420"": 25, ""P47497"": 14}"
ISXXFTLLT,"{""Q49432"": 87}"
ISXAAWDIL,"{""P47326"": 115}"
ISXAVITVP,"{""P47547"": 2}"
ISXNALNAV,"{""P47415"": 115}"
ISXNTQNAS,"{""P47575"": 8}"
ISXHLXXIS,"{""Q49420"": 61}"
ISXHLXXXX,"{""Q49420"": 21}"
ISXHLXKIS,"{""Q49420"": 3}"
ISXHLKXIS,"{""Q49420"": 2}"
ISXHLKXXX,"{""Q49420"": 1}"
ISXFVNQXG,"{""P47497"": 85}"
ISXFVNQXX,"{""P47497"": 12}"
ISXFVNQKG,"{""P47497"": 3}"
ISXFAFFVX,"{""P47514"": 11}"
ISXVMQLFY,"{""P47258"": 8}"
ISXVMQLFX,"{""P47258"": 1}"
ISXVVENFY,"{""P47373"": 5}"
ISXSGIQHF,"{""P47349"": 11}"
ISXYQIPIS,"{""P47331"": 1}"
ISXGNDQNY,"{""P47450"": 5}"
ISXKFTLLT,"{""Q49432"": 2}"
ISXQDEPSL,"{""P47268"": 6}"
ISNXLXXFV,"{""P47546"": 56}"
ISNXLXXXX,"{""P47546"": 28}"
ISNXLXKFV,"{""P47546"": 1}"
ISNXLKKFV,"{""P47546"": 2}"
ISNXLKXFV,"{""P47546"": 2}"
ISNXXXXXX,"{""P47362"": 97, ""P47546"": 29}"
ISNXSPLSI,"{""P47362"": 24}"
ISNVVFHLN,"{""P47348"": 117}"
ISNSFLMFS,"{""P47681"": 625}"
ISNQFQSEX,"{""P47368"": 29}"
ISNQFQSEC,"{""P47368"": 601}"
ISNANQFXA,"{""P47257"": 107}"
ISNANQFXX,"{""P47257"": 19}"
ISNANQFKA,"{""P47257"": 3}"
ISNLFETEX,"{""P47592"": 117}"
ISNLFETEK,"{""P47592"": 6}"
ISNFIYQVV,"{""P47651"": 25}"
ISNFIXQVV,"{""P47651"": 1}"
ISNKLXXXX,"{""P47546"": 3}"
ISNKLXXFV,"{""P47546"": 2}"
ISNKLXKFV,"{""P47546"": 1}"
ISNKSPLSI,"{""P47362"": 2}"
ISNESPLAL,"{""P47524"": 6}"
ISPVALDLL,"{""P47291"": 142}"
ISPSXXXXX,"{""Q49433"": 20}"
ISPSXTWEG,"{""Q49433"": 96}"
ISPSKTWEG,"{""Q49433"": 7}"
ISPDQXDXX,"{""P47592"": 102}"
ISPDQXDXK,"{""P47592"": 3}"
ISPDQXDKX,"{""P47592"": 8}"
ISPDQXXXX,"{""P47592"": 16}"
ISPDQKDXX,"{""P47592"": 5}"
ISPNSFIVV,"{""Q49420"": 114}"
ISLLFXEIE,"{""P47637"": 517}"
ISLLFXXXX,"{""P47637"": 97}"
ISLLFKEIE,"{""P47637"": 33}"
ISLLDVAXX,"{""P47695"": 118}"
ISLLDVAXR,"{""P47695"": 1}"
ISLIVIDSV,"{""P47581"": 118}"
ISLPAXXXX,"{""P47463"": 548}"
ISLPAXLRS,"{""P47463"": 7}"
ISLPAXLXS,"{""P47463"": 1}"
ISLNYAXGF,"{""P47508"": 104}"
ISLNYAXXX,"{""P47508"": 22}"
ISLNYAKGF,"{""P47508"": 3}"
ISLNXAXGF,"{""P47508"": 7}"
ISLNXAXXX,"{""P47508"": 1}"
ISLNXAKGF,"{""P47508"": 1}"
ISLSIIHAA,"{""P47388"": 114}"
ISLQQAXEI,"{""P47327"": 104}"
ISLQQAXXX,"{""P47327"": 17}"
ISLQQAKEI,"{""P47327"": 5}"
ISLQLDENL,"{""Q49430"": 30}"
ISLVLNISY,"{""P47582"": 114}"
ISLVLNISX,"{""P47582"": 11}"
ISLFDNLEQ,"{""P47661"": 27}"
ISLGGVHDE,"{""P47481"": 8}"
ISLEVRRLA,"{""P57085"": 1}"
ISLEVRXLA,"{""P57085"": 1}"
ISCGNDQNY,"{""P47450"": 122}"
ISCGNDQNX,"{""P47450"": 4}"
ISYVVENFY,"{""P47373"": 105}"
ISYVVENFX,"{""P47373"": 5}"
ISYFAFFVX,"{""P47514"": 112}"
ISYFAFFVK,"{""P47514"": 4}"
ISYNTQNAS,"{""P47575"": 111}"
ISYYQIPIS,"{""P47331"": 31}"
ISYXQIPIS,"{""P47331"": 1}"
ISRSGIQHF,"{""P47349"": 28}"
ISRAVITVP,"{""P47547"": 8}"
ISMLFSASF,"{""P47544"": 158}"
ISKTTXXXX,"{""P47414"": 26}"
ISKHLXXIS,"{""Q49420"": 4}"
ISKFVNQXG,"{""P47497"": 2}"
ISKFVNQXX,"{""P47497"": 1}"
ISKNALNAV,"{""P47415"": 5}"
ISKAAWDIL,"{""P47326"": 3}"
ISKXFTLLT,"{""Q49432"": 2}"
ISKXXXXXX,"{""Q49432"": 1}"
ISKKFTLLT,"{""Q49432"": 1}"
ITGIESWXL,"{""P47437"": 496}"
ITGIESWXX,"{""P47437"": 118}"
ITGIESWKL,"{""P47437"": 13}"
ITGFNFFNI,"{""P47687"": 627}"
ITGNCNMHQ,"{""P47338"": 117}"
ITGNXNMHQ,"{""P47338"": 7}"
ITGTRFGXV,"{""P47613"": 22}"
ITGTRFGXX,"{""P47613"": 3}"
ITGTRFGKV,"{""P47613"": 1}"
ITGTXFGXV,"{""P47613"": 5}"
ITGTXFGXX,"{""P47613"": 1}"
ITGENPGSF,"{""P20796"": 37}"
ITGLNNETD,"{""P47650"": 28}"
ITSCFPSIV,"{""P47487"": 129}"
ITSXFPSIV,"{""P47487"": 7}"
ITSHFILPH,"{""P47585"": 114}"
ITSDLILEX,"{""P47658"": 6}"
ITSDLILER,"{""P47658"": 23}"
ITSIXADGG,"{""P47284"": 115}"
ITSIXXXXX,"{""P47284"": 24}"
ITSIKADGG,"{""P47284"": 6}"
ITEEFNGSH,"{""P47641"": 666}"
ITEIIQHXG,"{""P47492"": 5}"
ITEIIQHYG,"{""P47492"": 127}"
ITEGSVDIX,"{""P47582"": 118}"
ITXXXXXXX,"{""P47277"": 39, ""Q49430"": 44, ""P47403"": 94, ""P47545"": 19, ""P47576"": 20, ""P47458"": 21, ""P47553"": 86, ""P47465"": 22, ""P47254"": 4, ""P47481"": 10, ""Q49428"": 15}"
ITXXEIPYV,"{""Q49430"": 65}"
ITXXEIPXV,"{""Q49430"": 5}"
ITXXHVETM,"{""P47277"": 72}"
ITXSPLVXN,"{""P47553"": 419}"
ITXSPLVXX,"{""P47553"": 84}"
ITXSPLVKN,"{""P47553"": 10}"
ITXSFAFNX,"{""P47465"": 93}"
ITXSFAFNK,"{""P47465"": 3}"
ITXSIXXXX,"{""P47561"": 5}"
ITXDSEVII,"{""P47458"": 109}"
ITXLLDXFQ,"{""P47576"": 83}"
ITXLLDXXX,"{""P47576"": 13}"
ITXLLDKFQ,"{""P47576"": 3}"
ITXLANLIS,"{""P47612"": 4}"
ITXNFXQXI,"{""P47545"": 67}"
ITXNFXQXX,"{""P47545"": 14}"
ITXNFXQKI,"{""P47545"": 1}"
ITXNFXXXX,"{""P47545"": 19}"
ITXNFKQXI,"{""P47545"": 5}"
ITXNGLAYA,"{""Q49428"": 103}"
ITXNGLAXA,"{""Q49428"": 2}"
ITXNLXXXX,"{""P47364"": 7}"
ITXMIQIIV,"{""P47403"": 22}"
ITXISFNNF,"{""P47615"": 10}"
ITXKEIPYV,"{""Q49430"": 3}"
ITXKHVETM,"{""P47277"": 6}"
ITVSLDETN,"{""P47448"": 139}"
ITVLXDLLX,"{""P47566"": 108}"
ITVLXDLLK,"{""P47566"": 2}"
ITVLXXXXX,"{""P47566"": 21}"
ITVLTLFEN,"{""P47683"": 125}"
ITVLKDLLX,"{""P47566"": 5}"
ITVIFGESG,"{""P47545"": 142}"
ITVXXXXXX,"{""P47543"": 103}"
ITVXQNILQ,"{""P47543"": 23}"
ITVXNIARE,"{""P47537"": 2}"
ITVXNIAXE,"{""P47537"": 1}"
ITVASGSXX,"{""P47681"": 108}"
ITVASGSXR,"{""P47681"": 3}"
ITVASGSKR,"{""P47681"": 1}"
ITVRHHGGX,"{""P47400"": 1}"
ITVRHHGGR,"{""P47400"": 4}"
ITVRNIARE,"{""P47537"": 4}"
ITNAMXXXX,"{""P47640"": 88}"
ITNAMXMVS,"{""P47640"": 33}"
ITNAMKMVS,"{""P47640"": 1}"
ITNLLGTSI,"{""P47488"": 625}"
ITNLPLVLH,"{""P47269"": 124}"
ITNNQLGIV,"{""P47342"": 119}"
ITNNQTLLI,"{""P47653"": 139}"
ITNSENXNT,"{""P47337"": 84}"
ITNSENXXX,"{""P47337"": 22}"
ITNSENKNT,"{""P47337"": 8}"
ITNXXXXXX,"{""P47254"": 99}"
ITNXXITRX,"{""P47254"": 20}"
ITNXXITXX,"{""P47254"": 5}"
ITNXPSWXV,"{""P47482"": 5}"
ITNEHMEIL,"{""P47540"": 119}"
ITNESXXXX,"{""P47520"": 115}"
ITNESXXQR,"{""P47520"": 18}"
ITNESXXQX,"{""P47520"": 4}"
ITNESXKQR,"{""P47520"": 1}"
ITNESKXQX,"{""P47520"": 1}"
ITNESKXXX,"{""P47520"": 2}"
ITNYPSWKV,"{""P47482"": 6}"
ITNYPSWXV,"{""P47482"": 91}"
ITNYPSWXX,"{""P47482"": 21}"
ITNHLEXXX,"{""P47700"": 96}"
ITNHLEXND,"{""P47700"": 19}"
ITNHLEKND,"{""P47700"": 1}"
ITNFFERAQ,"{""P47533"": 8}"
ITNFFEXAQ,"{""P47533"": 1}"
ITNKXXXXX,"{""P47254"": 3}"
ITNKXITRX,"{""P47254"": 1}"
ITPXGSVYI,"{""P47488"": 517}"
ITPXGSVXI,"{""P47488"": 24}"
ITPXLXFSD,"{""P47655"": 83}"
ITPXLXXXX,"{""P47655"": 19}"
ITPXLKFSD,"{""P47655"": 4}"
ITPXXXXXX,"{""P47488"": 100, ""P47655"": 18}"
ITPQELFXI,"{""P47397"": 83}"
ITPQELFXX,"{""P47397"": 37}"
ITPQELFKI,"{""P47397"": 5}"
ITPKGSVYI,"{""P47488"": 25}"
ITPKGSVXI,"{""P47488"": 1}"
ITPKLXFSD,"{""P47655"": 4}"
ITPKLKFSD,"{""P47655"": 1}"
ITQEATRYE,"{""P47563"": 6}"
ITQEATRXE,"{""P47563"": 1}"
ITQEATXYE,"{""P47563"": 2}"
ITQXQQTNN,"{""Q49460"": 97}"
ITQXXXXXX,"{""Q49460"": 18}"
ITQQPLGGX,"{""P47583"": 146}"
ITQLRDASD,"{""P47534"": 24}"
ITQLXDASD,"{""P47534"": 12}"
ITQKQQTNN,"{""Q49460"": 5}"
ITTFADALL,"{""P47508"": 113}"
ITTFDWDLX,"{""Q49405"": 114}"
ITTFDWDLK,"{""Q49405"": 5}"
ITTQLXDNT,"{""P47288"": 115}"
ITTQLXXXX,"{""P47288"": 28}"
ITTQLKDNT,"{""P47288"": 4}"
ITTIPDDFF,"{""P47350"": 118}"
ITTAGIXWN,"{""P47495"": 91}"
ITTAGIXXX,"{""P47495"": 20}"
ITTAGIKWN,"{""P47495"": 4}"
ITTXVSTXX,"{""P55825"": 90}"
ITTXXXXXX,"{""P55825"": 28}"
ITTKVSTXX,"{""P55825"": 4}"
ITATLLGXA,"{""P47321"": 112}"
ITATLLGXX,"{""P47321"": 12}"
ITATLLGKA,"{""P47321"": 5}"
ITAQILFDN,"{""P47448"": 128}"
ITASGXYSV,"{""P47523"": 425}"
ITASGXXXX,"{""P47523"": 142}"
ITASGXXSV,"{""P47523"": 30}"
ITASGKYSV,"{""P47523"": 21}"
ITASGKXSV,"{""P47523"": 2}"
ITASNGVVE,"{""P47275"": 128}"
ITALIGXSG,"{""P47650"": 108}"
ITALIGXXX,"{""P47650"": 29}"
ITALIGKSG,"{""P47650"": 6}"
ITAIGFDGD,"{""P47579"": 122}"
ITAIPFERN,"{""Q49419"": 23}"
ITAIPFEXN,"{""Q49419"": 5}"
ITARSIAEI,"{""P47324"": 6}"
ITFNEITKX,"{""P47368"": 26}"
ITFNEITXX,"{""P47368"": 617}"
ITFNEITXK,"{""P47368"": 29}"
ITFFENXHF,"{""P47615"": 113}"
ITFFENXXX,"{""P47615"": 13}"
ITFFENKHF,"{""P47615"": 1}"
ITFISGQEV,"{""P47387"": 136}"
ITFASGRSH,"{""P47507"": 31}"
ITFASGXSH,"{""P47507"": 6}"
ITFQAVXXX,"{""P47386"": 107}"
ITFQAVXXK,"{""P47386"": 1}"
ITFQAVXRX,"{""P47386"": 26}"
ITFQAVXRK,"{""P47386"": 1}"
ITFQAVKRX,"{""P47386"": 3}"
ITDFQLIXE,"{""P47539"": 537}"
ITDFQLIXX,"{""P47539"": 92}"
ITDFQLIKE,"{""P47539"": 27}"
ITDFLDASA,"{""P47281"": 120}"
ITDHRIXLT,"{""P47500"": 95}"
ITDHRIXXX,"{""P47500"": 14}"
ITDHRIKLT,"{""P47500"": 4}"
ITDHXIXLT,"{""P47500"": 31}"
ITDHXIXXX,"{""P47500"": 3}"
ITDHXIKLT,"{""P47500"": 1}"
ITDETIFFA,"{""P47650"": 142}"
ITDEMLEGG,"{""P47277"": 107}"
ITDYLVITS,"{""P47455"": 122}"
ITDIFAYQV,"{""P47647"": 31}"
ITDIFAXQV,"{""P47647"": 1}"
ITDNRIAEC,"{""P47664"": 25}"
ITDNXIAEC,"{""P47664"": 5}"
ITDXLVITS,"{""P47455"": 5}"
ITLVFVTHD,"{""P47532"": 134}"
ITLHAVXNN,"{""P47321"": 117}"
ITLHAVXXX,"{""P47321"": 14}"
ITLHAVKNN,"{""P47321"": 3}"
ITLTDEQLX,"{""P47516"": 100}"
ITLTDEQLK,"{""P47516"": 1}"
ITLPSIRPT,"{""P47434"": 24}"
ITLPSIXPT,"{""P47434"": 2}"
ITHYVIDEM,"{""P47541"": 112}"
ITHLPTGIV,"{""P47500"": 587}"
ITHXVIDEM,"{""P47541"": 1}"
ITITTXXXX,"{""Q49413"": 104}"
ITITTXXSS,"{""Q49413"": 19}"
ITITTKXSS,"{""Q49413"": 1}"
ITITTKXXX,"{""Q49413"": 1}"
ITILGDLTL,"{""P47380"": 127}"
ITINGNGGT,"{""P47341"": 139}"
ITINECXSL,"{""P47668"": 89}"
ITINECXXX,"{""P47668"": 22}"
ITINECKSL,"{""P47668"": 8}"
ITINEXXXX,"{""P47668"": 1}"
ITINEXXSL,"{""P47668"": 4}"
ITINHRNPS,"{""P47656"": 29}"
ITINHXNPS,"{""P47656"": 6}"
ITIQXXXXX,"{""P47428"": 116}"
ITIQXETNQ,"{""P47428"": 1}"
ITIQKETNQ,"{""P47428"": 1}"
ITIRNARYQ,"{""P47595"": 13}"
ITIRNAXYQ,"{""P47595"": 10}"
ITIXNARYQ,"{""P47595"": 6}"
ITIXNAXYQ,"{""P47595"": 2}"
ITIIPXGQA,"{""P47695"": 8}"
ITIIPRGQA,"{""P47695"": 16}"
ITRXXXXXX,"{""P47254"": 21, ""P47481"": 22}"
ITRXGMQIQ,"{""P47254"": 5}"
ITRKGMQIQ,"{""P47254"": 1}"
ITRLANLIS,"{""P47612"": 28}"
ITRNLXXXX,"{""P47364"": 23}"
ITRSIXXXX,"{""P47561"": 18}"
ITRISFNNF,"{""P47615"": 17}"
ITMVELIXX,"{""P47382"": 138}"
ITMVELIXK,"{""P47382"": 2}"
ITMVELIKX,"{""P47382"": 3}"
ITWIDILAL,"{""P47427"": 37}"
ITKSFAFNX,"{""P47465"": 5}"
ITKSPLVXX,"{""P47553"": 6}"
ITKSPLVXN,"{""P47553"": 18}"
ITKSPLVKN,"{""P47553"": 1}"
ITKNGLAYA,"{""Q49428"": 4}"
ITKNFKQXX,"{""P47545"": 1}"
ITKLLDXFQ,"{""P47576"": 12}"
ITKXHVETM,"{""P47277"": 1}"
ITKXXXXXX,"{""Q49430"": 1, ""P47277"": 1}"
ITKMIQIIV,"{""P47403"": 2}"
ITKDSEVII,"{""P47458"": 3}"
ITKKHVETM,"{""P47277"": 1}"
ILYGMFQMG,"{""P47446"": 582}"
ILYGAFEII,"{""P47334"": 569}"
ILYAGNFLV,"{""P47350"": 571}"
ILYRXGVXX,"{""P47660"": 85}"
ILYRXGVXK,"{""P47660"": 2}"
ILYRXXXXX,"{""P47660"": 17}"
ILYRKGVXX,"{""P47660"": 4}"
ILYXDXXXX,"{""P47575"": 20}"
ILYXDXNXQ,"{""P47575"": 58}"
ILYXDXNXX,"{""P47575"": 15}"
ILYXDXNKQ,"{""P47575"": 5}"
ILYXDKNXQ,"{""P47575"": 3}"
ILYXDKNXX,"{""P47575"": 1}"
ILYXXGVXX,"{""P47660"": 26}"
ILYXXGVXK,"{""P47660"": 1}"
ILYXXGVKX,"{""P47660"": 2}"
ILYXXXXXX,"{""P47575"": 15, ""P47660"": 5}"
ILYXKGVXK,"{""P47660"": 2}"
ILYEIRXXX,"{""Q49399"": 25}"
ILYEIXXXX,"{""Q49399"": 5}"
ILYSDIPRL,"{""P47597"": 18}"
ILYSDIPXL,"{""P47597"": 4}"
ILYKDXNXQ,"{""P47575"": 3}"
ILYKDXNXX,"{""P47575"": 1}"
ILYKDXNKQ,"{""P47575"": 1}"
ILYKDXXXX,"{""P47575"": 2}"
ILSVPNITL,"{""P47312"": 624}"
ILSNDIGEF,"{""Q49402"": 632}"
ILSELEHYE,"{""P47481"": 615}"
ILSELEHXE,"{""P47481"": 31}"
ILSELXXXX,"{""P47632"": 30}"
ILSELXNEX,"{""P47632"": 111}"
ILSELXNEK,"{""P47632"": 3}"
ILSELKNEX,"{""P47632"": 4}"
ILSEFGEYF,"{""P47299"": 614}"
ILSEFGEXF,"{""P47299"": 35}"
ILSAMQTXA,"{""P47448"": 530}"
ILSAMQTXX,"{""P47448"": 91}"
ILSAMQTKA,"{""P47448"": 28}"
ILSAFLDHN,"{""P47427"": 21}"
ILSLQEQLX,"{""Q49407"": 566}"
ILSLQEQLK,"{""Q49407"": 2}"
ILSXXXXXX,"{""P47318"": 464}"
ILSXANXIA,"{""P47318"": 25}"
ILSXANRIA,"{""P47318"": 94}"
ILSTRSQIV,"{""P47507"": 29}"
ILSTXSQIV,"{""P47507"": 7}"
ILSDLIATY,"{""P47579"": 123}"
ILSDLIATX,"{""P47579"": 10}"
ILSKANXIA,"{""P47318"": 1}"
ILSKANRIA,"{""P47318"": 7}"
ILEXXXXXX,"{""P47491"": 438, ""P47678"": 102, ""P47661"": 189, ""Q9ZB73"": 33, ""P47464"": 18}"
ILEXXIVSX,"{""P47661"": 355}"
ILEXXIVSK,"{""P47661"": 4}"
ILEXLFVFL,"{""Q9ZB73"": 117}"
ILEXLTTGT,"{""P47464"": 110}"
ILEXKIVSX,"{""P47661"": 20}"
ILEXKIVSK,"{""P47661"": 1}"
ILEXNRPYX,"{""P47491"": 86}"
ILEXNRPYK,"{""P47491"": 3}"
ILEXNRPXX,"{""P47491"": 8}"
ILEXNXPYX,"{""P47491"": 18}"
ILEXNXPXX,"{""P47491"": 2}"
ILEXNXPXK,"{""P47491"": 1}"
ILEXQDPSR,"{""P47678"": 18}"
ILEXQDPSX,"{""P47678"": 3}"
ILEVCDSDV,"{""P47513"": 619}"
ILEVXDSDV,"{""P47513"": 25}"
ILEDGTVPS,"{""P47582"": 579}"
ILEEEPXSE,"{""Q49429"": 113}"
ILEEEPXXX,"{""Q49429"": 10}"
ILEEEPKSE,"{""Q49429"": 2}"
ILEEXEIVX,"{""P47693"": 104}"
ILEEXEIVK,"{""P47693"": 6}"
ILEEXXXXX,"{""P47693"": 17}"
ILEEKEIVX,"{""P47693"": 9}"
ILEQTXPXX,"{""P47277"": 82}"
ILEQTXPXD,"{""P47277"": 19}"
ILEQTXPKD,"{""P47277"": 2}"
ILEQTXXXX,"{""P47277"": 24}"
ILEQTKPXX,"{""P47277"": 4}"
ILESFHYLL,"{""P47361"": 111}"
ILESFHXLL,"{""P47361"": 3}"
ILEGRSYSN,"{""P47318"": 95}"
ILEGXSYSN,"{""P47318"": 30}"
ILEGXSXSN,"{""P47318"": 2}"
ILEGLREQI,"{""P47627"": 22}"
ILEGLXEQI,"{""P47627"": 6}"
ILEIELSNT,"{""P47698"": 122}"
ILEIIHGDX,"{""P47419"": 133}"
ILEKLFVFL,"{""Q9ZB73"": 7}"
ILEKLTTGT,"{""P47464"": 4}"
ILEKNRPYX,"{""P47491"": 3}"
ILEKNRPXX,"{""P47491"": 1}"
ILEKNXPXX,"{""P47491"": 1}"
ILEKNXPYX,"{""P47491"": 1}"
ILEKXIVSX,"{""P47661"": 21}"
ILEKXXXXX,"{""P47661"": 6}"
ILEKKIVSX,"{""P47661"": 1}"
ILGLGDVMS,"{""P47294"": 633}"
ILGLXXXXX,"{""P47604"": 467}"
ILGLXNFET,"{""P47604"": 97}"
ILGLKNFET,"{""P47604"": 3}"
ILGIDIPNQ,"{""P47421"": 580}"
ILGIPTDWS,"{""P47342"": 123}"
ILGITIAFI,"{""P47629"": 138}"
ILGQDETGX,"{""P47400"": 577}"
ILGQDETGK,"{""P47400"": 9}"
ILGAIFLTH,"{""P47525"": 639}"
ILGAQLLSW,"{""Q49408"": 646}"
ILNQLFEIX,"{""P47319"": 131}"
ILNQLFEIK,"{""P47319"": 3}"
ILNSSAFLN,"{""P47699"": 638}"
ILNLLEDTS,"{""P47447"": 122}"
ILNLIFXAD,"{""P47388"": 87}"
ILNLIFXXX,"{""P47388"": 17}"
ILNLIFKAD,"{""P47388"": 3}"
ILNVEXXXX,"{""P47249"": 21}"
ILNVEXSNF,"{""P47249"": 90}"
ILNVEKSNF,"{""P47249"": 6}"
ILNVAIVTY,"{""P47466"": 23}"
ILNVAIVTX,"{""P47466"": 2}"
ILNNXLDFH,"{""P47486"": 92}"
ILNNXXXXX,"{""P47486"": 17}"
ILNNKLDFH,"{""P47486"": 7}"
ILNAQASXG,"{""P47427"": 7}"
ILNAQASRG,"{""P47427"": 15}"
ILAITDDEX,"{""P47328"": 602}"
ILAITDDEK,"{""P47328"": 19}"
ILAITFTXX,"{""P47486"": 602}"
ILAITFTXK,"{""P47486"": 19}"
ILAITFTKX,"{""P47486"": 22}"
ILAITFTKK,"{""P47486"": 2}"
ILAILXEVN,"{""P47532"": 99}"
ILAILXXXX,"{""P47532"": 20}"
ILAILKEVN,"{""P47532"": 2}"
ILAXXXXXX,"{""P47455"": 90, ""P47478"": 166, ""P55825"": 20}"
ILAXXADNL,"{""P47455"": 15}"
ILAXLXXXX,"{""P47478"": 434}"
ILAXLXLIN,"{""P47478"": 22}"
ILAXLKLIN,"{""P47478"": 2}"
ILAXAIVMX,"{""P55825"": 78}"
ILAXAIVMK,"{""P55825"": 5}"
ILASFXDAX,"{""P47617"": 478}"
ILASFXDAK,"{""P47617"": 21}"
ILASFXXXX,"{""P47617"": 118}"
ILASFLSIY,"{""P47310"": 134}"
ILASFLSIX,"{""P47310"": 6}"
ILASFKDAX,"{""P47617"": 21}"
ILASFKDAK,"{""P47617"": 1}"
ILAGLDTIX,"{""P47542"": 607}"
ILAGLDTIK,"{""P47542"": 35}"
ILAAQHFVG,"{""P47356"": 119}"
ILAKLXXXX,"{""P47478"": 19}"
ILAKLXLIN,"{""P47478"": 2}"
ILAKAIVMX,"{""P55825"": 5}"
ILAKXXXXX,"{""P47455"": 1}"
ILAQNQIEY,"{""P47520"": 21}"
ILAEERXXQ,"{""P47530"": 5}"
ILAEERXXX,"{""P47530"": 1}"
ILAEERRXX,"{""P47530"": 6}"
ILAEERRXQ,"{""P47530"": 17}"
ILAEERRKQ,"{""P47530"": 1}"
ILAEEXRXX,"{""P47530"": 3}"
ILAEEXRXQ,"{""P47530"": 9}"
ILAEEXXXX,"{""P47530"": 2}"
ILXXXXXXX,"{""P47481"": 463, ""Q49427"": 494, ""P47660"": 105, ""P47585"": 28, ""P47587"": 89, ""P47318"": 98, ""P47619"": 103, ""Q49419"": 91, ""P47385"": 111, ""P47524"": 142, ""P47489"": 109, ""P47278"": 98, ""P47445"": 25, ""P47310"": 21, ""P47486"": 95, ""P47466"": 18, ""P47247"": 30}"
ILXXXGVXX,"{""P47660"": 2}"
ILXXGYXXX,"{""Q49427"": 21}"
ILXXGYXXN,"{""Q49427"": 3}"
ILXXGYXRN,"{""Q49427"": 3}"
ILXXGXXXX,"{""Q49427"": 2}"
ILXXMNNVI,"{""P47247"": 84}"
ILXXNVREF,"{""P47489"": 13}"
ILXXNVXEF,"{""P47489"": 2}"
ILXXVGMSV,"{""P47318"": 7}"
ILXXDXNXX,"{""P47575"": 2}"
ILXXDXNXQ,"{""P47575"": 1}"
ILXLIDSSL,"{""P47486"": 524}"
ILXELXEXA,"{""P47278"": 325}"
ILXELXEXX,"{""P47278"": 72}"
ILXELXEKA,"{""P47278"": 18}"
ILXELXXXX,"{""P47278"": 87}"
ILXELKEXA,"{""P47278"": 13}"
ILXELKEXX,"{""P47278"": 2}"
ILXELKEKA,"{""P47278"": 1}"
ILXEQHPTX,"{""Q49419"": 514}"
ILXEQHPTK,"{""Q49419"": 12}"
ILXERNYPL,"{""P47528"": 5}"
ILXEXNYPL,"{""P47528"": 2}"
ILXEARGXV,"{""P47385"": 1}"
ILXEIXXXX,"{""Q49399"": 1}"
ILXTSLDYN,"{""P47619"": 489}"
ILXTSLDXN,"{""P47619"": 27}"
ILXTXXXXX,"{""P47466"": 79}"
ILXTXXILN,"{""P47466"": 19}"
ILXTXKILN,"{""P47466"": 2}"
ILXTFXGLX,"{""P47585"": 86}"
ILXTFXGLK,"{""P47585"": 1}"
ILXTFXXXX,"{""P47585"": 14}"
ILXTFKGLX,"{""P47585"": 5}"
ILXTKXILN,"{""P47466"": 1}"
ILXRGYXXX,"{""Q49427"": 70}"
ILXRGYXXN,"{""Q49427"": 3}"
ILXRGYXRN,"{""Q49427"": 11}"
ILXRGYKRN,"{""Q49427"": 1}"
ILXRGXXXX,"{""Q49427"": 2}"
ILXRVGMSV,"{""P47318"": 27}"
ILXRXGVXX,"{""P47660"": 5}"
ILXRXXXXX,"{""P47660"": 1}"
ILXRKGVXX,"{""P47660"": 1}"
ILXGLDAVX,"{""P47445"": 89}"
ILXGLDAVK,"{""P47445"": 1}"
ILXGMFQMG,"{""P47446"": 36}"
ILXGMTRAX,"{""P47481"": 93}"
ILXGMTRAK,"{""P47481"": 4}"
ILXGMTXAX,"{""P47481"": 27}"
ILXGMTXAK,"{""P47481"": 2}"
ILXGAFEII,"{""P47334"": 31}"
ILXDFILRS,"{""P47587"": 25}"
ILXDFILXS,"{""P47587"": 7}"
ILXHDSEFX,"{""P47310"": 106}"
ILXHDSEFK,"{""P47310"": 2}"
ILXKMNNVI,"{""P47247"": 4}"
ILXKNVREF,"{""P47489"": 1}"
ILXAGNFLV,"{""P47350"": 35}"
ILXNLGYNE,"{""P47293"": 22}"
ILXNLGXNE,"{""P47293"": 1}"
ILXVICXTX,"{""P47420"": 14}"
ILXVICXTK,"{""P47420"": 1}"
ILXVICKTX,"{""P47420"": 2}"
ILXVIXXXX,"{""P47420"": 1}"
ILXQLETIS,"{""P47582"": 1}"
ILTLLXXXX,"{""P47386"": 543}"
ILTLLXFHY,"{""P47386"": 29}"
ILTLLXFHX,"{""P47386"": 1}"
ILTEDQLVX,"{""P47701"": 132}"
ILTEDQLVK,"{""P47701"": 1}"
ILTTSDSDN,"{""P47579"": 130}"
ILTDAAVXN,"{""P47582"": 109}"
ILTDAAVXX,"{""P47582"": 16}"
ILTDAAVKN,"{""P47582"": 6}"
ILTGRGFEY,"{""Q49430"": 20}"
ILTGRGFEX,"{""Q49430"": 4}"
ILTGXGFEY,"{""Q49430"": 3}"
ILTVFSTES,"{""P47573"": 113}"
ILTXXXXXX,"{""P47433"": 102}"
ILTXXPDXX,"{""P47433"": 9}"
ILTXRPDXX,"{""P47433"": 16}"
ILPGDVVEV,"{""P47419"": 117}"
ILPGEFVVI,"{""Q9ZB70"": 139}"
ILPIVXNTY,"{""Q49405"": 442}"
ILPIVXNTX,"{""Q49405"": 31}"
ILPIVXXXX,"{""Q49405"": 124}"
ILPIVKNTY,"{""Q49405"": 14}"
ILPIVKNTX,"{""Q49405"": 1}"
ILPNLIXSI,"{""P47655"": 513}"
ILPNLIXXX,"{""P47655"": 104}"
ILPNLIKSI,"{""P47655"": 32}"
ILPMIYCGL,"{""P47384"": 99}"
ILPMIYXGL,"{""P47384"": 3}"
ILPMIXCGL,"{""P47384"": 5}"
ILPMIXXGL,"{""P47384"": 1}"
ILPLAYDNX,"{""P47467"": 10}"
ILPLAYDNY,"{""P47467"": 112}"
ILPLAXDNY,"{""P47467"": 8}"
ILPLIXXXX,"{""P47610"": 84}"
ILPLIXXSD,"{""P47610"": 7}"
ILPLIXRSD,"{""P47610"": 22}"
ILPLIKRSD,"{""P47610"": 1}"
ILVFDDSMS,"{""P47260"": 645}"
ILVSTXXXX,"{""P47665"": 477}"
ILVSTXTIR,"{""P47665"": 112}"
ILVSTXTIX,"{""P47665"": 19}"
ILVSTKTIX,"{""P47665"": 4}"
ILVSTKTIR,"{""P47665"": 1}"
ILVSSLKIN,"{""P47632"": 8}"
ILVSSLXXX,"{""P47632"": 22}"
ILVSSLXIN,"{""P47632"": 94}"
ILVSIGRIA,"{""P47513"": 20}"
ILVSIGXIA,"{""P47513"": 6}"
ILVDDGXXX,"{""P47458"": 95}"
ILVDDGXLT,"{""P47458"": 19}"
ILVDDGKLT,"{""P47458"": 1}"
ILVIVYPEM,"{""P47275"": 114}"
ILVIVXPEM,"{""P47275"": 5}"
ILVIDNGRI,"{""P47260"": 25}"
ILVIDNGXI,"{""P47260"": 5}"
ILVVNAGSS,"{""P47599"": 129}"
ILVNAINRD,"{""P47658"": 21}"
ILVNAINXD,"{""P47658"": 5}"
ILDDKIDQX,"{""P47281"": 22}"
ILDDKIDQK,"{""P47281"": 2}"
ILDDXIDQX,"{""P47281"": 489}"
ILDDXIDQK,"{""P47281"": 30}"
ILDDXXXXX,"{""P47281"": 79}"
ILDTFFXXX,"{""Q49418"": 466}"
ILDTFFXXN,"{""Q49418"": 26}"
ILDTFFXRN,"{""Q49418"": 106}"
ILDTFFKRN,"{""Q49418"": 7}"
ILDTFFKXN,"{""Q49418"": 2}"
ILDTAGIXX,"{""P47254"": 8}"
ILDTAGIRX,"{""P47254"": 26}"
ILDTAGIRK,"{""P47254"": 1}"
ILDXXXXXX,"{""P47583"": 105}"
ILDXEIIGR,"{""P47583"": 8}"
ILDQANTNF,"{""P47563"": 126}"
ILDYXVFAR,"{""P47317"": 2}"
ILDYRVFAR,"{""P47317"": 3}"
ILDKEIIGR,"{""P47583"": 2}"
ILMPXXXXX,"{""P47332"": 126}"
ILMPXVWDG,"{""P47332"": 4}"
ILMPKVWDG,"{""P47332"": 2}"
ILLLXEIXX,"{""P47661"": 470}"
ILLLXEIXK,"{""P47661"": 15}"
ILLLXEIKX,"{""P47661"": 22}"
ILLLXEIKK,"{""P47661"": 1}"
ILLLXXXXX,"{""P47661"": 102}"
ILLLKEIXX,"{""P47661"": 19}"
ILLLFVRVV,"{""P47533"": 5}"
ILLVTXXXX,"{""P47507"": 91}"
ILLVTXNXE,"{""P47507"": 4}"
ILLVTXNRE,"{""P47507"": 12}"
ILLVTKNRE,"{""P47507"": 1}"
ILLNNIPYV,"{""P47345"": 108}"
ILLNNIPXV,"{""P47345"": 8}"
ILLIXLPPN,"{""P47340"": 8}"
ILLIRLPPN,"{""P47340"": 23}"
ILIGSISTE,"{""P47282"": 616}"
ILIEHLNPI,"{""P47423"": 125}"
ILIEQELSN,"{""P47277"": 117}"
ILIESVSAN,"{""P47618"": 6}"
ILINEPSSQ,"{""P47597"": 30}"
ILINXSELN,"{""P47247"": 115}"
ILINXXXXX,"{""P47247"": 15}"
ILINXHPFS,"{""P47573"": 6}"
ILINYHPFS,"{""P47573"": 99}"
ILINKSELN,"{""P47247"": 4}"
ILIPNNLIS,"{""P47463"": 645}"
ILIPREXXX,"{""P47491"": 16}"
ILIPREXIR,"{""P47491"": 3}"
ILIPREXIX,"{""P47491"": 1}"
ILIPQALXX,"{""P47251"": 119}"
ILIPQALKX,"{""P47251"": 4}"
ILIPXEXXX,"{""P47491"": 3}"
ILIVSFIAV,"{""P47467"": 27}"
ILIVGNEDR,"{""P47494"": 13}"
ILIVGNEDX,"{""P47494"": 11}"
ILIRPEDFD,"{""P47288"": 28}"
ILIDSVQVN,"{""P47323"": 40}"
ILIXPEDFD,"{""P47288"": 6}"
ILIMILFAT,"{""P47427"": 29}"
ILHGXESXX,"{""P47489"": 491}"
ILHGXXXXX,"{""P47489"": 139}"
ILHGTFNAL,"{""P47412"": 135}"
ILHGKESXX,"{""P47489"": 17}"
ILHWSCFLP,"{""Q9ZB81"": 126}"
ILHWSXFLP,"{""Q9ZB81"": 4}"
ILHDGPPYA,"{""P47587"": 124}"
ILHDGPPXA,"{""P47587"": 5}"
ILKGMTRAX,"{""P47481"": 4}"
ILKGMTXAX,"{""P47481"": 1}"
ILKGLDAVX,"{""P47445"": 6}"
ILKEQHPTX,"{""Q49419"": 28}"
ILKELXEXX,"{""P47278"": 3}"
ILKELXEXA,"{""P47278"": 10}"
ILKELXEKA,"{""P47278"": 1}"
ILKELXXXX,"{""P47278"": 2}"
ILKXMNNVI,"{""P47247"": 6}"
ILKXGXXXX,"{""Q49427"": 1}"
ILKXXXXXX,"{""P47489"": 3, ""P47247"": 3}"
ILKLIDSSL,"{""P47486"": 18}"
ILKRGYXXX,"{""Q49427"": 5}"
ILKHDSEFX,"{""P47310"": 4}"
ILKTXXXXX,"{""P47466"": 4}"
ILKTXXILN,"{""P47466"": 1}"
ILKTSLDYN,"{""P47619"": 20}"
ILKTFXGLX,"{""P47585"": 2}"
ILKDFILRS,"{""P47587"": 1}"
ILFGSESYP,"{""P47593"": 572}"
ILFGSESXP,"{""P47593"": 32}"
ILFGSLXXX,"{""Q49435"": 22}"
ILFGSLXEP,"{""Q49435"": 89}"
ILFGSLKEP,"{""Q49435"": 1}"
ILFGDEPTG,"{""Q9ZB70"": 117}"
ILFGXLAPC,"{""P47445"": 94}"
ILFGXLAPX,"{""P47445"": 6}"
ILFGXXXXX,"{""P47445"": 16}"
ILFGKLAPC,"{""P47445"": 4}"
ILFATSSLV,"{""P47295"": 134}"
ILFHSGRIH,"{""P47335"": 118}"
ILFHSGXIH,"{""P47335"": 31}"
ILFMDXXXX,"{""P47258"": 86}"
ILFMDXNIA,"{""P47258"": 15}"
ILFSSFNFE,"{""P47535"": 119}"
ILRNLGYNE,"{""P47293"": 124}"
ILRNLGXNE,"{""P47293"": 6}"
ILRVICXTX,"{""P47420"": 94}"
ILRVICXTK,"{""P47420"": 4}"
ILRVICXXX,"{""P47420"": 15}"
ILRVICKTX,"{""P47420"": 5}"
ILRVIXXTX,"{""P47420"": 7}"
ILRVIXXXX,"{""P47420"": 2}"
ILRVIXKTX,"{""P47420"": 1}"
ILRQLETIS,"{""P47582"": 7}"
ILRERNYPL,"{""P47528"": 20}"
ILREXNYPL,"{""P47528"": 5}"
ILQFFVEYN,"{""Q9ZB70"": 35}"
ILQFFVEXN,"{""Q9ZB70"": 2}"
IDGVSISLT,"{""P47496"": 108}"
IDGVIVCEG,"{""P47303"": 128}"
IDGVIVXEG,"{""P47303"": 1}"
IDALSFISH,"{""P47384"": 138}"
IDAIFFLSN,"{""P47655"": 612}"
IDAILDFIQ,"{""P47330"": 129}"
IDAREKITI,"{""P47341"": 2}"
IDAREXITI,"{""P47341"": 20}"
IDAREXXXX,"{""P47341"": 5}"
IDAXEXITI,"{""P47341"": 4}"
IDAXEXXXX,"{""P47341"": 2}"
IDYVXSSLP,"{""P47513"": 87}"
IDYVXXXXX,"{""P47513"": 23}"
IDYVFVYFN,"{""P47298"": 119}"
IDYVFVXFN,"{""P47298"": 7}"
IDYVKSSLP,"{""P47513"": 3}"
IDYEFXPST,"{""Q49460"": 97}"
IDYEFXXXX,"{""Q49460"": 15}"
IDYEFKPST,"{""Q49460"": 3}"
IDYIDVAPH,"{""P47583"": 4}"
IDWSELASN,"{""P47292"": 628}"
IDNYQLEIR,"{""P47466"": 21}"
IDNYQLEIX,"{""P47466"": 9}"
IDNRVICNN,"{""P47417"": 130}"
IDNRVIXNN,"{""P47417"": 8}"
IDNXXXXXX,"{""P47310"": 439}"
IDNXIINQD,"{""P47310"": 129}"
IDNXVICNN,"{""P47417"": 32}"
IDNXVIXNN,"{""P47417"": 2}"
IDNXQLEIR,"{""P47466"": 2}"
IDNMNLQVN,"{""P47609"": 121}"
IDNKIINQD,"{""P47310"": 9}"
IDNQLRGRA,"{""P47318"": 8}"
IDNQLRGXA,"{""P47318"": 1}"
IDNQLXGRA,"{""P47318"": 2}"
IDQIGGVSF,"{""Q49422"": 640}"
IDQFCLXIL,"{""P47610"": 446}"
IDQFCLXXX,"{""P47610"": 137}"
IDQFCLKIL,"{""P47610"": 14}"
IDQFXLXIL,"{""P47610"": 21}"
IDQFXLXXX,"{""P47610"": 9}"
IDQFXLKIL,"{""P47610"": 2}"
IDQPNXELX,"{""P47446"": 30}"
IDQPNXELK,"{""P47446"": 2}"
IDQPNCELX,"{""P47446"": 579}"
IDQPNCELK,"{""P47446"": 28}"
IDQXXXXXX,"{""P47643"": 104, ""P47310"": 27, ""P47254"": 17, ""P47281"": 34}"
IDQXXSFVX,"{""P47281"": 80}"
IDQXIYLIE,"{""P47254"": 97}"
IDQXIXLIE,"{""P47254"": 6}"
IDQXKSFVX,"{""P47281"": 6}"
IDQXYXXXX,"{""P47310"": 107}"
IDQXYXISI,"{""P47310"": 3}"
IDQXSDXEF,"{""P47643"": 5}"
IDQXSDREF,"{""P47643"": 17}"
IDQKXSFVX,"{""P47281"": 4}"
IDQKIYLIE,"{""P47254"": 3}"
IDQKYXXXX,"{""P47310"": 2}"
IDQKSDREF,"{""P47643"": 1}"
IDLSLHDPX,"{""P47615"": 578}"
IDLSLHDPK,"{""P47615"": 21}"
IDLSDXEVD,"{""P47344"": 528}"
IDLSDXXXX,"{""P47344"": 92}"
IDLSDKEVD,"{""P47344"": 21}"
IDLEGLFXN,"{""Q49425"": 99}"
IDLEGLFXX,"{""Q49425"": 25}"
IDLEGLFKN,"{""Q49425"": 1}"
IDLTXLNIX,"{""P47446"": 469}"
IDLTXLNIK,"{""P47446"": 22}"
IDLTXXXXX,"{""P47446"": 102}"
IDLTKLNIX,"{""P47446"": 24}"
IDLCGSRNX,"{""P47269"": 29}"
IDLCGSXNX,"{""P47269"": 2}"
IDLLTTAVV,"{""P47273"": 133}"
IDLLQIQLT,"{""P47637"": 35}"
IDLIILDXS,"{""P47447"": 89}"
IDLIILDXX,"{""P47447"": 12}"
IDLIILDKS,"{""P47447"": 4}"
IDLIESSSL,"{""Q49409"": 23}"
IDLNLEFSR,"{""P47582"": 3}"
IDLNLEFSX,"{""P47582"": 2}"
IDLDIANLQ,"{""P47618"": 8}"
IDLXGSRNX,"{""P47269"": 1}"
IDXEQIIXA,"{""P47663"": 77}"
IDXEQIIXX,"{""P47663"": 19}"
IDXEQIIKA,"{""P47663"": 4}"
IDXEEVKWW,"{""P47282"": 5}"
IDXEEVXXX,"{""P47282"": 19}"
IDXEEVXWW,"{""P47282"": 84}"
IDXEIXXXX,"{""P47310"": 87}"
IDXEFXXXX,"{""Q49460"": 3}"
IDXEFXPST,"{""Q49460"": 5}"
IDXEFKPST,"{""Q49460"": 1}"
IDXXXXXXX,"{""P47636"": 464, ""P47277"": 12, ""P47282"": 12, ""P47663"": 24, ""P47495"": 28, ""P47458"": 20, ""P47310"": 28, ""P47534"": 20}"
IDXVXSSLP,"{""P47513"": 6}"
IDXVXXXXX,"{""P47513"": 1}"
IDXVFVYFN,"{""P47298"": 5}"
IDXNHIIXC,"{""P47534"": 75}"
IDXNHIIXX,"{""P47534"": 28}"
IDXNHIIKC,"{""P47534"": 8}"
IDXNTSGIV,"{""P47610"": 30}"
IDXQSETFF,"{""P47458"": 113}"
IDXIIRYEX,"{""P47636"": 79}"
IDXIIRXEX,"{""P47636"": 4}"
IDXIIXYEX,"{""P47636"": 26}"
IDXIIXXEX,"{""P47636"": 2}"
IDXIPDYID,"{""P47495"": 92}"
IDXIPDXID,"{""P47495"": 6}"
IDXPIPXTI,"{""P47277"": 71}"
IDXPIPXXX,"{""P47277"": 14}"
IDXHAFXPX,"{""P47701"": 6}"
IDSLXNEXT,"{""P47388"": 430}"
IDSLXNEXX,"{""P47388"": 76}"
IDSLXNEKT,"{""P47388"": 9}"
IDSLXXXXX,"{""P47388"": 101}"
IDSLALIAS,"{""Q49404"": 605}"
IDSLFNXEL,"{""P47292"": 102}"
IDSLFNXXX,"{""P47292"": 13}"
IDSLFNKEL,"{""P47292"": 2}"
IDSLDMFSI,"{""P47529"": 142}"
IDSLKNEXT,"{""P47388"": 20}"
IDSLKNEXX,"{""P47388"": 6}"
IDSSLXXXX,"{""Q9ZB78"": 19}"
IDSSLXQIE,"{""Q9ZB78"": 100}"
IDSSLKQIE,"{""Q9ZB78"": 6}"
IDSSXXXXX,"{""P47341"": 34}"
IDSSXSYWN,"{""P47341"": 83}"
IDSSXSXWN,"{""P47341"": 4}"
IDSSXAQIH,"{""P47527"": 7}"
IDSSKSYWN,"{""P47341"": 2}"
IDSSRAQIH,"{""P47527"": 22}"
IDSFDLQLT,"{""P47394"": 145}"
IDSXSNLXX,"{""P47484"": 70}"
IDSXSNLXT,"{""P47484"": 18}"
IDSXSNLKT,"{""P47484"": 2}"
IDSXXXXXX,"{""P47484"": 25}"
IDSKSNLXT,"{""P47484"": 2}"
IDSKSNLXX,"{""P47484"": 4}"
IDESIDXXX,"{""P47653"": 106}"
IDESIDXNE,"{""P47653"": 509}"
IDESIDKNE,"{""P47653"": 28}"
IDESQLQLV,"{""P47591"": 6}"
IDEIVFFNV,"{""P47597"": 642}"
IDEIQIGYX,"{""Q49435"": 555}"
IDEIQIGYK,"{""Q49435"": 2}"
IDEIQIGXX,"{""Q49435"": 30}"
IDEQLDLAX,"{""P47530"": 120}"
IDEQLDLAK,"{""P47530"": 9}"
IDENGFLMA,"{""P47583"": 33}"
IDEALFVVE,"{""P47514"": 117}"
IDELLNNNL,"{""P47491"": 6}"
IDHHPNEDD,"{""P22746"": 572}"
IDHHPRTEX,"{""Q49428"": 124}"
IDHHPRTEK,"{""Q49428"": 5}"
IDHHPXTEX,"{""Q49428"": 24}"
IDHHPXTEK,"{""Q49428"": 3}"
IDHIFPQXX,"{""P47307"": 19}"
IDHIFPQXQ,"{""P47307"": 90}"
IDHIFPQKQ,"{""P47307"": 8}"
IDHLNDTFI,"{""P47348"": 118}"
IDHLVFDGR,"{""P47264"": 34}"
IDHLVFDGX,"{""P47264"": 5}"
IDHXGFSVL,"{""P47613"": 92}"
IDHXXXXXX,"{""P47613"": 25}"
IDHQLEXSL,"{""P47248"": 105}"
IDHQLEXXX,"{""P47248"": 27}"
IDHQLEKSL,"{""P47248"": 10}"
IDHKGFSVL,"{""P47613"": 4}"
IDDVLLFXX,"{""P47254"": 101}"
IDDVLLFXF,"{""P47254"": 485}"
IDDVLLFKF,"{""P47254"": 31}"
IDDNXPANV,"{""P47563"": 109}"
IDDNXXXXX,"{""P47563"": 26}"
IDDNKPANV,"{""P47563"": 9}"
IDDADFYIN,"{""P47460"": 36}"
IDDADFXIN,"{""P47460"": 1}"
IDDXXXXXX,"{""Q49460"": 38}"
IDDXXINYL,"{""Q49460"": 85}"
IDDXXINXL,"{""Q49460"": 4}"
IDDXKINYL,"{""Q49460"": 1}"
IDDKXINYL,"{""Q49460"": 3}"
IDDKXXXXX,"{""Q49460"": 2}"
IDFIDDLEA,"{""P47338"": 577}"
IDFQFXTIF,"{""P47615"": 101}"
IDFQFXXXX,"{""P47615"": 24}"
IDFQFKTIF,"{""P47615"": 6}"
IDFVDNRXQ,"{""P47249"": 88}"
IDFVDNRXX,"{""P47249"": 17}"
IDFVDNRKQ,"{""P47249"": 9}"
IDFVDNXXQ,"{""P47249"": 20}"
IDFVDNXXX,"{""P47249"": 3}"
IDFYRVNHS,"{""P47385"": 6}"
IDFYXVNHS,"{""P47385"": 3}"
IDFNLLVVV,"{""P47685"": 41}"
IDMWFXLXS,"{""P47635"": 94}"
IDMWFXLXX,"{""P47635"": 11}"
IDMWFXLKS,"{""P47635"": 7}"
IDMWFXXXX,"{""P47635"": 17}"
IDMWFKLXS,"{""P47635"": 3}"
IDMSTSHEX,"{""P47677"": 131}"
IDMSTSHEK,"{""P47677"": 4}"
IDMDNADIE,"{""P47384"": 121}"
IDKIPDYID,"{""P47495"": 2}"
IDKIIRYEX,"{""P47636"": 6}"
IDKIIXYEX,"{""P47636"": 2}"
IDKEIXXXX,"{""P47310"": 9}"
IDKEQIIXA,"{""P47663"": 6}"
IDKEEVXWW,"{""P47282"": 4}"
IDKEEVXXX,"{""P47282"": 3}"
IDKPIPXTI,"{""P47277"": 4}"
IDKPIPXXX,"{""P47277"": 1}"
IDKNHIIXX,"{""P47534"": 2}"
IDKNHIIXC,"{""P47534"": 5}"
IDKQSETFF,"{""P47458"": 4}"
IDVNDALXX,"{""P47386"": 90}"
IDVNDALXV,"{""P47386"": 22}"
IDVNDALKV,"{""P47386"": 1}"
IDVNEGEXX,"{""P47624"": 103}"
IDVNEGEXR,"{""P47624"": 30}"
IDVNEGEKR,"{""P47624"": 2}"
IDVNAVWSY,"{""P47528"": 106}"
IDVNAVWSX,"{""P47528"": 5}"
IDVLSVDEG,"{""Q49426"": 110}"
IDPSXVSLM,"{""P47412"": 95}"
IDPSXXXXX,"{""P47412"": 19}"
IDPSKVSLM,"{""P47412"": 5}"
IDPLLXXXX,"{""P47544"": 29}"
IDPLLXLWF,"{""P47544"": 90}"
IDPLLKLWF,"{""P47544"": 6}"
IDPESRAAS,"{""P47318"": 26}"
IDPESXAAS,"{""P47318"": 3}"
IDPVQHQLI,"{""Q49405"": 5}"
IDPNLIGAL,"{""P47699"": 1}"
IDRNTSGIV,"{""P47610"": 121}"
IDRHAFKPX,"{""P47701"": 1}"
IDRHAFXPX,"{""P47701"": 15}"
IDRHAFXPK,"{""P47701"": 1}"
IDRHAFXXX,"{""P47701"": 4}"
IDINIHVPG,"{""P47481"": 132}"
IDIXXNNNG,"{""P22747"": 1}"
IDIXXXXXX,"{""P22747"": 6}"
IDITSANID,"{""Q49420"": 118}"
IDIYXXXXX,"{""P22747"": 88}"
IDIYXNNNG,"{""P22747"": 18}"
IDTTNVQPM,"{""P47344"": 43}"
IDTIFNNDS,"{""P47506"": 128}"
IDTDEGQXX,"{""Q49426"": 103}"
IDTDEGQXK,"{""Q49426"": 2}"
IDTDEGQKX,"{""Q49426"": 3}"
IDTYRASGA,"{""P47500"": 6}"
IDTYXASGA,"{""P47500"": 2}"
IEIISSNET,"{""P47534"": 625}"
IEIIEXSFN,"{""P47627"": 520}"
IEIIEXXXX,"{""P47627"": 100}"
IEIIEKSFN,"{""P47627"": 16}"
IEIALTYIF,"{""P47421"": 606}"
IEIALTXIF,"{""P47421"": 27}"
IEIANHLLS,"{""P47326"": 125}"
IEIAXNHLI,"{""P47481"": 91}"
IEIAXXXXX,"{""P47481"": 28}"
IEIAEMXRI,"{""P47255"": 28}"
IEIAEMXXX,"{""P47255"": 84}"
IEIAEMXXI,"{""P47255"": 5}"
IEIAEMKRI,"{""P47255"": 1}"
IEIAKNHLI,"{""P47481"": 2}"
IEIDGVEIN,"{""P47520"": 122}"
IEIDGGIXX,"{""P47358"": 21}"
IEIDGGIXV,"{""P47358"": 94}"
IEIDGGIKV,"{""P47358"": 3}"
IEIDSDDDF,"{""P47285"": 122}"
IEIVXXXXX,"{""P47607"": 92}"
IEIVXGENL,"{""P47607"": 29}"
IEIVKGENL,"{""P47607"": 2}"
IEIXNINSL,"{""P47346"": 93}"
IEIXXXXXX,"{""P47346"": 23}"
IEIKNINSL,"{""P47346"": 2}"
IEXHNLSSL,"{""P35888"": 111}"
IEXXXXXXX,"{""P47250"": 87, ""P47437"": 104, ""P47277"": 144, ""P47453"": 100, ""P47658"": 25, ""Q49419"": 16, ""P35888"": 31, ""P47330"": 13, ""Q49413"": 8}"
IEXXPVETL,"{""Q49413"": 24}"
IEXLLXXVI,"{""P47453"": 304}"
IEXLLXXXX,"{""P47453"": 180}"
IEXLLXKVI,"{""P47453"": 19}"
IEXLLKXVI,"{""P47453"": 23}"
IEXLLKXXX,"{""P47453"": 2}"
IEXLLKKVI,"{""P47453"": 1}"
IEXNYLGYS,"{""P47437"": 440}"
IEXNYLGXS,"{""P47437"": 15}"
IEXNXLGYS,"{""P47437"": 24}"
IEXNXLGXS,"{""P47437"": 3}"
IEXEQLFLE,"{""Q49419"": 109}"
IEXEQFYIA,"{""P47330"": 84}"
IEXEQFXIA,"{""P47330"": 4}"
IEXELNAII,"{""P47277"": 461}"
IEXDALIXX,"{""P47658"": 87}"
IEXDALIXI,"{""P47658"": 24}"
IEXDALIKI,"{""P47658"": 2}"
IEXDERICS,"{""P47250"": 24}"
IEXDEXICS,"{""P47250"": 3}"
IEXIQXLII,"{""P47346"": 25}"
IEXIQXXXX,"{""P47346"": 4}"
IEXIQKLII,"{""P47346"": 3}"
IEXAISXLG,"{""P47318"": 7}"
IEXAISXXX,"{""P47318"": 1}"
IEXGGNIXF,"{""Q49409"": 21}"
IEXGGNIXX,"{""Q49409"": 7}"
IEXGGNIKF,"{""Q49409"": 1}"
IEXSPGVXS,"{""P47387"": 1}"
IEXSPGVXX,"{""P47387"": 1}"
IEXSPGVKS,"{""P47387"": 1}"
IEXKPVETL,"{""Q49413"": 1}"
IESNHALNN,"{""P47458"": 116}"
IESIYFNXY,"{""P47277"": 453}"
IESIYFNXX,"{""P47277"": 140}"
IESIYFNKY,"{""P47277"": 19}"
IESIYFNKX,"{""P47277"": 2}"
IESIQGSLX,"{""Q49413"": 118}"
IESIQGSLK,"{""Q49413"": 4}"
IESIXFNXX,"{""P47277"": 7}"
IESIXFNXY,"{""P47277"": 18}"
IESIXFNKY,"{""P47277"": 1}"
IESXPEVIX,"{""Q57081"": 493}"
IESXPEVIK,"{""Q57081"": 18}"
IESXXXXXX,"{""Q57081"": 102, ""P47267"": 16}"
IESXVQQAN,"{""P47376"": 42}"
IESXAXSLN,"{""P47267"": 87}"
IESXAXXXX,"{""P47267"": 13}"
IESXAKSLN,"{""P47267"": 2}"
IESSSHLFE,"{""P47642"": 580}"
IESYVQQAN,"{""P47376"": 583}"
IESDLNSLS,"{""P47615"": 128}"
IESKPEVIX,"{""Q57081"": 26}"
IESKAXXXX,"{""P47267"": 1}"
IESKAXSLN,"{""P47267"": 1}"
IESFRXEQQ,"{""P47683"": 20}"
IESFRKEQQ,"{""P47683"": 1}"
IESFXXXXX,"{""P47683"": 1}"
IESFXXEQQ,"{""P47683"": 3}"
IESVNREXS,"{""P47369"": 23}"
IESVNREXX,"{""P47369"": 3}"
IESVNXEXS,"{""P47369"": 8}"
IESVNXEXX,"{""P47369"": 1}"
IEDMVLVXX,"{""P47566"": 607}"
IEDMVLVXK,"{""P47566"": 16}"
IEDMVLVKX,"{""P47566"": 16}"
IEDMVLVKK,"{""P47566"": 2}"
IEDIVFTDL,"{""P47376"": 619}"
IEDPLTLQP,"{""P47450"": 560}"
IEDALNSTX,"{""P47632"": 600}"
IEDALNSTK,"{""P47632"": 20}"
IEDAFVQIL,"{""P47583"": 10}"
IEDTDTERN,"{""P47700"": 123}"
IEDTDTEXN,"{""P47700"": 30}"
IEDRQLXIE,"{""P47264"": 20}"
IEDRQLXXX,"{""P47264"": 4}"
IEDNMESIG,"{""P47473"": 145}"
IEDXQLXXX,"{""P47264"": 4}"
IEDXQLXIE,"{""P47264"": 3}"
IEFQQIDNF,"{""P47353"": 115}"
IEFXXXXXX,"{""P47264"": 21}"
IEFXAGGID,"{""P47264"": 92}"
IEFLXTQLQ,"{""P47627"": 101}"
IEFLXXXXX,"{""P47627"": 25}"
IEFTENXLV,"{""P47475"": 96}"
IEFTENXXX,"{""P47475"": 29}"
IEFTENKLV,"{""P47475"": 4}"
IEFKAGGID,"{""P47264"": 4}"
IEEILIFLX,"{""P47593"": 602}"
IEEILIFLK,"{""P47593"": 34}"
IEEQQLXNQ,"{""P47273"": 103}"
IEEQQLXXX,"{""P47273"": 20}"
IEEQQLKNQ,"{""P47273"": 3}"
IEEEXXXXX,"{""P47397"": 129}"
IEERXXXXX,"{""P47340"": 125}"
IEERXDSRP,"{""P47340"": 1}"
IEEXVQFND,"{""P47599"": 91}"
IEEXXXXXX,"{""P47340"": 34, ""P47599"": 11}"
IEEXXDSRP,"{""P47340"": 1}"
IEEKVQFND,"{""P47599"": 5}"
IEGITIGNW,"{""P47277"": 96}"
IEGDLXREI,"{""P47421"": 1}"
IEGDLRREI,"{""P47421"": 6}"
IEGDLRXEI,"{""P47421"": 1}"
IELFXTNXG,"{""P47386"": 23}"
IELFXTNRG,"{""P47386"": 95}"
IELFXXXXX,"{""P47386"": 463}"
IELFKTNRG,"{""P47386"": 4}"
IELFKTNXG,"{""P47386"": 3}"
IELIEXVFD,"{""P47438"": 509}"
IELIEXXXX,"{""P47438"": 99}"
IELIEKVFD,"{""P47438"": 22}"
IELIXXXXX,"{""P47246"": 98}"
IELIXELXX,"{""P47246"": 8}"
IELIXELXK,"{""P47246"": 1}"
IELIXELRX,"{""P47246"": 21}"
IELIKELRX,"{""P47246"": 2}"
IELRELLDX,"{""P22746"": 127}"
IELRELLDK,"{""P22746"": 5}"
IELRXILEE,"{""P47693"": 85}"
IELRXXXXX,"{""P47693"": 17}"
IELRNEGEG,"{""P47547"": 127}"
IELRSNGIN,"{""P22746"": 35}"
IELRKILEE,"{""P47693"": 3}"
IELSAQLET,"{""P47547"": 119}"
IELNXXXXX,"{""P47345"": 21}"
IELNXSSNF,"{""P47345"": 113}"
IELNKSSNF,"{""P47345"": 6}"
IELWXXXXX,"{""P47294"": 101}"
IELWXVLIN,"{""P47294"": 2}"
IELXDTVLF,"{""Q49402"": 80}"
IELXXXXXX,"{""Q49402"": 11, ""P47693"": 3}"
IELXXILEE,"{""P47693"": 26}"
IELXELLDX,"{""P22746"": 32}"
IELXELLDK,"{""P22746"": 1}"
IELXSNGIN,"{""P22746"": 9}"
IELXNEGEG,"{""P47547"": 33}"
IELXKILEE,"{""P47693"": 2}"
IELKDTVLF,"{""Q49402"": 9}"
IEVDDQPXA,"{""Q57081"": 93}"
IEVDDQPXX,"{""Q57081"": 24}"
IEVDDQPKA,"{""Q57081"": 5}"
IEVINGPSA,"{""P47302"": 612}"
IEVHXNHYD,"{""P47620"": 104}"
IEVHXNHXD,"{""P47620"": 5}"
IEVHXXXXX,"{""P47620"": 451}"
IEVHKNHYD,"{""P47620"": 6}"
IEVFVXXXX,"{""Q49413"": 21}"
IEVFVXAXE,"{""Q49413"": 86}"
IEVFVXAXX,"{""Q49413"": 17}"
IEVFVXAKE,"{""Q49413"": 4}"
IEVFVKAXE,"{""Q49413"": 1}"
IEVLXEDGT,"{""P47660"": 88}"
IEVLXXXXX,"{""P47660"": 14}"
IEVLKEDGT,"{""P47660"": 8}"
IEVXNDDLE,"{""P57085"": 110}"
IEVXIAYHS,"{""P47357"": 5}"
IEVXXXXXX,"{""P57085"": 14}"
IEVKNDDLE,"{""P57085"": 8}"
IEVCIAYHS,"{""P47357"": 21}"
IEVCIAXHS,"{""P47357"": 3}"
IETKTXVES,"{""P47405"": 20}"
IETKTXXXX,"{""P47405"": 10}"
IETKTKVES,"{""P47405"": 2}"
IETNFIQPN,"{""P47583"": 132}"
IETNXXVSF,"{""P47576"": 70}"
IETNXXXXX,"{""P47576"": 34}"
IETNXKVSF,"{""P47576"": 4}"
IETNKXVSF,"{""P47576"": 1}"
IETXXXXXX,"{""P47405"": 93}"
IETXTXVES,"{""P47405"": 399}"
IETXTXXXX,"{""P47405"": 69}"
IETXTKVES,"{""P47405"": 23}"
IETIXXXXX,"{""P47460"": 91}"
IETIXXQLH,"{""P47460"": 3}"
IETIXRQLH,"{""P47460"": 17}"
IENHTXSNT,"{""P47549"": 100}"
IENHTXXXX,"{""P47549"": 20}"
IENHTKSNT,"{""P47549"": 3}"
IENVNQXTS,"{""P47661"": 108}"
IENVNQXXX,"{""P47661"": 18}"
IENVNQKTS,"{""P47661"": 2}"
IENXENNPT,"{""P47530"": 91}"
IENXXXXXX,"{""P47530"": 28}"
IENQXMCXX,"{""P47607"": 86}"
IENQXMCKX,"{""P47607"": 2}"
IENQXMXXX,"{""P47607"": 5}"
IENQXMXKX,"{""P47607"": 1}"
IENQXXXXX,"{""P47607"": 14}"
IENQLLXXX,"{""P47460"": 26}"
IENQLLXEI,"{""P47460"": 97}"
IENQLLKEI,"{""P47460"": 8}"
IENQSSGII,"{""P47473"": 119}"
IENQKMCXX,"{""P47607"": 10}"
IENLNNAYX,"{""P47251"": 111}"
IENLNNAYK,"{""P47251"": 9}"
IENLNNAXX,"{""P47251"": 7}"
IENDIIRLI,"{""P47389"": 33}"
IENDIIXLI,"{""P47389"": 6}"
IENKENNPT,"{""P47530"": 6}"
IEYGGNIXF,"{""Q49409"": 499}"
IEYGGNIXX,"{""Q49409"": 94}"
IEYGGNIKF,"{""Q49409"": 21}"
IEYXPVETL,"{""Q49413"": 486}"
IEYXXXXXX,"{""Q49413"": 103}"
IEYKPVETL,"{""Q49413"": 20}"
IEPXPEVXH,"{""Q57081"": 74}"
IEPXPEVXX,"{""Q57081"": 15}"
IEPXPEVKH,"{""Q57081"": 3}"
IEPXPETXY,"{""Q57081"": 401}"
IEPXPETXX,"{""Q57081"": 90}"
IEPXPETKY,"{""Q57081"": 20}"
IEPXPETKX,"{""Q57081"": 1}"
IEPXXXXXX,"{""Q57081"": 114}"
IEPXIESXP,"{""Q57081"": 28}"
IEPXIESXX,"{""Q57081"": 6}"
IEPXIESKP,"{""Q57081"": 3}"
IEPRIESXP,"{""Q57081"": 73}"
IEPRIESXX,"{""Q57081"": 19}"
IEPRIESKP,"{""Q57081"": 2}"
IEPKPETXY,"{""Q57081"": 19}"
IEPKPETXX,"{""Q57081"": 5}"
IEPKPETKY,"{""Q57081"": 1}"
IEPKPEVKH,"{""Q57081"": 1}"
IEPKPEVXH,"{""Q57081"": 2}"
IEPNINLXQ,"{""P47497"": 100}"
IEPNINLXX,"{""P47497"": 29}"
IEPNINLKQ,"{""P47497"": 5}"
IEPGMEFDE,"{""P47443"": 110}"
IEPFLLREN,"{""Q49425"": 30}"
IEPFLLXEN,"{""Q49425"": 11}"
IEMHFLPDV,"{""P47660"": 636}"
IEMITRIIT,"{""P47416"": 31}"
IEMITXIIT,"{""P47416"": 2}"
IEKELNAII,"{""P47277"": 19}"
IEKEQFYIA,"{""P47330"": 8}"
IEKEQFXIA,"{""P47330"": 1}"
IEKEQLFLE,"{""Q49419"": 4}"
IEKNYLGYS,"{""P47437"": 18}"
IEKNYLGXS,"{""P47437"": 3}"
IEKNXLGYS,"{""P47437"": 2}"
IEKHNLSSL,"{""P35888"": 6}"
IEKDEXICS,"{""P47250"": 1}"
IEKDERICS,"{""P47250"": 2}"
IEKDALIXX,"{""P47658"": 3}"
IEKDALIXI,"{""P47658"": 1}"
IEKLLXXVI,"{""P47453"": 12}"
IEKLLXXXX,"{""P47453"": 6}"
IEKLLXKVI,"{""P47453"": 3}"
IEQNLMFEL,"{""P47638"": 119}"
IEQLQXXXX,"{""P47288"": 79}"
IEQLQXNNS,"{""P47288"": 31}"
IEQLQKNNS,"{""P47288"": 2}"
IEQIINSLX,"{""P47389"": 103}"
IEQIHSGFT,"{""Q49423"": 121}"
IEQIXIVLD,"{""P47488"": 7}"
IEQIRIVLD,"{""P47488"": 21}"
IEQEIQAAY,"{""P47516"": 114}"
IEQEIQAAX,"{""P47516"": 6}"
IEQQEFLLL,"{""P47354"": 134}"
IERIQXXXX,"{""P47346"": 31}"
IERIQXLII,"{""P47346"": 88}"
IERIQKLII,"{""P47346"": 3}"
IERSPGVXS,"{""P47387"": 14}"
IERSPGVXX,"{""P47387"": 5}"
IERSPGVKS,"{""P47387"": 2}"
IERAISXXX,"{""P47318"": 3}"
IERAISXLG,"{""P47318"": 14}"
IERAISKLG,"{""P47318"": 1}"
IERDWQRGR,"{""P47622"": 5}"
IERDWQXGR,"{""P47622"": 2}"
IEHFDLDXF,"{""P47456"": 101}"
IEHFDLDXX,"{""P47456"": 25}"
IEHFDLDKF,"{""P47456"": 3}"
IEALAFGTT,"{""Q49434"": 147}"
IEAIXNGWL,"{""P47328"": 100}"
IEAIXXXXX,"{""P47328"": 16}"
IEAIKNGWL,"{""P47328"": 4}"
IEWILNCLX,"{""P47283"": 104}"
IEWILNXLX,"{""P47283"": 8}"
IFEDASGIG,"{""P47540"": 33}"
IFEQXIVNX,"{""Q49425"": 484}"
IFEQXIVNK,"{""Q49425"": 16}"
IFEQXXXXX,"{""Q49425"": 97}"
IFEQKIVNX,"{""Q49425"": 25}"
IFEFQFXSQ,"{""Q49415"": 99}"
IFEFQFXXX,"{""Q49415"": 23}"
IFEFQFKSQ,"{""Q49415"": 3}"
IFEEIXTXY,"{""P47568"": 22}"
IFEEIXTXX,"{""P47568"": 72}"
IFEEIXTKY,"{""P47568"": 2}"
IFEEIXXXX,"{""P47568"": 25}"
IFEEIKTXX,"{""P47568"": 2}"
IFEENVEDE,"{""P47580"": 117}"
IFEXVNPXT,"{""P47246"": 84}"
IFEXVNPXX,"{""P47246"": 16}"
IFEXVNPKT,"{""P47246"": 6}"
IFEXXXXXX,"{""P47246"": 21}"
IFEKVNPXT,"{""P47246"": 3}"
IFEKVNPXX,"{""P47246"": 1}"
IFINFPDPW,"{""P47589"": 118}"
IFIDGFFXL,"{""P47599"": 507}"
IFIDGFFXX,"{""P47599"": 90}"
IFIDGFFKL,"{""P47599"": 23}"
IFISLXXXX,"{""Q49460"": 460}"
IFISLXAIG,"{""Q49460"": 108}"
IFISLKAIG,"{""Q49460"": 8}"
IFICFDNDL,"{""P47256"": 126}"
IFIXXXXXX,"{""P47381"": 108}"
IFIXXENLI,"{""P47381"": 25}"
IFIXFDNDL,"{""P47256"": 9}"
IFIGEXQVN,"{""P47365"": 95}"
IFIGEXXXX,"{""P47365"": 18}"
IFIGEKQVN,"{""P47365"": 2}"
IFIALPTII,"{""P47360"": 145}"
IFIKXXXXX,"{""P47381"": 4}"
IFIKXENLI,"{""P47381"": 1}"
IFXXXXXXX,"{""P47265"": 109, ""P47456"": 211, ""P35888"": 92, ""Q49310"": 102, ""P47583"": 30, ""P47289"": 12, ""P47551"": 10, ""P47605"": 25}"
IFXXAGIEX,"{""P47456"": 400}"
IFXXAGIEK,"{""P47456"": 13}"
IFXXQMXDN,"{""Q49310"": 7}"
IFXXQMRDN,"{""Q49310"": 11}"
IFXXSDNNV,"{""P47265"": 7}"
IFXXSHSSV,"{""P35888"": 3}"
IFXAFVISI,"{""P47289"": 119}"
IFXAXYVSX,"{""P47605"": 74}"
IFXAXYVSK,"{""P47605"": 3}"
IFXAXXVSX,"{""P47605"": 8}"
IFXAXXXXX,"{""P47605"": 11}"
IFXAKYVSX,"{""P47605"": 3}"
IFXKAGIEX,"{""P47456"": 15}"
IFXKAGIEK,"{""P47456"": 1}"
IFXENETTX,"{""P47551"": 109}"
IFXENETTK,"{""P47551"": 5}"
IFXESLXNS,"{""P47582"": 13}"
IFXNNEFIX,"{""P47583"": 95}"
IFXNLLNXX,"{""P47357"": 25}"
IFXNLLNXR,"{""P47357"": 4}"
IFXRSHSSV,"{""P35888"": 20}"
IFXRSDNNV,"{""P47265"": 18}"
IFXLSGFXD,"{""P47621"": 8}"
IFXLSGFXX,"{""P47621"": 1}"
IFXFYIYCI,"{""P47564"": 25}"
IFXFYIYXI,"{""P47564"": 1}"
IFXFXIXCI,"{""P47564"": 1}"
IFXFXIYCI,"{""P47564"": 1}"
IFXGXXXXX,"{""P20796"": 8}"
IFPEXEEIE,"{""P47481"": 506}"
IFPEXXXXX,"{""P47481"": 112}"
IFPEKEEIE,"{""P47481"": 25}"
IFPHMSXTX,"{""P47404"": 493}"
IFPHMSXTK,"{""P47404"": 21}"
IFPHMSXXX,"{""P47404"": 101}"
IFPHMSKTX,"{""P47404"": 22}"
IFPHMSKTK,"{""P47404"": 1}"
IFPITTLLX,"{""P47583"": 140}"
IFPITTLLK,"{""P47583"": 2}"
IFPSTXDNP,"{""P47278"": 91}"
IFPSTXXXX,"{""P47278"": 28}"
IFAFVXNLN,"{""P47701"": 513}"
IFAFVXXXX,"{""P47701"": 101}"
IFAFVKNLN,"{""P47701"": 29}"
IFANTXXXX,"{""P47664"": 108}"
IFANIQNLY,"{""P47661"": 137}"
IFANIQNLX,"{""P47661"": 9}"
IFAAILENF,"{""P47251"": 624}"
IFAXXXXXX,"{""P47260"": 107}"
IFAEINEAN,"{""P47442"": 135}"
IFALQLVTL,"{""P47618"": 117}"
IFASTTPQT,"{""P47374"": 120}"
IFADPAFIE,"{""P47617"": 36}"
IFAGQNVAM,"{""P47476"": 30}"
IFVITGPSG,"{""P47353"": 628}"
IFVACYDSN,"{""P47662"": 10}"
IFCFYIYCI,"{""P47564"": 489}"
IFCFYIYXI,"{""P47564"": 35}"
IFCFYIXCI,"{""P47564"": 24}"
IFCFYIXXI,"{""P47564"": 1}"
IFCFXIYCI,"{""P47564"": 29}"
IFNSDDLQX,"{""P36263"": 618}"
IFNSDDLQK,"{""P36263"": 14}"
IFNSEIGQV,"{""P47641"": 125}"
IFNNLVTLH,"{""P47649"": 137}"
IFNILSTAD,"{""P47429"": 617}"
IFNDLINGI,"{""P47247"": 134}"
IFNDXIIDT,"{""P47447"": 9}"
IFNDRIIDT,"{""P47447"": 21}"
IFNREXTSV,"{""P47253"": 4}"
IFNRERTSV,"{""P47253"": 24}"
IFNXEXTSV,"{""P47253"": 1}"
IFNXERTSV,"{""P47253"": 6}"
IFGTDIIXI,"{""P47520"": 553}"
IFGTDIIXX,"{""P47520"": 84}"
IFGTDIIKI,"{""P47520"": 24}"
IFGIGEWLX,"{""P47571"": 581}"
IFGIGEWLK,"{""P47571"": 7}"
IFGFVXXXX,"{""P47568"": 15}"
IFGFVXTXF,"{""P47568"": 76}"
IFGFVXTXX,"{""P47568"": 12}"
IFGFVXTKF,"{""P47568"": 3}"
IFGFVKTXF,"{""P47568"": 5}"
IFGFVKTXX,"{""P47568"": 2}"
IFGFVKTKF,"{""P47568"": 1}"
IFGXXXXXX,"{""P47425"": 116}"
IFGXTVDFD,"{""P47425"": 14}"
IFGPVAREL,"{""P47407"": 35}"
IFGPVAXEL,"{""P47407"": 5}"
IFSVIESTF,"{""Q49426"": 629}"
IFSSFFEND,"{""P47248"": 630}"
IFSLFXXXX,"{""Q49418"": 564}"
IFSLFXXXK,"{""Q49418"": 12}"
IFSLFXXKK,"{""Q49418"": 2}"
IFSLFXXKX,"{""Q49418"": 16}"
IFSLFXKXX,"{""Q49418"": 23}"
IFSLFXKXK,"{""Q49418"": 1}"
IFSLFKXXX,"{""Q49418"": 16}"
IFSLFKKKX,"{""Q49418"": 1}"
IFSXTLAFL,"{""P47651"": 496}"
IFSXXXXXX,"{""P47651"": 95}"
IFSXIERFA,"{""Q49405"": 4}"
IFSNQAXPF,"{""Q49426"": 78}"
IFSNQAXXX,"{""Q49426"": 25}"
IFSNQAKPF,"{""Q49426"": 7}"
IFSKTLAFL,"{""P47651"": 31}"
IFSYIERFA,"{""Q49405"": 35}"
IFSYIEXFA,"{""Q49405"": 5}"
IFSERQLEI,"{""P47347"": 1}"
IFDXXLATF,"{""P47607"": 82}"
IFDXXXXXX,"{""P47607"": 38}"
IFDXKLATF,"{""P47607"": 4}"
IFDNLLIES,"{""P47673"": 118}"
IFDVIGGSE,"{""Q9ZB78"": 100}"
IFDSSVQLL,"{""P47286"": 105}"
IFDKXXXXX,"{""P47607"": 1}"
IFDKXLATF,"{""P47607"": 5}"
IFLIDLVAS,"{""P47649"": 598}"
IFLINXFHQ,"{""P47627"": 516}"
IFLINXXXX,"{""P47627"": 81}"
IFLINKFHQ,"{""P47627"": 25}"
IFLLDLCPF,"{""P47381"": 599}"
IFLLDLXPF,"{""P47381"": 30}"
IFLLPLISL,"{""P47677"": 107}"
IFLXALFLA,"{""P47266"": 3}"
IFLRALFLA,"{""P47266"": 4}"
IFFFNLQXN,"{""P47592"": 521}"
IFFFNLQXX,"{""P47592"": 97}"
IFFFNLQKN,"{""P47592"": 23}"
IFFXVNEVV,"{""P47366"": 108}"
IFFXXXXXX,"{""P47366"": 20}"
IFFLGRXXX,"{""P47640"": 3}"
IFFLGRXNQ,"{""P47640"": 13}"
IFFLGXXNQ,"{""P47640"": 10}"
IFFLGXXXX,"{""P47640"": 1}"
IFFLGXKNQ,"{""P47640"": 1}"
IFFKVNEVV,"{""P47366"": 3}"
IFQXAQNSX,"{""P55825"": 101}"
IFQXAQNSK,"{""P55825"": 1}"
IFQXXXXXX,"{""P55825"": 20}"
IFQAILPLR,"{""P47445"": 97}"
IFQAILPLX,"{""P47445"": 21}"
IFQENEXEI,"{""P47346"": 95}"
IFQENEXXX,"{""P47346"": 27}"
IFQENEKEI,"{""P47346"": 2}"
IFQELICTF,"{""P47651"": 25}"
IFQELIXTF,"{""P47651"": 3}"
IFQKAQNSX,"{""P55825"": 4}"
IFYGXXXXX,"{""P20796"": 124}"
IFYESLXNS,"{""P47582"": 99}"
IFYESLXXX,"{""P47582"": 22}"
IFYESLKNS,"{""P47582"": 3}"
IFMRNXVYE,"{""P47326"": 20}"
IFMRNXXXX,"{""P47326"": 5}"
IFMXNXXXX,"{""P47326"": 2}"
IFMXNXVYE,"{""P47326"": 8}"
IFHPDEXXX,"{""P47337"": 24}"
IFHPDEXTT,"{""P47337"": 102}"
IFHPDEKTT,"{""P47337"": 3}"
IFHSVSNNR,"{""P47247"": 20}"
IFHSVSNNX,"{""P47247"": 5}"
IFKAFVISI,"{""P47289"": 6}"
IFKAXYVSX,"{""P47605"": 4}"
IFKAKYVSX,"{""P47605"": 1}"
IFKXAGIEX,"{""P47456"": 20}"
IFKXAGIEK,"{""P47456"": 2}"
IFKXXXXXX,"{""P47456"": 4, ""Q49310"": 4}"
IFKXQMRDN,"{""Q49310"": 1}"
IFKKAGIEX,"{""P47456"": 1}"
IFKENETTX,"{""P47551"": 4}"
IFKNNEFIX,"{""P47583"": 3}"
IFRNLLNXX,"{""P47357"": 104}"
IFRNLLNXR,"{""P47357"": 9}"
IFRNLLNKR,"{""P47357"": 1}"
IFRLSGFXD,"{""P47621"": 24}"
IFTENFVFA,"{""P47638"": 140}"
IKXLKEXXX,"{""P47288"": 1}"
IKXLKEXLQ,"{""P47288"": 1}"
IKXLLLNXH,"{""P47305"": 15}"
IKXLGEINF,"{""P47282"": 19}"
IKXLVLIDS,"{""P47620"": 5}"
IKXLXEXLQ,"{""P47288"": 11}"
IKXLXXXXX,"{""P47288"": 4}"
IKXAFXAEQ,"{""P47374"": 15}"
IKXAFXXXX,"{""P47374"": 5}"
IKXAFKAEQ,"{""P47374"": 3}"
IKXMSDYLA,"{""P47520"": 20}"
IKXMSDXLA,"{""P47520"": 1}"
IKXXXXXXX,"{""P47473"": 16, ""P47632"": 2, ""P47288"": 2, ""Q49419"": 18, ""Q9ZB71"": 6, ""P47658"": 1, ""P47282"": 5, ""P47651"": 6, ""P47520"": 3, ""P47374"": 5, ""P47257"": 3, ""P47286"": 3, ""P47305"": 3, ""P47277"": 3, ""P56723"": 3, ""P47604"": 2}"
IKXIXPXXX,"{""P47277"": 13}"
IKXIXPXEA,"{""P47277"": 3}"
IKXIXWISP,"{""P47286"": 7}"
IKXIXXXXX,"{""P47277"": 4, ""P47286"": 1}"
IKXIAXXXX,"{""P47257"": 4}"
IKXIFICFD,"{""P47256"": 3}"
IKXQAEQLF,"{""P47442"": 2}"
IKXQQFSEQ,"{""P56723"": 1}"
IKXTFISAX,"{""P47473"": 1}"
IKXTFISAR,"{""P47473"": 6}"
IKXTFPVFX,"{""P47282"": 1}"
IKXTDNFSX,"{""P20796"": 2}"
IKXGVGYNI,"{""P47597"": 2}"
IKXGVGXNI,"{""P47597"": 1}"
IKXPXXXXX,"{""P47604"": 2}"
IKXPXEIRN,"{""P47604"": 1}"
IKXSNHXXX,"{""P47658"": 2}"
IKXSNHXQD,"{""P47658"": 3}"
IKXNGWYNV,"{""P47342"": 1}"
IKXRDFVIQ,"{""Q49419"": 1}"
IKTDSDFAX,"{""Q49415"": 22}"
IKTDIELDQ,"{""Q49406"": 4}"
IKTYFAXXX,"{""P47448"": 5}"
IKTIMEXXG,"{""P47365"": 1}"
IKTIMEXXX,"{""P47365"": 1}"
IKTIMEXYG,"{""P47365"": 5}"
IKTNTXXXX,"{""P47637"": 7}"
IKTNXLYPA,"{""P47350"": 14}"
IKTNXLXPA,"{""P47350"": 1}"
IKTNXXXXX,"{""P47350"": 9}"
IKTNKLYPA,"{""P47350"": 1}"
IKTSAXXXX,"{""P47388"": 17}"
IKTSAXHQL,"{""P47388"": 6}"
IKTSAKHQL,"{""P47388"": 1}"
IKTSQNXIX,"{""P47699"": 6}"
IKTALDLCC,"{""Q49404"": 1}"
IKTATXLSE,"{""P47436"": 2}"
IKTATXXXX,"{""P47436"": 1}"
IKTTLSEEE,"{""P47484"": 4}"
IKTLFIPVL,"{""P47544"": 3}"
IKTLIDFIN,"{""P47465"": 4}"
IKTLVRXIX,"{""P47584"": 1}"
IKTRILLLX,"{""P47661"": 3}"
IKTEMSSEP,"{""P47597"": 7}"
IKTXILLLX,"{""P47661"": 3}"
IKTPIDLIV,"{""Q49404"": 1}"
IKLSXFLQX,"{""P47660"": 25}"
IKLSXFLQK,"{""P47660"": 2}"
IKLSXXXXX,"{""P47660"": 3}"
IKLSENNFX,"{""P47369"": 4}"
IKLSENNFK,"{""P47369"": 1}"
IKLSKFLQX,"{""P47660"": 1}"
IKLFAFDXX,"{""P47485"": 5}"
IKLLXXXXX,"{""P47484"": 5}"
IKLLXNQNF,"{""P47376"": 2}"
IKLLXTNWN,"{""P47484"": 13}"
IKLLKTNWN,"{""P47484"": 1}"
IKLTINXLN,"{""P47500"": 24}"
IKLTINXXX,"{""P47500"": 4}"
IKLTINKLN,"{""P47500"": 1}"
IKLTDLNXX,"{""P47514"": 1}"
IKLVXXXXX,"{""Q9ZB81"": 9}"
IKLXNLSEX,"{""P47311"": 2}"
IKLXNXKAL,"{""P47257"": 1}"
IKLXXXXXX,"{""P47311"": 2, ""P47257"": 3}"
IKLASSLTS,"{""P47502"": 3}"
IKLATVTSA,"{""P47431"": 4}"
IKLESYDST,"{""P47396"": 7}"
IKLIXHISQ,"{""P47474"": 1}"
IKLIXXXXX,"{""P47474"": 2}"
IKLKNLSEX,"{""P47311"": 1}"
IKNETVIFG,"{""Q49430"": 5}"
IKNEIEILN,"{""P47650"": 7}"
IKNDGYELE,"{""Q9ZB76"": 26}"
IKNDGXELE,"{""Q9ZB76"": 1}"
IKNNSEIDH,"{""P47277"": 6}"
IKNNIPSSE,"{""P47522"": 8}"
IKNQISFDF,"{""P47465"": 19}"
IKNLPIXLF,"{""P47340"": 2}"
IKNLPIXXX,"{""P47340"": 15}"
IKNLSEISM,"{""P47699"": 2}"
IKNFNVDLV,"{""P47278"": 3}"
IKNFXXXXX,"{""P47426"": 3}"
IKNFXXLRX,"{""P47426"": 1}"
IKNIPMDWN,"{""Q49400"": 6}"
IKNTXDNVI,"{""P47650"": 4}"
IKNTXXXXX,"{""P47650"": 1}"
IKSLEDXLN,"{""P47542"": 19}"
IKSLEDXXX,"{""P47542"": 5}"
IKSLEDKLN,"{""P47542"": 1}"
IKSLSLGLV,"{""P47473"": 26}"
IKSLLEXYA,"{""P47283"": 16}"
IKSLLEXXA,"{""P47283"": 1}"
IKSLLEXXX,"{""P47283"": 4}"
IKSLLEKYA,"{""P47283"": 3}"
IKSLHRNLN,"{""P47311"": 1}"
IKSDVIIVA,"{""P47668"": 23}"
IKSNIVISS,"{""P47292"": 5}"
IKSNQXXXX,"{""P47558"": 3}"
IKSAWNFLN,"{""P47576"": 7}"
IKSPFFQVN,"{""P47442"": 6}"
IKSSFXXDX,"{""Q49421"": 2}"
IKSSFXXXX,"{""Q49421"": 2}"
IKSTRVGRF,"{""P47293"": 1}"
IKIVXXXXX,"{""P36263"": 5}"
IKIVXNNIL,"{""P36263"": 1}"
IKIVRDVAX,"{""P47458"": 2}"
IKISIGISD,"{""Q49426"": 20}"
IKIPMNNXI,"{""P47494"": 24}"
IKIPMNNXX,"{""P47494"": 4}"
IKIPMNNKI,"{""P47494"": 1}"
IKIPHTFDX,"{""P47619"": 2}"
IKIPXXXXX,"{""P47576"": 4}"
IKIDGVIVC,"{""P47303"": 18}"
IKIDGVIVX,"{""P47303"": 1}"
IKIDXEIXX,"{""P47310"": 3}"
IKIDDXXXX,"{""Q49460"": 2}"
IKIDDXXIN,"{""Q49460"": 3}"
IKIEXXXXX,"{""P47658"": 1}"
IKIEXDALI,"{""P47658"": 1}"
IKDILSQPE,"{""P47260"": 29}"
IKDIXLAVQ,"{""P47397"": 7}"
IKDTNGXVT,"{""P47665"": 3}"
IKDTNGXXX,"{""P47665"": 3}"
IKDADXIFP,"{""P47278"": 3}"
IKDADXXXX,"{""P47278"": 1}"
IKDLTPLTX,"{""P47480"": 3}"
IKDDXIMPF,"{""P47582"": 5}"
IKVEIWLAX,"{""P47305"": 9}"
IKVGXPFID,"{""P47687"": 2}"
IKVINNDFP,"{""P47248"": 7}"
IKVIGSGXT,"{""P47428"": 1}"
IKVNGIDIX,"{""P47288"": 8}"
IKVNGIDIK,"{""P47288"": 2}"
IKVNNINER,"{""P47651"": 1}"
IKVNNINEX,"{""P47651"": 1}"
IKVAYIHXD,"{""P47319"": 4}"
IKVAYIHXX,"{""P47319"": 1}"
IKVDNNXIX,"{""P47480"": 4}"
IKVDNNXXX,"{""P47480"": 2}"
IKVLXQSDL,"{""P47631"": 3}"
IKALIEEDN,"{""P47699"": 19}"
IKALILVAP,"{""Q49418"": 1}"
IKALRXIAX,"{""P47282"": 1}"
IKALRXXXX,"{""P47282"": 1}"
IKALLTTLX,"{""P47447"": 4}"
IKALNQTEX,"{""P47486"": 7}"
IKATSXXXX,"{""P47621"": 3}"
IKAEIENVI,"{""P47480"": 8}"
IKAEIAKNP,"{""P47376"": 1}"
IKAEIAXNP,"{""P47376"": 5}"
IKAGVITDE,"{""P47583"": 1}"
IKANVDVSL,"{""P47365"": 3}"
IKAQKLFFV,"{""P47482"": 1}"
IKAQXLFFV,"{""P47482"": 2}"
IKAIIDEVT,"{""P47425"": 4}"
IKAIXAXYX,"{""P52271"": 3}"
IKAIXAXXX,"{""P52271"": 1}"
IKAISEPFV,"{""P47384"": 4}"
IKAIKAXYX,"{""P52271"": 1}"
IKASGGIXT,"{""P47296"": 4}"
IKASGGIXX,"{""P47296"": 2}"
IKASLPSLE,"{""P47500"": 3}"
IKELIQLVX,"{""P47358"": 2}"
IKETNSDES,"{""Q49429"": 5}"
IKEQIXXXX,"{""P47445"": 2}"
IKEQIXQQR,"{""P47445"": 1}"
IKEQIXQQX,"{""P47445"": 1}"
IKEQLEQFL,"{""P47254"": 4}"
IKEFIXLAP,"{""P47599"": 4}"
IKEFWGEYQ,"{""P47502"": 2}"
IKEFWGEXQ,"{""P47502"": 1}"
IKEIGIEDQ,"{""P47624"": 4}"
IKEIFXXXX,"{""P47595"": 5}"
IKEIAXSXN,"{""P47529"": 2}"
IKEIAXSXX,"{""P47529"": 1}"
IKEIAXSKN,"{""P47529"": 1}"
IKEKXXXXX,"{""P47682"": 1}"
IKEXXXXXX,"{""P47682"": 7}"
IKEHSNLIF,"{""P47584"": 3}"
IKEVLISID,"{""P47587"": 4}"
IKHEXDVNI,"{""P47690"": 5}"
IKHEVYSLR,"{""P47585"": 2}"
IKHYRXLYE,"{""P47650"": 1}"
IKHLNVQYX,"{""P47321"": 1}"
IKPTIXFXD,"{""P47653"": 2}"
IKPTIXXXX,"{""P47653"": 1}"
IKPINVEXX,"{""P47325"": 3}"
IKPXAFDIN,"{""P47696"": 9}"
IKPXEAELL,"{""P47277"": 2}"
IKPXXXXXX,"{""P47696"": 1, ""P47277"": 2}"
IKPHHSXFL,"{""P47247"": 1}"
IKPHHSYFL,"{""P47247"": 5}"
IKPSELXLF,"{""P47492"": 2}"
IKPSELYLF,"{""P47492"": 1}"
IKGIXSTYX,"{""P47520"": 3}"
IKGIXXXXX,"{""P47310"": 1}"
IKGIXDWXX,"{""P47310"": 1}"
IKGIXDWXD,"{""P47310"": 2}"
IKGIYSTYX,"{""P47520"": 18}"
IKGIYSTXX,"{""P47520"": 1}"
IKGFXPGXX,"{""P47480"": 1}"
IKGFRPGXI,"{""P47480"": 1}"
IKGPLPLPT,"{""P47396"": 6}"
IKGVILXXX,"{""P47619"": 3}"
IKGVILXDG,"{""P47619"": 1}"
IKGNFCLAL,"{""P47264"": 2}"
IKYTDNFSX,"{""P20796"": 21}"
IKYQIDPXT,"{""P47408"": 4}"
IKYQIDPXX,"{""P47408"": 2}"
IKYQIDPKT,"{""P47408"": 1}"
IKYNGWYNV,"{""P47342"": 3}"
IKYNGWXNV,"{""P47342"": 1}"
IKWISPXXX,"{""P47286"": 6}"
IKWIFWTIF,"{""Q49415"": 1}"
IKQAAXNNE,"{""P47583"": 4}"
IKQAQATRG,"{""P47544"": 6}"
IKQISANXX,"{""P47292"": 3}"
IKQISANXT,"{""P47292"": 1}"
IKQLYVQXX,"{""P47434"": 2}"
IKQQLXXXX,"{""Q49404"": 2}"
IKQQLXCYF,"{""Q49404"": 2}"
IKQTXQMLA,"{""P47693"": 3}"
IKQXALNXH,"{""Q49404"": 1}"
IKKQQFSEQ,"{""P56723"": 2}"
IKKIXWISP,"{""P47286"": 1}"
IKKMSDYLA,"{""P47520"": 2}"
IKKLLLNKH,"{""P47305"": 1}"
IKKLXEXLQ,"{""P47288"": 1}"
IKKPXXXXX,"{""P47604"": 1}"
IKKAFXAEQ,"{""P47374"": 2}"
IKFTVXXXX,"{""P47306"": 5}"
IKFFALGGQ,"{""P47662"": 1}"
IKFSLQLSY,"{""Q49433"": 3}"
IKFIMXXXX,"{""P47661"": 3}"
IKRIGFCYS,"{""P47568"": 1}"
IKRFLQNNQ,"{""P47336"": 1}"
ICDQIADSI,"{""P47293"": 114}"
ICDQYGADI,"{""P47587"": 27}"
ICDQXGADI,"{""P47587"": 3}"
ICDYANNLT,"{""P47649"": 576}"
ICDAIIEQI,"{""P47539"": 95}"
ICDXANNLT,"{""P47649"": 35}"
ICXLMPLGE,"{""P47384"": 27}"
ICPIETPEG,"{""P47583"": 565}"
ICLLGXXXX,"{""P47385"": 96}"
ICLLGXSMD,"{""P47385"": 16}"
ICFIHPTLN,"{""P47451"": 609}"
ICFFHPFTG,"{""Q49412"": 123}"
ICQFLHPWT,"{""P47535"": 119}"
ICQTIINGD,"{""P47520"": 114}"
ICYLMPLGE,"{""P47384"": 560}"
ICMVYTXFX,"{""P47640"": 434}"
ICMVYTXFK,"{""P47640"": 14}"
ICMVYTXXX,"{""P47640"": 83}"
ICMVYTKFX,"{""P47640"": 18}"
ICMVXTXFX,"{""P47640"": 21}"
ICMVXTXFK,"{""P47640"": 1}"
ICMVXTXXX,"{""P47640"": 11}"
ICSINGVXX,"{""P47411"": 130}"
ICSINGVXQ,"{""P47411"": 457}"
ICSINGVKQ,"{""P47411"": 17}"
ICSLLSVNN,"{""P47250"": 603}"
ICNFLXLIQ,"{""P47349"": 104}"
ICNFLXXXX,"{""P47349"": 21}"
ICNFLKLIQ,"{""P47349"": 7}"
IIVDTYGPY,"{""P47293"": 114}"
IIVDTYGPX,"{""P47293"": 8}"
IIVDTXGPY,"{""P47293"": 4}"
IIVDYLNQN,"{""Q9ZB70"": 107}"
IIVDXLNQN,"{""Q9ZB70"": 6}"
IIVEHNWIS,"{""Q49424"": 125}"
IIVERAXRI,"{""P47639"": 1}"
IIVXNAXXX,"{""P47255"": 471}"
IIVXNAKXX,"{""P47255"": 19}"
IIVXXXXXX,"{""P47255"": 117}"
IIVXQGSIC,"{""Q49420"": 7}"
IIVNQIEFD,"{""P47655"": 137}"
IIVNATEET,"{""P47502"": 127}"
IIVLVXXXX,"{""P47479"": 49}"
IIVLVXXXE,"{""P47479"": 76}"
IIVLVXXKE,"{""P47479"": 4}"
IIVLVXKXE,"{""P47479"": 3}"
IIVLVXKXX,"{""P47479"": 1}"
IIVLVKXXE,"{""P47479"": 3}"
IIVLVKXXX,"{""P47479"": 2}"
IIVKNAXXX,"{""P47255"": 27}"
IIVRQGSIC,"{""Q49420"": 14}"
IIVRQGSIX,"{""Q49420"": 1}"
IIVVSQDPI,"{""P47660"": 2}"
IINEPTAAA,"{""P47547"": 601}"
IINETDXFI,"{""P47326"": 452}"
IINETDXXX,"{""P47326"": 135}"
IINETDKFI,"{""P47326"": 22}"
IINEVLTVV,"{""P47546"": 113}"
IINVIMXDG,"{""P47334"": 520}"
IINVIMXXX,"{""P47334"": 105}"
IINVIMKDG,"{""P47334"": 20}"
IINVIDXXX,"{""P47508"": 94}"
IINVIDXXE,"{""P47508"": 23}"
IINVIDXKE,"{""P47508"": 3}"
IINVIDKXX,"{""P47508"": 3}"
IINVLLXXX,"{""P47508"": 567}"
IINNSLPFS,"{""P47606"": 645}"
IINXFAVEN,"{""P47249"": 10}"
IINXPLAXL,"{""P47376"": 400}"
IINXPLAXX,"{""P47376"": 88}"
IINXPLAKL,"{""P47376"": 20}"
IINXXXXXX,"{""P47376"": 93}"
IINDKFLXL,"{""P47648"": 8}"
IINDXFLXX,"{""P47648"": 18}"
IINDXFLXL,"{""P47648"": 81}"
IINDXFLKL,"{""P47648"": 4}"
IINDXXXXX,"{""P47648"": 18}"
IINHFQNHY,"{""Q49399"": 132}"
IINHFQNHX,"{""Q49399"": 9}"
IINTLEXIF,"{""Q9ZB78"": 81}"
IINTLEXXX,"{""Q9ZB78"": 24}"
IINTLEKIF,"{""Q9ZB78"": 3}"
IINIISQXX,"{""P47490"": 114}"
IINIISQXE,"{""P47490"": 3}"
IINPFYFLN,"{""P47545"": 116}"
IINPFXFLN,"{""P47545"": 5}"
IINPLEDRF,"{""Q49425"": 22}"
IINPLEDXF,"{""Q49425"": 7}"
IINMYSFEQ,"{""P47473"": 109}"
IINMXSFEQ,"{""P47473"": 3}"
IINQINWRF,"{""P47572"": 31}"
IINQINWXF,"{""P47572"": 10}"
IINQDPLVN,"{""P47310"": 34}"
IINWAVVXX,"{""P47343"": 122}"
IINKPLAXL,"{""P47376"": 14}"
IINKPLAXX,"{""P47376"": 2}"
IINKPLAKL,"{""P47376"": 1}"
IINRFAVEN,"{""P47249"": 28}"
IINCERNAN,"{""P47350"": 29}"
IINCEXNAN,"{""P47350"": 5}"
IIXDTIEVP,"{""P47582"": 106}"
IIXXXXXXX,"{""P47294"": 467, ""P47382"": 103, ""P47660"": 90, ""P47385"": 550, ""P47420"": 121, ""P47705"": 143, ""P47495"": 19, ""P47617"": 40, ""P47311"": 20, ""P47250"": 24, ""P47346"": 40, ""P47458"": 108, ""P47446"": 101, ""P47651"": 35, ""P47257"": 15, ""P47481"": 17, ""P47582"": 24, ""Q49420"": 28}"
IIXXEIXXX,"{""P47651"": 78}"
IIXXEIXPQ,"{""P47651"": 6}"
IIXXTPNXS,"{""Q49420"": 64}"
IIXXTPNXX,"{""Q49420"": 23}"
IIXXTPNKS,"{""Q49420"": 7}"
IIXXALVFN,"{""P47617"": 89}"
IIXXIFQEN,"{""P47346"": 88}"
IIXXHRILR,"{""P47420"": 1}"
IIXPNQXFT,"{""P47311"": 67}"
IIXPNQXXX,"{""P47311"": 15}"
IIXPNQKFT,"{""P47311"": 5}"
IIXEELQXX,"{""P47250"": 92}"
IIXEELQXI,"{""P47250"": 3}"
IIXEEIGIS,"{""P47481"": 34}"
IIXVIXXIS,"{""P47257"": 71}"
IIXVIXXXX,"{""P47257"": 34}"
IIXVIXKIS,"{""P47257"": 5}"
IIXVIKXXX,"{""P47257"": 2}"
IIXVIKXIS,"{""P47257"": 2}"
IIXISDGXX,"{""P47705"": 477}"
IIXIAQQQE,"{""P47495"": 99}"
IIXKIFQEN,"{""P47346"": 2}"
IIXKALVFN,"{""P47617"": 5}"
IIXKTPNXS,"{""Q49420"": 3}"
IIXKTPNKS,"{""Q49420"": 1}"
IIXKEIXXX,"{""P47651"": 1}"
IIXSIXSFL,"{""P47382"": 9}"
IIXSIRSFL,"{""P47382"": 17}"
IIXSEXESD,"{""P47284"": 4}"
IIXNGDTVV,"{""P47660"": 510}"
IIXQRQILS,"{""P47385"": 24}"
IIXQXQILS,"{""P47385"": 5}"
IIXQEQQNE,"{""Q49430"": 7}"
IIXQIDXXX,"{""P47681"": 3}"
IIXALXTLX,"{""P47481"": 77}"
IIXALXTLK,"{""P47481"": 2}"
IIXALXXXX,"{""P47481"": 14}"
IIXALKTLX,"{""P47481"": 4}"
IIXASDGIM,"{""P47458"": 6}"
IIXGSGRXX,"{""P47294"": 13}"
IIXGSGRXM,"{""P47294"": 76}"
IIXGSGRKM,"{""P47294"": 3}"
IIXGSGXXM,"{""P47294"": 26}"
IIXGSGXXX,"{""P47294"": 4}"
IIXYEXXXX,"{""P47636"": 8}"
IIXLIRSAV,"{""P47446"": 17}"
IIXLIXSAV,"{""P47446"": 5}"
IIPXXPVLV,"{""Q49402"": 83}"
IIPXXXXXX,"{""Q49402"": 37, ""P47520"": 21}"
IIPXINXQX,"{""P47520"": 69}"
IIPXINXQK,"{""P47520"": 4}"
IIPXINXXX,"{""P47520"": 13}"
IIPXKPVLV,"{""Q49402"": 5}"
IIPSIFIGL,"{""P47367"": 137}"
IIPSELLLS,"{""P47255"": 23}"
IIPLYWNIQ,"{""P47520"": 125}"
IIPLXWNIQ,"{""P47520"": 5}"
IIPFSSIXA,"{""P47286"": 109}"
IIPFSSIXX,"{""P47286"": 30}"
IIPFSSIKA,"{""P47286"": 2}"
IIPDFSWIQ,"{""P47662"": 39}"
IIPGLSLIV,"{""P47562"": 146}"
IIPKKPVLV,"{""Q49402"": 1}"
IIPKINXQX,"{""P47520"": 4}"
IIPKINXQK,"{""P47520"": 1}"
IIPKXPVLV,"{""Q49402"": 5}"
IIAXXXXXX,"{""P47264"": 465, ""P47658"": 30, ""P47382"": 26, ""P47458"": 24}"
IIAXXLLVP,"{""P47382"": 10}"
IIAXAINCL,"{""P47658"": 107}"
IIAXAINXL,"{""P47658"": 8}"
IIAXNTIEE,"{""P47264"": 122}"
IIAXIESNH,"{""P47458"": 116}"
IIAXCLLVP,"{""P47382"": 110}"
IIAXDIANA,"{""P47403"": 1}"
IIAIRQTFL,"{""P47382"": 110}"
IIAIMEXXX,"{""P47642"": 90}"
IIAIMEXXF,"{""P47642"": 5}"
IIAIMEXRF,"{""P47642"": 26}"
IIAIXQTFL,"{""P47382"": 40}"
IIALXXXXX,"{""P47532"": 481}"
IIALXNHAL,"{""P47532"": 108}"
IIALKNHAL,"{""P47532"": 4}"
IIAVATGIX,"{""P47595"": 119}"
IIAVATGIK,"{""P47595"": 1}"
IIADHFXXX,"{""P47534"": 602}"
IIADSXLSI,"{""P47660"": 86}"
IIADSXXXX,"{""P47660"": 28}"
IIADSKLSI,"{""P47660"": 7}"
IIAETAPFF,"{""P47651"": 149}"
IIANLLXLX,"{""P47331"": 99}"
IIANLLXLK,"{""P47331"": 5}"
IIANLLXXX,"{""P47331"": 16}"
IIANLLKLX,"{""P47331"": 3}"
IIANXAXXN,"{""P47606"": 66}"
IIANXAXXX,"{""P47606"": 27}"
IIANXAXKN,"{""P47606"": 3}"
IIANXAKXX,"{""P47606"": 1}"
IIANXAKXN,"{""P47606"": 1}"
IIANXXXXX,"{""P47606"": 27}"
IIANFXXLG,"{""P47365"": 99}"
IIANFXXXX,"{""P47365"": 31}"
IIANFXKLG,"{""P47365"": 4}"
IIANFKXLG,"{""P47365"": 4}"
IIANFKXXX,"{""P47365"": 1}"
IIANKAXXX,"{""P47606"": 2}"
IIANKAXXN,"{""P47606"": 2}"
IIANKAXKN,"{""P47606"": 1}"
IIATCGPAL,"{""P47458"": 110}"
IIATXGPAL,"{""P47458"": 11}"
IIAFLTXNQ,"{""P47492"": 113}"
IIAFLTXXX,"{""P47492"": 12}"
IIAFLTKNQ,"{""P47492"": 5}"
IIAANNLNN,"{""P47310"": 123}"
IIAKAINCL,"{""P47658"": 7}"
IIAKIESNH,"{""P47458"": 7}"
IIAKCLLVP,"{""P47382"": 6}"
IIAKNTIEE,"{""P47264"": 6}"
IIARDIANA,"{""P47403"": 1}"
IIIXLSGAG,"{""P47672"": 486}"
IIIXHXDFL,"{""P47446"": 415}"
IIIXHXXXX,"{""P47446"": 88}"
IIIXHKDFL,"{""P47446"": 20}"
IIIXXXXXX,"{""P47446"": 101, ""P47672"": 118}"
IIIXTIISX,"{""P47257"": 7}"
IIINXXXXX,"{""P47660"": 528}"
IIINXDNQT,"{""P47660"": 30}"
IIINATETT,"{""P47431"": 116}"
IIINKDNQT,"{""P47660"": 1}"
IIIEVLDGX,"{""P47264"": 119}"
IIIEVLDGK,"{""P47264"": 6}"
IIITSDSSX,"{""P47583"": 139}"
IIITSDSSK,"{""P47583"": 5}"
IIISNSMEV,"{""P47267"": 123}"
IIISQNINS,"{""P47260"": 133}"
IIISTLYYC,"{""P47613"": 21}"
IIISTLYYX,"{""P47613"": 1}"
IIISDAALE,"{""P47384"": 38}"
IIIMTDADN,"{""P47445"": 34}"
IIIFGGSFD,"{""P47482"": 135}"
IIIFNINAE,"{""P47672"": 124}"
IIIGXNAEM,"{""P47627"": 83}"
IIIGXXXXX,"{""P47627"": 25}"
IIIGKNAEM,"{""P47627"": 4}"
IIIALAMFI,"{""P47564"": 38}"
IIIKLSGAG,"{""P47672"": 30}"
IIIKHXXXX,"{""P47446"": 4}"
IIIKHXDFL,"{""P47446"": 15}"
IIIRTIISK,"{""P47257"": 1}"
IIIRTIISX,"{""P47257"": 17}"
IISELXXGE,"{""Q49413"": 3}"
IISELXXXX,"{""Q49413"": 79}"
IISELXRGE,"{""Q49413"": 15}"
IISEHLXTK,"{""P47636"": 5}"
IISEHLXTX,"{""P47636"": 75}"
IISEHLXXX,"{""P47636"": 22}"
IISEHLKTX,"{""P47636"": 1}"
IISDHLPII,"{""P47488"": 118}"
IISDSLLLF,"{""P47670"": 4}"
IISHHLALA,"{""P47465"": 126}"
IISLIGGVP,"{""P47664"": 644}"
IISLNHDVN,"{""P47259"": 134}"
IISYSEAVS,"{""P47345"": 127}"
IISXSEAVS,"{""P47345"": 5}"
IISXSNSGI,"{""P47400"": 2}"
IISAASCTT,"{""P47543"": 126}"
IISAASXTT,"{""P47543"": 8}"
IISNDATDX,"{""P47387"": 123}"
IISNDATDK,"{""P47387"": 3}"
IISRSNSGI,"{""P47400"": 21}"
IISVSSYFP,"{""P47351"": 2}"
IITAFELSS,"{""P47642"": 135}"
IITLPFALV,"{""P47416"": 624}"
IITLIIFVA,"{""Q49431"": 128}"
IITPAXXXX,"{""P47662"": 561}"
IITPAXGRI,"{""P47662"": 1}"
IITDIYVEL,"{""P47264"": 123}"
IITDIXVEL,"{""P47264"": 5}"
IITDFIEHN,"{""P47568"": 116}"
IITIAXXXX,"{""P47424"": 112}"
IITIAXVDN,"{""P47424"": 10}"
IITQTGVVX,"{""P22747"": 147}"
IITQTGVVK,"{""P22747"": 2}"
IITELSEIG,"{""P47599"": 39}"
IIEAEVYQX,"{""P47604"": 591}"
IIEAEVYQK,"{""P47604"": 17}"
IIEAEVXQX,"{""P47604"": 26}"
IIEAFCPFX,"{""P47534"": 135}"
IIEAFCPFK,"{""P47534"": 1}"
IIEAFXPFX,"{""P47534"": 4}"
IIEAFXPFK,"{""P47534"": 1}"
IIENSXXXX,"{""P47254"": 96}"
IIENSXQLX,"{""P47254"": 498}"
IIENSXQLK,"{""P47254"": 21}"
IIENSKQLX,"{""P47254"": 25}"
IIENSKQLK,"{""P47254"": 2}"
IIETLNXXX,"{""P47490"": 137}"
IIEIIDIVP,"{""P47324"": 146}"
IIELAXFFN,"{""P47612"": 99}"
IIELAXXXX,"{""P47612"": 15}"
IIELAKFFN,"{""P47612"": 4}"
IIEYISAYI,"{""P47547"": 112}"
IIEYISAXI,"{""P47547"": 7}"
IIEXISAYI,"{""P47547"": 9}"
IIEQIYQEL,"{""P47673"": 3}"
IIQPMLTYW,"{""P47341"": 611}"
IIQPMLTXW,"{""P47341"": 27}"
IIQXAXXIG,"{""P47445"": 81}"
IIQXAXXXX,"{""P47445"": 35}"
IIQXAXKIG,"{""P47445"": 4}"
IIQXAKXIG,"{""P47445"": 5}"
IIQXXXXXX,"{""P47445"": 19}"
IIQSQLETX,"{""P47571"": 129}"
IIQSQLETK,"{""P47571"": 7}"
IIQSNSEDX,"{""P47655"": 128}"
IIQSNSEDK,"{""P47655"": 6}"
IIQAGIEDL,"{""P47481"": 122}"
IIQDAHEGI,"{""P47368"": 134}"
IIQKAXXIG,"{""P47445"": 3}"
IIQKAXXXX,"{""P47445"": 1}"
IIQKAXKIG,"{""P47445"": 1}"
IIDXLXLLD,"{""P47293"": 86}"
IIDXLXENK,"{""P47551"": 3}"
IIDXLXENX,"{""P47551"": 87}"
IIDXLXXXX,"{""P47293"": 21, ""P47551"": 21}"
IIDXLVHAX,"{""P47513"": 6}"
IIDXLKENX,"{""P47551"": 3}"
IIDXLKLLD,"{""P47293"": 3}"
IIDXXXXXX,"{""P47551"": 18, ""P47293"": 16}"
IIDQSENXA,"{""P47352"": 110}"
IIDQSENXX,"{""P47352"": 14}"
IIDQSENKA,"{""P47352"": 2}"
IIDSTLVXA,"{""P47296"": 505}"
IIDSTLVXX,"{""P47296"": 98}"
IIDSTLVKA,"{""P47296"": 37}"
IIDSVSRLN,"{""P47326"": 31}"
IIDSVSXLN,"{""P47326"": 8}"
IIDIXSNLX,"{""P47579"": 8}"
IIDIXSNLK,"{""P47579"": 1}"
IIDIYSNLX,"{""P47579"": 112}"
IIDIYSNLK,"{""P47579"": 8}"
IIDTRFSEI,"{""P47447"": 142}"
IIDTXFSEI,"{""P47447"": 32}"
IIDEIIASY,"{""P47534"": 117}"
IIDEIIASX,"{""P47534"": 5}"
IIDYLVHAX,"{""P47513"": 114}"
IIDYLVHAK,"{""P47513"": 4}"
IIDKLXLLD,"{""P47293"": 7}"
IIDKLXXXX,"{""P47551"": 1, ""P47293"": 1}"
IIFNDVLGN,"{""P47582"": 118}"
IIFISLALT,"{""P47468"": 114}"
IIFILFIVV,"{""P47533"": 159}"
IIFEDENII,"{""P47610"": 136}"
IIFXEGPSX,"{""Q49420"": 103}"
IIFXEGPSK,"{""Q49420"": 2}"
IIFXXXXXX,"{""Q49420"": 24, ""Q49418"": 21}"
IIFXVIDGV,"{""Q49418"": 105}"
IIFFNDNVA,"{""Q9ZB73"": 125}"
IIFVHMLPV,"{""P47324"": 126}"
IIFVCQDCL,"{""Q9ZB82"": 30}"
IIFVCQDXL,"{""Q9ZB82"": 2}"
IIFVXQDCL,"{""Q9ZB82"": 1}"
IIFADQTXR,"{""P47638"": 17}"
IIFADQTXX,"{""P47638"": 84}"
IIFKVIDGV,"{""Q49418"": 14}"
IIFKEGPSX,"{""Q49420"": 3}"
IILRLEXEY,"{""P47343"": 88}"
IILRLEXEX,"{""P47343"": 2}"
IILRLEXXX,"{""P47343"": 28}"
IILRLEKEY,"{""P47343"": 3}"
IILXQDVAX,"{""P47339"": 97}"
IILXQDVAK,"{""P47339"": 3}"
IILXXXXXX,"{""P47339"": 13}"
IILXLEXEY,"{""P47343"": 25}"
IILXLEXEX,"{""P47343"": 1}"
IILXLEXXX,"{""P47343"": 4}"
IILITXXXX,"{""P47562"": 572}"
IILQTGLNF,"{""P47577"": 126}"
IILDACLNX,"{""P47253"": 121}"
IILDACLNK,"{""P47253"": 4}"
IILDAXLNX,"{""P47253"": 9}"
IILFIDEIH,"{""P47597"": 135}"
IILELXMEY,"{""P47540"": 79}"
IILELXMEX,"{""P47540"": 4}"
IILELXXXX,"{""P47540"": 27}"
IILELKMEX,"{""P47540"": 1}"
IILELKMEY,"{""P47540"": 1}"
IILTIEVNN,"{""P47353"": 38}"
IILVLFRNF,"{""P47679"": 22}"
IILVLFXNF,"{""P47679"": 8}"
IILKQDVAX,"{""P47339"": 4}"
IIYSEXESD,"{""P47284"": 97}"
IIYSEXXXX,"{""P47284"": 27}"
IIYSEKESD,"{""P47284"": 6}"
IIYQEQQNE,"{""Q49430"": 125}"
IIGQIFELX,"{""P47277"": 136}"
IIGQIFELK,"{""P47277"": 5}"
IIGIGVSDG,"{""P47668"": 121}"
IIGFEDVLA,"{""P47633"": 128}"
IIGYTTTAN,"{""P47502"": 102}"
IIGXTTTAN,"{""P47502"": 3}"
IIHLHQGXI,"{""P47545"": 95}"
IIHLHQGXX,"{""P47545"": 21}"
IIHLHQGKI,"{""P47545"": 6}"
IIHSAFSNI,"{""P47340"": 139}"
IIHQTTVND,"{""P47545"": 130}"
IIKISDGXX,"{""P47705"": 28}"
IIKIAQQQE,"{""P47495"": 6}"
IIKSIRSFL,"{""P47382"": 2}"
IIKXEIXXX,"{""P47651"": 4}"
IIKXIFQEN,"{""P47346"": 4}"
IIKXXXXXX,"{""P47651"": 2, ""P47617"": 1, ""Q49420"": 1}"
IIKXTPNXS,"{""Q49420"": 3}"
IIKXALVFN,"{""P47617"": 2}"
IIKNGDTVV,"{""P47660"": 36}"
IIKPNQXFT,"{""P47311"": 4}"
IIKPNQKFT,"{""P47311"": 1}"
IIKGSGXKM,"{""P47294"": 1}"
IIKGSGXXM,"{""P47294"": 1}"
IIKGSGRXM,"{""P47294"": 5}"
IIKALXTLX,"{""P47481"": 5}"
IIKASDGIM,"{""P47458"": 1}"
IIKEELQXX,"{""P47250"": 8}"
IIKDTIEVP,"{""P47582"": 7}"
IIKVIXXIS,"{""P47257"": 6}"
IIKVIXXXX,"{""P47257"": 1}"
IIKKTPNXS,"{""Q49420"": 1}"
IIKKIFQEN,"{""P47346"": 1}"
IIKKEIXXX,"{""P47651"": 1}"
IIREEIGIS,"{""P47481"": 135}"
IIRQIDXXX,"{""P47681"": 18}"
IIRYEXXXX,"{""P47636"": 17}"
IIRXEXXXX,"{""P47636"": 1}"
IYQIIQXVS,"{""P47539"": 104}"
IYQIIQXXX,"{""P47539"": 18}"
IYQIIQKVS,"{""P47539"": 3}"
IYQXAIGEI,"{""Q49410"": 487}"
IYQXTLACD,"{""P47583"": 454}"
IYQXTLAXD,"{""P47583"": 32}"
IYQXXXXXX,"{""P47583"": 92, ""Q49410"": 102}"
IYQQFNNXS,"{""P47576"": 475}"
IYQQFNNXX,"{""P47576"": 77}"
IYQQFNNKS,"{""P47576"": 23}"
IYQKTLACD,"{""P47583"": 21}"
IYQKAIGEI,"{""Q49410"": 13}"
IYQEWIRPA,"{""P47313"": 19}"
IYQEWIXPA,"{""P47313"": 7}"
IYRAILSGV,"{""P47308"": 97}"
IYRPLMXYW,"{""P47330"": 9}"
IYRPLMXXX,"{""P47330"": 9}"
IYRPLMXXW,"{""P47330"": 1}"
IYRSFEXLP,"{""P47411"": 103}"
IYRSFEXXX,"{""P47411"": 25}"
IYRSFEKLP,"{""P47411"": 5}"
IYRLTDQEM,"{""P47332"": 20}"
IYWSENQTA,"{""P47492"": 554}"
IYWXXXXXX,"{""P47667"": 92}"
IYWXSWRFL,"{""P47667"": 14}"
IYWXSWXFL,"{""P47667"": 6}"
IYWKSWRFL,"{""P47667"": 1}"
IYLNTWLLT,"{""P47326"": 604}"
IYLNDEITN,"{""P47464"": 603}"
IYLSLGIIS,"{""P47483"": 572}"
IYLGLNLIX,"{""Q49405"": 124}"
IYLIENWQQ,"{""P47254"": 126}"
IYDNELIFM,"{""P47386"": 555}"
IYDDFAIDL,"{""P47473"": 117}"
IYILXXXXX,"{""P47324"": 108}"
IYILXNXDT,"{""P47324"": 375}"
IYILXNXXX,"{""P47324"": 109}"
IYILXNKDT,"{""P47324"": 19}"
IYILKNXDT,"{""P47324"": 20}"
IYILKNXXX,"{""P47324"": 6}"
IYILKNKDT,"{""P47324"": 1}"
IYEECHFFL,"{""P47642"": 112}"
IYEEXHFFL,"{""P47642"": 6}"
IYEXYPQMI,"{""P47535"": 88}"
IYEXXXXXX,"{""P47535"": 12}"
IYEXXPQMI,"{""P47535"": 4}"
IYEDEFDET,"{""P47613"": 104}"
IYEHSMYII,"{""P47505"": 116}"
IYEHSMXII,"{""P47505"": 1}"
IYELTXXXX,"{""P47460"": 26}"
IYELTXXQE,"{""P47460"": 81}"
IYELTXKQE,"{""P47460"": 6}"
IYELTKXQE,"{""P47460"": 2}"
IYEILTRLX,"{""P47255"": 19}"
IYEILTRLK,"{""P47255"": 1}"
IYEILTXLX,"{""P47255"": 6}"
IYEILTXLK,"{""P47255"": 1}"
IYEKYPQMI,"{""P47535"": 3}"
IYEKXPQMI,"{""P47535"": 1}"
IYAIDTPEX,"{""P47432"": 560}"
IYAIDTPEK,"{""P47432"": 7}"
IYAYEXXXX,"{""P47360"": 142}"
IYAYEXXVV,"{""P47360"": 381}"
IYAYEXKVV,"{""P47360"": 10}"
IYAYEKXVV,"{""P47360"": 26}"
IYAYEKXXX,"{""P47360"": 3}"
IYALSNAXL,"{""P47458"": 27}"
IYALSNARL,"{""P47458"": 100}"
IYANTAVXY,"{""P47429"": 92}"
IYANTAVXX,"{""P47429"": 18}"
IYANTAVKY,"{""P47429"": 4}"
IYANAXXXX,"{""P47664"": 76}"
IYANAXPYD,"{""P47664"": 24}"
IYANAXPXD,"{""P47664"": 1}"
IYANAKPYD,"{""P47664"": 1}"
IYAFGGIQE,"{""P47385"": 106}"
IYAXEXXVV,"{""P47360"": 20}"
IYAXEXXXX,"{""P47360"": 5}"
IYAXEXKVV,"{""P47360"": 1}"
IYAXEKXVV,"{""P47360"": 1}"
IYXXXXXXX,"{""Q49460"": 435, ""P47683"": 440, ""P47376"": 163, ""P47299"": 17}"
IYXXNPXXA,"{""P47376"": 235}"
IYXXNPXXX,"{""P47376"": 94}"
IYXXNPXKA,"{""P47376"": 13}"
IYXXNPKXA,"{""P47376"": 14}"
IYXXNPKXX,"{""P47376"": 4}"
IYXXIDQIV,"{""P47683"": 4}"
IYXSFEXXX,"{""P47411"": 6}"
IYXSFEXLP,"{""P47411"": 23}"
IYXSFEKLP,"{""P47411"": 2}"
IYXSSPNPV,"{""P47368"": 10}"
IYXLTDQEM,"{""P47332"": 5}"
IYXYIDQIV,"{""P47683"": 105}"
IYXGLAVSF,"{""Q49460"": 121}"
IYXKNPXXA,"{""P47376"": 8}"
IYXKNPXXX,"{""P47376"": 8}"
IYXKNPXKA,"{""P47376"": 1}"
IYXAILSGV,"{""P47308"": 25}"
IYXFFVNLL,"{""P47299"": 107}"
IYXPLMXXX,"{""P47330"": 1}"
IYXPLMXYW,"{""P47330"": 6}"
IYXDGLQQR,"{""P47393"": 1}"
IYVPAYXLD,"{""P47473"": 440}"
IYVPAYXXX,"{""P47473"": 94}"
IYVPAYKLD,"{""P47473"": 15}"
IYVPAXXLD,"{""P47473"": 21}"
IYVPAXXXX,"{""P47473"": 6}"
IYVPAXKLD,"{""P47473"": 1}"
IYGQLFSIN,"{""P47651"": 601}"
IYGIQYLAX,"{""P47447"": 108}"
IYGIQYLAK,"{""P47447"": 7}"
IYGIQXLAX,"{""P47447"": 3}"
IYGIQXLAK,"{""P47447"": 1}"
IYYSSPNPV,"{""P47368"": 109}"
IYYDGLQQR,"{""P47393"": 22}"
IYYDGLQQX,"{""P47393"": 5}"
IYTIPFSAQ,"{""P47582"": 146}"
IYFDNFPFL,"{""P47585"": 35}"
IYMDNFEIS,"{""P47261"": 109}"
IYKXNPXXA,"{""P47376"": 20}"
IYKXNPXXX,"{""P47376"": 3}"
IYKXNPXKA,"{""P47376"": 1}"
IYKXXXXXX,"{""P47376"": 5}"
IYKFFVNLL,"{""P47299"": 5}"
IYKYIDQIV,"{""P47683"": 4}"
IYKGLAVSF,"{""Q49460"": 1}"
IYNMVVVPV,"{""P47318"": 5}"
IQGIDIADX,"{""P47582"": 589}"
IQGIDIADK,"{""P47582"": 5}"
IQXLIIGQV,"{""P47346"": 456}"
IQXLNPNLI,"{""P47290"": 93}"
IQXXXXXXX,"{""P47290"": 15, ""P22746"": 113, ""P47606"": 88, ""P47346"": 148, ""P47535"": 83, ""P47563"": 18}"
IQXICQFLH,"{""P47535"": 485}"
IQXIXQFLH,"{""P47535"": 35}"
IQXGDVAQE,"{""P47606"": 22}"
IQXTAQSAQ,"{""P47563"": 110}"
IQXRLRMTA,"{""P22746"": 1}"
IQLTXXXXX,"{""P47460"": 26}"
IQLTXQELV,"{""P47460"": 99}"
IQLTKQELV,"{""P47460"": 9}"
IQLQXAPDX,"{""P47527"": 127}"
IQLQXAPDK,"{""P47527"": 2}"
IQLQXXXXX,"{""P47527"": 23}"
IQLQSGEII,"{""P47288"": 115}"
IQLQKAPDX,"{""P47527"": 6}"
IQLQKAPDK,"{""P47527"": 1}"
IQLIDXDXE,"{""P47395"": 396}"
IQLIDXDXX,"{""P47395"": 108}"
IQLIDXDKE,"{""P47395"": 13}"
IQLIDXXXX,"{""P47395"": 101}"
IQLIDKDXE,"{""P47395"": 12}"
IQLIDKDXX,"{""P47395"": 3}"
IQLIDKDKE,"{""P47395"": 3}"
IQLFEHXSW,"{""P47588"": 111}"
IQLFEHXXX,"{""P47588"": 21}"
IQLFEHKSW,"{""P47588"": 3}"
IQELEKQNL,"{""P47460"": 21}"
IQELEXXXX,"{""P47460"": 107}"
IQELEXQNL,"{""P47460"": 482}"
IQEQYQSYM,"{""P47542"": 100}"
IQEQYQSXM,"{""P47542"": 8}"
IQEQXQSXM,"{""P47542"": 2}"
IQEQXQSYM,"{""P47542"": 3}"
IQEAWNTGL,"{""P47685"": 132}"
IQEIITSXX,"{""P47606"": 114}"
IQEIITSXK,"{""P47606"": 2}"
IQEIITSKX,"{""P47606"": 7}"
IQSFXXXXX,"{""P47321"": 88}"
IQSFXDLIV,"{""P47321"": 524}"
IQSFKDLIV,"{""P47321"": 27}"
IQSILPDSX,"{""P47581"": 589}"
IQSILPDSK,"{""P47581"": 8}"
IQSIDSLYL,"{""P47260"": 109}"
IQSIDSLXL,"{""P47260"": 5}"
IQSATRFSL,"{""Q9ZB74"": 22}"
IQSATXFSL,"{""Q9ZB74"": 5}"
IQAQQQQNE,"{""P47455"": 634}"
IQAYAEXLA,"{""Q49419"": 25}"
IQAYAERLA,"{""Q49419"": 99}"
IQAFHYELX,"{""P47460"": 99}"
IQAFHYELK,"{""P47460"": 8}"
IQAFHXELX,"{""P47460"": 7}"
IQALSVNXF,"{""P47356"": 93}"
IQALSVNXX,"{""P47356"": 13}"
IQALSVNKF,"{""P47356"": 4}"
IQALGFNHE,"{""P47300"": 131}"
IQAXFVDXX,"{""P47551"": 24}"
IQAXFVDXN,"{""P47551"": 77}"
IQAXFVDKN,"{""P47551"": 5}"
IQAXXXXXX,"{""P47551"": 23}"
IQAXAERLA,"{""Q49419"": 4}"
IQAKFVDXN,"{""P47551"": 7}"
IQNNQVTEY,"{""P47527"": 144}"
IQNNQVTEX,"{""P47527"": 7}"
IQNGYEAFL,"{""P47267"": 117}"
IQNGXEAFL,"{""P47267"": 5}"
IQNQSXXXX,"{""P47459"": 95}"
IQNQSXQLR,"{""P47459"": 16}"
IQNQSXQLX,"{""P47459"": 4}"
IQNQSKQLR,"{""P47459"": 1}"
IQTXGNSLL,"{""P47492"": 111}"
IQTXXXXXX,"{""P47492"": 11}"
IQTVSEALI,"{""P47429"": 114}"
IQTLLEVAW,"{""P47592"": 37}"
IQTLAQNER,"{""P47247"": 114}"
IQTLAQNEX,"{""P47247"": 30}"
IQTSVNSSI,"{""P47313"": 116}"
IQTTLXXXX,"{""P47424"": 38}"
IQTTLXXAX,"{""P47424"": 85}"
IQTTLXXAK,"{""P47424"": 2}"
IQTTLXKAX,"{""P47424"": 6}"
IQTTLKXAX,"{""P47424"": 3}"
IQTTLKXXX,"{""P47424"": 1}"
IQTKGNSLL,"{""P47492"": 3}"
IQQISIPQF,"{""P47664"": 124}"
IQQAVFXLW,"{""P52271"": 139}"
IQQAVFXXX,"{""P52271"": 19}"
IQQAVFKLW,"{""P52271"": 6}"
IQQARSSIW,"{""P47394"": 15}"
IQQAXSSIW,"{""P47394"": 3}"
IQQLVNLIX,"{""P47496"": 127}"
IQQLVNLIK,"{""P47496"": 10}"
IQFISENYL,"{""P47465"": 30}"
IQFISENXL,"{""P47465"": 2}"
IQFLDGNFY,"{""P22747"": 15}"
IQFLDGNFX,"{""P22747"": 2}"
IQFQSILTL,"{""P47535"": 129}"
IQINNDEXV,"{""P47246"": 100}"
IQINNDEXX,"{""P47246"": 17}"
IQINNDEKV,"{""P47246"": 3}"
IQINFWDQI,"{""P47606"": 117}"
IQIGDXXXX,"{""P47583"": 100}"
IQIGDXLAG,"{""P47583"": 26}"
IQIGDKLAG,"{""P47583"": 2}"
IQIPGXRVM,"{""P47605"": 24}"
IQIPGXXXX,"{""P47605"": 87}"
IQIPGXXVM,"{""P47605"": 6}"
IQIPGKRVM,"{""P47605"": 2}"
IQVLIGXDF,"{""Q49425"": 106}"
IQVLIGXXX,"{""Q49425"": 20}"
IQVLIGKDF,"{""Q49425"": 5}"
IQVNNIEAL,"{""P47515"": 6}"
IQDQINNLT,"{""P47306"": 100}"
IQDYGRSXN,"{""P47481"": 21}"
IQDYGRSXX,"{""P47481"": 1}"
IQDYGRSKN,"{""P47481"": 1}"
IQDYGXSXN,"{""P47481"": 2}"
IQDXGRSXX,"{""P47481"": 2}"
IQWLXXXXX,"{""P47673"": 36}"
IQWLXEELT,"{""P47673"": 91}"
IQWLKEELT,"{""P47673"": 6}"
IQKLIIGQV,"{""P47346"": 22}"
IQKLNPNLI,"{""P47290"": 1}"
IQKICQFLH,"{""P47535"": 25}"
IQKIXQFLH,"{""P47535"": 2}"
IQKGDVAQE,"{""P47606"": 2}"
IQKTAQSAQ,"{""P47563"": 6}"
IQPFYIALP,"{""P47533"": 5}"
IPVSNDIPS,"{""P47471"": 136}"
IPVDITQSI,"{""P47472"": 599}"
IPVVALCNT,"{""P47316"": 136}"
IPVVALXNT,"{""P47316"": 11}"
IPVHMVETI,"{""P47491"": 145}"
IPVWFENNT,"{""P47576"": 111}"
IPVNVFAMT,"{""P47427"": 1}"
IPFEXXXXX,"{""P47480"": 74}"
IPFEXLLSA,"{""P47480"": 29}"
IPFEKLLSA,"{""P47480"": 1}"
IPFALFGWI,"{""Q49414"": 635}"
IPFLSICCE,"{""P47394"": 119}"
IPFLSICXE,"{""P47394"": 6}"
IPFLSIXCE,"{""P47394"": 9}"
IPLNXNVQN,"{""P47653"": 529}"
IPLNXXXXX,"{""P47653"": 104}"
IPLNKNVQN,"{""P47653"": 18}"
IPLTILSRC,"{""P47658"": 25}"
IPLTILSRX,"{""P47658"": 2}"
IPLTILSXC,"{""P47658"": 10}"
IPLTILSXX,"{""P47658"": 1}"
IPLDXPIEQ,"{""P47660"": 104}"
IPLDXXXXX,"{""P47660"": 22}"
IPLDKPIEQ,"{""P47660"": 4}"
IPLQLIVGD,"{""P47615"": 112}"
IPLFLIESF,"{""P47332"": 138}"
IPLLQXXXX,"{""P47443"": 21}"
IPLLQXANE,"{""P47443"": 98}"
IPLLQKANE,"{""P47443"": 5}"
IPLPYLLGT,"{""Q49404"": 34}"
IPLPXLLGT,"{""Q49404"": 3}"
IPIMNSDSD,"{""P47461"": 134}"
IPIQQSGQG,"{""P47416"": 142}"
IPIWNSVRS,"{""P47588"": 131}"
IPIWNSVXS,"{""P47588"": 23}"
IPPPXGEIN,"{""P47384"": 27}"
IPPPXXXXX,"{""P47384"": 103}"
IPPPKGEIN,"{""P47384"": 1}"
IPPNLASQS,"{""P47480"": 125}"
IPXXLXDNL,"{""P47587"": 66}"
IPXXLXXXX,"{""P47587"": 7}"
IPXXLKDNL,"{""P47587"": 2}"
IPXXXXXXX,"{""P47576"": 132, ""P47587"": 38, ""P47270"": 26, ""P47701"": 3}"
IPXXGIEID,"{""P47701"": 4}"
IPXAITVCS,"{""P47270"": 89}"
IPXAITVXS,"{""P47270"": 6}"
IPXEYIXPV,"{""P47335"": 28}"
IPXEYIXXX,"{""P47335"": 8}"
IPXEYIKPV,"{""P47335"": 1}"
IPXEXIXPV,"{""P47335"": 1}"
IPXLFDLVL,"{""P47576"": 6}"
IPXKLXDNL,"{""P47587"": 6}"
IPXFGHLSV,"{""P47700"": 21}"
IPRFGHLSV,"{""P47700"": 115}"
IPREYIXPV,"{""P47335"": 104}"
IPREYIXXX,"{""P47335"": 10}"
IPREYIKPV,"{""P47335"": 3}"
IPREXIXPV,"{""P47335"": 5}"
IPTFNTEED,"{""P47473"": 118}"
IPTQENWXQ,"{""P47473"": 103}"
IPTQENWXX,"{""P47473"": 26}"
IPTQENWKQ,"{""P47473"": 3}"
IPTYARFRX,"{""P47306"": 5}"
IPTYAXFRX,"{""P47306"": 1}"
IPDIDLNFS,"{""P47277"": 110}"
IPDMPEQVT,"{""P47520"": 136}"
IPDYIDQLV,"{""P47495"": 115}"
IPDXIDQLV,"{""P47495"": 5}"
IPNFXXXXX,"{""P47528"": 130}"
IPNFXAIGP,"{""P47528"": 2}"
IPHTFDYHX,"{""P47619"": 113}"
IPHTFDYHK,"{""P47619"": 4}"
IPHTFDXHX,"{""P47619"": 10}"
IPHTFDXHK,"{""P47619"": 1}"
IPYXGIEID,"{""P47701"": 81}"
IPYXXXXXX,"{""P47701"": 22}"
IPYKGIEID,"{""P47701"": 4}"
IPAGTGFLT,"{""P47582"": 118}"
IPMNNXINS,"{""P47494"": 94}"
IPMNNXXXX,"{""P47494"": 29}"
IPMNNKINS,"{""P47494"": 4}"
IPSYRQDIN,"{""P47437"": 25}"
IPSYXQDIN,"{""P47437"": 4}"
IPSXRQDIN,"{""P47437"": 1}"
IPQTTLDNI,"{""P47624"": 8}"
IPKAITVCS,"{""P47270"": 5}"
IPKXLXDNL,"{""P47587"": 2}"
IRGISEEFN,"{""P47387"": 24}"
IRGITSTID,"{""P47425"": 22}"
IRGFDITIV,"{""P47409"": 101}"
IRNFLSQPF,"{""P47639"": 117}"
IRNEVVEVM,"{""P47323"": 135}"
IRNXFXXXX,"{""P47315"": 19}"
IRNXFXQRN,"{""P47315"": 1}"
IRNXXXXXX,"{""P47315"": 6}"
IRNPSYEQV,"{""P47648"": 124}"
IRNPSXEQV,"{""P47648"": 6}"
IRNYLDDXV,"{""P47277"": 3}"
IRNYLDDCV,"{""P47277"": 14}"
IRNYLLDNQ,"{""Q49432"": 7}"
IRNSLLXFI,"{""P47587"": 5}"
IRNSLLRFI,"{""P47587"": 21}"
IRNLFFINY,"{""P47403"": 2}"
IRNRSXGVY,"{""P47515"": 1}"
IRNRSRGVY,"{""P47515"": 2}"
IRNKFXXXX,"{""P47315"": 1}"
IRHAQXPEI,"{""P47537"": 93}"
IRHAQXXXX,"{""P47537"": 19}"
IRHAQKPEI,"{""P47537"": 4}"
IRHXXXXXX,"{""P47413"": 84}"
IRHXXIVXX,"{""P47413"": 6}"
IRHXRIVXX,"{""P47413"": 14}"
IRHKRIVXX,"{""P47413"": 2}"
IRXDXFYAL,"{""P47282"": 7}"
IRXDCFYAL,"{""P47282"": 92}"
IRXDCFXAL,"{""P47282"": 6}"
IRXGDXVVV,"{""P47408"": 96}"
IRXGDXXXX,"{""P47408"": 15}"
IRXGDKVVV,"{""P47408"": 4}"
IRXXXXXXX,"{""P47408"": 20, ""P47651"": 20, ""P47691"": 17, ""P47282"": 19}"
IRXXXWLXQ,"{""P47440"": 2}"
IRXXXWLXX,"{""P47440"": 4}"
IRXXLSLII,"{""P47651"": 4}"
IRXAVIPAA,"{""P47691"": 6}"
IRXVLVDNF,"{""P47345"": 2}"
IRXRXSDTF,"{""P47662"": 2}"
IRFNEXNDL,"{""P47247"": 106}"
IRFNEXXXX,"{""P47247"": 19}"
IRFNEKNDL,"{""P47247"": 2}"
IRFDQFXXT,"{""P47330"": 16}"
IRFDQFXXX,"{""P47330"": 8}"
IRFDQFXKT,"{""P47330"": 2}"
IRFDQFKXT,"{""P47330"": 1}"
IRFSFIEIN,"{""P47525"": 29}"
IRFEPNXDK,"{""P47335"": 2}"
IRFEPNXDX,"{""P47335"": 18}"
IRFEPNXXX,"{""P47335"": 5}"
IRFENTIQN,"{""P47540"": 24}"
IRFCVIGXP,"{""P47571"": 17}"
IRFCVIGXX,"{""P47571"": 7}"
IRFAXXTQP,"{""P47372"": 17}"
IRFAXXXXX,"{""P47372"": 5}"
IRFAXKTQP,"{""P47372"": 2}"
IRFXVIGXX,"{""P47571"": 1}"
IRFXVIGXP,"{""P47571"": 1}"
IRIANSSNV,"{""P47323"": 128}"
IRITNLLGT,"{""P47488"": 30}"
IRIXSLSLG,"{""P47473"": 20}"
IRIXXXXXX,"{""P47473"": 2}"
IRLATQIGS,"{""P47660"": 100}"
IRLDIPFSL,"{""P47425"": 22}"
IRLVDXLFX,"{""P47642"": 15}"
IRLVDXLFK,"{""P47642"": 3}"
IRLVDXXXX,"{""P47642"": 4}"
IRLTNLNNR,"{""P47413"": 4}"
IRLTNLNNX,"{""P47413"": 1}"
IRTALILAP,"{""P47260"": 23}"
IRTXXXXXX,"{""P47571"": 104}"
IRTXYAPSP,"{""P47700"": 1}"
IRTXTFXXX,"{""P47677"": 1}"
IRTRTFXGX,"{""P47677"": 5}"
IRTRTFXXX,"{""P47677"": 1}"
IRTHYFXXX,"{""P47483"": 3}"
IRTHYFXHX,"{""P47483"": 19}"
IRTHYFKHX,"{""P47483"": 1}"
IRTHXFXHX,"{""P47483"": 1}"
IRTTFGLLI,"{""P47498"": 8}"
IRTGRPNPX,"{""P47673"": 5}"
IRENFGFNS,"{""P47571"": 29}"
IRENLDNST,"{""P47250"": 29}"
IREDHDINA,"{""P47609"": 131}"
IRELDATKX,"{""P47522"": 3}"
IRELDATXX,"{""P47522"": 22}"
IRELHFAIV,"{""P47318"": 5}"
IREGSGFXX,"{""P47533"": 34}"
IREGSGFXA,"{""P47533"": 1}"
IRSVLSHAI,"{""P47359"": 32}"
IRSXXXXXX,"{""P47303"": 13}"
IRSXLEQHL,"{""P47303"": 4}"
IRSLIXQXI,"{""P47534"": 11}"
IRSLIXQXX,"{""P47534"": 4}"
IRSLIXQKI,"{""P47534"": 1}"
IRSLIXXXX,"{""P47534"": 2}"
IRSLIKQXI,"{""P47534"": 1}"
IRSLAFNWG,"{""P47281"": 19}"
IRSFLQSDF,"{""P47459"": 4}"
IRSEFALFY,"{""P47326"": 28}"
IRRXXWLXQ,"{""P47440"": 3}"
IRRXXWLXX,"{""P47440"": 9}"
IRRXXWLKQ,"{""P47440"": 1}"
IRRXXXXXX,"{""P47440"": 9}"
IRRVLVDNF,"{""P47345"": 5}"
IRRSLSQSN,"{""P47460"": 2}"
IRRKXXXXX,"{""P47440"": 1}"
IRQRIIIXL,"{""P47672"": 6}"
IRQIENXXX,"{""P47491"": 28}"
IRQIENXAI,"{""P47491"": 5}"
IRQLIGIEX,"{""P47437"": 26}"
IRQLLLNET,"{""P47252"": 10}"
IRQFLLTNT,"{""P47480"": 26}"
IRQWXXXXX,"{""P47290"": 23}"
IRQXIIIXL,"{""P47672"": 4}"
IRDYVNLXT,"{""P47613"": 23}"
IRDYVNLXX,"{""P47613"": 1}"
IRDEILSDI,"{""P47549"": 22}"
IRDXVNLXT,"{""P47613"": 1}"
IRAHQIPYG,"{""P47250"": 29}"
IRAHQIPXG,"{""P47250"": 3}"
IRAIVNNIG,"{""P47247"": 17}"
IRANFYGLD,"{""P47590"": 4}"
IRVGHLGIY,"{""P47276"": 10}"
IRVNFPQIT,"{""P47673"": 7}"
IRYRXSDTF,"{""P47662"": 14}"
IRYRXXXXX,"{""P47662"": 4}"
IRYXXXXXX,"{""P47662"": 1}"
IRYXXSDTF,"{""P47662"": 4}"
IRKGDXVVV,"{""P47408"": 5}"
IRKGDXXXX,"{""P47408"": 1}"
IRKDCFYAL,"{""P47282"": 6}"
IRKAVIPAA,"{""P47691"": 1}"
IRKXXXXXX,"{""P47651"": 1}"
IHVFIDSWX,"{""P47618"": 135}"
IHVFIDSWK,"{""P47618"": 6}"
IHNFKSEIF,"{""P47465"": 5}"
IHNFXSEIF,"{""P47465"": 91}"
IHNFXXXXX,"{""P47465"": 18}"
IHLSGSFLX,"{""Q49432"": 586}"
IHLSGSFLK,"{""Q49432"": 29}"
IHLVISVPX,"{""P47627"": 121}"
IHLVISVPK,"{""P47627"": 2}"
IHLGHVRIA,"{""P47618"": 119}"
IHLGHVXIA,"{""P47618"": 26}"
IHLIGLFSN,"{""P47669"": 130}"
IHXIGETHD,"{""P47335"": 498}"
IHXXXXXXX,"{""P47335"": 122}"
IHXVPTXXX,"{""P47527"": 2}"
IHAXAVGPY,"{""P47583"": 6}"
IHARAVGPY,"{""P47583"": 19}"
IHARAVGPX,"{""P47583"": 1}"
IHQSNNTPE,"{""Q49460"": 118}"
IHQYVSXIV,"{""P47479"": 118}"
IHQYVSXXX,"{""P47479"": 18}"
IHQYVSKIV,"{""P47479"": 6}"
IHQXVSXIV,"{""P47479"": 3}"
IHQXVSXXX,"{""P47479"": 2}"
IHDLFAIRL,"{""P47520"": 30}"
IHDLFAIXL,"{""P47520"": 6}"
IHDLILXNL,"{""P47619"": 84}"
IHDLILXXX,"{""P47619"": 23}"
IHDLILKNL,"{""P47619"": 9}"
IHDLIXXXX,"{""P13927"": 88}"
IHDLIXAVD,"{""P13927"": 23}"
IHDGXIIVD,"{""Q9ZB70"": 98}"
IHDGXXXXX,"{""Q9ZB70"": 33}"
IHDGKIIVD,"{""Q9ZB70"": 4}"
IHDQLXXXX,"{""Q49435"": 102}"
IHDQLXXLS,"{""Q49435"": 13}"
IHDQLXKLS,"{""Q49435"": 2}"
IHDQLKXXX,"{""Q49435"": 1}"
IHHIXXXXX,"{""P47638"": 19}"
IHHIXDAXL,"{""P47638"": 78}"
IHHIXDAXX,"{""P47638"": 14}"
IHHIXDAKL,"{""P47638"": 2}"
IHHIKDAXL,"{""P47638"": 5}"
IHHIKDAXX,"{""P47638"": 1}"
IHEDPLILN,"{""P47418"": 97}"
IHESDQSLP,"{""P47283"": 22}"
IHETSRPIL,"{""P47318"": 14}"
IHETSXPIL,"{""P47318"": 7}"
IHEPQLELL,"{""P47540"": 22}"
IHKIGETHD,"{""P47335"": 16}"
IHFVPDLSA,"{""P47357"": 155}"
IHYVPTXXX,"{""P47527"": 87}"
IHYVPTXGR,"{""P47527"": 20}"
IHYVPTXGX,"{""P47527"": 3}"
IHSTATDFX,"{""P47266"": 122}"
IHSTATDFK,"{""P47266"": 6}"
IHPXLFDYF,"{""P47382"": 96}"
IHPXLFDXF,"{""P47382"": 3}"
IHPXXXXXX,"{""P47382"": 18}"
IHPKLFDYF,"{""P47382"": 2}"
IWYENYILT,"{""P47613"": 550}"
IWYENXILT,"{""P47613"": 43}"
IWXENYILT,"{""P47613"": 30}"
IWXENXILT,"{""P47613"": 1}"
IWIGLNQSG,"{""P47315"": 141}"
IWIVNYACA,"{""Q49396"": 91}"
IWIVNYAXA,"{""Q49396"": 8}"
IWIVNXACA,"{""Q49396"": 7}"
IWIEDWFXX,"{""P47285"": 112}"
IWIEDWFKX,"{""P47285"": 5}"
IWGDXQEVD,"{""P47431"": 3}"
IWGDYQEVD,"{""P47431"": 125}"
IWSNDLXXX,"{""P47486"": 17}"
IWSNDLXEL,"{""P47486"": 98}"
IWSNDLKEL,"{""P47486"": 4}"
IWTTVYFNE,"{""Q49428"": 111}"
IWTTVXFNE,"{""Q49428"": 8}"
IWLFFIEQA,"{""P22746"": 4}"
TXXXXXXXX,"{""P47368"": 103, ""P47607"": 125, ""P47582"": 120, ""P47477"": 54, ""P47387"": 19, ""P47610"": 116, ""P47571"": 666, ""P47702"": 34, ""P47404"": 566, ""P47460"": 167, ""Q49421"": 40, ""P47369"": 120, ""P47285"": 40, ""P47514"": 165, ""P47457"": 566, ""P47382"": 160, ""P47580"": 88, ""P58061"": 103, ""P47407"": 510, ""P47479"": 26, ""Q49415"": 43, ""P47304"": 88, ""P47458"": 110, ""P47587"": 173, ""Q49425"": 156, ""P47327"": 73, ""P47419"": 146, ""P47442"": 87, ""P47388"": 97, ""P47394"": 19, ""P47664"": 37, ""Q49434"": 134, ""P47420"": 35, ""P47691"": 78, ""P47468"": 88, ""P47466"": 99, ""P47397"": 25, ""P47604"": 114, ""P47483"": 22, ""Q49404"": 68, ""P47495"": 98, ""P47620"": 24, ""P47321"": 89, ""P47565"": 29, ""P47297"": 60, ""Q9ZB82"": 115, ""P47499"": 40, ""P55750"": 28, ""P47247"": 109, ""P47537"": 84, ""P47277"": 96, ""P47255"": 92, ""P47264"": 220, ""P47319"": 21, ""P47516"": 231, ""P47370"": 116, ""P47642"": 21, ""P47525"": 107, ""Q9ZB74"": 22, ""P47301"": 99, ""P47592"": 93, ""P47421"": 21, ""P47549"": 95, ""P47386"": 38, ""P47508"": 65, ""P47366"": 32, ""Q49401"": 20, ""P47408"": 32, ""P47332"": 24, ""P47512"": 19, ""P47398"": 28, ""P47447"": 101, ""P47371"": 41, ""P47655"": 205, ""Q49407"": 21, ""Q9ZB71"": 83, ""P47579"": 94, ""P47429"": 54, ""Q49429"": 46, ""P47568"": 119, ""P47481"": 87, ""P47656"": 101, ""P47374"": 121, ""P47283"": 85, ""P47653"": 93, ""P47276"": 29, ""P47399"": 26, ""P47433"": 36, ""P47703"": 24, ""P47372"": 51, ""P47534"": 44, ""P47405"": 43, ""P47272"": 29, ""P47687"": 14, ""P47706"": 14, ""P47284"": 28, ""P47335"": 24, ""P47581"": 26, ""P47411"": 56, ""P47393"": 16, ""P47520"": 15, ""P47496"": 85, ""P47636"": 16, ""P47637"": 32, ""P47631"": 35, ""Q49400"": 24, ""P47349"": 21, ""P47379"": 2, ""P47437"": 13, ""P47428"": 21, ""P47641"": 22, ""P47315"": 21, ""P47482"": 17, ""P47439"": 32, ""P47323"": 17, ""Q49399"": 85, ""Q9ZB70"": 14, ""P47530"": 15, ""P47414"": 28, ""Q49423"": 27, ""P47480"": 23, ""P47524"": 19, ""P47585"": 19, ""P47473"": 34, ""P47280"": 17, ""P47250"": 15, ""P56723"": 24, ""P47380"": 18, ""P47662"": 16, ""P47298"": 18, ""P47271"": 2, ""P47409"": 2, ""P47705"": 4}"
TXXXXPHNV,"{""P47404"": 1}"
TXXXLESAN,"{""Q49429"": 8}"
TXXXLAVQR,"{""P47703"": 2}"
TXXXIFFFN,"{""P47592"": 5}"
TXXXGDLFV,"{""P47442"": 3}"
TXXIXLTDL,"{""P47514"": 340}"
TXXIXXXXX,"{""P47514"": 73}"
TXXIANELA,"{""P47297"": 73}"
TXXIKLTDL,"{""P47514"": 16}"
TXXISLNYA,"{""P47508"": 58}"
TXXISLNXA,"{""P47508"": 3}"
TXXINNPSX,"{""P47371"": 71}"
TXXINNPSK,"{""P47371"": 2}"
TXXILNVAI,"{""P47466"": 16}"
TXXTSINLN,"{""P47247"": 6}"
TXXTMCERC,"{""P47587"": 14}"
TXXTMCEXC,"{""P47587"": 4}"
TXXTMCEXX,"{""P47587"": 1}"
TXXTMXERC,"{""P47587"": 2}"
TXXTELVNQ,"{""P47409"": 6}"
TXXLVLNVN,"{""P47655"": 458}"
TXXLVLVTQ,"{""P47481"": 6}"
TXXLVSFTL,"{""P47411"": 86}"
TXXLIDAAG,"{""P47285"": 83}"
TXXLIGNWK,"{""P47670"": 2}"
TXXLIGNWX,"{""P47670"": 1}"
TXXLLQXXT,"{""P47593"": 6}"
TXXLLQXXX,"{""P47593"": 3}"
TXXLAQXXX,"{""P47372"": 63}"
TXXLAQXXN,"{""P47372"": 4}"
TXXLAQXRN,"{""P47372"": 2}"
TXXLAQKRN,"{""P47372"": 1}"
TXXLTTRDX,"{""P47656"": 15}"
TXXLTTXDX,"{""P47656"": 3}"
TXXHXXXXX,"{""P47420"": 78}"
TXXGGISLD,"{""P47664"": 82}"
TXXGQQRQD,"{""P47407"": 75}"
TXXGQQXQD,"{""P47407"": 20}"
TXXGPRXTV,"{""P47421"": 4}"
TXXGVFIPR,"{""Q49404"": 20}"
TXXGVFIPX,"{""Q49404"": 1}"
TXXSNQAXV,"{""P47499"": 74}"
TXXSNQAXX,"{""P47499"": 17}"
TXXSYTIEQ,"{""P47429"": 84}"
TXXSXLXEI,"{""P47325"": 7}"
TXXSXLXXX,"{""P47325"": 1}"
TXXSXTIEQ,"{""P47429"": 2}"
TXXFFVFLS,"{""P47468"": 2}"
TXXFIXPPX,"{""P47379"": 1}"
TXXWVXYHX,"{""P47587"": 56}"
TXXWVXYHK,"{""P47587"": 3}"
TXXWVXXXX,"{""P47587"": 10}"
TXXYLESAN,"{""Q49429"": 67}"
TXXYIXXXX,"{""P47271"": 5}"
TXXQTVVFA,"{""Q49421"": 78}"
TXXQLNELL,"{""P47255"": 25}"
TXXQVSVRC,"{""P47525"": 1}"
TXXRXXXXX,"{""P47404"": 1}"
TXXRXPHNV,"{""P47404"": 2}"
TXXRIFFFN,"{""P47592"": 19}"
TXXPDHFLF,"{""Q49415"": 85}"
TXXPLEVRM,"{""P47404"": 23}"
TXXPLEVXM,"{""P47404"": 4}"
TXXMLTFLK,"{""P47398"": 3}"
TXXMLTFLX,"{""P47398"": 68}"
TXXMQLIFY,"{""P47702"": 61}"
TXXMQLIFX,"{""P47702"": 6}"
TXXDNLVEX,"{""P47380"": 3}"
TXXNLXLPV,"{""Q49421"": 5}"
TXXNLXXXX,"{""Q49421"": 1}"
TXQFNVVDL,"{""P47636"": 100}"
TXQFFQQLI,"{""P47479"": 99}"
TXQEEEEGM,"{""P47516"": 497}"
TXQENEXXX,"{""P47563"": 9}"
TXQLYNNLX,"{""P47637"": 85}"
TXQLXNNLX,"{""P47637"": 4}"
TXQGEYTXL,"{""P47315"": 79}"
TXQGEYTXX,"{""P47315"": 16}"
TXQGEYTKL,"{""P47315"": 3}"
TXQGEXTKL,"{""P47315"": 1}"
TXQGEXTXL,"{""P47315"": 1}"
TXQMQYENN,"{""P47264"": 93}"
TXQMQXENN,"{""P47264"": 5}"
TXQTISEHD,"{""P47537"": 27}"
TXQXAIELY,"{""P47297"": 86}"
TXQXAIELX,"{""P47297"": 1}"
TXQXXXXXX,"{""P47408"": 91, ""P47297"": 16}"
TXQXTRVFX,"{""P47408"": 10}"
TXQXTRVFK,"{""P47408"": 1}"
TXQXTXVFX,"{""P47408"": 3}"
TXQAYLNGI,"{""P47386"": 104}"
TXQAXLNGI,"{""P47386"": 3}"
TXQQVLLGA,"{""P47319"": 105}"
TXQQALNNV,"{""P47651"": 7}"
TXQPSXLXX,"{""P47704"": 11}"
TXQPSXLXR,"{""P47704"": 4}"
TXQPSXXXX,"{""P47704"": 4}"
TXQPSKLXX,"{""P47704"": 2}"
TXQIVLRLA,"{""P47264"": 20}"
TXQIVLXLA,"{""P47264"": 6}"
TXQKAIELY,"{""P47297"": 5}"
TXLFCIDND,"{""P47298"": 112}"
TXLFXFHTN,"{""P47653"": 27}"
TXLFXXXXX,"{""P47653"": 3}"
TXLFXIDND,"{""P47298"": 3}"
TXLFKFHTN,"{""P47653"": 2}"
TXLFQMRTX,"{""P47655"": 3}"
TXLFQMXTX,"{""P47655"": 1}"
TXLESAVSD,"{""P47516"": 450}"
TXLELQNQF,"{""P47394"": 87}"
TXLEXXXXX,"{""P47616"": 16}"
TXLEXXSGI,"{""P47616"": 2}"
TXLEXRSGI,"{""P47616"": 4}"
TXLNINLDS,"{""P47631"": 88}"
TXLNNDFAX,"{""P47460"": 99}"
TXLADLSFX,"{""P47520"": 101}"
TXLADLSFK,"{""P47520"": 1}"
TXLAIARSN,"{""P47571"": 24}"
TXLAIAXSN,"{""P47571"": 1}"
TXLASEVDG,"{""P47494"": 36}"
TXLSAFYXX,"{""Q49423"": 87}"
TXLSAFYXR,"{""Q49423"": 13}"
TXLSAFYKX,"{""Q49423"": 1}"
TXLSAFYKR,"{""Q49423"": 1}"
TXLSAFXXX,"{""Q49423"": 6}"
TXLSYLERL,"{""P47369"": 15}"
TXLSYLEXL,"{""P47369"": 2}"
TXLSXLERL,"{""P47369"": 1}"
TXLXGNGDF,"{""Q49400"": 88}"
TXLXQLFXK,"{""Q9ZB74"": 2}"
TXLXQLFXX,"{""Q9ZB74"": 69}"
TXLXQLFKX,"{""Q9ZB74"": 5}"
TXLXXXXXX,"{""Q49400"": 18, ""Q9ZB74"": 11, ""P47391"": 3, ""P55750"": 13}"
TXLXTNVXX,"{""P55750"": 70}"
TXLXTNVXK,"{""P55750"": 3}"
TXLXTNVKX,"{""P55750"": 4}"
TXLXATVEV,"{""P47391"": 6}"
TXLXSVILQ,"{""P47447"": 1}"
TXLLQGINX,"{""P47632"": 37}"
TXLLQGINK,"{""P47632"": 1}"
TXLQIIQGG,"{""Q49425"": 104}"
TXLKTNVXX,"{""P55750"": 5}"
TXLKQLFXX,"{""Q9ZB74"": 4}"
TXLKQLFXK,"{""Q9ZB74"": 1}"
TXLKQLFKX,"{""Q9ZB74"": 1}"
TXLKGNGDF,"{""Q49400"": 4}"
TXLHNEVID,"{""P47706"": 37}"
TXLGSMPGR,"{""P47481"": 3}"
TXNXXXXXX,"{""P47264"": 74, ""P47565"": 83, ""P56723"": 82, ""P47534"": 1}"
TXNXXVSQQ,"{""P47534"": 3}"
TXNXVLXEL,"{""P47264"": 364}"
TXNXVLXXX,"{""P47264"": 52}"
TXNXVLKEL,"{""P47264"": 15}"
TXNXSDWQI,"{""P56723"": 21}"
TXNXQXLQQ,"{""Q9ZB71"": 1}"
TXNXQXXXX,"{""Q9ZB71"": 1}"
TXNTNNSXH,"{""P47313"": 20}"
TXNTNNSXX,"{""P47313"": 9}"
TXNTDTEIN,"{""P47585"": 130}"
TXNYXXXXX,"{""P47534"": 12}"
TXNYXVSQQ,"{""P47534"": 80}"
TXNYKVSQQ,"{""P47534"": 2}"
TXNYPQNXI,"{""P47500"": 1}"
TXNGFQYSL,"{""P47655"": 110}"
TXNGFQXSL,"{""P47655"": 3}"
TXNLLSNDN,"{""P47486"": 5}"
TXNLSIEEV,"{""P47387"": 109}"
TXNLVAXXX,"{""P47318"": 1}"
TXNLVAXXI,"{""P47318"": 3}"
TXNLVAKXI,"{""P47318"": 1}"
TXNAFSINT,"{""P47482"": 103}"
TXNALXXTI,"{""P47290"": 17}"
TXNALXXXX,"{""P47290"": 10}"
TXNINSNGL,"{""P47477"": 99}"
TXNFXEQVQ,"{""P47280"": 72}"
TXNFXXXXX,"{""P47280"": 24}"
TXNFIRXNW,"{""Q49436"": 3}"
TXNFIXXNW,"{""Q49436"": 1}"
TXNFKEQVQ,"{""P47280"": 4}"
TXNMXXXXX,"{""P47400"": 4}"
TXNKVLXEL,"{""P47264"": 16}"
TXNKVLXXX,"{""P47264"": 2}"
TXNKVLKEL,"{""P47264"": 1}"
TXNKSDWQI,"{""P56723"": 1}"
TXNPISDVI,"{""P47547"": 28}"
TXNRQXXXX,"{""Q9ZB71"": 16}"
TXNRQXLQQ,"{""Q9ZB71"": 2}"
TXNRQKLQQ,"{""Q9ZB71"": 1}"
TXNHSFLVL,"{""P47374"": 5}"
TXNQSIFSF,"{""P47249"": 1}"
TXNVSQFTV,"{""P47315"": 3}"
TXIIATCGP,"{""P47458"": 486}"
TXIIATXGP,"{""P47458"": 32}"
TXIIDIYSN,"{""P47579"": 508}"
TXIIDIXSN,"{""P47579"": 29}"
TXIIXXXXX,"{""P47382"": 356}"
TXIIXSIRS,"{""P47382"": 82}"
TXIIXSIXS,"{""P47382"": 13}"
TXIIKSIRS,"{""P47382"": 4}"
TXIISPDGI,"{""P47400"": 3}"
TXIEIVXGE,"{""P47607"": 95}"
TXIEIVXXX,"{""P47607"": 388}"
TXIEIVKGE,"{""P47607"": 6}"
TXILPGDVV,"{""P47419"": 455}"
TXILYEIRX,"{""Q49399"": 23}"
TXILYEIXX,"{""Q49399"": 3}"
TXILLLXEI,"{""P47661"": 6}"
TXILXEIRX,"{""Q49399"": 1}"
TXIXTDSDF,"{""Q49415"": 26}"
TXIXXXXXX,"{""Q49433"": 4, ""Q49415"": 3, ""P47691"": 1}"
TXIXXAVIP,"{""P47691"": 3}"
TXIASXGVD,"{""P47512"": 52}"
TXIASXXXX,"{""P47512"": 23}"
TXIASKGVD,"{""P47512"": 8}"
TXIAGFDSV,"{""P47687"": 97}"
TXITXXHVE,"{""P47277"": 305}"
TXITXXXXX,"{""P47277"": 173}"
TXITXKHVE,"{""P47277"": 9}"
TXITKXHVE,"{""P47277"": 14}"
TXITKXXXX,"{""P47277"": 4}"
TXITKKHVE,"{""P47277"": 1}"
TXINXHGEI,"{""P47483"": 102}"
TXINXXXXX,"{""P47483"": 14}"
TXINSWHXX,"{""P47284"": 61}"
TXINSWHXA,"{""P47284"": 23}"
TXINSWHKA,"{""P47284"": 1}"
TXINKHGEI,"{""P47483"": 2}"
TXINLXLLX,"{""Q49396"": 8}"
TXINLXXXX,"{""Q49396"": 1}"
TXIVSIXQF,"{""P47433"": 4}"
TXIVSIXXX,"{""P47433"": 2}"
TXIDTLLNL,"{""P47481"": 6}"
TXIDWSELA,"{""P47292"": 10}"
TXIRXXXXX,"{""P47691"": 12}"
TXIRXAVIP,"{""P47691"": 4}"
TXIRKAVIP,"{""P47691"": 1}"
TXIKTDSDF,"{""Q49415"": 2}"
TXSIXXXXX,"{""Q49434"": 478, ""P47587"": 32}"
TXSIXXQLX,"{""P47587"": 64}"
TXSIXXQLK,"{""P47587"": 1}"
TXSIXQIVL,"{""P47435"": 6}"
TXSIXDLFA,"{""P47321"": 4}"
TXSIXKQLX,"{""P47587"": 2}"
TXSIDLDSI,"{""P47285"": 5}"
TXSIRDLFA,"{""P47321"": 13}"
TXSIFGQIV,"{""P47564"": 3}"
TXSIKXQLX,"{""P47587"": 3}"
TXSTFFYHX,"{""P47534"": 88}"
TXSTFFYHK,"{""P47534"": 3}"
TXSTFFXHX,"{""P47534"": 4}"
TXSTMVDVS,"{""P47480"": 108}"
TXSTPERLI,"{""P47604"": 3}"
TXSSLNTLV,"{""P47429"": 125}"
TXSSTSSAN,"{""P47580"": 23}"
TXSNEWSEL,"{""P47653"": 4}"
TXSFNSXXX,"{""Q49429"": 93}"
TXSFNSXXK,"{""Q49429"": 5}"
TXSFNSXKX,"{""Q49429"": 2}"
TXSFNSKXX,"{""Q49429"": 2}"
TXSVSFWLP,"{""P47386"": 97}"
TXSAAVXXX,"{""P47439"": 70}"
TXSAAVXXF,"{""P47439"": 3}"
TXSAAVXRF,"{""P47439"": 9}"
TXSAVXEVA,"{""Q49405"": 8}"
TXSAVXXXX,"{""Q49405"": 1}"
TXSLIESLF,"{""P47582"": 8}"
TXEXEXHES,"{""P47301"": 321}"
TXEXEXXXX,"{""P47301"": 61}"
TXEXEKHES,"{""P47301"": 11}"
TXEXXXXXX,"{""P47301"": 83, ""P47405"": 95}"
TXEGNDLYY,"{""P47639"": 22}"
TXEGNDLYX,"{""P47639"": 2}"
TXEGNDLXY,"{""P47639"": 2}"
TXENXKFDI,"{""Q9ZB70"": 4}"
TXENXXFDI,"{""Q9ZB70"": 61}"
TXENXXXXX,"{""Q9ZB70"": 36}"
TXENKXXXX,"{""Q9ZB70"": 1}"
TXENKXFDI,"{""Q9ZB70"": 3}"
TXEFEQFEI,"{""P47493"": 31}"
TXEVGIYAD,"{""P47583"": 7}"
TXEVGIXAD,"{""P47583"": 1}"
TXEEEQQTV,"{""Q49419"": 10}"
TXEAIYQNL,"{""P47620"": 104}"
TXEAIXQNL,"{""P47620"": 8}"
TXEKEXHES,"{""P47301"": 14}"
TXEKEXXXX,"{""P47301"": 3}"
TXEKXXXXX,"{""P47405"": 1}"
TXELFLXXE,"{""P47619"": 3}"
TXESLPXVF,"{""P47470"": 4}"
TXESLPXXX,"{""P47470"": 1}"
TXESLPKVF,"{""P47470"": 1}"
TXEYNFXXX,"{""P47512"": 3}"
TXEYNFXNX,"{""P47512"": 5}"
TXEYNFKNX,"{""P47512"": 1}"
TXVVYXXXX,"{""P47642"": 79}"
TXVVYXTEI,"{""P47642"": 5}"
TXVVXXXXX,"{""P47642"": 4}"
TXVHEYQYV,"{""P47447"": 441}"
TXVHEYQXV,"{""P47447"": 29}"
TXVHEXQYV,"{""P47447"": 23}"
TXVHEXQXV,"{""P47447"": 2}"
TXVXETAFN,"{""P47369"": 77}"
TXVXEYLIN,"{""P47428"": 1}"
TXVXLAFEI,"{""P47399"": 84}"
TXVXXXXXX,"{""P47272"": 79, ""P47369"": 20, ""P47399"": 8}"
TXVXNLRTG,"{""P47272"": 13}"
TXVXNLXTG,"{""P47272"": 1}"
TXVESXXXX,"{""P47405"": 12}"
TXVESXPLX,"{""P47405"": 97}"
TXVESXPLK,"{""P47405"": 7}"
TXVESKPLX,"{""P47405"": 4}"
TXVETNQVN,"{""P47397"": 98}"
TXVELXQTL,"{""P47433"": 78}"
TXVELXXXX,"{""P47433"": 22}"
TXVELKQTL,"{""P47433"": 8}"
TXVFHSTXX,"{""P47473"": 78}"
TXVFHSTXE,"{""P47473"": 20}"
TXVFHSTKE,"{""P47473"": 1}"
TXVFXXXXX,"{""P47408"": 8}"
TXVILSING,"{""P47508"": 96}"
TXVLTLAVE,"{""P47382"": 107}"
TXVLFINQL,"{""P47581"": 4}"
TXVMVSXNX,"{""P47581"": 72}"
TXVMVSXNK,"{""P47581"": 2}"
TXVMVSXXX,"{""P47581"": 10}"
TXVMVSKNX,"{""P47581"": 4}"
TXVYEXLIN,"{""P47428"": 3}"
TXVYEYLIN,"{""P47428"": 94}"
TXVTXVSLG,"{""P47524"": 71}"
TXVTXXXXX,"{""P47524"": 15}"
TXVTKVSLG,"{""P47524"": 6}"
TXVAIVGGI,"{""P47364"": 5}"
TXVKETAFN,"{""P47369"": 4}"
TXVKLAFEI,"{""P47399"": 3}"
TXVKNLRTG,"{""P47272"": 1}"
TXVNIIXXX,"{""P47476"": 7}"
TXVSCSFSF,"{""P47326"": 2}"
TXDQLDXXX,"{""P47460"": 475}"
TXDQLDXXH,"{""P47460"": 16}"
TXDQLDXKH,"{""P47460"": 2}"
TXDQLDKXX,"{""P47460"": 14}"
TXDQLDKXH,"{""P47460"": 1}"
TXDGFEYKF,"{""P47653"": 23}"
TXDGFEYXF,"{""P47653"": 364}"
TXDGFEYXX,"{""P47653"": 126}"
TXDGFEXXF,"{""P47653"": 14}"
TXDGFEXXX,"{""P47653"": 7}"
TXDGFEXKF,"{""P47653"": 3}"
TXDGMRYEI,"{""P47322"": 2}"
TXDGMXYEI,"{""P47322"": 1}"
TXDFIDXXX,"{""P47374"": 18}"
TXDFIDXLX,"{""P47374"": 75}"
TXDFIDXLK,"{""P47374"": 3}"
TXDFIDKLX,"{""P47374"": 2}"
TXDFSVLXE,"{""P47495"": 4}"
TXDFSVLRE,"{""P47495"": 15}"
TXDIRINDT,"{""P47496"": 30}"
TXDIXINDT,"{""P47496"": 3}"
TXDRGFVXX,"{""P58061"": 21}"
TXDRQGETI,"{""P47327"": 21}"
TXDEIAFLF,"{""P47610"": 92}"
TXDXGFVXX,"{""P58061"": 6}"
TXDXQGETI,"{""P47327"": 6}"
TXFNAXXXX,"{""P47368"": 399}"
TXFNAXXTF,"{""P47368"": 71}"
TXFNAXKTF,"{""P47368"": 3}"
TXFNAKXXX,"{""P47368"": 12}"
TXFNAKXTF,"{""P47368"": 7}"
TXFNWFDTS,"{""P47366"": 99}"
TXFVLNXQQ,"{""P47250"": 22}"
TXFVLNXXX,"{""P47250"": 69}"
TXFVLNKQQ,"{""P47250"": 1}"
TXFFSQLXH,"{""Q49401"": 84}"
TXFFSQLXX,"{""Q49401"": 13}"
TXFFGTFIN,"{""P47703"": 1}"
TXFLXPYFG,"{""P47271"": 6}"
TXFEXEIIE,"{""P47530"": 82}"
TXFEXXXXX,"{""P47530"": 20}"
TXFEKEIIE,"{""P47530"": 6}"
TXFGDNYXI,"{""P47568"": 78}"
TXFGDNYXX,"{""P47568"": 24}"
TXFGDNYKI,"{""P47568"": 3}"
TXFGDNXXI,"{""P47568"": 4}"
TXFGDNXXX,"{""P47568"": 3}"
TXFGDNXKI,"{""P47568"": 1}"
TXFDGRIXT,"{""P47388"": 14}"
TXFDGXIXT,"{""P47388"": 6}"
TXFDGXIXX,"{""P47388"": 2}"
TXFAXXXXX,"{""P47448"": 10}"
TXFAVMXXX,"{""P47359"": 5}"
TXFAVMXIR,"{""P47359"": 2}"
TXRLVLVTQ,"{""P47481"": 24}"
TXRXGDLFV,"{""P47442"": 22}"
TXRXXXXXX,"{""P47442"": 2}"
TXRFFVFLS,"{""P47468"": 11}"
TXRSNXYTV,"{""P47265"": 1}"
TXRSNXXXX,"{""P47265"": 1}"
TXRKGDLFV,"{""P47442"": 2}"
TXTAFKMLV,"{""P47641"": 4}"
TXTAFXMLV,"{""P47641"": 77}"
TXTAFXXXX,"{""P47641"": 21}"
TXTTVICLE,"{""P47477"": 100}"
TXTTVIXLE,"{""P47477"": 6}"
TXTVQLTTE,"{""P47323"": 99}"
TXTIAELLN,"{""P47332"": 105}"
TXTSPNTTP,"{""P47549"": 27}"
TXTFLXQXX,"{""P47437"": 8}"
TXTFLXQXS,"{""P47437"": 58}"
TXTFLXQKS,"{""P47437"": 1}"
TXTFLXXXX,"{""P47437"": 11}"
TXTFLKQXS,"{""P47437"": 3}"
TXTFLKQXX,"{""P47437"": 2}"
TXTFXGXXX,"{""P47677"": 26}"
TXTFXXXXX,"{""P47677"": 8}"
TXTFKGXXX,"{""P47677"": 1}"
TXTLXSYAD,"{""P47313"": 17}"
TXTLXXXXX,"{""P47313"": 2}"
TXTXXLVSF,"{""P47411"": 57}"
TXTXXXXXX,"{""P47411"": 36}"
TXTXKLVSF,"{""P47411"": 5}"
TXTKXLVSF,"{""P47411"": 2}"
TXTKXXXXX,"{""P47411"": 3}"
TXTNAXTRX,"{""P47421"": 1}"
TXPEXXXXX,"{""P47631"": 16}"
TXPEXNVEV,"{""P47631"": 80}"
TXPEKNVEV,"{""P47631"": 4}"
TXPXXXXXX,"{""P47414"": 22}"
TXPXHNLXP,"{""P47414"": 67}"
TXPXHNLXX,"{""P47414"": 13}"
TXPXHNLKP,"{""P47414"": 5}"
TXPQVNTRL,"{""P47610"": 16}"
TXPQVNTXL,"{""P47610"": 5}"
TXPKHNLXP,"{""P47414"": 6}"
TXWXLQXQT,"{""P47433"": 69}"
TXWXLQXXX,"{""P47433"": 16}"
TXWXLQKQT,"{""P47433"": 4}"
TXWXXXXXX,"{""P47433"": 13}"
TXWTXFFSL,"{""P47393"": 79}"
TXWTXXXXX,"{""P47393"": 23}"
TXWTKFFSL,"{""P47393"": 4}"
TXWKLQXQT,"{""P47433"": 5}"
TXWRVCFET,"{""P47493"": 1}"
TXGGNVANL,"{""P47590"": 29}"
TXGYXLXXX,"{""P47276"": 72}"
TXGYXLXND,"{""P47276"": 4}"
TXGYXXXXX,"{""P47276"": 24}"
TXGYKLXXX,"{""P47276"": 1}"
TXGVXEEAA,"{""P47631"": 3}"
TXGVXXXXX,"{""P47631"": 6}"
TXGVLITXA,"{""P47446"": 5}"
TXGXEPITS,"{""P47304"": 11}"
TXGXXLXXX,"{""P47276"": 4}"
TXGXXXXXX,"{""P47276"": 2}"
TXGIVGPTG,"{""P47260"": 6}"
TXGREPITS,"{""P47304"": 21}"
TXAIQEIEN,"{""P47460"": 82}"
TXAXLTXXI,"{""Q49407"": 52}"
TXAXLTXXX,"{""Q49407"": 29}"
TXAXLTXKI,"{""Q49407"": 2}"
TXAXLTKXX,"{""Q49407"": 1}"
TXAXLTKXI,"{""Q49407"": 1}"
TXAXXXXXX,"{""P47706"": 37, ""Q49407"": 15}"
TXAXXNNVA,"{""P47706"": 64}"
TXAXKNNVA,"{""P47706"": 6}"
TXADQEXMS,"{""P47335"": 76}"
TXADQEXXX,"{""P47335"": 15}"
TXADQEKMS,"{""P47335"": 4}"
TXASXXXXX,"{""P47349"": 22}"
TXASXXYFL,"{""P47349"": 62}"
TXASXKYFL,"{""P47349"": 4}"
TXASKXYFL,"{""P47349"": 3}"
TXASKXXFL,"{""P47349"": 1}"
TXALAFLVX,"{""P47525"": 2}"
TXALXSAVS,"{""Q49411"": 2}"
TXALRSAVS,"{""Q49411"": 1}"
TXAKXNNVA,"{""P47706"": 6}"
TXAKLTXXI,"{""Q49407"": 2}"
TXYRXPHNV,"{""P47404"": 80}"
TXYRXXXXX,"{""P47404"": 17}"
TXYRVYEXA,"{""P47317"": 1}"
TXYQVSVRC,"{""P47525"": 23}"
TXYQVSVRX,"{""P47525"": 1}"
TXYQVSVXC,"{""P47525"": 5}"
TXYQGLXXS,"{""P47539"": 4}"
TXYQGLXXX,"{""P47539"": 2}"
TXYQGLXKS,"{""P47539"": 1}"
TXYAPSPTG,"{""P47700"": 4}"
TXYDXFIFL,"{""P47568"": 7}"
TXYDNLVEX,"{""P47380"": 101}"
TXYDNLVEK,"{""P47380"": 3}"
TXYDRFIFL,"{""P47568"": 15}"
TXYXXXXXX,"{""P47703"": 84, ""P47404"": 2}"
TXYXXPHNV,"{""P47404"": 18}"
TXYXLAVQX,"{""P47703"": 2}"
TXYXLAVQR,"{""P47703"": 12}"
TXYXKPHNV,"{""P47404"": 3}"
TXYLIGNWX,"{""P47670"": 18}"
TXYKLAVQR,"{""P47703"": 1}"
TXMEELIXX,"{""P47662"": 92}"
TXMEELIXK,"{""P47662"": 4}"
TXMEELIKX,"{""P47662"": 2}"
TXCGNTVXN,"{""P47619"": 10}"
TXCGNTVXX,"{""P47619"": 3}"
TXCELYGLX,"{""P47330"": 6}"
TXKIXLTDL,"{""P47514"": 11}"
TXKIXXXXX,"{""P47514"": 3}"
TXKINNPSX,"{""P47371"": 5}"
TXKIANELA,"{""P47297"": 2}"
TXKISLNYA,"{""P47508"": 2}"
TXKQTVVFA,"{""Q49421"": 6}"
TXKQLNELL,"{""P47255"": 1}"
TXKPDHFLF,"{""Q49415"": 3}"
TXKPLEVRM,"{""P47404"": 1}"
TXKWVXYHX,"{""P47587"": 2}"
TXKYLESAN,"{""Q49429"": 8}"
TXKLVSFTL,"{""P47411"": 4}"
TXKLVLNVN,"{""P47655"": 21}"
TXKLIDAAG,"{""P47285"": 3}"
TXKLLQXXT,"{""P47593"": 1}"
TXKLTTXDX,"{""P47656"": 1}"
TXKLAQXXX,"{""P47372"": 3}"
TXKGGISLD,"{""P47664"": 8}"
TXKGQQRQD,"{""P47407"": 6}"
TXKSYTIEQ,"{""P47429"": 5}"
TXKSNQAXV,"{""P47499"": 3}"
TXKMLTFLX,"{""P47398"": 5}"
TXKMQLIFY,"{""P47702"": 3}"
TXKHXXXXX,"{""P47420"": 5}"
TXHIFLFRV,"{""P47304"": 7}"
TXHIFLFXV,"{""P47304"": 2}"
TXHAXSITL,"{""P47696"": 3}"
TXHAXXXXX,"{""P47696"": 2}"
TXHNAGFMV,"{""P47329"": 4}"
TVVYNVNHX,"{""P47543"": 571}"
TVVYNVNHK,"{""P47543"": 24}"
TVVXNVNHX,"{""P47543"": 43}"
TVVXPLTFV,"{""P47319"": 90}"
TVVXXXXXX,"{""P47319"": 19}"
TVVNTVPNQ,"{""Q49429"": 129}"
TVVFPLGPN,"{""P47565"": 125}"
TVVKPLTFV,"{""P47319"": 1}"
TVVLRSDFN,"{""P47542"": 2}"
TVVLXSDFN,"{""P47542"": 1}"
TVQMEYNXL,"{""P47319"": 483}"
TVQMEYNXX,"{""P47319"": 90}"
TVQMEYNKL,"{""P47319"": 20}"
TVQMEXNXL,"{""P47319"": 30}"
TVQMEXNXX,"{""P47319"": 3}"
TVQMEXNKL,"{""P47319"": 1}"
TVQLTTEQX,"{""P47323"": 126}"
TVQLTTEQK,"{""P47323"": 5}"
TVQTVPLTN,"{""P47580"": 113}"
TVQIFQCAX,"{""P47485"": 119}"
TVQIFQCAK,"{""P47485"": 3}"
TVQIFQXAX,"{""P47485"": 5}"
TVQVYRIIA,"{""P47264"": 21}"
TVQVYXIIA,"{""P47264"": 7}"
TVNVPXGLX,"{""P47481"": 95}"
TVNVPXGLK,"{""P47481"": 2}"
TVNVPXXXX,"{""P47481"": 21}"
TVNVPLXXX,"{""P47548"": 24}"
TVNVPLXTV,"{""P47548"": 102}"
TVNVPLKTV,"{""P47548"": 4}"
TVNVPKGLX,"{""P47481"": 5}"
TVNTVSLET,"{""P47548"": 117}"
TVNTTNNVI,"{""P47548"": 157}"
TVNSNGNVI,"{""P47695"": 109}"
TVNLSAAVI,"{""P47580"": 130}"
TVITSVTFC,"{""P47631"": 121}"
TVITSVTFX,"{""P47631"": 3}"
TVISSEQLI,"{""P47446"": 106}"
TVIXQINES,"{""P47326"": 114}"
TVIXXXXXX,"{""P47326"": 23}"
TVIXATGME,"{""P47348"": 4}"
TVIGESFFQ,"{""P47342"": 118}"
TVIIXGLXX,"{""P47593"": 23}"
TVIIXGLXD,"{""P47593"": 90}"
TVIIXGLKD,"{""P47593"": 2}"
TVIIXXXXX,"{""P47593"": 21}"
TVIIKGLXD,"{""P47593"": 3}"
TVIIKGLXX,"{""P47593"": 1}"
TVIYATGME,"{""P47348"": 26}"
TVIKQINES,"{""P47326"": 5}"
TVDFXXFSA,"{""P47634"": 407}"
TVDFXXXXX,"{""P47634"": 214}"
TVDFXKFSA,"{""P47634"": 17}"
TVDFDNVSY,"{""P47425"": 28}"
TVDFDNVSX,"{""P47425"": 2}"
TVDFKXFSA,"{""P47634"": 23}"
TVDFKXXXX,"{""P47634"": 1}"
TVDFKKFSA,"{""P47634"": 3}"
TVDLXNFRN,"{""P47335"": 73}"
TVDLXNFXN,"{""P47335"": 23}"
TVDLXXXXX,"{""P47335"": 485}"
TVDLLEXXX,"{""Q49460"": 74}"
TVDLLEXYR,"{""Q49460"": 22}"
TVDLLEXYX,"{""Q49460"": 2}"
TVDLKNFRN,"{""P47335"": 8}"
TVDLKNFXN,"{""P47335"": 3}"
TVDEIINTP,"{""P22747"": 31}"
TVDYRIXXX,"{""P47481"": 16}"
TVDYXIXXX,"{""P47481"": 6}"
TVDIYXNXI,"{""P47465"": 18}"
TVDIYXNXX,"{""P47465"": 72}"
TVDIYXXXX,"{""P47465"": 19}"
TVDIYKNXI,"{""P47465"": 3}"
TVDIYKNXX,"{""P47465"": 2}"
TVDIXXNXI,"{""P47465"": 4}"
TVDIXXNXX,"{""P47465"": 3}"
TVDDMAYGG,"{""P47683"": 124}"
TVDDMAXGG,"{""P47683"": 6}"
TVDDSVTXX,"{""P47317"": 15}"
TVDDSVTXL,"{""P47317"": 102}"
TVDDSVTKL,"{""P47317"": 7}"
TVDXRIXXX,"{""P47481"": 2}"
TVTRIAXXX,"{""P47327"": 5}"
TVTRIAXIN,"{""P47327"": 20}"
TVTRIAKIN,"{""P47327"": 1}"
TVTRATLIE,"{""P47415"": 27}"
TVTNXXXXX,"{""P47346"": 73}"
TVTNXLVFD,"{""P47346"": 20}"
TVTNKLVFD,"{""P47346"": 1}"
TVTVMGHGM,"{""P47295"": 28}"
TVTLTRAQX,"{""P47390"": 27}"
TVTLTXAQX,"{""P47390"": 4}"
TVTXATLIE,"{""P47415"": 7}"
TVTXIAXIN,"{""P47327"": 6}"
TVXXXXXXX,"{""P47314"": 117, ""P47362"": 21, ""P47264"": 78, ""P47445"": 19, ""Q49415"": 104, ""P47349"": 26, ""P47369"": 18, ""P47422"": 16}"
TVXXLWSDL,"{""P47445"": 3}"
TVXXVHYSN,"{""P47350"": 1}"
TVXQNQLVV,"{""P47349"": 108}"
TVXQLLFEN,"{""P47321"": 5}"
TVXSVYEXA,"{""P47362"": 65}"
TVXSVYEXX,"{""P47362"": 18}"
TVXSVYEKA,"{""P47362"": 1}"
TVXSVXEXX,"{""P47362"": 3}"
TVXSVXEXA,"{""P47362"": 2}"
TVXYLWSDL,"{""P47445"": 104}"
TVXYVHYSN,"{""P47350"": 5}"
TVXNRNTII,"{""P47264"": 24}"
TVXNSCCET,"{""Q49413"": 4}"
TVXNSCXET,"{""Q49413"": 2}"
TVXNXNTII,"{""P47264"": 4}"
TVXIPVHMV,"{""P47491"": 10}"
TVXINELVI,"{""P47369"": 107}"
TVXEMGMGS,"{""P47422"": 95}"
TVXVERDDG,"{""P47313"": 5}"
TVXVEXDDG,"{""P47313"": 1}"
TVSSYXXXX,"{""P47685"": 81}"
TVSSYXFGQ,"{""P47685"": 468}"
TVSSYKFGQ,"{""P47685"": 20}"
TVSSXXFGQ,"{""P47685"": 36}"
TVSSXXXXX,"{""P47685"": 5}"
TVSSXKFGQ,"{""P47685"": 1}"
TVGINGRXX,"{""P47668"": 2}"
TVGINGRXG,"{""P47668"": 20}"
TVGINGXXG,"{""P47668"": 11}"
TVGINGXXX,"{""P47668"": 1}"
TVGINGXKG,"{""P47668"": 1}"
TVGMDXXXX,"{""P47563"": 27}"
TVGMDXTNG,"{""P47563"": 101}"
TVGMDKTNG,"{""P47563"": 5}"
TVGVVGGGN,"{""P47348"": 119}"
TVGHDEESQ,"{""P47491"": 107}"
TVGQTIEPG,"{""P47294"": 132}"
TVFIGLSGG,"{""P47537"": 124}"
TVFIPNLIN,"{""P47310"": 655}"
TVFMITHQM,"{""P47426"": 577}"
TVFXQFIDT,"{""P47661"": 24}"
TVFXXXXXX,"{""P47661"": 90}"
TVFGETXQY,"{""P47326"": 87}"
TVFGETXQX,"{""P47326"": 2}"
TVFGETXXX,"{""P47326"": 19}"
TVFGETKQY,"{""P47326"": 3}"
TVFDDYXTI,"{""P47264"": 103}"
TVFDDYXXX,"{""P47264"": 15}"
TVFDDYKTI,"{""P47264"": 3}"
TVFDDXXTI,"{""P47264"": 5}"
TVFDDXXXX,"{""P47264"": 1}"
TVFDDXKTI,"{""P47264"": 1}"
TVEXXXXXX,"{""P47622"": 110}"
TVLPDPVFN,"{""P47334"": 165}"
TVLNISQPL,"{""P47685"": 128}"
TVLELLDXF,"{""P47584"": 119}"
TVLELLDXX,"{""P47584"": 16}"
TVLELLDKF,"{""P47584"": 6}"
TVLLPDQFL,"{""P47441"": 125}"
TVLDFLXPX,"{""P47357"": 93}"
TVLDFLXXX,"{""P47357"": 19}"
TVLDFLKPX,"{""P47357"": 10}"
TVLDRNIAA,"{""P47639"": 3}"
TVLDXNIAA,"{""P47639"": 1}"
TVLVQELIH,"{""P47639"": 119}"
TVLVQVGGV,"{""P47687"": 134}"
TVLQXXXXX,"{""P47668"": 22}"
TVLQXAXXX,"{""P47668"": 84}"
TVLQXAXND,"{""P47668"": 23}"
TVLQXAKND,"{""P47668"": 2}"
TVLQKAXXX,"{""P47668"": 6}"
TVLTVRNIL,"{""P47376"": 8}"
TVLTVXNIL,"{""P47376"": 2}"
TVLIHGLVR,"{""P47576"": 8}"
TVADLGSGN,"{""P47620"": 145}"
TVASLMADA,"{""P47368"": 540}"
TVASETQTX,"{""P47344"": 129}"
TVASETQTK,"{""P47344"": 3}"
TVANXXXXX,"{""P47421"": 138}"
TVANKXXXX,"{""P47421"": 3}"
TVAICERIE,"{""P47620"": 18}"
TVAICEXIE,"{""P47620"": 1}"
TVAAVDLLL,"{""P47359"": 111}"
TVAQTETGR,"{""P47692"": 19}"
TVAQTETGX,"{""P47692"": 10}"
TVYYVHYSN,"{""P47350"": 114}"
TVYYVHXSN,"{""P47350"": 6}"
TVYVERDDG,"{""P47313"": 107}"
TVYVEXDDG,"{""P47313"": 23}"
TVYQLLFEN,"{""P47321"": 100}"
TVYNSXCET,"{""Q49413"": 5}"
TVYNSXXET,"{""Q49413"": 1}"
TVYNSCCET,"{""Q49413"": 114}"
TVYNSCXET,"{""Q49413"": 7}"
TVYXVHYSN,"{""P47350"": 4}"
TVMPSNPYD,"{""P47515"": 121}"
TVMPSNPXD,"{""P47515"": 9}"
TVPXRXLVN,"{""P47458"": 12}"
TVPXRXXXX,"{""P47458"": 4}"
TVPXRKLVN,"{""P47458"": 2}"
TVPXXXXXX,"{""P47458"": 102}"
TVPXXXLVN,"{""P47458"": 3}"
TVPKRXLVN,"{""P47458"": 1}"
TVPKRXXXX,"{""P47458"": 1}"
TVWNECIDI,"{""P47705"": 115}"
TVWNEXIDI,"{""P47705"": 5}"
TVKQNQLVV,"{""P47349"": 10}"
TVKINELVI,"{""P47369"": 8}"
TVKEMGMGS,"{""P47422"": 7}"
TVKSVYEXX,"{""P47362"": 1}"
TVKSVYEXA,"{""P47362"": 3}"
TVKYLWSDL,"{""P47445"": 7}"
TVKNXNTII,"{""P47264"": 2}"
TVKNRNTII,"{""P47264"": 1}"
TVRIPVHMV,"{""P47491"": 15}"
TLLXVTVED,"{""P47249"": 444}"
TLLXXXXXX,"{""Q49419"": 101, ""P47513"": 92, ""P47249"": 134}"
TLLXXAXXX,"{""P47513"": 1}"
TLLXRAXII,"{""P47513"": 14}"
TLLXRAXXX,"{""P47513"": 5}"
TLLXELVQR,"{""Q49419"": 15}"
TLLXELVQX,"{""Q49419"": 7}"
TLLXNDIEL,"{""P47326"": 9}"
TLLNLXMSA,"{""P47435"": 489}"
TLLNLXXXX,"{""P47435"": 145}"
TLLNLKMSA,"{""P47435"": 22}"
TLLFDIVXM,"{""P47284"": 496}"
TLLFDIVXX,"{""P47284"": 103}"
TLLFDIVKM,"{""P47284"": 26}"
TLLSXXXXX,"{""Q49408"": 101}"
TLLSXSXDF,"{""Q49408"": 387}"
TLLSXSXXX,"{""Q49408"": 109}"
TLLSXSKDF,"{""Q49408"": 20}"
TLLSKSXDF,"{""Q49408"": 15}"
TLLSKSXXX,"{""Q49408"": 6}"
TLLSKSKDF,"{""Q49408"": 1}"
TLLLAASQN,"{""P47563"": 630}"
TLLLTFFFR,"{""P47249"": 129}"
TLLLTFFFX,"{""P47249"": 32}"
TLLETQNHT,"{""P47478"": 129}"
TLLDSYLNT,"{""P47699"": 103}"
TLLDSXLNT,"{""P47699"": 4}"
TLLDLLIGL,"{""P47289"": 35}"
TLLAXAVAG,"{""P47695"": 103}"
TLLAXXXXX,"{""P47695"": 30}"
TLLAKAVAG,"{""P47695"": 3}"
TLLALGLDX,"{""P47372"": 7}"
TLLALGLDY,"{""P47372"": 102}"
TLLMPXXXX,"{""P47587"": 19}"
TLLMPXTSF,"{""P47587"": 103}"
TLLMPKTSF,"{""P47587"": 5}"
TLLGPQNFD,"{""P47258"": 31}"
TLLKVTVED,"{""P47249"": 17}"
TLLKXAKII,"{""P47513"": 1}"
TLLKXAXII,"{""P47513"": 1}"
TLLKELVQR,"{""Q49419"": 1}"
TLLRNDIEL,"{""P47326"": 36}"
TLINLXQVS,"{""P47540"": 526}"
TLINLXXXX,"{""P47540"": 111}"
TLINLKQVS,"{""P47540"": 24}"
TLINGYFEX,"{""P47591"": 117}"
TLINGYFEK,"{""P47591"": 7}"
TLINGXFEX,"{""P47591"": 7}"
TLITXXXXX,"{""P47260"": 446}"
TLITXPRIL,"{""P47260"": 96}"
TLITXPXIL,"{""P47260"": 21}"
TLITKPRIL,"{""P47260"": 4}"
TLITKPXIL,"{""P47260"": 1}"
TLIXXXXXX,"{""P47445"": 12, ""P47429"": 21}"
TLIXGEXDG,"{""P47445"": 71}"
TLIXGEXXX,"{""P47445"": 14}"
TLIXGEKDG,"{""P47445"": 3}"
TLIXIYANT,"{""P47429"": 116}"
TLIXIXANT,"{""P47429"": 3}"
TLIPSLXVA,"{""P47669"": 110}"
TLIPSLXXX,"{""P47669"": 17}"
TLIPSLKVA,"{""P47669"": 5}"
TLIFDQVLV,"{""Q49399"": 133}"
TLIHYEEMX,"{""P47453"": 123}"
TLIHYEEMK,"{""P47453"": 5}"
TLIHXEEMX,"{""P47453"": 3}"
TLIEQFQLG,"{""P47492"": 107}"
TLIDFINSG,"{""P47465"": 132}"
TLIKGEXDG,"{""P47445"": 7}"
TLIKIYANT,"{""P47429"": 4}"
TLYLAAILY,"{""P22746"": 563}"
TLYLAAILX,"{""P22746"": 29}"
TLYNESVQA,"{""Q49460"": 112}"
TLYSDMVQN,"{""Q49418"": 99}"
TLYETVLXH,"{""P47492"": 86}"
TLYETVLXX,"{""P47492"": 19}"
TLYETVLKH,"{""P47492"": 4}"
TLVIEXQYF,"{""P47513"": 104}"
TLVIEXQXF,"{""P47513"": 3}"
TLVIEXXXX,"{""P47513"": 20}"
TLVIEKQYF,"{""P47513"": 10}"
TLVLVNDSF,"{""P47428"": 38}"
TLVLFAYLV,"{""Q49399"": 626}"
TLVLFAXLV,"{""Q49399"": 36}"
TLVLWXDXX,"{""Q49409"": 104}"
TLVLWXDXQ,"{""Q49409"": 6}"
TLVLWXXXX,"{""Q49409"": 20}"
TLVLWKDXX,"{""Q49409"": 2}"
TLVLGFFGL,"{""P47435"": 1}"
TLVEDVNFF,"{""P47264"": 102}"
TLVENICXX,"{""P47304"": 122}"
TLVENICKX,"{""P47304"": 2}"
TLVENIXXX,"{""P47304"": 2}"
TLVVXNNXX,"{""P47443"": 65}"
TLVVXNNXA,"{""P47443"": 432}"
TLVVXNNKA,"{""P47443"": 19}"
TLVVXXXXX,"{""P47443"": 108}"
TLVVKNNXA,"{""P47443"": 15}"
TLVVKNNXX,"{""P47443"": 6}"
TLVALSVLF,"{""P47540"": 128}"
TLVDVVXXX,"{""P47340"": 109}"
TLVDVVXXA,"{""P47340"": 4}"
TLVDVVKXX,"{""P47340"": 4}"
TLVXXIXEH,"{""P47584"": 6}"
TLVXXIXXX,"{""P47584"": 1}"
TLVRXIXEH,"{""P47584"": 12}"
TLVRXIXXX,"{""P47584"": 2}"
TLVRXIKEH,"{""P47584"": 1}"
TLVRXXXXX,"{""P47584"": 5}"
TLDXNHTGL,"{""P47481"": 93}"
TLDXXXXXX,"{""P47481"": 25}"
TLDQPLNII,"{""P47443"": 137}"
TLDGFQTXL,"{""P47692"": 111}"
TLDGFQTXX,"{""P47692"": 27}"
TLDGFQTKL,"{""P47692"": 4}"
TLDGYEVIV,"{""P47668"": 114}"
TLDGXEVIV,"{""P47668"": 5}"
TLDIGGDXX,"{""P47668"": 606}"
TLDIGGDXK,"{""P47668"": 1}"
TLDIGGDKX,"{""P47668"": 24}"
TLDNIXALG,"{""P47582"": 105}"
TLDNIXXXX,"{""P47582"": 22}"
TLDNIKALG,"{""P47582"": 5}"
TLDALDXXX,"{""P47497"": 17}"
TLDALDXVL,"{""P47497"": 107}"
TLDALDKVL,"{""P47497"": 6}"
TLDAVYAAV,"{""Q49460"": 43}"
TLDAVXAAV,"{""Q49460"": 2}"
TLDEVGQXX,"{""P47491"": 84}"
TLDEVGQXI,"{""P47491"": 31}"
TLDSQTXDI,"{""P47652"": 6}"
TLDSQTRDI,"{""P47652"": 18}"
TLDKNHTGL,"{""P47481"": 5}"
TLACDLFLX,"{""P47583"": 108}"
TLACDLFLK,"{""P47583"": 4}"
TLAVALXVL,"{""P47317"": 502}"
TLAVALXXX,"{""P47317"": 88}"
TLAVALKVL,"{""P47317"": 26}"
TLAFEQQAF,"{""P47380"": 123}"
TLAFLFLVL,"{""P47651"": 125}"
TLAXTLSVQ,"{""Q49413"": 26}"
TLAXDLFLX,"{""P47583"": 9}"
TLAXXXXXX,"{""Q49413"": 89}"
TLAIDAXDI,"{""P47523"": 105}"
TLAIDAXXX,"{""P47523"": 13}"
TLAIDAKDI,"{""P47523"": 6}"
TLAGQLFNE,"{""P47319"": 132}"
TLALTFPSD,"{""P47480"": 115}"
TLXXXXXXX,"{""P47451"": 543, ""P47665"": 615, ""P47463"": 568, ""P47302"": 91, ""P47313"": 134, ""P47312"": 92, ""P47513"": 29, ""P47368"": 88, ""Q49433"": 135, ""P47326"": 32, ""P47481"": 24, ""P47321"": 2}"
TLXXXYENE,"{""P47321"": 3}"
TLXXXYVAL,"{""P47451"": 1}"
TLXXYYVAL,"{""P47451"": 4}"
TLXXQLXQE,"{""P47326"": 72}"
TLXXQLXXX,"{""P47326"": 17}"
TLXXQLKQE,"{""P47326"": 1}"
TLXXLIFAN,"{""P47463"": 5}"
TLXSYADFA,"{""P47313"": 463}"
TLXSXADFA,"{""P47313"": 25}"
TLXSDMVQN,"{""Q49418"": 2}"
TLXILGAQL,"{""Q49408"": 3}"
TLXVEQASG,"{""Q49433"": 449}"
TLXVVATPI,"{""P47302"": 26}"
TLXVTDRTG,"{""P47250"": 1}"
TLXRLIFAN,"{""P47463"": 25}"
TLXRXYVAL,"{""P47451"": 1}"
TLXRYYVAL,"{""P47451"": 20}"
TLXRYXVAL,"{""P47451"": 1}"
TLXGGYILL,"{""P47312"": 31}"
TLXGGXILL,"{""P47312"": 1}"
TLXGPRGGI,"{""P47634"": 1}"
TLXNXXXXX,"{""P47513"": 78}"
TLXNXGVQI,"{""P47513"": 17}"
TLXNESVQA,"{""Q49460"": 10}"
TLXTXXXXX,"{""P47481"": 75}"
TLXTXXLVL,"{""P47481"": 4}"
TLXTXRLVL,"{""P47481"": 18}"
TLXLAAILY,"{""P22746"": 34}"
TLXLAAILX,"{""P22746"": 1}"
TLXQYLPSD,"{""P47368"": 24}"
TLXKQLXQE,"{""P47326"": 3}"
TLXETVLXH,"{""P47492"": 4}"
TLXHHDATF,"{""Q49423"": 4}"
TLTTLFANX,"{""Q49435"": 123}"
TLTTEVENX,"{""P47580"": 106}"
TLTTEVENK,"{""P47580"": 6}"
TLTDYDYYA,"{""Q49421"": 109}"
TLTDYDYXA,"{""Q49421"": 3}"
TLTDYDXYA,"{""Q49421"": 4}"
TLTDYDXXA,"{""Q49421"": 1}"
TLTDXMINA,"{""P47688"": 91}"
TLTDXXXXX,"{""P47688"": 16}"
TLTDXDYYA,"{""Q49421"": 8}"
TLTDKMINA,"{""P47688"": 5}"
TLTXXXXXX,"{""P47686"": 461}"
TLTXLQFDV,"{""P47686"": 125}"
TLTIGXDAI,"{""P47652"": 112}"
TLTIGXXXX,"{""P47652"": 15}"
TLTIGKDAI,"{""P47652"": 7}"
TLTIVLAAY,"{""P47318"": 114}"
TLTIVLAAX,"{""P47318"": 9}"
TLTKLQFDV,"{""P47686"": 2}"
TLEXSGIEI,"{""Q49405"": 519}"
TLEXXXXXX,"{""Q49405"": 100, ""P47609"": 26}"
TLEXXPFLK,"{""P47651"": 1}"
TLEXLFEQA,"{""P47609"": 98}"
TLEXYPFLX,"{""P47651"": 2}"
TLESVIQSX,"{""P47385"": 625}"
TLESVIQSK,"{""P47385"": 14}"
TLEQXNYQL,"{""P47345"": 75}"
TLEQXNXQL,"{""P47345"": 6}"
TLEQXXXXX,"{""P47345"": 19}"
TLEQKNYQL,"{""P47345"": 2}"
TLEILQFIG,"{""P47325"": 122}"
TLEILFNIF,"{""P35888"": 128}"
TLEESPPYV,"{""P47658"": 110}"
TLEESPPXV,"{""P47658"": 3}"
TLEPALNFR,"{""P47357"": 25}"
TLEPALNFX,"{""P47357"": 1}"
TLEKSGIEI,"{""Q49405"": 20}"
TLEKLFEQA,"{""P47609"": 4}"
TLERYPFLX,"{""P47651"": 21}"
TLERYPFLK,"{""P47651"": 1}"
TLERXPFLX,"{""P47651"": 1}"
TLGXXXXXX,"{""P47350"": 616}"
TLGXAFYSV,"{""P47350"": 2}"
TLGXINVIX,"{""Q49399"": 1}"
TLGEXXXXX,"{""P47491"": 23}"
TLGEXPNST,"{""P47491"": 106}"
TLGEKPNST,"{""P47491"": 2}"
TLGSVISTF,"{""P47651"": 104}"
TLGVLIPDI,"{""P47437"": 139}"
TLGVNQLDE,"{""P47621"": 129}"
TLGIDPXXD,"{""P47623"": 79}"
TLGIDPXXX,"{""P47623"": 49}"
TLGIDPXKD,"{""P47623"": 2}"
TLGIDPKXX,"{""P47623"": 2}"
TLGIDPKXD,"{""P47623"": 4}"
TLGAHQIXI,"{""P47324"": 1}"
TLGAHQIRI,"{""P47324"": 9}"
TLGRINVIR,"{""Q49399"": 3}"
TLGRINVIX,"{""Q49399"": 1}"
TLNSMQXVV,"{""P47694"": 97}"
TLNSMQXXX,"{""P47694"": 19}"
TLNSMQKVV,"{""P47694"": 2}"
TLNYEPXHS,"{""Q49404"": 89}"
TLNYEPXXX,"{""Q49404"": 26}"
TLNYEPKHS,"{""Q49404"": 4}"
TLNIGIVLC,"{""P47362"": 165}"
TLNIGIVLX,"{""P47362"": 8}"
TLNIYVTDF,"{""P47277"": 114}"
TLNIIILEM,"{""P47450"": 118}"
TLNISFDHF,"{""P47267"": 27}"
TLNIXVTDF,"{""P47277"": 5}"
TLNELXXXX,"{""P47353"": 133}"
TLNPVVTDQ,"{""P47640"": 133}"
TLNXETIGT,"{""P47653"": 115}"
TLNXEPXHS,"{""Q49404"": 7}"
TLNXEPXXX,"{""Q49404"": 3}"
TLNXXXXXX,"{""P47653"": 18}"
TLNVARTWL,"{""P47495"": 19}"
TLNVAXTWL,"{""P47495"": 9}"
TLNFIRILP,"{""P47655"": 27}"
TLNFIXILP,"{""P47655"": 8}"
TLNNFIXAL,"{""P47591"": 7}"
TLNNFIRAL,"{""P47591"": 22}"
TLNKETIGT,"{""P47653"": 1}"
TLCHHDATF,"{""Q49423"": 111}"
TLSLLLXXX,"{""P47641"": 561}"
TLSLLLXRP,"{""P47641"": 4}"
TLSLLLKRP,"{""P47641"": 1}"
TLSQVLQLN,"{""P47661"": 112}"
TLSSVGATG,"{""P47596"": 124}"
TLSTIAVIT,"{""P47562"": 579}"
TLSVQLQQI,"{""Q49413"": 46}"
TLSAYFQVD,"{""P47549"": 125}"
TLSAXFQVD,"{""P47549"": 5}"
TLSEVEXSL,"{""P47521"": 32}"
TLSEVEXXX,"{""P47521"": 94}"
TLSEVEKSL,"{""P47521"": 1}"
TLSISINXL,"{""P47316"": 87}"
TLSISINXX,"{""P47316"": 20}"
TLSISINKL,"{""P47316"": 5}"
TLSDFAYLV,"{""P47344"": 8}"
TLWIMMSSS,"{""P47640"": 137}"
TLWXXXXXX,"{""P47549"": 26}"
TLWXXVGSE,"{""P47549"": 67}"
TLWXKVGSE,"{""P47549"": 3}"
TLWKXVGSE,"{""P47549"": 4}"
TLWKXXXXX,"{""P47549"": 1}"
TLMSFNQQA,"{""P47258"": 124}"
TLHENXESD,"{""P47491"": 103}"
TLHENXXXX,"{""P47491"": 24}"
TLHENKESD,"{""P47491"": 3}"
TLHLRLXXT,"{""P47661"": 13}"
TLHLRLXXX,"{""P47661"": 8}"
TLHLXLXXT,"{""P47661"": 9}"
TLFVLDEPS,"{""P47660"": 107}"
TLFIPVLLS,"{""P47544"": 141}"
TLFGAQWAN,"{""P47634"": 125}"
TLFRNLLXX,"{""P47485"": 1}"
TLFRNLLXI,"{""P47485"": 22}"
TLFRNLLKI,"{""P47485"": 1}"
TLFXNLLXX,"{""P47485"": 3}"
TLFXNLLXI,"{""P47485"": 3}"
TLFXNLLKI,"{""P47485"": 1}"
TLPXXXXXX,"{""P47465"": 108}"
TLPXLLYFY,"{""P47465"": 19}"
TLPXLLYFX,"{""P47465"": 3}"
TLPXLLXFY,"{""P47465"": 3}"
TLPXLPIXX,"{""P47416"": 3}"
TLPYLPIXX,"{""P47416"": 104}"
TLPYLPIXV,"{""P47416"": 4}"
TLPINITIG,"{""P47516"": 124}"
TLPKLLYFY,"{""P47465"": 3}"
TLQAIDFQN,"{""P47542"": 134}"
TLQVINXXX,"{""P47637"": 19}"
TLQVINXSX,"{""P47637"": 105}"
TLQVINXSK,"{""P47637"": 4}"
TLQVINKSX,"{""P47637"": 4}"
TLQELIVDL,"{""P47573"": 127}"
TLQTQTNSN,"{""P47460"": 136}"
TLKVEQASG,"{""Q49433"": 20}"
TLKSYADFA,"{""P47313"": 21}"
TLKNXXXXX,"{""P47513"": 5}"
TLKRLIFAN,"{""P47463"": 2}"
TLKXXXXXX,"{""P47665"": 28, ""P47326"": 1}"
TLKXQLXQE,"{""P47326"": 7}"
TLKGGYILL,"{""P47312"": 3}"
TLKTXXLVL,"{""P47481"": 1}"
TLKTXXXXX,"{""P47481"": 1}"
TLRGPRGGI,"{""P47634"": 7}"
TLRGPXGGI,"{""P47634"": 1}"
TLRILGAQL,"{""Q49408"": 31}"
TLRXXYENE,"{""P47321"": 16}"
TLRXXXXXX,"{""P47321"": 9}"
TLRXXXENE,"{""P47321"": 1}"
TLRVTDRTG,"{""P47250"": 4}"
TLRVTDXTG,"{""P47250"": 1}"
TLRKXYENE,"{""P47321"": 1}"
TGYLGITLS,"{""P20796"": 600}"
TGYADYSNF,"{""P47502"": 563}"
TGYADXSNF,"{""P47502"": 32}"
TGYXDLVTN,"{""P22747"": 98}"
TGYXXXXXX,"{""P22747"": 19}"
TGYKDLVTN,"{""P22747"": 7}"
TGYFLETQR,"{""P47341"": 4}"
TGISNAPXX,"{""P20796"": 597}"
TGISNAPXK,"{""P20796"": 20}"
TGISNAPKX,"{""P20796"": 24}"
TGIYWTDSS,"{""P47648"": 606}"
TGIELNQDQ,"{""P22747"": 634}"
TGIXWTDSS,"{""P47648"": 34}"
TGRVNYTAX,"{""P47496"": 111}"
TGRVNYTAK,"{""P47496"": 4}"
TGRVNXTAX,"{""P47496"": 7}"
TGRNNHXGT,"{""P47664"": 101}"
TGRNNHXXX,"{""P47664"": 16}"
TGRNNHKGT,"{""P47664"": 7}"
TGRPNPXIF,"{""P47673"": 77}"
TGRPNPXXX,"{""P47673"": 22}"
TGRPNPKIF,"{""P47673"": 4}"
TGRLLVVTE,"{""P47515"": 23}"
TGRDXYFQA,"{""P47249"": 1}"
TGRDRYFQA,"{""P47249"": 2}"
TGXVMENAY,"{""P47512"": 107}"
TGXVMENAX,"{""P47512"": 6}"
TGXVNYTAX,"{""P47496"": 44}"
TGXVNXTAX,"{""P47496"": 4}"
TGXXXXXXX,"{""P47512"": 492, ""P47404"": 85, ""P47397"": 18, ""Q9ZB71"": 21, ""P22747"": 3}"
TGXXDLVTN,"{""P22747"": 1}"
TGXSXTXXX,"{""Q9ZB71"": 71}"
TGXSXTXNR,"{""Q9ZB71"": 7}"
TGXSXTXNX,"{""Q9ZB71"": 3}"
TGXSXXXXX,"{""Q9ZB71"": 20}"
TGXSKTXNR,"{""Q9ZB71"": 1}"
TGXSKTXXX,"{""Q9ZB71"": 4}"
TGXIXDIXX,"{""P47397"": 13}"
TGXIXDIXL,"{""P47397"": 55}"
TGXIXDIKL,"{""P47397"": 1}"
TGXIXXXXX,"{""P47397"": 10}"
TGXIKDIXL,"{""P47397"": 2}"
TGXMWIRIF,"{""P47404"": 23}"
TGXMWIXIF,"{""P47404"": 2}"
TGXPNPKIF,"{""P47673"": 1}"
TGXPNPXIF,"{""P47673"": 26}"
TGXPNPXXX,"{""P47673"": 6}"
TGXLGITLS,"{""P20796"": 24}"
TGXLLVVTE,"{""P47515"": 2}"
TGXNNHXGT,"{""P47664"": 26}"
TGXNNHXXX,"{""P47664"": 2}"
TGXNNHKGT,"{""P47664"": 3}"
TGXFLETQR,"{""P47341"": 1}"
TGXFLETQX,"{""P47341"": 1}"
TGXADYSNF,"{""P47502"": 31}"
TGXKDLVTN,"{""P22747"": 1}"
TGXDRYFQA,"{""P47249"": 3}"
TGLXIHFVP,"{""P47357"": 489}"
TGLXXXXXX,"{""P47357"": 89}"
TGLXSFGIS,"{""P47681"": 2}"
TGLXYRAVG,"{""P47367"": 1}"
TGLEXYILD,"{""P47549"": 101}"
TGLEXXXXX,"{""P47549"": 25}"
TGLEXXILD,"{""P47549"": 8}"
TGLEKYILD,"{""P47549"": 6}"
TGLPINPXF,"{""P47284"": 10}"
TGLPINPYF,"{""P47284"": 106}"
TGLPTITLD,"{""P47505"": 150}"
TGLDLQGVL,"{""P47502"": 118}"
TGLKIHFVP,"{""P47357"": 28}"
TGLYSFGIS,"{""P47681"": 32}"
TGLRYRAVG,"{""P47367"": 6}"
TGLRYXAVG,"{""P47367"": 2}"
TGLAIFMPG,"{""P47313"": 7}"
TGAILGGCI,"{""P47513"": 125}"
TGAILGGXI,"{""P47513"": 5}"
TGAIVWLEF,"{""P47272"": 638}"
TGAXFARFI,"{""P47293"": 8}"
TGAXFAXFI,"{""P47293"": 1}"
TGANFERSV,"{""P47335"": 8}"
TGANFEXSV,"{""P47335"": 2}"
TGAYFARFI,"{""P47293"": 122}"
TGAYFAXFI,"{""P47293"": 32}"
TGSITSVQA,"{""P47639"": 132}"
TGSTALAXS,"{""P47374"": 508}"
TGSTALAXX,"{""P47374"": 98}"
TGSTALAKS,"{""P47374"": 26}"
TGSSXCDLF,"{""P47484"": 100}"
TGSSXXDLF,"{""P47484"": 6}"
TGSSXXXXX,"{""P47484"": 20}"
TGSSKCDLF,"{""P47484"": 3}"
TGSMSXSER,"{""P47647"": 3}"
TGSMSRSER,"{""P47647"": 3}"
TGSMSRSEX,"{""P47647"": 1}"
TGPVVTTTT,"{""P47250"": 574}"
TGFVIANXX,"{""P47625"": 119}"
TGFVIANKX,"{""P47625"": 3}"
TGFVXXXXX,"{""P47344"": 120}"
TGFLVTIXQ,"{""P47616"": 100}"
TGFLVTIXX,"{""P47616"": 24}"
TGFLVTIKQ,"{""P47616"": 7}"
TGFNGNEIX,"{""P47341"": 136}"
TGFNGNEIK,"{""P47341"": 1}"
TGFNFHSXD,"{""P47613"": 6}"
TGFNFHSYD,"{""P47613"": 129}"
TGFIFVDGA,"{""P47286"": 130}"
TGFTNFIXQ,"{""Q49407"": 115}"
TGFTNFIXX,"{""Q49407"": 21}"
TGFTNFIKQ,"{""Q49407"": 3}"
TGFQELXPS,"{""Q49419"": 121}"
TGFQELXXX,"{""Q49419"": 19}"
TGFQELKPS,"{""Q49419"": 1}"
TGVINALNA,"{""P47321"": 626}"
TGVIXEHTX,"{""P47271"": 88}"
TGVIXEHTK,"{""P47271"": 4}"
TGVIXXXXX,"{""P47271"": 29}"
TGVIKEHTX,"{""P47271"": 4}"
TGVVQXXXX,"{""P47498"": 109}"
TGVVQXPVL,"{""P47498"": 2}"
TGVVQKPVL,"{""P47498"": 1}"
TGVVVMAAT,"{""P47695"": 4}"
TGVGFDAET,"{""P47632"": 124}"
TGVXDGVFI,"{""P47388"": 102}"
TGVXXXXXX,"{""P47388"": 19}"
TGVKDGVFI,"{""P47388"": 6}"
TGHYNELGI,"{""P47551"": 125}"
TGHXNELGI,"{""P47551"": 2}"
TGGSFASGT,"{""P47652"": 627}"
TGGVVPEIA,"{""P47292"": 28}"
TGGHRIQLI,"{""P47395"": 125}"
TGGHXIQLI,"{""P47395"": 36}"
TGTVANIFX,"{""P47580"": 593}"
TGTVANIFK,"{""P47580"": 37}"
TGTLTQNQM,"{""P47317"": 116}"
TGTPPRILX,"{""P47619"": 26}"
TGTPPXILX,"{""P47619"": 7}"
TGTEQIYHA,"{""P47253"": 30}"
TGDNFITPS,"{""P47523"": 120}"
TGDPTEIAL,"{""P47317"": 109}"
TGDPVXXXX,"{""Q49409"": 91}"
TGDPVXINP,"{""Q49409"": 24}"
TGDYMXGMX,"{""P47631"": 4}"
TGDYMRGMX,"{""P47631"": 14}"
TGDYMRGMK,"{""P47631"": 1}"
TGDXMRGMX,"{""P47631"": 3}"
TGDXMXGMX,"{""P47631"": 1}"
TGQYQAFLQ,"{""P47310"": 117}"
TGQXQAFLQ,"{""P47310"": 7}"
TGWTLXNQP,"{""P47655"": 109}"
TGWTLXXXX,"{""P47655"": 17}"
TGWTLKNQP,"{""P47655"": 1}"
TGKVMENAY,"{""P47512"": 4}"
TGKIXDIXL,"{""P47397"": 3}"
TGKIXDIXX,"{""P47397"": 1}"
TGKSXTXXX,"{""Q9ZB71"": 5}"
TGKSXTXNR,"{""Q9ZB71"": 1}"
TGKSXXXXX,"{""Q9ZB71"": 1}"
TGKMWIRIF,"{""P47404"": 2}"
TPPXPPVXX,"{""P20796"": 95}"
TPPXXXXXX,"{""P20796"": 29}"
TPPSXXXXX,"{""P47534"": 116}"
TPPSXXLVN,"{""P47534"": 1}"
TPPSXRLVN,"{""P47534"": 1}"
TPPLIIEDE,"{""P47282"": 28}"
TPPKPPVXX,"{""P20796"": 2}"
TPILWPDSW,"{""P47435"": 151}"
TPISRLQNA,"{""P47591"": 123}"
TPISXLQNA,"{""P47591"": 35}"
TPITDLSXX,"{""P47283"": 23}"
TPITDLSXS,"{""P47283"": 104}"
TPITDLSKS,"{""P47283"": 6}"
TPIDLIVTN,"{""Q49404"": 121}"
TPIPHNGCX,"{""P47422"": 97}"
TPIPHNGCK,"{""P47422"": 3}"
TPIPHNGXX,"{""P47422"": 3}"
TPLIISGPS,"{""P47318"": 591}"
TPLITIEGV,"{""P47283"": 604}"
TPLFENAQL,"{""P47281"": 31}"
TPWGXXXXX,"{""P47400"": 466}"
TPWGXXHMG,"{""P47400"": 29}"
TPWGXRHMG,"{""P47400"": 95}"
TPWGKXHMG,"{""P47400"": 1}"
TPWGKRHMG,"{""P47400"": 2}"
TPFHXITMV,"{""P47382"": 94}"
TPFHXXXXX,"{""P47382"": 25}"
TPFHKITMV,"{""P47382"": 6}"
TPFFEXXXX,"{""P47384"": 94}"
TPFFEXXDQ,"{""P47384"": 3}"
TPFFEXRDQ,"{""P47384"": 19}"
TPFFEKRDQ,"{""P47384"": 1}"
TPFINWIDQ,"{""P47558"": 621}"
TPVGDVMLG,"{""P47641"": 9}"
TPVELLVQI,"{""Q49406"": 122}"
TPVXSXPTS,"{""P47461"": 87}"
TPVXSXXXX,"{""P47461"": 9}"
TPVXSKPTS,"{""P47461"": 6}"
TPVXXXXXX,"{""P47461"": 23}"
TPVNLIETG,"{""P47388"": 122}"
TPVIYRASX,"{""P47587"": 23}"
TPVIYRASK,"{""P47587"": 1}"
TPVIYXASX,"{""P47587"": 5}"
TPVIXRASX,"{""P47587"": 1}"
TPVKSXPTS,"{""P47461"": 6}"
TPVKSXXXX,"{""P47461"": 1}"
TPHSQPIAX,"{""P47271"": 584}"
TPHSQPIAK,"{""P47271"": 38}"
TPCFTXXNI,"{""P47618"": 78}"
TPCFTXXXX,"{""P47618"": 29}"
TPCFTXKNI,"{""P47618"": 3}"
TPCFTKXXX,"{""P47618"": 1}"
TPCFTKXNI,"{""P47618"": 2}"
TPAHILHPQ,"{""P47403"": 635}"
TPAEYVADX,"{""P47431"": 102}"
TPAEYVADK,"{""P47431"": 6}"
TPAEXVADX,"{""P47431"": 9}"
TPASLXXXX,"{""P47343"": 111}"
TPASLXXII,"{""P47343"": 2}"
TPASLXRII,"{""P47343"": 1}"
TPASLKRII,"{""P47343"": 1}"
TPYAEYINN,"{""P47313"": 106}"
TPYAEXINN,"{""P47313"": 10}"
TPYSAGVAA,"{""P47422"": 105}"
TPSLSFELN,"{""P47546"": 106}"
TPSANKHFV,"{""P47549"": 5}"
TPSANXXXX,"{""P47549"": 12}"
TPSANXHFV,"{""P47549"": 90}"
TPQMLPVLX,"{""P47609"": 139}"
TPQMLPVLK,"{""P47609"": 3}"
TPGGVGPFT,"{""P47259"": 135}"
TPGFSGAQL,"{""P47695"": 11}"
TPXXXXXXX,"{""P47700"": 120, ""P20796"": 113, ""Q49427"": 22, ""P47365"": 18, ""P47658"": 15, ""P47319"": 17}"
TPXXLGHCX,"{""P47700"": 2}"
TPXXLGHCR,"{""P47700"": 1}"
TPXXLGHXR,"{""P47700"": 1}"
TPXYLGHCR,"{""P47700"": 11}"
TPXYLGHCX,"{""P47700"": 5}"
TPXYLGHXR,"{""P47700"": 1}"
TPXIGLLNI,"{""Q49427"": 80}"
TPXAEYINN,"{""P47313"": 9}"
TPXNDEVTN,"{""P47658"": 98}"
TPXSNPATY,"{""P47660"": 8}"
TPXSAGVAA,"{""P47422"": 11}"
TPXTVVXPL,"{""P47319"": 74}"
TPXTVVXXX,"{""P47319"": 20}"
TPXTVVKPL,"{""P47319"": 2}"
TPXLVXXXX,"{""P47365"": 15}"
TPXLVXGLI,"{""P47365"": 82}"
TPXLVKGLI,"{""P47365"": 3}"
TPXFTXXXX,"{""P47618"": 4}"
TPXFTXXNI,"{""P47618"": 1}"
TPXFTKXXX,"{""P47618"": 1}"
TPXWNHHGI,"{""P20796"": 2}"
TPDQICMTN,"{""P47588"": 123}"
TPDQIXMTN,"{""P47588"": 8}"
TPTIXXTNS,"{""P47403"": 94}"
TPTIXXXXX,"{""P47403"": 29}"
TPTIXKTNS,"{""P47403"": 5}"
TPTIKXXXX,"{""P47403"": 1}"
TPTIKXTNS,"{""P47403"": 4}"
TPTVNSAAN,"{""P47551"": 125}"
TPTNRADLH,"{""P47437"": 20}"
TPTNXADLH,"{""P47437"": 4}"
TPNXSWTDA,"{""Q49420"": 92}"
TPNXXXXXX,"{""Q49420"": 18}"
TPNKSWTDA,"{""Q49420"": 5}"
TPKTVVXPL,"{""P47319"": 6}"
TPKTVVXXX,"{""P47319"": 1}"
TPKTVVKPL,"{""P47319"": 1}"
TPKLVXGLI,"{""P47365"": 5}"
TPKNDEVTN,"{""P47658"": 5}"
TPKIGLLNI,"{""Q49427"": 9}"
TPRSNPATY,"{""P47660"": 26}"
TEVLTDENS,"{""P47355"": 114}"
TEVSENEIA,"{""P47597"": 137}"
TEVRAXNSD,"{""P47686"": 19}"
TEVRAXXXX,"{""P47686"": 84}"
TEVADAIII,"{""P47437"": 123}"
TEVXAXXXX,"{""P47686"": 26}"
TEVXAXNSD,"{""P47686"": 7}"
TEVXAKNSD,"{""P47686"": 1}"
TEQXTIAIS,"{""P47514"": 29}"
TEQXXXXXX,"{""P47514"": 99}"
TEQKTIAIS,"{""P47514"": 1}"
TEHISXLIX,"{""P47252"": 496}"
TEHISXLIK,"{""P47252"": 17}"
TEHISXXXX,"{""P47252"": 101}"
TEHISKLIX,"{""P47252"": 26}"
TEHISKLIK,"{""P47252"": 1}"
TEHLVANAM,"{""P47328"": 110}"
TEHEXFLCE,"{""P47359"": 6}"
TEHERFLCE,"{""P47359"": 28}"
TEHERFLXE,"{""P47359"": 1}"
TELINILSQ,"{""P47294"": 106}"
TELTDQQAQ,"{""P47297"": 128}"
TELTTTTTT,"{""P47580"": 129}"
TELAXSLAE,"{""P47597"": 99}"
TELAXXXXX,"{""P47597"": 29}"
TELAFPTGH,"{""P47315"": 134}"
TELAKSLAE,"{""P47597"": 5}"
TELVEIEKI,"{""P47246"": 5}"
TELVEIEXI,"{""P47246"": 91}"
TELVEIEXX,"{""P47246"": 16}"
TELVNQLQQ,"{""P47409"": 122}"
TELVXXXXX,"{""P47251"": 28}"
TELVXFCXP,"{""P47251"": 23}"
TELVXFCXX,"{""P47251"": 56}"
TELVXFCKP,"{""P47251"": 2}"
TELVXFXXX,"{""P47251"": 4}"
TELVXFXXP,"{""P47251"": 2}"
TELVKFCXX,"{""P47251"": 4}"
TELXXXXXX,"{""P47288"": 25}"
TELXADIXA,"{""P47288"": 93}"
TELXADIXX,"{""P47288"": 18}"
TELXADIKA,"{""P47288"": 1}"
TELLNNLKE,"{""Q9ZB78"": 6}"
TELLNNLXE,"{""Q9ZB78"": 128}"
TELLNNLXX,"{""Q9ZB78"": 13}"
TELEXXIHH,"{""P47638"": 5}"
TELERXIHH,"{""P47638"": 23}"
TELERXXXX,"{""P47638"": 4}"
TELERKIHH,"{""P47638"": 1}"
TELKADIXX,"{""P47288"": 1}"
TELKADIXA,"{""P47288"": 2}"
TENQLDFLN,"{""P47417"": 624}"
TENSTGSQL,"{""P47314"": 118}"
TENXLXFIN,"{""P47580"": 99}"
TENXLXXXX,"{""P47580"": 23}"
TENXXXXXX,"{""P47580"": 12}"
TENIDXXXX,"{""P47253"": 41}"
TENIDXXSI,"{""P47253"": 78}"
TENIDXKSI,"{""P47253"": 5}"
TENIDKXSI,"{""P47253"": 5}"
TENIDKXXX,"{""P47253"": 1}"
TENKLXFIN,"{""P47580"": 2}"
TEXPXYAFG,"{""P47633"": 83}"
TEXPXXXXX,"{""P47633"": 12}"
TEXPXXAFG,"{""P47633"": 5}"
TEXPKYAFG,"{""P47633"": 1}"
TEXQXXXXX,"{""P47627"": 111}"
TEXQPQQPL,"{""Q57081"": 5}"
TEXVQALFD,"{""P47473"": 111}"
TEXVACLIA,"{""P47694"": 95}"
TEXVAXLIA,"{""P47694"": 3}"
TEXXXXXXX,"{""P47694"": 18, ""Q49428"": 128, ""P47473"": 20, ""P47486"": 18, ""P47627"": 25, ""P47633"": 18, ""P47280"": 27}"
TEXFADMEW,"{""Q49428"": 473}"
TEXNLLFST,"{""P47486"": 94}"
TEXLNELFF,"{""P47256"": 29}"
TEXLLHXIX,"{""P47280"": 76}"
TEXLLHXXX,"{""P47280"": 21}"
TEXLLHKIX,"{""P47280"": 3}"
TEXDIEXXX,"{""P47549"": 1}"
TEXDIEXQX,"{""P47549"": 4}"
TEXDIEKQX,"{""P47549"": 1}"
TEAXXSXXX,"{""P47301"": 103}"
TEAXXSXDX,"{""P47301"": 264}"
TEAXXSXDK,"{""P47301"": 2}"
TEAXXSKDK,"{""P47301"": 1}"
TEAXXSKDX,"{""P47301"": 16}"
TEAXXXXXX,"{""P47301"": 181, ""P47638"": 23}"
TEAXIFTEN,"{""P47638"": 108}"
TEAXKSXDX,"{""P47301"": 23}"
TEAXKSXXX,"{""P47301"": 7}"
TEAVFDHQQ,"{""Q49429"": 131}"
TEAIDFAFD,"{""P47534"": 111}"
TEAKIFTEN,"{""P47638"": 8}"
TEAKXSXDX,"{""P47301"": 18}"
TEAKXSXXX,"{""P47301"": 7}"
TEAKXSKDX,"{""P47301"": 1}"
TEAKXXXXX,"{""P47301"": 2}"
TEWNSVNLL,"{""Q49460"": 34}"
TEWIANFIG,"{""P47288"": 135}"
TEDPVSXXX,"{""Q49409"": 108}"
TEDPVSXTG,"{""Q49409"": 507}"
TEDPVSKTG,"{""Q49409"": 20}"
TEISGLIKT,"{""P47523"": 8}"
TEISGLIXT,"{""P47523"": 86}"
TEISGLIXX,"{""P47523"": 26}"
TEIXXYSXX,"{""P47641"": 79}"
TEIXXYSXK,"{""P47641"": 4}"
TEIXXYSKX,"{""P47641"": 2}"
TEIXXXXXX,"{""P47641"": 47}"
TEIXXXSXX,"{""P47641"": 8}"
TEIXKYSXX,"{""P47641"": 2}"
TEIXKYSXK,"{""P47641"": 1}"
TEIVWNLIA,"{""P47679"": 106}"
TEINLLDEN,"{""P47394"": 151}"
TEIFXDIFV,"{""P47484"": 116}"
TEIFXXXXX,"{""P47484"": 28}"
TEIFKDIFV,"{""P47484"": 5}"
TEIDRSLIS,"{""P47642"": 8}"
TEIDXSLIS,"{""P47642"": 1}"
TEIKXYSKX,"{""P47641"": 1}"
TEIKXXSXX,"{""P47641"": 1}"
TEFLYMSSQ,"{""P47668"": 602}"
TEFLXMSSQ,"{""P47668"": 24}"
TEFVYQNXS,"{""P47505"": 95}"
TEFVYQNXX,"{""P47505"": 18}"
TEFVYQNKS,"{""P47505"": 7}"
TEFVXQNXS,"{""P47505"": 8}"
TEFVXQNXX,"{""P47505"": 2}"
TEFSLSEFI,"{""P47486"": 142}"
TESAVRITH,"{""P47500"": 109}"
TESAVXITH,"{""P47500"": 29}"
TESRLNDFD,"{""P47460"": 28}"
TESXLNDFD,"{""P47460"": 6}"
TETNNDXLE,"{""P56723"": 106}"
TETNNDXXX,"{""P56723"": 27}"
TETNNDKLE,"{""P56723"": 7}"
TETNEGNLP,"{""P20796"": 115}"
TETVTDDVV,"{""P47328"": 133}"
TETVXXXXX,"{""P47249"": 84}"
TETVXAVNR,"{""P47249"": 15}"
TETVXAVNX,"{""P47249"": 2}"
TETVKAVNX,"{""P47249"": 1}"
TETTAFALQ,"{""P47544"": 111}"
TEMTEXTNI,"{""P47310"": 92}"
TEMTEXXXX,"{""P47310"": 21}"
TEMTEKTNI,"{""P47310"": 2}"
TEMSSEPVA,"{""P47597"": 114}"
TEKVACLIA,"{""P47694"": 6}"
TEKVAXLIA,"{""P47694"": 1}"
TEKVQALFD,"{""P47473"": 7}"
TEKFADMEW,"{""Q49428"": 18}"
TEKQXXXXX,"{""P47627"": 6}"
TEKNLLFST,"{""P47486"": 5}"
TEKPXYAFG,"{""P47633"": 3}"
TEKPKYAFG,"{""P47633"": 1}"
TEKLLHXXX,"{""P47280"": 1}"
TERLNELFF,"{""P47256"": 109}"
TERDIEXQX,"{""P47549"": 29}"
TERDIEXXX,"{""P47549"": 8}"
TEPERDEAQ,"{""P47583"": 34}"
TEPEXDEAQ,"{""P47583"": 12}"
TEYQPQQPL,"{""Q57081"": 117}"
TSFEAIPSQ,"{""P47435"": 647}"
TSFEQFLAI,"{""P47429"": 130}"
TSFFLVYRC,"{""P47651"": 114}"
TSFFLVYRX,"{""P47651"": 4}"
TSFFLVYXC,"{""P47651"": 31}"
TSFFLVYXX,"{""P47651"": 2}"
TSFFLVXRC,"{""P47651"": 2}"
TSFFLVXXC,"{""P47651"": 1}"
TSFLDANYF,"{""P47661"": 588}"
TSFLDANXF,"{""P47661"": 32}"
TSFLDHFLV,"{""P47618"": 146}"
TSFLNXIDP,"{""P47544"": 87}"
TSFLNXXXX,"{""P47544"": 25}"
TSFLNKIDP,"{""P47544"": 6}"
TSFDENNVN,"{""P47442"": 109}"
TSFINNALR,"{""P47310"": 106}"
TSFINNALX,"{""P47310"": 29}"
TSFIISHRL,"{""P47261"": 8}"
TSFIISHXL,"{""P47261"": 2}"
TSFXSTLXX,"{""P47321"": 21}"
TSFXSTLXV,"{""P47321"": 71}"
TSFXSTLKV,"{""P47321"": 1}"
TSFXXXXXX,"{""P47321"": 22}"
TSFXFIIXF,"{""Q49402"": 1}"
TSFXFIIRF,"{""Q49402"": 1}"
TSFAADXNX,"{""P47530"": 89}"
TSFAADXNK,"{""P47530"": 2}"
TSFAADXXX,"{""P47530"": 18}"
TSFAADKNX,"{""P47530"": 5}"
TSFAMQANL,"{""P47587"": 124}"
TSFRFIIXF,"{""Q49402"": 3}"
TSFRFIIRF,"{""Q49402"": 4}"
TSFKSTLXV,"{""P47321"": 2}"
TSTPLVEPX,"{""P47514"": 128}"
TSTPLVEPK,"{""P47514"": 7}"
TSTNLIDYL,"{""P47693"": 128}"
TSTNLIDXL,"{""P47693"": 9}"
TSTGFSFRG,"{""P47296"": 29}"
TSTGFSFXG,"{""P47296"": 3}"
TSLNEFINI,"{""P47250"": 607}"
TSLDYNQME,"{""P47619"": 128}"
TSLDXNQME,"{""P47619"": 4}"
TSLAEAEIE,"{""P47587"": 640}"
TSLXIFALQ,"{""P47618"": 117}"
TSLXXXXXX,"{""P47618"": 18}"
TSLLQYLXD,"{""P47506"": 97}"
TSLLQYLXX,"{""P47506"": 16}"
TSLLQYLKD,"{""P47506"": 4}"
TSLLQXLXD,"{""P47506"": 8}"
TSLLQXLXX,"{""P47506"": 2}"
TSLLDTIXX,"{""P47388"": 8}"
TSLLDTIRX,"{""P47388"": 24}"
TSLLRTHCT,"{""P47436"": 19}"
TSLLRTHXT,"{""P47436"": 1}"
TSLLXTHXT,"{""P47436"": 1}"
TSLLXTHCT,"{""P47436"": 9}"
TSLLSLISA,"{""Q9ZB70"": 23}"
TSLQELSEQ,"{""P47250"": 623}"
TSLTFANLQ,"{""P47525"": 39}"
TSLTHSSXS,"{""P47382"": 101}"
TSLTHSSXX,"{""P47382"": 15}"
TSLTHSSKS,"{""P47382"": 3}"
TSLTRQENL,"{""Q49416"": 23}"
TSLTXQENL,"{""Q49416"": 3}"
TSLVNAPLA,"{""Q49409"": 19}"
TSLPFSSSY,"{""Q57081"": 7}"
TSLKIFALQ,"{""P47618"": 4}"
TSAIYXIIX,"{""P47651"": 91}"
TSAIYXIIK,"{""P47651"": 7}"
TSAIYXXXX,"{""P47651"": 17}"
TSAIYKIIX,"{""P47651"": 5}"
TSAIXXIIX,"{""P47651"": 8}"
TSAIXXXXX,"{""P47651"": 2}"
TSAIXKIIX,"{""P47651"": 1}"
TSAXXXXXX,"{""P47388"": 93}"
TSAXHQLXN,"{""P47388"": 6}"
TSAXHQLRN,"{""P47388"": 18}"
TSATPGXTQ,"{""P47577"": 3}"
TSATPGRTQ,"{""P47577"": 22}"
TSNFEGVDE,"{""P36263"": 118}"
TSNFFTXNG,"{""Q49400"": 104}"
TSNFFTXXX,"{""Q49400"": 21}"
TSNFFTKNG,"{""Q49400"": 3}"
TSNPXNVDW,"{""Q49407"": 500}"
TSNPXXXXX,"{""Q49407"": 92}"
TSNPKNVDW,"{""Q49407"": 24}"
TSNLTSDLX,"{""P47573"": 132}"
TSNLTSDLK,"{""P47573"": 4}"
TSNYSSYNF,"{""P47551"": 119}"
TSNYSSXNF,"{""P47551"": 6}"
TSNTSXXXX,"{""P47595"": 81}"
TSNTSXPLS,"{""P47595"": 26}"
TSNTSKPLS,"{""P47595"": 1}"
TSNNSELSI,"{""P47609"": 126}"
TSNVRLVII,"{""P47340"": 21}"
TSNVXLVII,"{""P47340"": 7}"
TSNXSSYNF,"{""P47551"": 2}"
TSVNNXNIY,"{""P47253"": 426}"
TSVNNXNIX,"{""P47253"": 19}"
TSVNNXXXX,"{""P47253"": 136}"
TSVNNKNIY,"{""P47253"": 15}"
TSVGMVFQX,"{""P47650"": 597}"
TSVGMVFQK,"{""P47650"": 9}"
TSVGYLNSR,"{""P47648"": 5}"
TSVFIALLV,"{""Q49433"": 160}"
TSVFDFYQY,"{""P47693"": 100}"
TSVFDFYQX,"{""P47693"": 8}"
TSVFDFXQY,"{""P47693"": 6}"
TSVSESVHN,"{""P47364"": 109}"
TSYLXXXXX,"{""P47461"": 173}"
TSYLXXIPI,"{""P47461"": 383}"
TSYLXKIPI,"{""P47461"": 26}"
TSYLKXXXX,"{""P47461"": 7}"
TSYLKXIPI,"{""P47461"": 23}"
TSYSQVQNN,"{""P47261"": 114}"
TSXXXXXXX,"{""P47436"": 585, ""P47635"": 461, ""Q49420"": 107, ""P47423"": 19, ""P47661"": 23, ""P35888"": 20, ""P47606"": 14}"
TSXXTNNPD,"{""P47436"": 23}"
TSXXESEXN,"{""P47635"": 12}"
TSXXESEXX,"{""P47635"": 3}"
TSXSQVQNN,"{""P47261"": 9}"
TSXQXLTDH,"{""P47423"": 89}"
TSXQXXXXX,"{""P47423"": 16}"
TSXQNLINT,"{""P35888"": 106}"
TSXQKLTDH,"{""P47423"": 2}"
TSXLXXXXX,"{""P47461"": 11}"
TSXLXXIPI,"{""P47461"": 15}"
TSXLXKIPI,"{""P47461"": 1}"
TSXLKXIPI,"{""P47461"": 4}"
TSXNSFSLS,"{""P47606"": 111}"
TSXNGFSNP,"{""P47444"": 6}"
TSXVINQFF,"{""P47661"": 87}"
TSXRESEXX,"{""P47635"": 16}"
TSXRESEXN,"{""P47635"": 78}"
TSXRESEKN,"{""P47635"": 3}"
TSXTIVXFI,"{""P47368"": 2}"
TSXKTNNPD,"{""P47436"": 1}"
TSQVLVGWX,"{""P47353"": 137}"
TSQVLVGWK,"{""P47353"": 4}"
TSQNXIXNL,"{""P47699"": 83}"
TSQNXIXXX,"{""P47699"": 24}"
TSQNXIKNL,"{""P47699"": 2}"
TSQNXXXXX,"{""P47699"": 22}"
TSQNKIXNL,"{""P47699"": 6}"
TSQNKIXXX,"{""P47699"": 2}"
TSQLQXIYE,"{""P47460"": 103}"
TSQLQXIXE,"{""P47460"": 4}"
TSQLQXXXX,"{""P47460"": 16}"
TSQLQKIYE,"{""P47460"": 7}"
TSMGSVFYQ,"{""P47494"": 131}"
TSMGSVFXQ,"{""P47494"": 5}"
TSMLTXEEA,"{""P47657"": 89}"
TSMLTXXXX,"{""P47657"": 20}"
TSMLTKEEA,"{""P47657"": 3}"
TSEIEFHLX,"{""P47283"": 621}"
TSEIEFHLK,"{""P47283"": 18}"
TSEIIESAV,"{""P47331"": 133}"
TSEMLFPFP,"{""P47360"": 135}"
TSEXXXXXX,"{""P47445"": 25}"
TSEXELFIV,"{""P47445"": 101}"
TSEKELFIV,"{""P47445"": 7}"
TSHVACEVF,"{""P47293"": 97}"
TSHVAXEVF,"{""P47293"": 4}"
TSHAAIMAR,"{""P47668"": 18}"
TSHAAIMAX,"{""P47668"": 5}"
TSSGALWLD,"{""P47693"": 127}"
TSSIYLPGH,"{""P47350"": 99}"
TSSIXLPGH,"{""P47350"": 5}"
TSSNYSLLS,"{""Q49409"": 139}"
TSSNXSLLS,"{""Q49409"": 6}"
TSSRGQXGQ,"{""P47415"": 15}"
TSSRGQXXX,"{""P47415"": 9}"
TSSRGQKGQ,"{""P47415"": 1}"
TSSXGQXGQ,"{""P47415"": 7}"
TSSXGQXXX,"{""P47415"": 1}"
TSSDAELNA,"{""P47580"": 5}"
TSWNXXXVQ,"{""P47484"": 61}"
TSWNXXXXX,"{""P47484"": 52}"
TSWNXXKVQ,"{""P47484"": 3}"
TSWNXKXVQ,"{""P47484"": 4}"
TSWNKXXVQ,"{""P47484"": 3}"
TSGYXVQAC,"{""P47259"": 100}"
TSGYXVQAX,"{""P47259"": 7}"
TSGYXXXXX,"{""P47259"": 16}"
TSGYKVQAC,"{""P47259"": 2}"
TSGNFPLWL,"{""P47615"": 124}"
TSGRDMINX,"{""P47657"": 27}"
TSGXXVQAC,"{""P47259"": 3}"
TSGXXXXXX,"{""P47259"": 1}"
TSGXDMINX,"{""P47657"": 1}"
TSIRAQELS,"{""P47701"": 20}"
TSIXXXXXX,"{""P47282"": 23}"
TSIXXDEXN,"{""P47282"": 3}"
TSIXXDEXX,"{""P47282"": 2}"
TSIXCDEXN,"{""P47282"": 84}"
TSIXCDEXX,"{""P47282"": 17}"
TSIXCDEKN,"{""P47282"": 4}"
TSIXAQELS,"{""P47701"": 7}"
TSIEEMVNR,"{""P47484"": 20}"
TSIEEMVNX,"{""P47484"": 9}"
TSIKCDEXN,"{""P47282"": 1}"
TSINLNTIN,"{""P47247"": 6}"
TSDLAIFDL,"{""P47539"": 118}"
TSDPSLLRS,"{""P47483"": 8}"
TSDPSLLXS,"{""P47483"": 2}"
TSKXXXXXX,"{""P47436"": 20}"
TSKVINQFF,"{""P47661"": 11}"
TSKRESEXN,"{""P47635"": 3}"
TSKQXLTDH,"{""P47423"": 7}"
TSKQNLINT,"{""P35888"": 4}"
TSKNSFSLS,"{""P47606"": 3}"
TSKKTNNPD,"{""P47436"": 1}"
TSPNTTPAT,"{""P47549"": 27}"
TSPFILRRT,"{""P47264"": 10}"
TSPFILXRT,"{""P47264"": 1}"
TSRNGFSNP,"{""P47444"": 23}"
TSRTIVXFI,"{""P47368"": 2}"
TSRTIVRFI,"{""P47368"": 4}"
THCTATTLX,"{""P47436"": 567}"
THCTATTLK,"{""P47436"": 5}"
THESLTGXX,"{""P47277"": 118}"
THESLTGXK,"{""P47277"": 6}"
THESLTGKX,"{""P47277"": 1}"
THELNNAFL,"{""P47460"": 159}"
THNFNQXXX,"{""P47635"": 101}"
THNFNQXSQ,"{""P47635"": 502}"
THNFNQKSQ,"{""P47635"": 29}"
THYPLXYNL,"{""P47544"": 428}"
THYPLXXNL,"{""P47544"": 17}"
THYPLXXXX,"{""P47544"": 126}"
THYPLKYNL,"{""P47544"": 12}"
THYPLKXNL,"{""P47544"": 2}"
THYFXHXFX,"{""P47483"": 379}"
THYFXHXFK,"{""P47483"": 19}"
THYFXHXXX,"{""P47483"": 73}"
THYFXHKFX,"{""P47483"": 14}"
THYFXXXXX,"{""P47483"": 105}"
THYFKHXFX,"{""P47483"": 19}"
THYFKHXFK,"{""P47483"": 2}"
THYFKHXXX,"{""P47483"": 3}"
THYFKHKFX,"{""P47483"": 1}"
THYNALXXX,"{""P47382"": 87}"
THYNALXAD,"{""P47382"": 29}"
THYNALKAD,"{""P47382"": 1}"
THXXXXXXX,"{""P47325"": 18, ""P47635"": 88}"
THXAATWLL,"{""P47325"": 123}"
THXTATTLX,"{""P47436"": 30}"
THXPLXXXX,"{""P47544"": 13}"
THXPLXXNL,"{""P47544"": 2}"
THXPLXYNL,"{""P47544"": 19}"
THXPLKYNL,"{""P47544"": 1}"
THXDNIGMS,"{""P47635"": 21}"
THXFXHXFX,"{""P47483"": 25}"
THXFXHXFK,"{""P47483"": 1}"
THXFXHXXX,"{""P47483"": 3}"
THXFXHKFX,"{""P47483"": 1}"
THXFXXXXX,"{""P47483"": 8}"
THXFKHXFX,"{""P47483"": 1}"
THXNALXXX,"{""P47382"": 3}"
THXNALXAD,"{""P47382"": 1}"
THQIRACLN,"{""P47610"": 106}"
THQIRAXLN,"{""P47610"": 4}"
THQIRVHLX,"{""P47451"": 100}"
THQIRVHLK,"{""P47451"": 3}"
THQIXACLN,"{""P47610"": 28}"
THQIXVHLX,"{""P47451"": 40}"
THQIXVHLK,"{""P47451"": 1}"
THSVMXXXX,"{""P47641"": 548}"
THSVMXTPV,"{""P47641"": 23}"
THIXGFNPE,"{""P47525"": 90}"
THIXXXXXX,"{""P47525"": 26}"
THIKGFNPE,"{""P47525"": 2}"
THLLQAIGN,"{""P35888"": 106}"
THLDLANQP,"{""P47478"": 32}"
THHNLALVH,"{""P47577"": 144}"
THHTTIIXQ,"{""P47448"": 101}"
THHTTIIXX,"{""P47448"": 18}"
THHTTIIKQ,"{""P47448"": 8}"
THGSADXXX,"{""Q49427"": 92}"
THGSADXQQ,"{""Q49427"": 25}"
THGSADKQQ,"{""Q49427"": 1}"
THGFMARMA,"{""P47704"": 1}"
THGNDEIFI,"{""P47250"": 1}"
THKAATWLL,"{""P47325"": 8}"
THKDNIGMS,"{""P47635"": 1}"
TMVQPTTTN,"{""P47437"": 631}"
TMVHFFIPV,"{""P47509"": 28}"
TMVFGDADN,"{""P47507"": 122}"
TMQXXINAQ,"{""P47294"": 428}"
TMQXXXXXX,"{""P47294"": 171}"
TMQXKINAQ,"{""P47294"": 24}"
TMQKXXXXX,"{""P47294"": 5}"
TMQKXINAQ,"{""P47294"": 18}"
TMGHXXEXA,"{""P47402"": 305}"
TMGHXXEXX,"{""P47402"": 57}"
TMGHXXEKA,"{""P47402"": 26}"
TMGHXXXXX,"{""P47402"": 172}"
TMGHXKEXA,"{""P47402"": 17}"
TMGHXKEXX,"{""P47402"": 4}"
TMGHKXEXA,"{""P47402"": 14}"
TMGHKXEXX,"{""P47402"": 3}"
TMGHKXXXX,"{""P47402"": 8}"
TMGCFDFFE,"{""Q49405"": 115}"
TMGXFDFFE,"{""Q49405"": 8}"
TMHDENGNS,"{""P47388"": 662}"
TMLLMCWNL,"{""Q49406"": 576}"
TMLLMXWNL,"{""Q49406"": 31}"
TMLADGTSV,"{""P47307"": 126}"
TMLNDXXXX,"{""P47394"": 21}"
TMLNDXEQA,"{""P47394"": 94}"
TMLNDKEQA,"{""P47394"": 4}"
TMLVGLDIY,"{""P47294"": 32}"
TMLVGLDIX,"{""P47294"": 2}"
TMLERVANE,"{""P47334"": 29}"
TMLEXVANE,"{""P47334"": 4}"
TMLQXXXXX,"{""P47318"": 21}"
TMLQXIAQD,"{""P47318"": 112}"
TMLQKIAQD,"{""P47318"": 5}"
TMPLNSSDL,"{""P56723"": 134}"
TMPXXXXXX,"{""P47380"": 109}"
TMYAALLVP,"{""P47438"": 104}"
TMIETLNFE,"{""P47658"": 127}"
TMIREHNTI,"{""P47369"": 21}"
TMIXEHNTI,"{""P47369"": 7}"
TMSFSVNSD,"{""Q49400"": 118}"
TMMVMRDLG,"{""P47660"": 17}"
TMMVMXDLG,"{""P47660"": 8}"
TMRXQIXXX,"{""P22747"": 1}"
TMRXQIYXX,"{""P22747"": 21}"
TMRXXXXXX,"{""P22747"": 3}"
TMXEXCWNF,"{""P47587"": 2}"
TMXERCWNF,"{""P47587"": 1}"
TMXXQIYXX,"{""P22747"": 2}"
TMXXQIYXK,"{""P22747"": 3}"
TMXAALLVP,"{""P47438"": 4}"
TMXKQIYXX,"{""P22747"": 1}"
TMCERCWNF,"{""P47587"": 18}"
TMCEXCWNF,"{""P47587"": 7}"
TMCEXXWNF,"{""P47587"": 1}"
TFEGGSHEN,"{""P47445"": 42}"
TFEXLFNEL,"{""P47512"": 102}"
TFEXXXXXX,"{""P47512"": 30}"
TFEINNQVS,"{""P47436"": 135}"
TFESLQDXE,"{""P47649"": 101}"
TFESLQDXX,"{""P47649"": 24}"
TFESLQDKE,"{""P47649"": 2}"
TFEKLFNEL,"{""P47512"": 2}"
TFVTVLTIX,"{""P47319"": 610}"
TFVTVLTIK,"{""P47319"": 15}"
TFVAXXPNP,"{""P47604"": 80}"
TFVAXXXXX,"{""P47604"": 29}"
TFVAXKPNP,"{""P47604"": 5}"
TFVAKXXXX,"{""P47604"": 1}"
TFVAKXPNP,"{""P47604"": 2}"
TFVDINAQA,"{""P47267"": 130}"
TFLVGXXPX,"{""P47566"": 369}"
TFLVGXXPK,"{""P47566"": 20}"
TFLVGXXXX,"{""P47566"": 178}"
TFLVGXKPX,"{""P47566"": 18}"
TFLVGXKPK,"{""P47566"": 2}"
TFLVGKXPK,"{""P47566"": 2}"
TFLVGKXPX,"{""P47566"": 20}"
TFLVGKXXX,"{""P47566"": 4}"
TFLAXXXXX,"{""P47369"": 37}"
TFLAXXQXQ,"{""P47369"": 74}"
TFLAXXQXX,"{""P47369"": 15}"
TFLAXXQKQ,"{""P47369"": 1}"
TFLAXKQKQ,"{""P47369"": 1}"
TFLAXKQXQ,"{""P47369"": 4}"
TFLAFTTVN,"{""P47431"": 133}"
TFLAINNQL,"{""P47496"": 115}"
TFLAKXQXQ,"{""P47369"": 3}"
TFLAKXQKQ,"{""P47369"": 1}"
TFLAKXXXX,"{""P47369"": 1}"
TFLAKKQXX,"{""P47369"": 1}"
TFLCDMQIN,"{""P47247"": 576}"
TFLMLTMLD,"{""P47693"": 129}"
TFLEIEXVC,"{""P47394"": 104}"
TFLEIEXVX,"{""P47394"": 8}"
TFLEIEXXX,"{""P47394"": 25}"
TFLEIEKVX,"{""P47394"": 1}"
TFLEIEKVC,"{""P47394"": 9}"
TFLXQXSSV,"{""P47437"": 81}"
TFLXQXXXX,"{""P47437"": 18}"
TFLXQKSSV,"{""P47437"": 5}"
TFLXDMQIN,"{""P47247"": 23}"
TFLXXXXXX,"{""P47437"": 15}"
TFLTCXXVL,"{""P47317"": 5}"
TFLTCXXXX,"{""P47317"": 102}"
TFLTCXRVL,"{""P47317"": 18}"
TFLTCKRVL,"{""P47317"": 1}"
TFLTXXXXX,"{""P47317"": 5}"
TFLTXXXVL,"{""P47317"": 1}"
TFLTXKRVL,"{""P47317"": 1}"
TFLNTFFSE,"{""Q49428"": 122}"
TFLSFIPLF,"{""P47690"": 112}"
TFLKQXSSV,"{""P47437"": 2}"
TFLKQXXXX,"{""P47437"": 1}"
TFGMIXXYL,"{""P47267"": 418}"
TFGMIXXXX,"{""P47267"": 167}"
TFGMIXXXL,"{""P47267"": 19}"
TFGMIXKXL,"{""P47267"": 2}"
TFGMIXKYL,"{""P47267"": 22}"
TFGMIKXYL,"{""P47267"": 9}"
TFGMIKXXX,"{""P47267"": 3}"
TFGMIKXXL,"{""P47267"": 1}"
TFGVINFEY,"{""P47326"": 102}"
TFGVINFEX,"{""P47326"": 7}"
TFALHGDXX,"{""P47664"": 612}"
TFALHGDKX,"{""P47664"": 17}"
TFALHGDKK,"{""P47664"": 1}"
TFANTTPTF,"{""P47315"": 118}"
TFANALNDA,"{""P47324"": 160}"
TFAVELENA,"{""P47540"": 114}"
TFAYLLPLL,"{""P52271"": 114}"
TFAXLLPLL,"{""P52271"": 3}"
TFFHITLPY,"{""P47290"": 113}"
TFFHITLPX,"{""P47290"": 7}"
TFFSPXXXX,"{""P47591"": 464}"
TFFSPXXSE,"{""P47591"": 26}"
TFFSPXRSE,"{""P47591"": 107}"
TFFSPKRSE,"{""P47591"": 5}"
TFFSPKXSE,"{""P47591"": 3}"
TFFQFALDL,"{""P47655"": 135}"
TFFNWLFFN,"{""P47652"": 120}"
TFFGTVDEA,"{""Q49419"": 119}"
TFFIDSEEC,"{""P47661"": 159}"
TFFIDSEEX,"{""P47661"": 9}"
TFSDPETGQ,"{""P47335"": 35}"
TFSFLAXXX,"{""Q49406"": 19}"
TFSFLAXIK,"{""Q49406"": 4}"
TFSFLAXIX,"{""Q49406"": 96}"
TFSFLAKIX,"{""Q49406"": 6}"
TFSLLINSF,"{""P47530"": 131}"
TFSLLIXGF,"{""P47342"": 136}"
TFSLLIXXX,"{""P47342"": 483}"
TFSLLIKGF,"{""P47342"": 6}"
TFSEILXYD,"{""P47607"": 430}"
TFSEILXXX,"{""P47607"": 148}"
TFSEILXXD,"{""P47607"": 28}"
TFSEILKYD,"{""P47607"": 18}"
TFSEILKXD,"{""P47607"": 1}"
TFSSFLTNP,"{""P47310"": 132}"
TFSXQHXXX,"{""P47661"": 16}"
TFSXQHXNA,"{""P47661"": 93}"
TFSXQHKNA,"{""P47661"": 7}"
TFSXXXXXX,"{""P47661"": 15}"
TFSKQHXNA,"{""P47661"": 2}"
TFSKQHXXX,"{""P47661"": 1}"
TFSGFISAI,"{""P47350"": 28}"
TFINVYVTD,"{""P47401"": 99}"
TFINVXVTD,"{""P47401"": 2}"
TFILISSSC,"{""P47373"": 116}"
TFILISSSX,"{""P47373"": 6}"
TFILDQTVI,"{""P55825"": 111}"
TFIGCSNFP,"{""P47368"": 32}"
TFIGXSNFP,"{""P47368"": 4}"
TFISARXXX,"{""P47473"": 24}"
TFISARXFF,"{""P47473"": 3}"
TFISAXXXX,"{""P47473"": 2}"
TFXGXXXXX,"{""P47677"": 453}"
TFXGLXIVF,"{""P47585"": 79}"
TFXGLXXXX,"{""P47585"": 13}"
TFXGLKIVF,"{""P47585"": 1}"
TFXNXFSFL,"{""P47308"": 73}"
TFXNXXXXX,"{""P47308"": 19}"
TFXNKFSFL,"{""P47308"": 7}"
TFXXXXXXX,"{""P47540"": 102, ""P47677"": 134, ""P47585"": 23, ""P47308"": 12}"
TFXXLFGGG,"{""P47540"": 1}"
TFXYLFGGG,"{""P47540"": 24}"
TFTIANVIQ,"{""P47319"": 121}"
TFTFATSFS,"{""P52271"": 109}"
TFTSIXXXX,"{""P47587"": 21}"
TFTSIXNAA,"{""P47587"": 103}"
TFTSIKNAA,"{""P47587"": 6}"
TFTGLTLLD,"{""P47471"": 30}"
TFQDLYDXX,"{""P47267"": 105}"
TFQDLYDXK,"{""P47267"": 3}"
TFQDLYDKX,"{""P47267"": 2}"
TFQDLFSES,"{""P47434"": 155}"
TFQDLXDXX,"{""P47267"": 7}"
TFQDXYVTX,"{""P47575"": 86}"
TFQDXYVTK,"{""P47575"": 2}"
TFQDXXXXX,"{""P47575"": 22}"
TFQDXXVTX,"{""P47575"": 7}"
TFQDKYVTX,"{""P47575"": 5}"
TFQDKYVTK,"{""P47575"": 1}"
TFQDKXVTX,"{""P47575"": 1}"
TFQESPDEM,"{""P47455"": 101}"
TFQTLLXQQ,"{""P47492"": 93}"
TFQTLLXXX,"{""P47492"": 24}"
TFQTLLKQQ,"{""P47492"": 5}"
TFQRLLEXF,"{""P47283"": 22}"
TFQRLLEXX,"{""P47283"": 1}"
TFQRLLEKF,"{""P47283"": 2}"
TFQAFIRLX,"{""P47429"": 27}"
TFQAFIRLK,"{""P47429"": 1}"
TFQAFIXLX,"{""P47429"": 5}"
TFQXLLEXF,"{""P47283"": 8}"
TFQXLLEXX,"{""P47283"": 2}"
TFQXLLEKF,"{""P47283"": 1}"
TFNQLLFMN,"{""P47483"": 614}"
TFNCLXXXX,"{""P47423"": 455}"
TFNCLXXSG,"{""P47423"": 23}"
TFNCLXRSG,"{""P47423"": 81}"
TFNCLKRSG,"{""P47423"": 3}"
TFNCLKXSG,"{""P47423"": 1}"
TFNLFNLEN,"{""P47437"": 119}"
TFNXLXXXX,"{""P47423"": 21}"
TFNXLXXSG,"{""P47423"": 1}"
TFNXLXRSG,"{""P47423"": 1}"
TFNIVDRNA,"{""P47658"": 23}"
TFNIVDXNA,"{""P47658"": 2}"
TFNTDTDNS,"{""P47551"": 9}"
TFPVFXXXX,"{""P47282"": 98}"
TFPVFXFSE,"{""P47282"": 19}"
TFPVFKFSE,"{""P47282"": 2}"
TFDGXXXXX,"{""P47473"": 90}"
TFDGXXYLE,"{""P47473"": 2}"
TFDGXYYLE,"{""P47473"": 17}"
TFDGKYYLE,"{""P47473"": 1}"
TFDDGYVSI,"{""P47288"": 27}"
TFHTGGVST,"{""P47582"": 164}"
TFKGXXXXX,"{""P47677"": 24}"
TFKGLXIVF,"{""P47585"": 3}"
TFKNXFSFL,"{""P47308"": 2}"
TFKNXXXXX,"{""P47308"": 1}"
TFKYLFGGG,"{""P47540"": 1}"
TAMDINGLN,"{""P47496"": 129}"
TAMLSGIAL,"{""P47289"": 7}"
TAMRQGIVX,"{""P47272"": 21}"
TAMXQGIVX,"{""P47272"": 3}"
TAXNVAVFD,"{""P47599"": 25}"
TAXNFIXDV,"{""P47316"": 6}"
TAXQQQRTV,"{""P47426"": 19}"
TAXQQQXTV,"{""P47426"": 7}"
TAXQFIDLF,"{""P47296"": 23}"
TAXXXXXXX,"{""P47431"": 22, ""P47294"": 106, ""P47323"": 24, ""P47426"": 102, ""P47296"": 99, ""P47285"": 99, ""P47683"": 106, ""P47599"": 100, ""P47330"": 27, ""P47582"": 111, ""P47397"": 54, ""P47622"": 23, ""P47542"": 24}"
TAXXXTGXI,"{""P47397"": 57}"
TAXXXTGXX,"{""P47397"": 9}"
TAXXXTGKI,"{""P47397"": 2}"
TAXXIDAEG,"{""P47581"": 1}"
TAXXQTIIC,"{""P47294"": 1}"
TAXXRPDLY,"{""P47683"": 2}"
TAXXKTGXI,"{""P47397"": 1}"
TAXXKTGXX,"{""P47397"": 1}"
TAXSNPNFI,"{""P47285"": 519}"
TAXSXXXXX,"{""P47323"": 84}"
TAXSGYMTR,"{""P47582"": 14}"
TAXSGYMTX,"{""P47582"": 4}"
TAXSGXMTR,"{""P47582"": 1}"
TAXLYQTNX,"{""P47330"": 91}"
TAXLYQTNK,"{""P47330"": 1}"
TAXLXQTNX,"{""P47330"": 2}"
TAXTIFWNG,"{""P47542"": 104}"
TAXTATNFL,"{""P47635"": 4}"
TAXAAVNFV,"{""P47314"": 5}"
TAXAGIDPI,"{""P47313"": 6}"
TAXIIINAT,"{""P47431"": 102}"
TAXIGPIDV,"{""P47622"": 93}"
TAXGVFGIS,"{""P47250"": 33}"
TAXGIVILA,"{""P47575"": 9}"
TAXGYARNY,"{""P47277"": 3}"
TAXKXTGXI,"{""P47397"": 2}"
TAXCQTIIC,"{""P47294"": 23}"
TAXCQTIIX,"{""P47294"": 1}"
TAXYXPDLY,"{""P47683"": 7}"
TAXYIDAEG,"{""P47581"": 7}"
TAXYRPDLY,"{""P47683"": 15}"
TAXYRPDLX,"{""P47683"": 1}"
TAXVXXXXX,"{""Q49407"": 5}"
TAXVXLRTS,"{""Q49407"": 1}"
TAXPVXXDQ,"{""P22747"": 3}"
TAXPVXXXX,"{""P22747"": 2}"
TAQVIFAML,"{""P47264"": 122}"
TAQVXSIIV,"{""P47664"": 109}"
TAQVXXXXX,"{""P47664"": 19}"
TAQVKSIIV,"{""P47664"": 4}"
TAQSAQVTY,"{""P47563"": 112}"
TAQSAQVTX,"{""P47563"": 8}"
TAQERCEEE,"{""P47479"": 30}"
TAQERXEEE,"{""P47479"": 1}"
TAQEXCEEE,"{""P47479"": 15}"
TAQQLFSET,"{""Q49405"": 27}"
TADPLXXAQ,"{""P47572"": 417}"
TADPLXXXX,"{""P47572"": 180}"
TADPLXKAQ,"{""P47572"": 17}"
TADPLKXAQ,"{""P47572"": 23}"
TADPLKXXX,"{""P47572"": 6}"
TADPLKKAQ,"{""P47572"": 1}"
TAALCQXXX,"{""P47284"": 93}"
TAALCQXFN,"{""P47284"": 473}"
TAALCQKFN,"{""P47284"": 30}"
TAALXQXFN,"{""P47284"": 31}"
TAALXQXXX,"{""P47284"": 6}"
TAALXQKFN,"{""P47284"": 6}"
TAALARQHD,"{""P47636"": 9}"
TAALAXQHD,"{""P47636"": 4}"
TAAFAIPII,"{""P47664"": 118}"
TAAAHLDCS,"{""P47264"": 129}"
TAAAHLDXS,"{""P47264"": 4}"
TAAEYFTDQ,"{""P47502"": 131}"
TAAEXFTDQ,"{""P47502"": 7}"
TALIXATNY,"{""Q49396"": 113}"
TALIXATNX,"{""Q49396"": 1}"
TALIXXXXX,"{""Q49396"": 23}"
TALILAPFF,"{""P47260"": 633}"
TALIEERMV,"{""P47617"": 105}"
TALIEEXMV,"{""P47617"": 29}"
TALIEGFXX,"{""P47252"": 107}"
TALIEGFXK,"{""P47252"": 4}"
TALIEGFKX,"{""P47252"": 5}"
TALIKATNY,"{""Q49396"": 4}"
TALEQAYXX,"{""P47387"": 123}"
TALEQAYXK,"{""P47387"": 3}"
TALEQAYKX,"{""P47387"": 3}"
TALEQAXXX,"{""P47387"": 6}"
TALEVANXL,"{""P47433"": 104}"
TALEVANXX,"{""P47433"": 18}"
TALEVANKL,"{""P47433"": 2}"
TALEXXXXX,"{""P47632"": 30}"
TALEXAASV,"{""P47632"": 86}"
TALEKAASV,"{""P47632"": 2}"
TALTFIPNL,"{""P47464"": 112}"
TALSLVEWN,"{""P47520"": 617}"
TALVNXEVE,"{""P47535"": 464}"
TALVNXXXX,"{""P47535"": 110}"
TALVNKEVE,"{""P47535"": 23}"
TALQLXXXX,"{""P47264"": 80}"
TALQLXIAS,"{""P47264"": 28}"
TALQLKIAS,"{""P47264"": 2}"
TALQTPNNF,"{""Q49460"": 32}"
TALXXAIEI,"{""P47492"": 90}"
TALXXXXXX,"{""P47492"": 26}"
TALXKAIEI,"{""P47492"": 3}"
TALFXXXXX,"{""P47483"": 98}"
TALFXANDS,"{""P47483"": 29}"
TALFKANDS,"{""P47483"": 1}"
TALDLCCGS,"{""Q49404"": 115}"
TALDLCXGS,"{""Q49404"": 7}"
TALDLXCGS,"{""Q49404"": 1}"
TALNISATA,"{""P47323"": 129}"
TALNLLNND,"{""Q49424"": 108}"
TALLINFMA,"{""P47340"": 115}"
TALKXAIEI,"{""P47492"": 3}"
TASTSGSSS,"{""P47563"": 639}"
TASELDNID,"{""Q49409"": 134}"
TASXXXXXX,"{""P47540"": 110}"
TASXNTQFL,"{""P47540"": 13}"
TASKNTQFL,"{""P47540"": 2}"
TAVSDSLFL,"{""P47530"": 120}"
TAVSQFADX,"{""P47431"": 128}"
TAVSQFADK,"{""P47431"": 3}"
TAVEXLPCV,"{""P36255"": 84}"
TAVEXLPXV,"{""P36255"": 6}"
TAVEXXXXX,"{""P36255"": 19}"
TAVEKLPCV,"{""P36255"": 2}"
TAVLNLLXX,"{""P47634"": 92}"
TAVLNLLXR,"{""P47634"": 13}"
TAVNNLFLR,"{""Q9ZB76"": 31}"
TAVNNLFLX,"{""Q9ZB76"": 8}"
TAIAIDTII,"{""P47641"": 148}"
TAIATPAYR,"{""P47342"": 2}"
TAIFNFLLA,"{""P47700"": 600}"
TAISQTRFN,"{""P47446"": 23}"
TAISQTXFN,"{""P47446"": 4}"
TAILDHFDY,"{""P47691"": 128}"
TAILDHFDX,"{""P47691"": 5}"
TAITXXXXX,"{""P47328"": 29}"
TAITXFVSS,"{""P47328"": 87}"
TAITKFVSS,"{""P47328"": 6}"
TAIITDSTA,"{""P47568"": 118}"
TAIVEGFVR,"{""P47597"": 1}"
TAYPVXXDQ,"{""P22747"": 67}"
TAYPVXXXX,"{""P22747"": 35}"
TAYPVXKDQ,"{""P22747"": 7}"
TAYPVKXDQ,"{""P22747"": 4}"
TAYNFIXDV,"{""P47316"": 89}"
TAYNFIXXX,"{""P47316"": 15}"
TAYNFIKDV,"{""P47316"": 3}"
TAYAGIDPI,"{""P47313"": 134}"
TAYAAVNFV,"{""P47314"": 108}"
TAYTATNFL,"{""P47635"": 113}"
TAYGYARNY,"{""P47277"": 24}"
TAYGYARNX,"{""P47277"": 1}"
TAYGYAXNY,"{""P47277"": 7}"
TAYGIVILA,"{""P47575"": 113}"
TAYGXARNY,"{""P47277"": 1}"
TAYVXLRTS,"{""Q49407"": 19}"
TAYVXLXTS,"{""Q49407"": 4}"
TAYVXXXXX,"{""Q49407"": 92}"
TAGXXXXXX,"{""P47547"": 82}"
TAGXIAGLN,"{""P47547"": 17}"
TAGKIAGLN,"{""P47547"": 1}"
TAFXMLVXX,"{""P47641"": 93}"
TAFXMLVXR,"{""P47641"": 15}"
TAFXXXXXX,"{""P47641"": 31}"
TAFSVIGGG,"{""P47542"": 123}"
TAFKMLVXX,"{""P47641"": 4}"
TANDQLVTV,"{""P47455"": 125}"
TANAHDFIM,"{""P47261"": 37}"
TANXQANLM,"{""P47643"": 2}"
TANRQANLM,"{""P47643"": 10}"
TATVXXXXX,"{""P47406"": 95}"
TATVXVTSR,"{""P47406"": 29}"
TATVXVTSX,"{""P47406"": 5}"
TATVIAXEL,"{""P47317"": 90}"
TATVIAXXX,"{""P47317"": 22}"
TATVIAKEL,"{""P47317"": 2}"
TATVKVTSX,"{""P47406"": 1}"
TATVKVTSR,"{""P47406"": 2}"
TATPEVANQ,"{""P47670"": 118}"
TATXXXXXX,"{""P47277"": 18, ""P47436"": 13}"
TATXLSEXS,"{""P47436"": 86}"
TATXLSEXX,"{""P47436"": 15}"
TATXLXXLV,"{""P47277"": 70}"
TATXLXXXX,"{""P47277"": 36}"
TATXLXKLV,"{""P47277"": 4}"
TATXLKXXX,"{""P47277"": 1}"
TATXLKXLV,"{""P47277"": 3}"
TATKLSEXX,"{""P47436"": 1}"
TATKLSEXS,"{""P47436"": 5}"
TATKLXXLV,"{""P47277"": 3}"
TATKLXXXX,"{""P47277"": 2}"
TAEKEXQAL,"{""Q49407"": 4}"
TAEKEXXXX,"{""Q49407"": 3}"
TAEXEXQAL,"{""Q49407"": 78}"
TAEXEXXXX,"{""Q49407"": 13}"
TAEXEKQAL,"{""Q49407"": 4}"
TAEXXXXXX,"{""Q49407"": 17}"
TAEETLXXX,"{""P47571"": 108}"
TAEETLXDY,"{""P47571"": 22}"
TAEETLKDY,"{""P47571"": 2}"
TAEGXXXXX,"{""P47412"": 124}"
TAWXXXXXX,"{""P47695"": 71}"
TAWXVFWWV,"{""P47695"": 29}"
TACYIDAEG,"{""P47581"": 123}"
TACXIDAEG,"{""P47581"": 4}"
TAKSGYMTR,"{""P47582"": 1}"
TAKSNPNFI,"{""P47285"": 24}"
TAKSXXXXX,"{""P47323"": 6}"
TAKIIINAT,"{""P47431"": 7}"
TAKIGPIDV,"{""P47622"": 2}"
TAKQQQXTV,"{""P47426"": 1}"
TAKQQQRTV,"{""P47426"": 2}"
TAKXXXXXX,"{""P47397"": 1}"
TAKXXTGXI,"{""P47397"": 3}"
TAKXXTGXX,"{""P47397"": 1}"
TAKLYQTNX,"{""P47330"": 2}"
TAKCQTIIC,"{""P47294"": 3}"
TAKYRPDLY,"{""P47683"": 1}"
TAPXXPGCY,"{""P47448"": 64}"
TAPXXPGCX,"{""P47448"": 3}"
TAPXXPGXY,"{""P47448"": 2}"
TAPXXXXXX,"{""P47448"": 39}"
TAPXKPGCY,"{""P47448"": 4}"
TAPKXPGCY,"{""P47448"": 2}"
TARGVFGIS,"{""P47250"": 124}"
TAHFFIDIE,"{""P47274"": 118}"
TIEHVEXNH,"{""P47669"": 103}"
TIEHVEXXX,"{""P47669"": 20}"
TIEHVEKNH,"{""P47669"": 5}"
TIENLFRPS,"{""P47551"": 121}"
TIENLFXPS,"{""P47551"": 34}"
TIENXNNXS,"{""P47431"": 69}"
TIENXNNXX,"{""P47431"": 20}"
TIENXNNKS,"{""P47431"": 4}"
TIENXXXXX,"{""P47431"": 19}"
TIENKNNXS,"{""P47431"": 3}"
TIEKITRLA,"{""P47612"": 3}"
TIEKITXLA,"{""P47612"": 1}"
TIEGXVNXL,"{""P47246"": 5}"
TIEGXVNXX,"{""P47246"": 1}"
TIEGRVNXX,"{""P47246"": 7}"
TIEGRVNXL,"{""P47246"": 18}"
TIEXXXXXX,"{""P47612"": 79}"
TIEXITRLA,"{""P47612"": 23}"
TIEXITXLA,"{""P47612"": 5}"
TIEINLLXF,"{""P47627"": 89}"
TIEINLLXX,"{""P47627"": 18}"
TIEINLLKF,"{""P47627"": 4}"
TIEIRGEIF,"{""P47496"": 38}"
TIEIXGEIF,"{""P47496"": 6}"
TITEQNCVL,"{""P47480"": 114}"
TITEQNXVL,"{""P47480"": 3}"
TITEITXIT,"{""P47277"": 90}"
TITEITXXX,"{""P47277"": 22}"
TITEITKIT,"{""P47277"": 2}"
TITVXNINQ,"{""P47668"": 101}"
TITVXXXXX,"{""P47668"": 13}"
TITVKNINQ,"{""P47668"": 2}"
TITILISFL,"{""P47485"": 632}"
TITNXDQXX,"{""P47260"": 64}"
TITNXDQXE,"{""P47260"": 20}"
TITNXXXXX,"{""P47260"": 28}"
TITNKDQXX,"{""P47260"": 3}"
TITNKDQXE,"{""P47260"": 2}"
TITGPELGL,"{""P47348"": 122}"
TITXRXXXX,"{""P47665"": 1}"
TITRXXWNV,"{""P47665"": 2}"
TITRRXXXX,"{""P47665"": 1}"
TITRRXWNV,"{""P47665"": 3}"
TITFIDTPG,"{""P47388"": 5}"
TISQFGANX,"{""P47624"": 119}"
TISQFGANK,"{""P47624"": 4}"
TISPWDXQT,"{""P47515"": 513}"
TISPWDXXX,"{""P47515"": 97}"
TISPWDKQT,"{""P47515"": 19}"
TISXXXXXX,"{""P47391"": 103, ""P47428"": 145, ""P47591"": 106, ""P47294"": 17}"
TISXMFLGX,"{""P47294"": 118}"
TISXMFLGK,"{""P47294"": 1}"
TISXFSSQA,"{""P47391"": 502}"
TISXITIQX,"{""P47428"": 487}"
TISXLESLG,"{""P47591"": 21}"
TISSDDXII,"{""P47543"": 74}"
TISSDDXXX,"{""P47543"": 27}"
TISSDDKII,"{""P47543"": 9}"
TISIVFQFP,"{""P47426"": 122}"
TISIFQXXA,"{""P47306"": 2}"
TISIFQXXX,"{""P47306"": 33}"
TISIFQXYA,"{""P47306"": 101}"
TISIFQKYA,"{""P47306"": 5}"
TISIEGILX,"{""P47616"": 8}"
TISIEGILR,"{""P47616"": 21}"
TISALXXXX,"{""Q49419"": 104}"
TISALXHEN,"{""Q49419"": 21}"
TISAYRGGV,"{""P47481"": 18}"
TISAYXGGV,"{""P47481"": 8}"
TISAXXGGV,"{""P47481"": 1}"
TISAXRGGV,"{""P47481"": 1}"
TISNSGAXX,"{""P47660"": 102}"
TISNSGAXN,"{""P47660"": 22}"
TISNSGAKN,"{""P47660"": 1}"
TISEQPYWE,"{""Q49429"": 125}"
TISEQPXWE,"{""Q49429"": 3}"
TISVDFIGG,"{""P47260"": 7}"
TISKFSSQA,"{""P47391"": 21}"
TISKITIQX,"{""P47428"": 22}"
TISKMFLGX,"{""P47294"": 3}"
TISKMFLGK,"{""P47294"": 2}"
TIDSLFDLX,"{""Q49434"": 591}"
TIDSLFDLK,"{""Q49434"": 26}"
TIDSNEXAT,"{""P47317"": 102}"
TIDSNEXXX,"{""P47317"": 24}"
TIDSNEKAT,"{""P47317"": 7}"
TIDXLWXSK,"{""Q49404"": 4}"
TIDXLWXSX,"{""Q49404"": 95}"
TIDXLWXXX,"{""Q49404"": 15}"
TIDXLWKSX,"{""Q49404"": 3}"
TIDXXXXXX,"{""Q49404"": 21}"
TIDILSXXV,"{""P47609"": 77}"
TIDILSXXX,"{""P47609"": 32}"
TIDILSXKV,"{""P47609"": 7}"
TIDILSKXV,"{""P47609"": 3}"
TIDILSKKV,"{""P47609"": 1}"
TIDIPNXFS,"{""P47551"": 104}"
TIDIPNXXX,"{""P47551"": 11}"
TIDIPNKFS,"{""P47551"": 7}"
TIDEVIELG,"{""P47447"": 139}"
TIDEXXXXX,"{""P47326"": 86}"
TIDEXLREF,"{""P47326"": 19}"
TIDEXLXEF,"{""P47326"": 2}"
TIDEKLREF,"{""P47326"": 1}"
TIDLAELXL,"{""P47264"": 99}"
TIDLAELXX,"{""P47264"": 20}"
TIDLAELKL,"{""P47264"": 7}"
TIDLSREVP,"{""P47314"": 117}"
TIDLSXEVP,"{""P47314"": 37}"
TIDLGLVLF,"{""P47534"": 108}"
TIDKLWXXX,"{""Q49404"": 1}"
TIDKLWXSX,"{""Q49404"": 3}"
TIVGXISLQ,"{""P47327"": 100}"
TIVGXXXXX,"{""P47327"": 14}"
TIVGKISLQ,"{""P47327"": 4}"
TIVVDYPSF,"{""P47455"": 117}"
TIVVDXPSF,"{""P47455"": 12}"
TIVIIGWIX,"{""P47282"": 129}"
TIVXXXXXX,"{""P47566"": 101}"
TIVXEGDFI,"{""P47566"": 18}"
TIVXFINQX,"{""P47368"": 19}"
TIVXFINQK,"{""P47368"": 3}"
TIVLISHXX,"{""P47365"": 35}"
TIVLISHXL,"{""P47365"": 84}"
TIVLISHKL,"{""P47365"": 4}"
TIVRFINQX,"{""P47368"": 131}"
TIVRFINQK,"{""P47368"": 2}"
TIVEANSLI,"{""P47582"": 115}"
TIITNTVDF,"{""Q49430"": 577}"
TIITAINXQ,"{""P47548"": 1}"
TIITAINYQ,"{""P47548"": 2}"
TIISXFXXF,"{""P47257"": 350}"
TIISXFXXX,"{""P47257"": 143}"
TIISXFXKF,"{""P47257"": 9}"
TIISXFKXF,"{""P47257"": 18}"
TIISXFKXX,"{""P47257"": 5}"
TIISXXXXX,"{""P47257"": 93}"
TIISKFXXF,"{""P47257"": 17}"
TIISKFXXX,"{""P47257"": 6}"
TIISAQVXX,"{""P47638"": 109}"
TIISAQVXT,"{""P47638"": 27}"
TIISTXXFP,"{""P47359"": 100}"
TIISTXXXX,"{""P47359"": 28}"
TIISTXKFP,"{""P47359"": 3}"
TIISTKXFP,"{""P47359"": 6}"
TIINEIYDP,"{""P47389"": 579}"
TIINEIXDP,"{""P47389"": 34}"
TIIXXXXXX,"{""P47695"": 94, ""P47513"": 21}"
TIIXSNRXX,"{""P47695"": 4}"
TIIXSNRXE,"{""P47695"": 27}"
TIIXSNRKE,"{""P47695"": 1}"
TIIXSNXXE,"{""P47695"": 8}"
TIIXGAXVE,"{""P47513"": 72}"
TIIXGAXXX,"{""P47513"": 11}"
TIIXGAKVE,"{""P47513"": 2}"
TIIIXXXXX,"{""P47660"": 20}"
TIIIXGAXX,"{""P47660"": 21}"
TIIIXGAXV,"{""P47660"": 81}"
TIIIXGAKV,"{""P47660"": 3}"
TIIIEXAAF,"{""P47398"": 96}"
TIIIEXXXX,"{""P47398"": 21}"
TIIIEKAAF,"{""P47398"": 4}"
TIIIKGAXV,"{""P47660"": 4}"
TIIIKGAXX,"{""P47660"": 1}"
TIIIKGAKV,"{""P47660"": 1}"
TIIELQTNE,"{""P47540"": 128}"
TIIEFEHQY,"{""P47649"": 25}"
TIIKSNXXE,"{""P47695"": 1}"
TIIKSNRXE,"{""P47695"": 1}"
TIIKGAXVE,"{""P47513"": 3}"
TIXSNNQTN,"{""P47349"": 5}"
TIXSIPLTI,"{""P47496"": 93}"
TIXSITTVF,"{""Q49416"": 117}"
TIXSLNLLT,"{""P47270"": 86}"
TIXSVAIVG,"{""Q49408"": 103}"
TIXSGXLLV,"{""P47612"": 5}"
TIXSGXXXX,"{""P47612"": 3}"
TIXSGKLLV,"{""P47612"": 1}"
TIXXXXXXX,"{""P47604"": 29, ""P47543"": 586, ""P47496"": 23, ""Q49408"": 20, ""P47385"": 123, ""P47595"": 26, ""P47270"": 22, ""P47319"": 95, ""P47294"": 26, ""P47417"": 117, ""P47425"": 21, ""Q49422"": 108, ""P47685"": 23, ""P47265"": 97, ""Q49416"": 20, ""P47540"": 26, ""P47498"": 15, ""P47693"": 33, ""Q49404"": 15}"
TIXXQIXQF,"{""P47693"": 63}"
TIXXQIXXX,"{""P47693"": 11}"
TIXXQIKQF,"{""P47693"": 3}"
TIXXERXVS,"{""P47265"": 1}"
TIXXELIEQ,"{""Q49422"": 2}"
TIXQLLXMG,"{""Q49404"": 88}"
TIXQLLXXX,"{""Q49404"": 18}"
TIXQLLKMG,"{""Q49404"": 5}"
TIXQFLQEX,"{""P47604"": 92}"
TIXQFMVXL,"{""P47425"": 89}"
TIXQFMVXX,"{""P47425"": 10}"
TIXQFMVKL,"{""P47425"": 4}"
TIXQSEEXX,"{""P47540"": 97}"
TIXQSEEXI,"{""P47540"": 3}"
TIXQSEEKI,"{""P47540"": 1}"
TIXYERXXX,"{""P47265"": 4}"
TIXYERXVS,"{""P47265"": 11}"
TIXYEXXVS,"{""P47265"": 7}"
TIXTELINI,"{""P47294"": 93}"
TIXTLXXXX,"{""P47665"": 4}"
TIXTVVYNV,"{""P47543"": 3}"
TIXETAAXX,"{""P47595"": 70}"
TIXETAAXV,"{""P47595"": 18}"
TIXETAAKV,"{""P47595"": 2}"
TIXEYINDL,"{""P47670"": 7}"
TIXEXINDL,"{""P47670"": 1}"
TIXEMEDQS,"{""P47649"": 3}"
TIXLNXXXX,"{""P47685"": 69}"
TIXLNXIDF,"{""P47685"": 23}"
TIXLXXXXX,"{""P47619"": 2}"
TIXNIANEC,"{""P47385"": 449}"
TIXNIANEX,"{""P47385"": 23}"
TIXNFASDX,"{""P47498"": 4}"
TIXNFASDY,"{""P47498"": 104}"
TIXIDLSDX,"{""P47344"": 3}"
TIXDXLVSL,"{""P47319"": 4}"
TIXDXXXXX,"{""P47307"": 3}"
TIXDXXRWM,"{""P47307"": 1}"
TIXDRLVSL,"{""P47319"": 18}"
TIXVAINGF,"{""P47543"": 7}"
TIXRELIEQ,"{""Q49422"": 23}"
TIXKQIXQF,"{""P47693"": 3}"
TIXKQIXXX,"{""P47693"": 2}"
TIANNSSFG,"{""Q49460"": 138}"
TIADYQITA,"{""P47297"": 150}"
TIADXQITA,"{""P47297"": 7}"
TIAQXXXXX,"{""P47330"": 12}"
TIAQXLFVL,"{""P47330"": 107}"
TIAQKLFVL,"{""P47330"": 2}"
TIARILXXX,"{""Q49427"": 18}"
TIARILXRG,"{""Q49427"": 5}"
TIARAXGSG,"{""P47402"": 88}"
TIARAXXXX,"{""P47402"": 26}"
TIARAKGSG,"{""P47402"": 2}"
TIALFESYL,"{""P47542"": 127}"
TIALFESXL,"{""P47542"": 7}"
TIALNQIVM,"{""P47355"": 9}"
TIATELYSF,"{""P47290"": 35}"
TIATELXSF,"{""P47290"": 1}"
TIAXDNYNA,"{""P47397"": 87}"
TIAXDNXNA,"{""P47397"": 5}"
TIAXAXGSG,"{""P47402"": 20}"
TIAXAXXXX,"{""P47402"": 6}"
TIAXAKGSG,"{""P47402"": 1}"
TIAXXXXXX,"{""P47397"": 14}"
TIAXILXXX,"{""Q49427"": 4}"
TIAXILXRG,"{""Q49427"": 3}"
TIAXILKRG,"{""Q49427"": 1}"
TIAELLNNX,"{""P47332"": 128}"
TIAELLNNK,"{""P47332"": 5}"
TIAISTMXX,"{""P47514"": 7}"
TIAISTMRX,"{""P47514"": 17}"
TIAKDNYNA,"{""P47397"": 6}"
TIQIAISED,"{""P47444"": 660}"
TIQSIAEXI,"{""P47617"": 119}"
TIQSIAEXX,"{""P47617"": 10}"
TIQSIAEKI,"{""P47617"": 4}"
TIQTTCYHH,"{""P47275"": 107}"
TIQTTCXHH,"{""P47275"": 9}"
TIQTTXYHH,"{""P47275"": 8}"
TIQYDQNDD,"{""Q49419"": 98}"
TIQNTNENT,"{""P47459"": 30}"
TIQXDQNDD,"{""Q49419"": 7}"
TILVPTXVN,"{""P47706"": 9}"
TILVPTXXX,"{""P47706"": 98}"
TILXXXXXX,"{""P47421"": 41}"
TILXXAKIN,"{""P47421"": 2}"
TILXXAXIN,"{""P47421"": 54}"
TILXXAXXX,"{""P47421"": 20}"
TILXKAXIN,"{""P47421"": 4}"
TILAQLXLL,"{""Q49415"": 138}"
TILAQLXXX,"{""Q49415"": 22}"
TILAQLKLL,"{""Q49415"": 6}"
TILLFFGML,"{""P47522"": 8}"
TILKXAXIN,"{""P47421"": 4}"
TILKXAKIN,"{""P47421"": 2}"
TILKXXXXX,"{""P47421"": 2}"
TINTACENI,"{""Q9ZB81"": 138}"
TINTAXENI,"{""Q9ZB81"": 4}"
TINTTLETT,"{""P47632"": 126}"
TINELSXXX,"{""P47539"": 101}"
TINELSXXY,"{""P47539"": 2}"
TINELSXRY,"{""P47539"": 14}"
TINELSXRX,"{""P47539"": 2}"
TINELSKRY,"{""P47539"": 2}"
TINQAXXIL,"{""P47579"": 91}"
TINQAXXXX,"{""P47579"": 35}"
TINQAXKIL,"{""P47579"": 1}"
TINQAKKIL,"{""P47579"": 1}"
TINQAKXIL,"{""P47579"": 1}"
TINQAKXXX,"{""P47579"": 1}"
TINQIDXXF,"{""P47357"": 79}"
TINQIDXXX,"{""P47357"": 36}"
TINQIDXKF,"{""P47357"": 4}"
TINQIDKXF,"{""P47357"": 5}"
TINQPLREL,"{""P47529"": 23}"
TINQPLXEL,"{""P47529"": 7}"
TINQLAIVL,"{""Q49405"": 2}"
TINYFXVNN,"{""P47275"": 105}"
TINYFXXXX,"{""P47275"": 18}"
TINYFKVNN,"{""P47275"": 6}"
TINYXNGQM,"{""P47310"": 105}"
TINYXXXXX,"{""P47310"": 17}"
TINYKNGQM,"{""P47310"": 3}"
TINXICQTI,"{""P47520"": 123}"
TINXIXQTI,"{""P47520"": 3}"
TINXXXXXX,"{""P47520"": 14, ""P47310"": 4}"
TINXXNGQM,"{""P47310"": 3}"
TINXFXXXX,"{""P47275"": 2}"
TINXFXVNN,"{""P47275"": 7}"
TINXKNGQM,"{""P47310"": 1}"
TINFDHPDA,"{""P47622"": 116}"
TINFFLXSQ,"{""P47661"": 8}"
TINFFLRSQ,"{""P47661"": 27}"
TINLXXXXX,"{""P47382"": 30}"
TINLXTPFH,"{""P47382"": 83}"
TINLKTPFH,"{""P47382"": 3}"
TINIFNXLT,"{""P47525"": 3}"
TINIFNRLT,"{""P47525"": 2}"
TINIDXFVX,"{""P47652"": 99}"
TINIDXFVK,"{""P47652"": 3}"
TINIDXXXX,"{""P47652"": 17}"
TINIDKFVX,"{""P47652"": 10}"
TINIYLCGP,"{""P47495"": 7}"
TINIYLXGP,"{""P47495"": 1}"
TINNWLXQH,"{""P47343"": 106}"
TINNWLXXX,"{""P47343"": 19}"
TINNWLKQH,"{""P47343"": 8}"
TINNFHTTI,"{""P47376"": 9}"
TINKICQTI,"{""P47520"": 6}"
TIGXXXXXX,"{""P47285"": 115}"
TIGXXMVPS,"{""P47285"": 3}"
TIGXKMVPS,"{""P47285"": 1}"
TIGFHDXYI,"{""P35888"": 89}"
TIGFHDXXX,"{""P35888"": 27}"
TIGFHDXXI,"{""P35888"": 10}"
TIGFHDKYI,"{""P35888"": 2}"
TIGFDVNVH,"{""P47358"": 114}"
TIGSHIQIV,"{""P47647"": 135}"
TIGIVSMED,"{""Q49399"": 133}"
TIGDIPLXD,"{""Q49405"": 104}"
TIGDIPLXX,"{""Q49405"": 21}"
TIGDIPLKD,"{""Q49405"": 5}"
TIGQFLXEX,"{""P47246"": 83}"
TIGQFLXEK,"{""P47246"": 2}"
TIGQFLXXX,"{""P47246"": 19}"
TIGQFLKEX,"{""P47246"": 9}"
TIGQFLKEK,"{""P47246"": 1}"
TIGKXXXXX,"{""P47285"": 2}"
TIPFIISLL,"{""P47367"": 635}"
TIPLLQLDN,"{""Q49405"": 132}"
TIPRXGDVN,"{""Q49460"": 23}"
TIPRXXXXX,"{""Q49460"": 4}"
TIPRKGDVN,"{""Q49460"": 1}"
TIPTGFVLX,"{""P47350"": 2}"
TIPTGFVLY,"{""P47350"": 26}"
TIPXXGDVN,"{""Q49460"": 6}"
TIPXXXXXX,"{""Q49460"": 1}"
TIHXLFLGL,"{""P47278"": 109}"
TIHXXXXXX,"{""P47278"": 35}"
TIHKLFLGL,"{""P47278"": 4}"
TIFLLSXXX,"{""P47470"": 449}"
TIFLLSXDQ,"{""P47470"": 133}"
TIFLLSKDQ,"{""P47470"": 4}"
TIFSLANIV,"{""P47291"": 592}"
TIFENSVNQ,"{""P47321"": 122}"
TIFNSFXSL,"{""P47431"": 116}"
TIFNSFXXX,"{""P47431"": 33}"
TIFNSFKSL,"{""P47431"": 7}"
TIFXNCNDG,"{""Q49400"": 6}"
TIFXXMITI,"{""P47615"": 95}"
TIFXXXXXX,"{""P47615"": 30}"
TIFXKMITI,"{""P47615"": 4}"
TIFVMGSAL,"{""P47388"": 129}"
TIFWNGPLG,"{""P47542"": 106}"
TIFGITNFS,"{""P47290"": 116}"
TIFCNXNDG,"{""Q49400"": 6}"
TIFCNCNDG,"{""Q49400"": 108}"
TIFDRSTLT,"{""P47653"": 21}"
TIFDXSTLT,"{""P47653"": 5}"
TIFKXXXXX,"{""P47615"": 1}"
TIFKXMITI,"{""P47615"": 4}"
TICSGXLLV,"{""P47612"": 94}"
TICSGXXXX,"{""P47612"": 18}"
TICSGKLLV,"{""P47612"": 2}"
TIYDXXRWM,"{""P47307"": 14}"
TIYDXXXXX,"{""P47307"": 106}"
TIYDXXXWM,"{""P47307"": 5}"
TIYDKXXXX,"{""P47307"": 7}"
TIYDKXRWM,"{""P47307"": 1}"
TIYEMEDQS,"{""P47649"": 25}"
TIMDNFXXX,"{""P47588"": 90}"
TIMDNFXQN,"{""P47588"": 6}"
TIMEXYGIF,"{""P47365"": 93}"
TIMEXXGIF,"{""P47365"": 4}"
TIMEXXXXX,"{""P47365"": 21}"
TIMEKYGIF,"{""P47365"": 6}"
TIMQMVGIV,"{""P47360"": 117}"
TIWLLTXXX,"{""P47588"": 18}"
TIWLLTXSG,"{""P47588"": 94}"
TIWLLTKSG,"{""P47588"": 5}"
TIWFXDLXQ,"{""Q49416"": 94}"
TIWFXDLXX,"{""Q49416"": 18}"
TIWFXDLKQ,"{""Q49416"": 8}"
TIWFXXXXX,"{""Q49416"": 15}"
TIWFKDLXQ,"{""Q49416"": 1}"
TIREYINDL,"{""P47670"": 21}"
TIRTVVYNV,"{""P47543"": 27}"
TIRTVVXNV,"{""P47543"": 2}"
TIRTLXXXX,"{""P47665"": 25}"
TIRTLKXXX,"{""P47665"": 1}"
TIRLXXXXX,"{""P47619"": 8}"
TIRLXTGTP,"{""P47619"": 4}"
TIRLKTGTP,"{""P47619"": 1}"
TIRIDLSDX,"{""P47344"": 23}"
TIRIDLSDK,"{""P47344"": 1}"
TIRSNNQTN,"{""P47349"": 24}"
TIKLNXIDF,"{""P47685"": 1}"
TIKLNXXXX,"{""P47685"": 7}"
TIKQLLXMG,"{""Q49404"": 5}"
TIKQSEEXX,"{""P47540"": 2}"
TIKQFMVXL,"{""P47425"": 3}"
TIKQFMVXX,"{""P47425"": 1}"
TIKQFLQEX,"{""P47604"": 4}"
TIKNIANEC,"{""P47385"": 22}"
TIKNFASDY,"{""P47498"": 3}"
TIKETAAXX,"{""P47595"": 2}"
TIKETAAXV,"{""P47595"": 1}"
TIKSLNLLT,"{""P47270"": 3}"
TIKSITTVF,"{""Q49416"": 5}"
TIKSIPLTI,"{""P47496"": 2}"
TIKSVAIVG,"{""Q49408"": 4}"
TIKTELINI,"{""P47294"": 3}"
TIKXQIXQF,"{""P47693"": 2}"
TIKRELIEQ,"{""Q49422"": 1}"
TIKYERXVS,"{""P47265"": 1}"
TNTNFNFFN,"{""P47312"": 589}"
TNTDNXTVA,"{""P47359"": 103}"
TNTDNXXXX,"{""P47359"": 23}"
TNTDNKTVA,"{""P47359"": 5}"
TNTFXNSLX,"{""P47549"": 4}"
TNTFXNSLY,"{""P47549"": 96}"
TNTFXXXXX,"{""P47549"": 13}"
TNTFKNSLY,"{""P47549"": 3}"
TNTXXXXXX,"{""P47637"": 120}"
TNTSNFNRL,"{""P47264"": 1}"
TNVGFXYIG,"{""P47299"": 443}"
TNVGFXXXX,"{""P47299"": 123}"
TNVGFXXIG,"{""P47299"": 22}"
TNVGFKYIG,"{""P47299"": 18}"
TNVGFKXIG,"{""P47299"": 1}"
TNVGXSTLF,"{""P47571"": 110}"
TNVGXXXXX,"{""P47571"": 486}"
TNVGKSTLF,"{""P47571"": 8}"
TNVKNXLLI,"{""P47466"": 4}"
TNVKNXXXX,"{""P47466"": 1}"
TNVKXFNXX,"{""P55750"": 4}"
TNVKXXXXX,"{""P55750"": 1}"
TNVVAVAAL,"{""P47631"": 101}"
TNVXXFNXX,"{""P55750"": 83}"
TNVXXFNXE,"{""P55750"": 8}"
TNVXXXXXX,"{""P47466"": 25, ""P55750"": 42}"
TNVXNXLLI,"{""P47466"": 88}"
TNVXNXXXX,"{""P47466"": 14}"
TNVXNKLLI,"{""P47466"": 3}"
TNVXKFNXX,"{""P55750"": 3}"
TNVIYDLFA,"{""P47523"": 108}"
TNVIXDLFA,"{""P47523"": 7}"
TNVTAXEFG,"{""P47388"": 86}"
TNVTAXXXX,"{""P47388"": 24}"
TNVTAKEFG,"{""P47388"": 5}"
TNQDQQLFT,"{""P47466"": 131}"
TNQQPLTVF,"{""P47334"": 599}"
TNQQGLGFF,"{""P47492"": 131}"
TNQXXXXXX,"{""P47525"": 110}"
TNQXMTPSS,"{""P47525"": 29}"
TNQIFTYLH,"{""P47246"": 102}"
TNQIFTXLH,"{""P47246"": 6}"
TNQIQLDAS,"{""Q49460"": 144}"
TNQWISNHN,"{""P47282"": 124}"
TNQVVXXXX,"{""P47488"": 96}"
TNQVVXIEQ,"{""P47488"": 18}"
TNQVVKIEQ,"{""P47488"": 1}"
TNQNLTIVN,"{""P47490"": 113}"
TNQNVXEYL,"{""P47617"": 5}"
TNQNVREYL,"{""P47617"": 16}"
TNQKMTPSS,"{""P47525"": 4}"
TNLDIXXAL,"{""P47486"": 31}"
TNLDIXXXX,"{""P47486"": 479}"
TNLDIXRAL,"{""P47486"": 88}"
TNLDIKRAL,"{""P47486"": 4}"
TNLWQXEMG,"{""P47694"": 492}"
TNLWQXXXX,"{""P47694"": 128}"
TNLWQKEMG,"{""P47694"": 13}"
TNLLFLSPP,"{""Q49410"": 117}"
TNLLQQGHD,"{""P47317"": 125}"
TNLXPXAIV,"{""P47393"": 89}"
TNLXPXXXX,"{""P47393"": 8}"
TNLXPKAIV,"{""P47393"": 8}"
TNLXXXXXX,"{""P47455"": 114, ""P47551"": 21, ""P47393"": 18}"
TNLXNFANS,"{""P47551"": 104}"
TNLFDFLXW,"{""P47486"": 84}"
TNLFDFLXX,"{""P47486"": 19}"
TNLFDFLKW,"{""P47486"": 3}"
TNLFSTELS,"{""P47331"": 133}"
TNLHLDFIS,"{""P47308"": 122}"
TNLTNQNHQ,"{""P47310"": 123}"
TNLSDGYLS,"{""P47540"": 106}"
TNLSDGXLS,"{""P47540"": 4}"
TNLSSSVIR,"{""P47391"": 23}"
TNLSSSVIX,"{""P47391"": 6}"
TNLKPXAIV,"{""P47393"": 7}"
TNLKPXXXX,"{""P47393"": 1}"
TNLKNFANS,"{""P47551"": 3}"
TNYLINNVL,"{""P47386"": 605}"
TNYLIGSLF,"{""P56723"": 560}"
TNYPVYFYL,"{""Q49405"": 104}"
TNYPVYFXL,"{""Q49405"": 3}"
TNYPVXFXL,"{""Q49405"": 1}"
TNYPVXFYL,"{""Q49405"": 5}"
TNXLWFGYT,"{""Q49400"": 85}"
TNXLWFGXT,"{""Q49400"": 5}"
TNXLIGSLF,"{""P56723"": 21}"
TNXLINNVL,"{""P47386"": 37}"
TNXLGDYLF,"{""P47329"": 92}"
TNXLGDXLF,"{""P47329"": 2}"
TNXLYPATI,"{""P47350"": 104}"
TNXLXPATI,"{""P47350"": 4}"
TNXALXELN,"{""P47610"": 93}"
TNXALXXXX,"{""P47610"": 12}"
TNXALKELN,"{""P47610"": 4}"
TNXADAILI,"{""P47566"": 19}"
TNXXSLEEN,"{""P47378"": 6}"
TNXXIXXXX,"{""P47661"": 66}"
TNXXIXRTF,"{""P47661"": 1}"
TNXXXXXXX,"{""P47610"": 27, ""P47661"": 50, ""Q49432"": 100, ""P47566"": 98, ""P47670"": 18, ""P47378"": 81, ""P47581"": 33, ""P47394"": 19, ""P47250"": 99, ""P47332"": 19, ""P47350"": 49, ""P47468"": 21, ""P47445"": 24, ""P47329"": 18, ""P47393"": 29, ""Q49400"": 25}"
TNXIPFLSI,"{""P47394"": 95}"
TNXISLIVI,"{""P47581"": 80}"
TNXQTXXXX,"{""Q49432"": 110}"
TNXQTXHGT,"{""Q49432"": 379}"
TNXQTKHGT,"{""Q49432"": 15}"
TNXTTVFFS,"{""P47445"": 95}"
TNXTXXXXX,"{""P47332"": 15}"
TNXTXTIAE,"{""P47332"": 88}"
TNXTKTIAE,"{""P47332"": 3}"
TNXGIPAVN,"{""P47250"": 510}"
TNXGEDYNG,"{""P47386"": 8}"
TNXVYXXXX,"{""P47350"": 71}"
TNXVYXIGD,"{""P47350"": 24}"
TNXVXXXXX,"{""P47350"": 4}"
TNXVXXIGD,"{""P47350"": 2}"
TNXNLXDAV,"{""P47670"": 90}"
TNXNLXXXX,"{""P47670"": 12}"
TNXNLKDAV,"{""P47670"": 3}"
TNXNCXXXX,"{""P47393"": 89}"
TNXNXXXXX,"{""P47393"": 6}"
TNXHNEYHH,"{""P47468"": 94}"
TNXHNEXHH,"{""P47468"": 5}"
TNXRSLEEN,"{""P47378"": 16}"
TNXPVYFYL,"{""Q49405"": 8}"
TNXSTVETV,"{""P47249"": 6}"
TNXFSXFIS,"{""P47390"": 6}"
TNXFSXXXX,"{""P47390"": 1}"
TNXYRFSTL,"{""P47371"": 1}"
TNXKIXXXX,"{""P47661"": 1}"
TNPSLYEGL,"{""P47310"": 635}"
TNPSLXEGL,"{""P47310"": 37}"
TNPLQLHFE,"{""P47432"": 124}"
TNPQIIVGT,"{""P47664"": 10}"
TNPPPRYTQ,"{""P47368"": 18}"
TNPPPXYTQ,"{""P47368"": 6}"
TNNILFSPS,"{""Q49419"": 566}"
TNNANILVX,"{""P47540"": 126}"
TNNANILVK,"{""P47540"": 4}"
TNNXXXXXX,"{""Q49460"": 25, ""Q49399"": 14}"
TNNXQDXLS,"{""Q49399"": 83}"
TNNXQDXXX,"{""Q49399"": 18}"
TNNXQDKLS,"{""Q49399"": 5}"
TNNXQIIGW,"{""P47690"": 11}"
TNNXDXVWF,"{""Q49460"": 85}"
TNNXDXXXX,"{""Q49460"": 11}"
TNNXDKVWF,"{""Q49460"": 5}"
TNNPIXVID,"{""P47426"": 91}"
TNNPIXXXX,"{""P47426"": 15}"
TNNPIKVID,"{""P47426"": 4}"
TNNPDIRVV,"{""P47436"": 3}"
TNNPDIXVV,"{""P47436"": 1}"
TNNNYXNEL,"{""P47437"": 97}"
TNNNYXXXX,"{""P47437"": 19}"
TNNNYKNEL,"{""P47437"": 5}"
TNNNSNTFT,"{""P47502"": 120}"
TNNNVFMRX,"{""P47346"": 24}"
TNNNVFMXX,"{""P47346"": 11}"
TNNNVFMXK,"{""P47346"": 1}"
TNNNXXNEL,"{""P47437"": 2}"
TNNNXXXXX,"{""P47437"": 1}"
TNNCQIIGW,"{""P47690"": 116}"
TNNQPDPAN,"{""P47485"": 90}"
TNNQINTFL,"{""P47257"": 160}"
TNNSXYDLD,"{""P47395"": 112}"
TNNSXXXXX,"{""P47395"": 20}"
TNNSXXDLD,"{""P47395"": 4}"
TNNSNFNDV,"{""P47551"": 33}"
TNNSKYDLD,"{""P47395"": 9}"
TNNKDXVWF,"{""Q49460"": 7}"
TNNKDXXXX,"{""Q49460"": 2}"
TNNKQDXLS,"{""Q49399"": 6}"
TNNFRXXXX,"{""P47467"": 26}"
TNNFRXILI,"{""P47467"": 6}"
TNNFXXXXX,"{""P47467"": 4}"
TNNFXXILI,"{""P47467"": 1}"
TNNGASTVS,"{""P47549"": 116}"
TNEFIYQSF,"{""P47614"": 124}"
TNEFIXQSF,"{""P47614"": 8}"
TNELIVNSW,"{""P47405"": 147}"
TNEELMIVE,"{""P47599"": 140}"
TNDDXXEQE,"{""P47340"": 395}"
TNDDXXXXX,"{""P47340"": 206}"
TNDDXKEQE,"{""P47340"": 17}"
TNDDKXXXX,"{""P47340"": 4}"
TNDDKXEQE,"{""P47340"": 24}"
TNDDKKEQE,"{""P47340"": 1}"
TNDFIFVAS,"{""P47634"": 125}"
TNDIFYENN,"{""P47266"": 117}"
TNDIFXENN,"{""P47266"": 9}"
TNARTRXXX,"{""P47421"": 18}"
TNARTRXGP,"{""P47421"": 8}"
TNARTRKGP,"{""P47421"": 1}"
TNARTXXXX,"{""P47421"": 6}"
TNALGVXXX,"{""P47523"": 27}"
TNALGVXLX,"{""P47523"": 87}"
TNALGVKLX,"{""P47523"": 2}"
TNASVELEV,"{""P47269"": 143}"
TNAFVXXXX,"{""Q49400"": 98}"
TNAFVXLNQ,"{""Q49400"": 13}"
TNAFVKLNQ,"{""Q49400"": 2}"
TNAVVDELS,"{""P47450"": 127}"
TNAXTXXXX,"{""P47421"": 1}"
TNAXTRXXX,"{""P47421"": 3}"
TNAXTRXGP,"{""P47421"": 1}"
TNIGMVXXX,"{""P47316"": 481}"
TNIGMVXXY,"{""P47316"": 18}"
TNIGMVXRY,"{""P47316"": 80}"
TNIGMVXRX,"{""P47316"": 3}"
TNIGMVKRY,"{""P47316"": 2}"
TNIYTFHSF,"{""P47486"": 126}"
TNIAVANII,"{""P47388"": 113}"
TNIVFGDQL,"{""P47447"": 126}"
TNIVENYPG,"{""P47348"": 131}"
TNIVENXPG,"{""P47348"": 3}"
TNIVNQSXI,"{""P47310"": 103}"
TNIVNQSXX,"{""P47310"": 24}"
TNIVNQSKI,"{""P47310"": 7}"
TNIXTFHSF,"{""P47486"": 8}"
TNSSDIVAP,"{""Q49460"": 120}"
TNSSLTANL,"{""P47346"": 131}"
TNSLVEQIE,"{""P47587"": 124}"
TNSDQVVLT,"{""Q49405"": 137}"
TNSNLFGNY,"{""P47599"": 108}"
TNSNLFGNX,"{""P47599"": 6}"
TNSVIAXQX,"{""P47403"": 96}"
TNSVIAXQK,"{""P47403"": 2}"
TNSVIAXXX,"{""P47403"": 22}"
TNSVIAKQX,"{""P47403"": 3}"
TNKQTXHGT,"{""Q49432"": 24}"
TNKQTXXXX,"{""Q49432"": 8}"
TNKHNEXHH,"{""P47468"": 1}"
TNKHNEYHH,"{""P47468"": 8}"
TNKGIPAVN,"{""P47250"": 19}"
TNKIPFLSI,"{""P47394"": 3}"
TNKISLIVI,"{""P47581"": 5}"
TNKALXELN,"{""P47610"": 4}"
TNKADAILI,"{""P47566"": 3}"
TNKNCXXXX,"{""P47393"": 10}"
TNKNLXDAV,"{""P47670"": 2}"
TNKNLXXXX,"{""P47670"": 1}"
TNKTTVFFS,"{""P47445"": 5}"
TNKTKTIAE,"{""P47332"": 1}"
TNKTXTIAE,"{""P47332"": 4}"
TNKLGDYLF,"{""P47329"": 5}"
TNKLWFGYT,"{""Q49400"": 6}"
TNKLYPATI,"{""P47350"": 4}"
TNKVYXXXX,"{""P47350"": 2}"
TNKVYXIGD,"{""P47350"": 1}"
TNKRSLEEN,"{""P47378"": 2}"
TNKXIXXXX,"{""P47661"": 7}"
TNKXXXXXX,"{""P47661"": 1}"
TNFDTQXLD,"{""P47459"": 489}"
TNFDTQXXX,"{""P47459"": 130}"
TNFDTQKLD,"{""P47459"": 25}"
TNFELNDFS,"{""P47359"": 95}"
TNFNDLLEQ,"{""P47618"": 119}"
TNGNWGSVI,"{""P47271"": 123}"
TNGQSQSSD,"{""Q49460"": 133}"
TNGSSDGNG,"{""P47563"": 110}"
TNGSELGVV,"{""Q49417"": 30}"
TNGAQVRTA,"{""P47563"": 24}"
TNGAQVXTA,"{""P47563"": 5}"
TNWNSLFFD,"{""P47484"": 151}"
TNRFSXFIS,"{""P47390"": 17}"
TNRFSXXXX,"{""P47390"": 3}"
TNRFSKFIS,"{""P47390"": 1}"
TNRGEDYNG,"{""P47386"": 19}"
TNRGEDXNG,"{""P47386"": 2}"
TNRSTVETV,"{""P47249"": 33}"
TNRYXFSTL,"{""P47371"": 2}"
TNRYRFSTL,"{""P47371"": 3}"
TNRXRFSTL,"{""P47371"": 1}"
TQXXXXXXX,"{""P47318"": 551, ""P47481"": 88, ""P47342"": 18, ""P56723"": 3}"
TQXXVEAIN,"{""P47318"": 2}"
TQXXLLXRS,"{""P56723"": 1}"
TQXXLLXXX,"{""P56723"": 6}"
TQXXIAVVE,"{""P47273"": 1}"
TQXNXGPIM,"{""P47481"": 404}"
TQXNXXXXX,"{""P47481"": 72}"
TQXNIFXVX,"{""P47342"": 79}"
TQXNIFXVK,"{""P47342"": 3}"
TQXNIFXXX,"{""P47342"": 20}"
TQXNIFKVX,"{""P47342"": 2}"
TQXNIFKVK,"{""P47342"": 1}"
TQXNKGPIM,"{""P47481"": 15}"
TQXLVNXXX,"{""P47280"": 23}"
TQXLVNXNT,"{""P47280"": 6}"
TQXLVNKNT,"{""P47280"": 1}"
TQXEXLSDE,"{""P47460"": 5}"
TQXEXXXXX,"{""P47460"": 3}"
TQXRVEAIN,"{""P47318"": 22}"
TQXRIAVVE,"{""P47273"": 11}"
TQXQXSLSH,"{""P47429"": 3}"
TQXQXXXXX,"{""P47429"": 1}"
TQLINAFIS,"{""P47486"": 121}"
TQLIDALXX,"{""P47530"": 15}"
TQLIDALXT,"{""P47530"": 104}"
TQLIDALKT,"{""P47530"": 4}"
TQLSSLSSN,"{""P47307"": 118}"
TQLLNYFEY,"{""P47577"": 562}"
TQLLNYFEX,"{""P47577"": 39}"
TQLLNXFEY,"{""P47577"": 29}"
TQLLNXFEX,"{""P47577"": 1}"
TQLLSSQIS,"{""P47448"": 116}"
TQLLFHQYG,"{""Q49398"": 28}"
TQLLFHQXG,"{""Q49398"": 1}"
TQLDNFXNN,"{""P47522"": 112}"
TQLDNFXXX,"{""P47522"": 16}"
TQLDNFKNN,"{""P47522"": 1}"
TQLDHILLY,"{""Q49425"": 121}"
TQLDHILLX,"{""Q49425"": 8}"
TQLHXXXXX,"{""P47448"": 111}"
TQLHXDLAQ,"{""P47448"": 25}"
TQLHKDLAQ,"{""P47448"": 3}"
TQLNXTLNY,"{""Q49404"": 100}"
TQLNXTLNX,"{""Q49404"": 3}"
TQLNXXXXX,"{""Q49404"": 20}"
TQLNKTLNY,"{""Q49404"": 3}"
TQLQQLXXY,"{""P47627"": 1}"
TQLQQLXXX,"{""P47627"": 118}"
TQLQQLXRY,"{""P47627"": 5}"
TQLQQLXRX,"{""P47627"": 1}"
TQLPLVLVX,"{""P47518"": 4}"
TQLPLVLVR,"{""P47518"": 32}"
TQLXXXXXX,"{""P47281"": 99}"
TQLXXHNIS,"{""P47281"": 20}"
TQLXKHNIS,"{""P47281"": 1}"
TQLKXXXXX,"{""P47281"": 8}"
TQLKXHNIS,"{""P47281"": 2}"
TQLRALLRA,"{""P47668"": 3}"
TQQMDNVSX,"{""P47520"": 606}"
TQQMDNVSK,"{""P47520"": 23}"
TQTTVDVYV,"{""P47403"": 579}"
TQTTVDVXV,"{""P47403"": 32}"
TQTFDSEXQ,"{""P47460"": 523}"
TQTFDSEXX,"{""P47460"": 101}"
TQTFDSEKQ,"{""P47460"": 22}"
TQDNLXVXY,"{""P47347"": 64}"
TQDNLXVXX,"{""P47347"": 27}"
TQDNLXVKY,"{""P47347"": 6}"
TQDNLXXXX,"{""P47347"": 19}"
TQDNLKVXY,"{""P47347"": 6}"
TQDNLKVXX,"{""P47347"": 2}"
TQDSHVDXV,"{""P47635"": 97}"
TQDSHVDXX,"{""P47635"": 17}"
TQDSHVDKV,"{""P47635"": 4}"
TQDLTSWYD,"{""P47525"": 107}"
TQDLTSWXD,"{""P47525"": 7}"
TQEFGTGWL,"{""P47313"": 143}"
TQELQPEAT,"{""Q49429"": 128}"
TQFXINSIP,"{""P47314"": 492}"
TQFXXXXXX,"{""P47314"": 109}"
TQFKINSIP,"{""P47314"": 18}"
TQFQXXLAL,"{""P47506"": 21}"
TQFQXXXXX,"{""P47506"": 127}"
TQFQKXXXX,"{""P47506"": 7}"
TQAXLAXST,"{""P47695"": 89}"
TQAXLAXXX,"{""P47695"": 18}"
TQAXLAKST,"{""P47695"": 4}"
TQAXXXXXX,"{""P47695"": 22}"
TQAKLAXST,"{""P47695"": 3}"
TQAKLAXXX,"{""P47695"": 1}"
TQVLIVNDG,"{""P47271"": 120}"
TQVLVTNCL,"{""Q49432"": 137}"
TQVLVTNXL,"{""Q49432"": 4}"
TQVGXIAXT,"{""P47317"": 73}"
TQVGXIAXX,"{""P47317"": 11}"
TQVGXIAKT,"{""P47317"": 2}"
TQVGXXXXX,"{""P47317"": 17}"
TQVGKIAXT,"{""P47317"": 5}"
TQVGKIAXX,"{""P47317"": 2}"
TQPGVTNLL,"{""P47372"": 120}"
TQGQVIYFI,"{""P22746"": 133}"
TQGQVIXFI,"{""P22746"": 5}"
TQCEXLSDE,"{""P47460"": 119}"
TQCEXXXXX,"{""P47460"": 19}"
TQCEKLSDE,"{""P47460"": 4}"
TQNGMMVRN,"{""Q49460"": 25}"
TQNGMMVXN,"{""Q49460"": 9}"
TQNDFSFNP,"{""P47321"": 111}"
TQNVRANYT,"{""P47363"": 26}"
TQNVRANXT,"{""P47363"": 1}"
TQNVXANYT,"{""P47363"": 4}"
TQNIXGIIS,"{""P47437"": 21}"
TQNIXXXXX,"{""P47437"": 93}"
TQNNSELHL,"{""P47437"": 127}"
TQRLVNXXX,"{""P47280"": 87}"
TQRLVNXNT,"{""P47280"": 24}"
TQRLVNKNT,"{""P47280"": 2}"
TQRRIAVVE,"{""P47273"": 23}"
TQRXXXXXX,"{""P56723"": 8}"
TQRXLLXXX,"{""P56723"": 10}"
TQRXLLXRS,"{""P56723"": 4}"
TQRXIAVVE,"{""P47273"": 4}"
TQRKLLXRS,"{""P56723"": 3}"
TQRKLLXXX,"{""P56723"": 1}"
TQREVHLGS,"{""P22747"": 2}"
TQSFLLGRF,"{""P47313"": 19}"
TQSFLLGXF,"{""P47313"": 5}"
TQIQNLGIR,"{""P47679"": 6}"
TQIQNLGIX,"{""P47679"": 3}"
TQYQKSLSH,"{""P47429"": 8}"
TQYQXSLSH,"{""P47429"": 102}"
TQYQXXXXX,"{""P47429"": 20}"
TQKNIFKVX,"{""P47342"": 1}"
TQKNIFXVX,"{""P47342"": 7}"
TQKNXGPIM,"{""P47481"": 21}"
TQKNXXXXX,"{""P47481"": 2}"
TQKXVEAIN,"{""P47318"": 1}"
TDTXXXXXX,"{""P47328"": 19}"
TDTXTEHLV,"{""P47328"": 93}"
TDTDTLSVF,"{""P47469"": 665}"
TDTKTEHLV,"{""P47328"": 8}"
TDTASQQFD,"{""P47565"": 24}"
TDNEFAXQF,"{""P47469"": 96}"
TDNEFAXXX,"{""P47469"": 23}"
TDNEFAKQF,"{""P47469"": 4}"
TDNILFLRS,"{""P47264"": 20}"
TDNILFLXS,"{""P47264"": 4}"
TDNDXXXXX,"{""P47589"": 101}"
TDNDXLFEY,"{""P47589"": 28}"
TDNDXLFEX,"{""P47589"": 2}"
TDNRAVVIN,"{""P47274"": 22}"
TDNXAVVIN,"{""P47274"": 8}"
TDNFSDIEN,"{""P47278"": 21}"
TDXFNTFXX,"{""Q49434"": 384}"
TDXFNTFXN,"{""Q49434"": 77}"
TDXFNTFKN,"{""Q49434"": 10}"
TDXXXXXXX,"{""P47460"": 18, ""P47428"": 445, ""P47456"": 478, ""Q49434"": 124, ""P47433"": 24}"
TDXXGIYXX,"{""Q49422"": 1}"
TDXPGRPFI,"{""P47456"": 89}"
TDXPGXPFI,"{""P47456"": 22}"
TDXSXSADF,"{""P47460"": 85}"
TDXSXXXXX,"{""P47460"": 21}"
TDXSKSADF,"{""P47460"": 4}"
TDXGVHAIN,"{""P47428"": 130}"
TDXLTDTQL,"{""P47433"": 109}"
TDXNFLDAL,"{""P47564"": 4}"
TDXYGIXXG,"{""Q49422"": 1}"
TDXYGIYXG,"{""Q49422"": 3}"
TDXYGIYXX,"{""Q49422"": 1}"
TDXYGIYKG,"{""Q49422"": 1}"
TDXTXXXXX,"{""P47486"": 6}"
TDXTKXXXX,"{""P47486"": 1}"
TDLANIEXL,"{""P47580"": 103}"
TDLANIEXX,"{""P47580"": 468}"
TDLANIEKL,"{""P47580"": 7}"
TDLAQYXPN,"{""Q49435"": 98}"
TDLAQYXXX,"{""Q49435"": 13}"
TDLAQYKPN,"{""Q49435"": 3}"
TDLAQXXPN,"{""Q49435"": 5}"
TDLAQXXXX,"{""Q49435"": 2}"
TDLAXIFXE,"{""P47551"": 85}"
TDLAXIFXX,"{""P47551"": 10}"
TDLAXIFKE,"{""P47551"": 6}"
TDLAXXXXX,"{""P47551"": 18}"
TDLAKIFXE,"{""P47551"": 2}"
TDLDFDPME,"{""P47356"": 128}"
TDLTNCLDT,"{""P47670"": 131}"
TDLTNXLDT,"{""P47670"": 6}"
TDLGLLSXN,"{""P47342"": 96}"
TDLGLLSXX,"{""P47342"": 18}"
TDLGLLSKN,"{""P47342"": 4}"
TDLFSETXX,"{""P47483"": 27}"
TDLFSETXN,"{""P47483"": 98}"
TDLFSETKN,"{""P47483"": 4}"
TDLXRXGIA,"{""P47583"": 1}"
TDLXXXXXX,"{""P47583"": 1}"
TDLRRKGIA,"{""P47583"": 1}"
TDGELQTID,"{""P47442"": 118}"
TDGLXEIXE,"{""P47264"": 86}"
TDGLXEIXX,"{""P47264"": 11}"
TDGLXEIKE,"{""P47264"": 4}"
TDGLXXXXX,"{""P47264"": 18}"
TDGLKEIXE,"{""P47264"": 5}"
TDIELDQNI,"{""Q49406"": 121}"
TDITXLYQE,"{""P47635"": 88}"
TDITXLXQE,"{""P47635"": 7}"
TDITXXXXX,"{""P47635"": 19}"
TDITKLYQE,"{""P47635"": 2}"
TDIIVYLII,"{""P47655"": 109}"
TDIIVXLII,"{""P47655"": 8}"
TDSDFAXTI,"{""Q49415"": 89}"
TDSDFAXXX,"{""Q49415"": 17}"
TDSDFAKTI,"{""Q49415"": 5}"
TDSFGNIHL,"{""P47328"": 633}"
TDSIRISNQ,"{""P47368"": 112}"
TDSIXISNQ,"{""P47368"": 39}"
TDEELGTDD,"{""P47291"": 136}"
TDEXXXXXX,"{""P47246"": 111}"
TDEXIVLRR,"{""P47246"": 8}"
TDEXIVLXR,"{""P47246"": 1}"
TDYYGIYXG,"{""Q49422"": 85}"
TDYYGIYXX,"{""Q49422"": 12}"
TDYYGIYKG,"{""Q49422"": 3}"
TDYYGIXXG,"{""Q49422"": 4}"
TDYYGIXXX,"{""Q49422"": 2}"
TDYTXXXXX,"{""P47486"": 97}"
TDYTXXLRX,"{""P47486"": 10}"
TDYTXXLXX,"{""P47486"": 5}"
TDYTKXLXX,"{""P47486"": 1}"
TDYTKXXXX,"{""P47486"": 3}"
TDYNFLDAL,"{""P47564"": 122}"
TDYXGIYXG,"{""Q49422"": 5}"
TDQAXLQQI,"{""P47303"": 92}"
TDQAXXXXX,"{""P47303"": 21}"
TDQAKLQQI,"{""P47303"": 1}"
TDQIFVYGI,"{""P22747"": 168}"
TDQIFVXGI,"{""P22747"": 6}"
TDQIDPMAG,"{""P47297"": 94}"
TDQLPLXIN,"{""P47496"": 97}"
TDQLPLXXX,"{""P47496"": 26}"
TDQLPLKIN,"{""P47496"": 5}"
TDQTTNTNF,"{""P47315"": 31}"
TDQXPYLGI,"{""P47535"": 84}"
TDQXPXLGI,"{""P47535"": 4}"
TDQXXXXXX,"{""P47535"": 22}"
TDQKPXLGI,"{""P47535"": 1}"
TDQKPYLGI,"{""P47535"": 6}"
TDFATIXSE,"{""Q49329"": 103}"
TDFATIXXX,"{""Q49329"": 15}"
TDFATIKSE,"{""Q49329"": 3}"
TDFDKXXXX,"{""P47281"": 1}"
TDFDKXAIT,"{""P47281"": 1}"
TDFDXXXXX,"{""P47281"": 28}"
TDFDXXAIT,"{""P47281"": 78}"
TDFDXKAIT,"{""P47281"": 3}"
TDFDIVDNQ,"{""P47613"": 29}"
TDFEXLXXN,"{""Q49419"": 71}"
TDFEXLXXX,"{""Q49419"": 23}"
TDFEXLXKN,"{""Q49419"": 4}"
TDFEXLKXN,"{""Q49419"": 4}"
TDFEXXXXX,"{""Q49419"": 19}"
TDFEKLXXN,"{""Q49419"": 6}"
TDFEKLXXX,"{""Q49419"": 2}"
TDFSSQXXX,"{""P47345"": 119}"
TDFSSQXSP,"{""P47345"": 10}"
TDFFEWXPS,"{""P47483"": 112}"
TDFFEWXXX,"{""P47483"": 19}"
TDFFEWKPS,"{""P47483"": 2}"
TDVDXIENQ,"{""P47460"": 106}"
TDVDXXXXX,"{""P47460"": 18}"
TDVDKIENQ,"{""P47460"": 6}"
TDDQREFNE,"{""P47635"": 23}"
TDDQXEFNE,"{""P47635"": 15}"
TDKFNTFXX,"{""Q49434"": 17}"
TDKFNTFXN,"{""Q49434"": 6}"
TDKGVHAIN,"{""P47428"": 8}"
TDKPGRPFI,"{""P47456"": 5}"
TDKPGXPFI,"{""P47456"": 1}"
TDKSKSADF,"{""P47460"": 1}"
TDKSXXXXX,"{""P47460"": 2}"
TDKSXSADF,"{""P47460"": 3}"
TDKLTDTQL,"{""P47433"": 2}"
TTDEIHXQQ,"{""P47267"": 501}"
TTDEIHXXX,"{""P47267"": 89}"
TTDEIHKQQ,"{""P47267"": 23}"
TTDSDITVS,"{""Q57081"": 594}"
TTDNDGDWT,"{""P47286"": 139}"
TTDVVLTVY,"{""Q49416"": 129}"
TTDVVLTVX,"{""Q49416"": 6}"
TTDVTGSIA,"{""P13927"": 610}"
TTDXSLCLE,"{""P47480"": 102}"
TTDXSLXLE,"{""P47480"": 3}"
TTDXXXXXX,"{""P47480"": 24}"
TTDFLFNFP,"{""P47493"": 116}"
TTDGIPIEX,"{""P47682"": 111}"
TTDGIPIEK,"{""P47682"": 8}"
TTDPXYYXY,"{""P47508"": 5}"
TTDPXYYXX,"{""P47508"": 3}"
TTDPXXYXX,"{""P47508"": 1}"
TTDPRYYXX,"{""P47508"": 5}"
TTDPRYYXY,"{""P47508"": 11}"
TTDPRYYKY,"{""P47508"": 1}"
TTDPRYXXY,"{""P47508"": 2}"
TTDKSLCLE,"{""P47480"": 8}"
TTHFEYDAL,"{""P47277"": 120}"
TTHFEXDAL,"{""P47277"": 6}"
TTHSGLXXX,"{""P47563"": 95}"
TTHSGLXGR,"{""P47563"": 23}"
TTHSGLXGX,"{""P47563"": 1}"
TTSVELNHE,"{""Q49429"": 142}"
TTSETITLE,"{""P47442"": 127}"
TTSCDSLIY,"{""P47613"": 114}"
TTSCDSLIX,"{""P47613"": 6}"
TTSXDSLIY,"{""P47613"": 4}"
TTNEEPIXS,"{""P47337"": 102}"
TTNEEPIXX,"{""P47337"": 33}"
TTNEEPIKS,"{""P47337"": 3}"
TTNEENTML,"{""P47341"": 629}"
TTNSFLVWS,"{""P47551"": 572}"
TTNNYLNXX,"{""P47655"": 119}"
TTNNYLNXY,"{""P47655"": 452}"
TTNNYLNKY,"{""P47655"": 22}"
TTNNYLNKX,"{""P47655"": 2}"
TTNNRDXFQ,"{""P47635"": 101}"
TTNNRDXXX,"{""P47635"": 18}"
TTNNRDKFQ,"{""P47635"": 6}"
TTNNXDXFQ,"{""P47635"": 34}"
TTNNXDXXX,"{""P47635"": 5}"
TTNNXDKFQ,"{""P47635"": 2}"
TTNNXLNXY,"{""P47655"": 26}"
TTNNXLNXX,"{""P47655"": 6}"
TTNNXLNKY,"{""P47655"": 1}"
TTNTGLLTS,"{""P47414"": 134}"
TTNXIVGFI,"{""Q49399"": 101}"
TTNXXXXXX,"{""Q49399"": 16}"
TTNVYSPLX,"{""P47333"": 105}"
TTNVXSPLX,"{""P47333"": 3}"
TTNKIVGFI,"{""Q49399"": 4}"
TTKXXXXXX,"{""P47399"": 4}"
TTKXPLSTL,"{""P52271"": 3}"
TTKXETXXX,"{""P47399"": 5}"
TTKNXXXXX,"{""Q49429"": 3}"
TTKNXNXNT,"{""Q49429"": 4}"
TTKNXNXXX,"{""Q49429"": 1}"
TTKGGRNMX,"{""P47414"": 1}"
TTKCFGPFA,"{""P47448"": 4}"
TTKADVDXX,"{""P47549"": 7}"
TTKAALSAF,"{""P47294"": 2}"
TTLIXQLGL,"{""P47545"": 91}"
TTLIXXXXX,"{""P47545"": 22}"
TTLIEXIVE,"{""P47250"": 92}"
TTLIEXXXX,"{""P47250"": 18}"
TTLIEKIVE,"{""P47250"": 3}"
TTLIKQLGL,"{""P47545"": 1}"
TTLDPPQVV,"{""P47469"": 633}"
TTLYGDDXX,"{""P47618"": 113}"
TTLYGDDXD,"{""P47618"": 7}"
TTLLDYQLL,"{""P47677"": 108}"
TTLLDXQLL,"{""P47677"": 4}"
TTLLRLLAG,"{""P47288"": 28}"
TTLLNLIGG,"{""P47705"": 115}"
TTLLNIISG,"{""P47311"": 11}"
TTLLXLLAG,"{""P47288"": 6}"
TTLQGIEGA,"{""P47308"": 114}"
TTLSEEELE,"{""P47484"": 116}"
TTLTAAICT,"{""P13927"": 105}"
TTLTAAIXT,"{""P13927"": 10}"
TTLARLIAN,"{""Q49425"": 18}"
TTLAXLIAN,"{""Q49425"": 8}"
TTLXGDDXX,"{""P47618"": 4}"
TTLFSFRGG,"{""P47356"": 31}"
TTLFSFXGG,"{""P47356"": 5}"
TTLFQALLM,"{""P47470"": 27}"
TTQXXXXXX,"{""P47580"": 24}"
TTQXQQQXX,"{""P47580"": 71}"
TTQXQQQXP,"{""P47580"": 13}"
TTQXQQQKP,"{""P47580"": 1}"
TTQFIEQFX,"{""P47700"": 152}"
TTQFIEQFK,"{""P47700"": 2}"
TTQLXXXXX,"{""P47311"": 586}"
TTQLXAQRE,"{""P47311"": 23}"
TTQLXAQXE,"{""P47311"": 1}"
TTQKQQQXP,"{""P47580"": 2}"
TTQKQQQXX,"{""P47580"": 4}"
TTIXLSDSL,"{""P47585"": 98}"
TTIXAIELV,"{""P47637"": 108}"
TTIXXXXXX,"{""P47585"": 16, ""P47637"": 15}"
TTIANTLAN,"{""P47510"": 122}"
TTIAXNTHL,"{""P47312"": 464}"
TTIAXXXXX,"{""P47312"": 129}"
TTIALNAVA,"{""P47581"": 118}"
TTIAKNTHL,"{""P47312"": 19}"
TTITEETXX,"{""P47658"": 25}"
TTITEETXN,"{""P47658"": 103}"
TTITEETKN,"{""P47658"": 6}"
TTITDLEXL,"{""P47540"": 91}"
TTITDLEXX,"{""P47540"": 21}"
TTITDLEKL,"{""P47540"": 5}"
TTILLDQFN,"{""P47537"": 106}"
TTILNNFFQ,"{""P47386"": 141}"
TTIVLPPVI,"{""P47426"": 115}"
TTIVVESEP,"{""Q49429"": 115}"
TTIILVLLI,"{""P47533"": 130}"
TTIIHLLQD,"{""P47321"": 36}"
TTIITNRFA,"{""P47486"": 24}"
TTIITNXFA,"{""P47486"": 7}"
TTINIATPT,"{""P47456"": 141}"
TTININDID,"{""P47695"": 151}"
TTINXVGAV,"{""P47700"": 94}"
TTINXXXXX,"{""P47700"": 13}"
TTINKVGAV,"{""P47700"": 6}"
TTIDSEXXX,"{""P47523"": 82}"
TTIDSEXPT,"{""P47523"": 19}"
TTIDSEKPT,"{""P47523"": 1}"
TTIEVVXIM,"{""P47616"": 111}"
TTIEVVXXX,"{""P47616"": 20}"
TTIEVVKIM,"{""P47616"": 1}"
TTIKLSDSL,"{""P47585"": 2}"
TTIKAIELV,"{""P47637"": 2}"
TTFXTLYSD,"{""Q49418"": 472}"
TTFXTLXSD,"{""Q49418"": 21}"
TTFXXXXXX,"{""Q49418"": 135}"
TTFLTVSGQ,"{""P47359"": 109}"
TTFNPFWSA,"{""P47702"": 143}"
TTFAXIIAX,"{""P47658"": 103}"
TTFAXIIAK,"{""P47658"": 4}"
TTFAXXXXX,"{""P47658"": 19}"
TTFAKIIAX,"{""P47658"": 8}"
TTFSNIAXN,"{""P47664"": 101}"
TTFSNIAXX,"{""P47664"": 18}"
TTFGLLIAL,"{""P47498"": 40}"
TTFKTLYSD,"{""Q49418"": 18}"
TTFKTLXSD,"{""Q49418"": 1}"
TTELMLFMD,"{""P47465"": 128}"
TTELNTNVN,"{""P47549"": 170}"
TTEINDLSP,"{""Q49396"": 120}"
TTEELLFCL,"{""P47467"": 120}"
TTEELLFXL,"{""P47467"": 11}"
TTEVXFDDV,"{""Q49429"": 107}"
TTEVXXXXX,"{""Q49429"": 24}"
TTEVKFDDV,"{""Q49429"": 5}"
TTEGYIGLN,"{""P47638"": 22}"
TTEGXIGLN,"{""P47638"": 1}"
TTAXQTXQF,"{""Q49404"": 401}"
TTAXQTXXX,"{""Q49404"": 86}"
TTAXQTKQF,"{""Q49404"": 16}"
TTAXXXXXX,"{""Q49404"": 92}"
TTAALVQTA,"{""P47492"": 137}"
TTAAAITSD,"{""P47580"": 35}"
TTAQLTXTM,"{""P56723"": 112}"
TTAQLTXXX,"{""P56723"": 22}"
TTAQLTKTM,"{""P56723"": 1}"
TTAKQTXQF,"{""Q49404"": 29}"
TTAKQTXXX,"{""Q49404"": 4}"
TTAKQTKQF,"{""Q49404"": 1}"
TTAWRVMTV,"{""P47424"": 6}"
TTPSIVSYX,"{""P47547"": 581}"
TTPSIVSYK,"{""P47547"": 29}"
TTPSIVSXX,"{""P47547"": 24}"
TTPSIVSXK,"{""P47547"": 1}"
TTPTFFVAV,"{""P47315"": 166}"
TTPTQLIVT,"{""Q49397"": 126}"
TTPLPSXIT,"{""P47448"": 127}"
TTPLPSXXX,"{""P47448"": 16}"
TTPLPSKIT,"{""P47448"": 4}"
TTPLLFLGF,"{""P47302"": 124}"
TTPVDKIAL,"{""P47365"": 8}"
TTPVDXIAL,"{""P47365"": 93}"
TTPVDXXXX,"{""P47365"": 21}"
TTPVSNLIX,"{""P47327"": 122}"
TTPVSNLIK,"{""P47327"": 2}"
TTXXXXXXX,"{""P47294"": 33, ""Q49429"": 25, ""P52271"": 37, ""P47549"": 24, ""P47399"": 31, ""P47417"": 90, ""P47414"": 100, ""P47448"": 7}"
TTXXPLSTL,"{""P52271"": 72}"
TTXXETXXX,"{""P47399"": 63}"
TTXXFGPFA,"{""P47448"": 4}"
TTXGIIGVX,"{""P47403"": 6}"
TTXGIIGVK,"{""P47403"": 1}"
TTXGGXNMR,"{""P47414"": 1}"
TTXGGXNMX,"{""P47414"": 2}"
TTXGGRNMR,"{""P47414"": 6}"
TTXGGRNMX,"{""P47414"": 1}"
TTXCFGPFA,"{""P47448"": 96}"
TTXLVHIAS,"{""P47417"": 18}"
TTXADVDXX,"{""P47549"": 69}"
TTXADVDXI,"{""P47549"": 24}"
TTXAALSAF,"{""P47294"": 89}"
TTXNXNXNT,"{""Q49429"": 84}"
TTXNXNXXX,"{""Q49429"": 14}"
TTXNXNKNT,"{""Q49429"": 5}"
TTXNXXXXX,"{""Q49429"": 15}"
TTXNKNXNT,"{""Q49429"": 3}"
TTXKETXXX,"{""P47399"": 5}"
TTXKPLSTL,"{""P52271"": 3}"
TTGQHPGGI,"{""P47277"": 624}"
TTTLAVIFL,"{""P47564"": 615}"
TTTLAVIAG,"{""P47433"": 127}"
TTTLAXIAD,"{""P47539"": 117}"
TTTLAXXXX,"{""P47539"": 20}"
TTTLAKIAD,"{""P47539"": 1}"
TTTLXQXAT,"{""P47508"": 19}"
TTTLXQXXX,"{""P47508"": 88}"
TTTLXXXXX,"{""P47508"": 31}"
TTTLKQXXX,"{""P47508"": 2}"
TTTCGXLAX,"{""P47294"": 5}"
TTTCGXLAY,"{""P47294"": 105}"
TTTCGXXXX,"{""P47294"": 16}"
TTTCGKLAY,"{""P47294"": 6}"
TTTXXTPXX,"{""Q49427"": 17}"
TTTXXTPXI,"{""Q49427"": 66}"
TTTXXTPKI,"{""Q49427"": 5}"
TTTXXXXXX,"{""Q49405"": 79, ""Q49427"": 26}"
TTTXGXLAY,"{""P47294"": 7}"
TTTXGKLAY,"{""P47294"": 1}"
TTTXIFSYI,"{""Q49405"": 28}"
TTTXIFSXI,"{""Q49405"": 1}"
TTTXKTPXI,"{""Q49427"": 2}"
TTTSEXILF,"{""P47335"": 3}"
TTTSERILF,"{""P47335"": 3}"
TTTIIEXXX,"{""P47534"": 86}"
TTTIIEXLR,"{""P47534"": 22}"
TTTIIEXLX,"{""P47534"": 8}"
TTTIIEKLR,"{""P47534"": 1}"
TTTIIEKLX,"{""P47534"": 1}"
TTTKXTPXI,"{""Q49427"": 3}"
TTTKXXXXX,"{""Q49427"": 2}"
TTTKIFSYI,"{""Q49405"": 1}"
TTVAEMIYQ,"{""P47622"": 140}"
TTVAEMIXQ,"{""P47622"": 8}"
TTVIGGXGN,"{""P47632"": 107}"
TTVIGGXXX,"{""P47632"": 19}"
TTVIGGKGN,"{""P47632"": 11}"
TTVIEXXXX,"{""P47533"": 92}"
TTVIEXXXW,"{""P47533"": 8}"
TTVIEXRXW,"{""P47533"": 13}"
TTVIEXRXX,"{""P47533"": 1}"
TTVICLETM,"{""P47477"": 103}"
TTVIXLETM,"{""P47477"": 3}"
TTVFFSTSG,"{""P47445"": 128}"
TTVFSXXXX,"{""P47348"": 100}"
TTVFSXTVI,"{""P47348"": 24}"
TTVFSKTVI,"{""P47348"": 2}"
TTWXXXXXX,"{""P47307"": 26}"
TTWXLIGVY,"{""P47307"": 91}"
TTWXLIGVX,"{""P47307"": 7}"
TTWKLIGVY,"{""P47307"": 3}"
TTMATNVAG,"{""P47706"": 123}"
TTYGIIGVX,"{""P47403"": 111}"
TTYGIIGVK,"{""P47403"": 1}"
TRYAPSPTG,"{""P47700"": 24}"
TRYLIGNWX,"{""P47670"": 98}"
TRYLIGNWK,"{""P47670"": 3}"
TRQENEXXX,"{""P47563"": 21}"
TRQENEXPI,"{""P47563"": 1}"
TRQRXXXXX,"{""Q49409"": 3}"
TRQXXXXXX,"{""Q49409"": 2}"
TRNPISDVI,"{""P47547"": 112}"
TRNLVAXXX,"{""P47318"": 9}"
TRNLVAXXI,"{""P47318"": 17}"
TRNLVAXKI,"{""P47318"": 2}"
TRNLVAKXX,"{""P47318"": 1}"
TRNALXXXX,"{""P47290"": 28}"
TRNALXXTI,"{""P47290"": 79}"
TRNALXKTI,"{""P47290"": 3}"
TRNALKKTI,"{""P47290"": 1}"
TRNALKXTI,"{""P47290"": 3}"
TRNMXXXXX,"{""P47400"": 22}"
TRNMKXXXX,"{""P47400"": 1}"
TRSAVXEVA,"{""Q49405"": 13}"
TRSAVXXXX,"{""Q49405"": 4}"
TRSIXQIVL,"{""P47435"": 28}"
TRSIXXXXX,"{""P47435"": 5}"
TRSIDLDSI,"{""P47285"": 26}"
TRSIKQIVL,"{""P47435"": 3}"
TRALAFLVX,"{""P47525"": 25}"
TRILLLXEI,"{""P47661"": 20}"
TRILLLXXX,"{""P47661"": 7}"
TRILLLKEI,"{""P47661"": 1}"
TRIDWSELA,"{""P47292"": 24}"
TRIXTDSDF,"{""Q49415"": 88}"
TRIXXXXXX,"{""Q49415"": 29, ""Q49433"": 21}"
TRIXFSLQL,"{""Q49433"": 6}"
TRINLXLLX,"{""Q49396"": 18}"
TRINLXXXX,"{""Q49396"": 4}"
TRINLKLLX,"{""Q49396"": 1}"
TRIKTDSDF,"{""Q49415"": 6}"
TRIKFSLQL,"{""Q49433"": 1}"
TRIVSIXQF,"{""P47433"": 14}"
TRIVSIXXX,"{""P47433"": 2}"
TRIVSIKQF,"{""P47433"": 1}"
TRTFXGXXX,"{""P47677"": 98}"
TRTFXXXXX,"{""P47677"": 32}"
TRTFKGXXX,"{""P47677"": 7}"
TRTLXXXXX,"{""P47313"": 28}"
TRTLXSYAD,"{""P47313"": 81}"
TRTLXSXAD,"{""P47313"": 2}"
TRTLKSYAD,"{""P47313"": 2}"
TRTTNNXDX,"{""P47635"": 1}"
TRTTNNRDX,"{""P47635"": 5}"
TRTTNNRDK,"{""P47635"": 1}"
TRTNARTRX,"{""P47421"": 8}"
TREEEQQTV,"{""Q49419"": 18}"
TREGNDLYY,"{""P47639"": 89}"
TREGNDLYX,"{""P47639"": 12}"
TREGNDLXY,"{""P47639"": 5}"
TREGNDLXX,"{""P47639"": 1}"
TREFEQFEI,"{""P47493"": 110}"
TRLLQGINX,"{""P47632"": 129}"
TRLLQGINK,"{""P47632"": 2}"
TRLHNEVID,"{""P47706"": 106}"
TRLRSVILQ,"{""P47447"": 4}"
TRLXSVILQ,"{""P47447"": 2}"
TRCELYGLX,"{""P47330"": 16}"
TRCELXGLX,"{""P47330"": 1}"
TRFFGTFIN,"{""P47703"": 19}"
TRFLXXXXX,"{""P47271"": 1}"
TRFLXPYFG,"{""P47271"": 20}"
TRFLXPXFG,"{""P47271"": 4}"
TRFLKPYFG,"{""P47271"": 1}"
TRVNIIXXX,"{""P47476"": 19}"
TRVFXXXXX,"{""P47408"": 22}"
TRVSCSFSF,"{""P47326"": 28}"
TRVSXSFSF,"{""P47326"": 2}"
TRVAIVGGI,"{""P47364"": 18}"
TRHAXSITL,"{""P47696"": 24}"
TRHAXXXXX,"{""P47696"": 7}"
TRHAKSITL,"{""P47696"": 1}"
TRHNAGFMV,"{""P47329"": 8}"
TRXLIGNWX,"{""P47670"": 5}"
TRXLIGNWK,"{""P47670"": 1}"
TRXXXXXXX,"{""P47421"": 84, ""P47271"": 3}"
TRXXIXXXX,"{""P47271"": 1}"
TRXGPRXTV,"{""P47421"": 17}"
TRXGPRXXX,"{""P47421"": 3}"
TRXGPRKTV,"{""P47421"": 1}"
TRXGPXXTV,"{""P47421"": 2}"
TRXYIXXXX,"{""P47271"": 18}"
TRXELYGLX,"{""P47330"": 2}"
TRWXVCFET,"{""P47493"": 1}"
TRWRVCFET,"{""P47493"": 1}"
TRKYIXXXX,"{""P47271"": 3}"
TYXTELVNQ,"{""P47409"": 92}"
TYXFIXXXX,"{""P47379"": 66}"
TYXFIXPPR,"{""P47379"": 15}"
TYXFIXPPX,"{""P47379"": 4}"
TYXXXXXXX,"{""P47705"": 117, ""P47409"": 22, ""P47325"": 23, ""Q49421"": 35, ""P47379"": 28, ""P47593"": 19}"
TYXXVYEXA,"{""P47317"": 1}"
TYXNLXXXX,"{""Q49421"": 19}"
TYXNLXLPV,"{""Q49421"": 82}"
TYXNLKLPV,"{""Q49421"": 4}"
TYXLLQXXT,"{""P47593"": 73}"
TYXLLQXXX,"{""P47593"": 32}"
TYXLLQXKT,"{""P47593"": 3}"
TYXLLQKXT,"{""P47593"": 4}"
TYXSXLXEI,"{""P47325"": 66}"
TYXSXLXXX,"{""P47325"": 11}"
TYXSXLKEI,"{""P47325"": 1}"
TYXSXXXXX,"{""P47325"": 15}"
TYXSKLXEI,"{""P47325"": 6}"
TYXQGLXXS,"{""P47539"": 5}"
TYXQTILMV,"{""P47705"": 4}"
TYXGNTVXN,"{""P47619"": 6}"
TYXGNTVXX,"{""P47619"": 2}"
TYXGNTVKN,"{""P47619"": 1}"
TYXRVYEXX,"{""P47317"": 1}"
TYQPSXLXX,"{""P47704"": 371}"
TYQPSXLXR,"{""P47704"": 73}"
TYQPSXLKR,"{""P47704"": 5}"
TYQPSXXXX,"{""P47704"": 133}"
TYQPSKLXX,"{""P47704"": 17}"
TYQPSKLXR,"{""P47704"": 1}"
TYLFXFHTN,"{""P47653"": 485}"
TYLFXXXXX,"{""P47653"": 92}"
TYLFQMRTX,"{""P47655"": 92}"
TYLFQMRTK,"{""P47655"": 7}"
TYLFQMXTX,"{""P47655"": 27}"
TYLFQMXTK,"{""P47655"": 2}"
TYLFKFHTN,"{""P47653"": 32}"
TYLEXXXXX,"{""P47616"": 444}"
TYLEXXSGI,"{""P47616"": 22}"
TYLEXRSGI,"{""P47616"": 94}"
TYLEKRSGI,"{""P47616"": 1}"
TYLEKXSGI,"{""P47616"": 1}"
TYLXATVEV,"{""P47391"": 105}"
TYLXXXXXX,"{""P47391"": 21}"
TYLGSMPGR,"{""P47481"": 20}"
TYLGSMPGX,"{""P47481"": 10}"
TYLKATVEV,"{""P47391"": 3}"
TYSIFGQIV,"{""P47564"": 30}"
TYSNEWSEL,"{""P47653"": 115}"
TYGGNVANL,"{""P47590"": 575}"
TYGIVGPTG,"{""P47260"": 110}"
TYGVXXXXX,"{""P47631"": 87}"
TYGVXEEAA,"{""P47631"": 18}"
TYGVLITXA,"{""P47446"": 115}"
TYGVLITXX,"{""P47446"": 21}"
TYGVLITKA,"{""P47446"": 5}"
TYGVKEEAA,"{""P47631"": 1}"
TYNVSQFTV,"{""P47315"": 125}"
TYNTNNSXH,"{""P47313"": 480}"
TYNTNNSXX,"{""P47313"": 101}"
TYNTNNSKH,"{""P47313"": 19}"
TYNFIXXXX,"{""Q49436"": 4}"
TYNFIXXNW,"{""Q49436"": 29}"
TYNFIXKNW,"{""Q49436"": 1}"
TYNFIRXXX,"{""Q49436"": 21}"
TYNFIRXNW,"{""Q49436"": 89}"
TYNFIRKNW,"{""Q49436"": 5}"
TYNQSIFSF,"{""P47249"": 34}"
TYNYPQNRI,"{""P47500"": 25}"
TYNYPQNXI,"{""P47500"": 3}"
TYNXPQNRI,"{""P47500"": 2}"
TYFAVMXXX,"{""P47359"": 91}"
TYFAVMXIR,"{""P47359"": 16}"
TYFAVMXIX,"{""P47359"": 6}"
TYFAVMKIR,"{""P47359"": 2}"
TYFAXXXXX,"{""P47448"": 120}"
TYFEXNAAV,"{""P47460"": 3}"
TYFERNAAV,"{""P47460"": 35}"
TYCGNTVXN,"{""P47619"": 89}"
TYCGNTVXX,"{""P47619"": 20}"
TYCGNTVKN,"{""P47619"": 2}"
TYEYNFXNX,"{""P47512"": 74}"
TYEYNFXXX,"{""P47512"": 31}"
TYEYNFKNX,"{""P47512"": 7}"
TYESLPXVF,"{""P47470"": 82}"
TYESLPXXX,"{""P47470"": 26}"
TYESLPKVF,"{""P47470"": 7}"
TYELFLXXX,"{""P47619"": 28}"
TYELFLXXE,"{""P47619"": 82}"
TYELFLXKE,"{""P47619"": 5}"
TYELFLKXX,"{""P47619"": 1}"
TYEVGIYAD,"{""P47583"": 123}"
TYEVGIXAD,"{""P47583"": 5}"
TYEXNFXNX,"{""P47512"": 5}"
TYEXNFXXX,"{""P47512"": 1}"
TYIISPDGI,"{""P47400"": 120}"
TYIDTLLNL,"{""P47481"": 116}"
TYHIFLFXV,"{""P47304"": 35}"
TYHIFLFRV,"{""P47304"": 112}"
TYYQGLXXS,"{""P47539"": 94}"
TYYQGLXXX,"{""P47539"": 25}"
TYYQGLXKS,"{""P47539"": 2}"
TYYQGLKKS,"{""P47539"": 1}"
TYYQGLKXS,"{""P47539"": 4}"
TYYRVYEXX,"{""P47317"": 15}"
TYYRVYEXA,"{""P47317"": 7}"
TYYRVXEXX,"{""P47317"": 1}"
TYYRVXEXA,"{""P47317"": 1}"
TYYXVXEXX,"{""P47317"": 2}"
TYYXVYEXX,"{""P47317"": 6}"
TYYXVYEXA,"{""P47317"": 1}"
TYALRSAVS,"{""Q49411"": 28}"
TYALXSAVS,"{""Q49411"": 7}"
TYKNLXLPV,"{""Q49421"": 4}"
TYKNLXXXX,"{""Q49421"": 1}"
TYKSXXXXX,"{""P47325"": 3}"
TYKSXLXEI,"{""P47325"": 5}"
TYKLLQXXT,"{""P47593"": 1}"
TYKFIXXXX,"{""P47379"": 2}"
TYKTELVNQ,"{""P47409"": 5}"
TCLASEVDG,"{""P47494"": 606}"
TCNLLSNDN,"{""P47486"": 127}"
TCDGMRYEI,"{""P47322"": 20}"
TCDGMRXEI,"{""P47322"": 1}"
TCDGMXYEI,"{""P47322"": 6}"
TCQQALNNV,"{""P47651"": 133}"
TCVLFINQL,"{""P47581"": 39}"
TCRSNXYTV,"{""P47265"": 17}"
TCRSNXXXX,"{""P47265"": 2}"
TCRSNXXTV,"{""P47265"": 1}"
TCRSNKYTV,"{""P47265"": 1}"
TCXSNXYTV,"{""P47265"": 4}"
TCXSNXXXX,"{""P47265"": 1}"
TWANMVXIY,"{""P47613"": 97}"
TWANMVXIX,"{""P47613"": 7}"
TWANMVXXX,"{""P47613"": 23}"
TWANMVKIX,"{""P47613"": 1}"
TWANMVKIY,"{""P47613"": 3}"
TWTFYISLL,"{""P47278"": 136}"
TWTFXISLL,"{""P47278"": 4}"
TWTSVFSXS,"{""P47351"": 516}"
TWTSVFSXX,"{""P47351"": 104}"
TWTSVFSKS,"{""P47351"": 29}"
TWIVDENNX,"{""P47254"": 586}"
TWIVDENNK,"{""P47254"": 9}"
TWLVYSEQS,"{""P47495"": 591}"
TWLVFDDNA,"{""P47352"": 134}"
TWLVXSEQS,"{""P47495"": 35}"
TWQAVENGY,"{""P47374"": 121}"
TWQAVENGX,"{""P47374"": 6}"
TWXQAEXXX,"{""P47277"": 86}"
TWXQAEXXY,"{""P47277"": 4}"
TWXQAEXRY,"{""P47277"": 11}"
TWXQAEXRX,"{""P47277"": 1}"
TWXQAEKRY,"{""P47277"": 1}"
TWXXXXXXX,"{""P47277"": 28}"
TWHENQXXX,"{""P47520"": 105}"
TWHENQXXL,"{""P47520"": 2}"
TWHENQXRL,"{""P47520"": 5}"
TWEGAFFGI,"{""Q49433"": 140}"
TWFEXNQEL,"{""P47549"": 96}"
TWFEXXXXX,"{""P47549"": 13}"
TWFEKNQEL,"{""P47549"": 2}"
TWKQAEXXX,"{""P47277"": 5}"
TWKQAEXRY,"{""P47277"": 1}"
TWSRRSTIF,"{""P47401"": 3}"
TWSRXSTIF,"{""P47401"": 1}"
TWSXXSTIF,"{""P47401"": 1}"
TKITXXHVE,"{""P47277"": 14}"
TKITXXXXX,"{""P47277"": 9}"
TKIAGFDSV,"{""P47687"": 9}"
TKIASXGVD,"{""P47512"": 1}"
TKILPGDVV,"{""P47419"": 25}"
TKILYEIRX,"{""Q49399"": 1}"
TKIIDIYSN,"{""P47579"": 21}"
TKIIDIXSN,"{""P47579"": 1}"
TKIIXXXXX,"{""P47382"": 19}"
TKIIXSIRS,"{""P47382"": 1}"
TKIIATCGP,"{""P47458"": 23}"
TKINSWHXX,"{""P47284"": 5}"
TKINSWHXA,"{""P47284"": 1}"
TKINXXXXX,"{""P47483"": 1}"
TKINXHGEI,"{""P47483"": 3}"
TKIEIVXXX,"{""P47607"": 14}"
TKIEIVXGE,"{""P47607"": 4}"
TKDQLDXXX,"{""P47460"": 21}"
TKDQLDKXX,"{""P47460"": 1}"
TKDGFEYXF,"{""P47653"": 10}"
TKDGFEYXX,"{""P47653"": 10}"
TKDGFEXXF,"{""P47653"": 3}"
TKDIRINDT,"{""P47496"": 3}"
TKDFIDXLX,"{""P47374"": 3}"
TKDFIDKLX,"{""P47374"": 1}"
TKDFSVLRE,"{""P47495"": 1}"
TKDFSVLXE,"{""P47495"": 1}"
TKDEIAFLF,"{""P47610"": 4}"
TKDRGFVXX,"{""P58061"": 2}"
TKEXXXXXX,"{""P47301"": 7, ""P47405"": 11}"
TKEXEXHES,"{""P47301"": 14}"
TKEXEXXXX,"{""P47301"": 2}"
TKEAIYQNL,"{""P47620"": 7}"
TKEKEXHES,"{""P47301"": 2}"
TKENXXFDI,"{""Q9ZB70"": 1}"
TKAXXNNVA,"{""P47706"": 6}"
TKAXXXXXX,"{""P47706"": 3}"
TKAXLTXXI,"{""Q49407"": 6}"
TKAXLTXXX,"{""Q49407"": 1}"
TKADQEXMS,"{""P47335"": 7}"
TKADQEXXX,"{""P47335"": 2}"
TKASXXYFL,"{""P47349"": 1}"
TKASXXXXX,"{""P47349"": 2}"
TKAIQEIEN,"{""P47460"": 2}"
TKQLYNNLX,"{""P47637"": 6}"
TKQEEEEGM,"{""P47516"": 24}"
TKQGEYTXL,"{""P47315"": 3}"
TKQGEYTXX,"{""P47315"": 1}"
TKQFFQQLI,"{""P47479"": 6}"
TKQFNVVDL,"{""P47636"": 5}"
TKQAYLNGI,"{""P47386"": 3}"
TKQXAIELY,"{""P47297"": 5}"
TKQXXXXXX,"{""P47408"": 3, ""P47297"": 2}"
TKQXTXVFX,"{""P47408"": 1}"
TKQMQYENN,"{""P47264"": 3}"
TKQMQXENN,"{""P47264"": 1}"
TKQQVLLGA,"{""P47319"": 3}"
TKQTISEHD,"{""P47537"": 1}"
TKVXXXXXX,"{""P47399"": 3, ""P47272"": 5, ""P47369"": 1}"
TKVXLAFEI,"{""P47399"": 4}"
TKVXETAFN,"{""P47369"": 3}"
TKVXNLRTG,"{""P47272"": 1}"
TKVYEYLIN,"{""P47428"": 3}"
TKVHEYQYV,"{""P47447"": 21}"
TKVHEYQXV,"{""P47447"": 1}"
TKVTXVSLG,"{""P47524"": 9}"
TKVELXQTL,"{""P47433"": 7}"
TKVELXXXX,"{""P47433"": 1}"
TKVESXPLX,"{""P47405"": 2}"
TKVESXXXX,"{""P47405"": 1}"
TKVETNQVN,"{""P47397"": 5}"
TKVFHSTXE,"{""P47473"": 3}"
TKVFHSTXX,"{""P47473"": 4}"
TKVMVSXNX,"{""P47581"": 4}"
TKVMVSXXX,"{""P47581"": 1}"
TKVVYXXXX,"{""P47642"": 6}"
TKVILSING,"{""P47508"": 3}"
TKVLTLAVE,"{""P47382"": 4}"
TKLESAVSD,"{""P47516"": 27}"
TKLELQNQF,"{""P47394"": 4}"
TKLADLSFX,"{""P47520"": 5}"
TKLFCIDND,"{""P47298"": 5}"
TKLFXIDND,"{""P47298"": 1}"
TKLSAFXXR,"{""Q49423"": 1}"
TKLSAFYXX,"{""Q49423"": 5}"
TKLXTNVXX,"{""P55750"": 2}"
TKLXQLFXX,"{""Q9ZB74"": 5}"
TKLXGNGDF,"{""Q49400"": 5}"
TKLXXXXXX,"{""Q49400"": 1}"
TKLNNDFAX,"{""P47460"": 10}"
TKLNINLDS,"{""P47631"": 1}"
TKLKTNVXX,"{""P55750"": 1}"
TKLQIIQGG,"{""Q49425"": 2}"
TKXXXXXXX,"{""Q49421"": 2, ""P47407"": 17, ""P47411"": 2, ""P47656"": 1, ""P47297"": 3, ""P47404"": 2, ""P47255"": 5, ""P47592"": 5, ""P47466"": 2, ""P47587"": 4, ""Q49404"": 7, ""P47655"": 6, ""P47420"": 3, ""P47285"": 1, ""P47508"": 1, ""P47702"": 1, ""P47664"": 2, ""P47371"": 3, ""P47247"": 8, ""P47398"": 1, ""Q49415"": 4, ""Q49429"": 1, ""Q49425"": 4, ""P47372"": 1, ""P47429"": 1}"
TKXXGDLFV,"{""P47442"": 1}"
TKXMLTFLX,"{""P47398"": 6}"
TKXMQLIFY,"{""P47702"": 6}"
TKXSNQAXV,"{""P47499"": 2}"
TKXSYTIEQ,"{""P47429"": 5}"
TKXLVLNVN,"{""P47655"": 11}"
TKXLVSFTL,"{""P47411"": 7}"
TKXLIDAAG,"{""P47285"": 6}"
TKXLAQXXX,"{""P47372"": 6}"
TKXLTTRDX,"{""P47656"": 1}"
TKXIXLTDL,"{""P47514"": 20}"
TKXIXXXXX,"{""P47514"": 4}"
TKXIANELA,"{""P47297"": 3}"
TKXISLNYA,"{""P47508"": 4}"
TKXISLNXA,"{""P47508"": 1}"
TKXIKLTDL,"{""P47514"": 1}"
TKXINNPSX,"{""P47371"": 2}"
TKXHXXXXX,"{""P47420"": 4}"
TKXGGISLD,"{""P47664"": 4}"
TKXGQQRQD,"{""P47407"": 5}"
TKXGQQXQD,"{""P47407"": 2}"
TKXGVFIPR,"{""Q49404"": 1}"
TKXPLEVRM,"{""P47404"": 3}"
TKXPDHFLF,"{""Q49415"": 5}"
TKXQTVVFA,"{""Q49421"": 5}"
TKXQLNELL,"{""P47255"": 1}"
TKXWVXYHX,"{""P47587"": 4}"
TKXTMXERC,"{""P47587"": 1}"
TKXTMCERC,"{""P47587"": 1}"
TKFNAXXXX,"{""P47368"": 17}"
TKFNAXXTF,"{""P47368"": 3}"
TKFNWFDTS,"{""P47366"": 7}"
TKFGDNYXI,"{""P47568"": 5}"
TKFVLNXQQ,"{""P47250"": 1}"
TKFVLNXXX,"{""P47250"": 3}"
TKFEXXXXX,"{""P47530"": 2}"
TKFEXEIIE,"{""P47530"": 1}"
TKFFSQLXH,"{""Q49401"": 2}"
TKFDGRIXT,"{""P47388"": 1}"
TKTXXXXXX,"{""P47411"": 4}"
TKTXXLVSF,"{""P47411"": 2}"
TKTIAELLN,"{""P47332"": 7}"
TKTFLXQXS,"{""P47437"": 3}"
TKTFLXQXX,"{""P47437"": 1}"
TKTVQLTTE,"{""P47323"": 2}"
TKTSPNTTP,"{""P47549"": 1}"
TKTTVICLE,"{""P47477"": 3}"
TKNAFSINT,"{""P47482"": 2}"
TKNXVLXXX,"{""P47264"": 5}"
TKNXVLXEL,"{""P47264"": 16}"
TKNXVLKEL,"{""P47264"": 2}"
TKNXXXXXX,"{""P47565"": 3, ""P56723"": 3, ""P47264"": 2}"
TKNXXVSQQ,"{""P47534"": 1}"
TKNXSDWQI,"{""P56723"": 2}"
TKNFXEQVQ,"{""P47280"": 6}"
TKNFXXXXX,"{""P47280"": 1}"
TKNINSNGL,"{""P47477"": 4}"
TKNGFQYSL,"{""P47655"": 3}"
TKNGFQXSL,"{""P47655"": 1}"
TKNYXVSQQ,"{""P47534"": 3}"
TKNLSIEEV,"{""P47387"": 5}"
TKNHSFLVL,"{""P47374"": 1}"
TKNTDTEIN,"{""P47585"": 3}"
TKNKSDWQI,"{""P56723"": 1}"
TKNKVLXEL,"{""P47264"": 1}"
TKPXXXXXX,"{""P47414"": 3}"
TKPXHNLXP,"{""P47414"": 3}"
TKPEXNVEV,"{""P47631"": 5}"
TKSVSFWLP,"{""P47386"": 5}"
TKSIXXXXX,"{""Q49434"": 18, ""P47587"": 1}"
TKSIXXQLX,"{""P47587"": 3}"
TKSTFFYHX,"{""P47534"": 4}"
TKSTFFYHK,"{""P47534"": 1}"
TKSTMVDVS,"{""P47480"": 3}"
TKSFNSXXX,"{""Q49429"": 7}"
TKSFNSXKX,"{""Q49429"": 1}"
TKSAAVXXX,"{""P47439"": 3}"
TKSSLNTLV,"{""P47429"": 8}"
TKSSTSSAN,"{""P47580"": 2}"
TKYDNLVEX,"{""P47380"": 5}"
TKYXXXXXX,"{""P47404"": 1, ""P47703"": 2}"
TKYXLAVQR,"{""P47703"": 1}"
TKYQVSVRC,"{""P47525"": 1}"
TKYQVSVXC,"{""P47525"": 1}"
TKYRXPHNV,"{""P47404"": 2}"
TKGREPITS,"{""P47304"": 1}"
TKGYXLXXX,"{""P47276"": 6}"
TKMEELIXX,"{""P47662"": 6}"
TKMEELIXK,"{""P47662"": 1}"
TKKHXXXXX,"{""P47420"": 1}"
TKKGQQRQD,"{""P47407"": 1}"
TKKWVXYHX,"{""P47587"": 1}"
TKKMQLIFY,"{""P47702"": 1}"
TKWTXFFSL,"{""P47393"": 3}"
TKWXLQXQT,"{""P47433"": 2}"
TKRFFVFLS,"{""P47468"": 4}"
AAAVNIVPT,"{""P47543"": 622}"
AAAXAQNSS,"{""P47647"": 101}"
AAAXXXXXX,"{""P47256"": 120, ""P47647"": 29}"
AAALXXXXX,"{""P47540"": 36}"
AAALXXLIL,"{""P47540"": 72}"
AAALXKLIL,"{""P47540"": 3}"
AAALKXXXX,"{""P47540"": 1}"
AAALKXLIL,"{""P47540"": 4}"
AAANQNYEL,"{""P47319"": 23}"
AAANQNXEL,"{""P47319"": 1}"
AAAKAQNSS,"{""P47647"": 2}"
AASVASSLI,"{""P47632"": 114}"
AASLTELGI,"{""P47318"": 633}"
AASLFNYLX,"{""P47369"": 109}"
AASLFNYLK,"{""P47369"": 8}"
AASLFNXLX,"{""P47369"": 14}"
AASLSLTDN,"{""Q49405"": 123}"
AASMFXYDC,"{""P47612"": 85}"
AASMFXYDX,"{""P47612"": 5}"
AASMFXXXX,"{""P47612"": 36}"
AASMFXXDC,"{""P47612"": 6}"
AASMFKYDC,"{""P47612"": 2}"
AASPYEVFM,"{""P47426"": 111}"
AASPXEVFM,"{""P47426"": 6}"
AASNXXXXX,"{""P47365"": 113}"
AASNXLIFN,"{""P47365"": 3}"
AASXLPVXI,"{""P47631"": 94}"
AASXLPVXX,"{""P47631"": 17}"
AASXLPVKI,"{""P47631"": 5}"
AASXXXXXX,"{""P47631"": 15}"
AASKLPVXI,"{""P47631"": 6}"
AATAVVESW,"{""P47695"": 615}"
AATWLLHPQ,"{""P47325"": 99}"
AAVYXSAMQ,"{""P47315"": 486}"
AAVYXXXXX,"{""P47315"": 78}"
AAVYKSAMQ,"{""P47315"": 20}"
AAVEEGIIA,"{""P47632"": 135}"
AAVXXSAMQ,"{""P47315"": 32}"
AAVXXXXXX,"{""P47315"": 1}"
AAVXKSAMQ,"{""P47315"": 3}"
AANINXXXX,"{""P47336"": 563}"
AANINXQII,"{""P47336"": 27}"
AANXXXXXX,"{""P47580"": 94}"
AANXLNNFR,"{""P47580"": 17}"
AANXLNNFX,"{""P47580"": 9}"
AANTDGSNT,"{""P47580"": 121}"
AANPSVXXX,"{""P22747"": 40}"
AANPSVXXP,"{""P22747"": 92}"
AANPSVXKP,"{""P22747"": 3}"
AANPSVKXP,"{""P22747"": 6}"
AANPSVKKP,"{""P22747"": 1}"
AANLIRGXN,"{""P47657"": 14}"
AANLIRGXX,"{""P47657"": 4}"
AANLIRGKN,"{""P47657"": 3}"
AANLIXGXN,"{""P47657"": 5}"
AANLIXGXX,"{""P47657"": 2}"
AANSFFDHF,"{""P47526"": 109}"
AANNYLALL,"{""Q49460"": 32}"
AANKLNNFX,"{""P47580"": 2}"
AAYESQXVH,"{""P47582"": 479}"
AAYESQXXX,"{""P47582"": 81}"
AAYESQKVH,"{""P47582"": 21}"
AAYSSSDTT,"{""P47310"": 30}"
AAYFLTXLL,"{""P47402"": 86}"
AAYFLTXXX,"{""P47402"": 18}"
AAYFLTKLL,"{""P47402"": 5}"
AAYFFNXWI,"{""Q49399"": 116}"
AAYFFNXXX,"{""Q49399"": 12}"
AAYFFNKWI,"{""Q49399"": 4}"
AAYYLEMMG,"{""P47426"": 111}"
AAYXLEMMG,"{""P47426"": 5}"
AAYVFGVVS,"{""P47308"": 25}"
AALSAFXTA,"{""P47294"": 99}"
AALSAFXXX,"{""P47294"": 25}"
AALSAFKTA,"{""P47294"": 1}"
AALLTTMFE,"{""P47688"": 637}"
AALLPGICT,"{""P47395"": 11}"
AALEDLAIS,"{""P47632"": 118}"
AALTXPINE,"{""P47277"": 97}"
AALTXXXXX,"{""P47277"": 17}"
AALTKPINE,"{""P47277"": 3}"
AALISLELL,"{""P47451"": 7}"
AAXXLYNXX,"{""P47615"": 24}"
AAXXLYNXL,"{""P47615"": 70}"
AAXXLYNKL,"{""P47615"": 4}"
AAXXLXNXX,"{""P47615"": 1}"
AAXXLXNXL,"{""P47615"": 2}"
AAXXXXXXX,"{""P47583"": 578, ""P47346"": 25, ""Q49432"": 89, ""P47251"": 104, ""P47486"": 75, ""P47508"": 22, ""P47615"": 31, ""P47440"": 19, ""P47681"": 105, ""P47264"": 45, ""Q49415"": 15, ""P47362"": 34}"
AAXXXXNTT,"{""P47362"": 1}"
AAXXYXNTT,"{""P47362"": 17}"
AAXXYXXXX,"{""P47362"": 68}"
AAXXYKNTT,"{""P47362"": 1}"
AAXXIXXXX,"{""P47264"": 68}"
AAXXIXGNF,"{""P47264"": 20}"
AAXXIKGNF,"{""P47264"": 2}"
AAXQTVIQA,"{""P47440"": 98}"
AAXQGDXGE,"{""P47318"": 30}"
AAXQGDXXX,"{""P47318"": 3}"
AAXVNQXXX,"{""P47346"": 18}"
AAXVNQXQA,"{""P47346"": 82}"
AAXVNQKQA,"{""P47346"": 6}"
AAXVFGVVS,"{""P47308"": 1}"
AAXEFTXGS,"{""P47508"": 80}"
AAXEFTXXX,"{""P47508"": 8}"
AAXEFTKGS,"{""P47508"": 3}"
AAXESQXVH,"{""P47582"": 30}"
AAXESQXXX,"{""P47582"": 4}"
AAXESQKVH,"{""P47582"": 1}"
AAXEMQFRI,"{""P47486"": 24}"
AAXEMQFXI,"{""P47486"": 5}"
AAXFDLTDA,"{""Q49415"": 111}"
AAXFFNXWI,"{""Q49399"": 6}"
AAXFFNXXX,"{""Q49399"": 1}"
AAXFLTXLL,"{""P47402"": 4}"
AAXLLEDVR,"{""Q49432"": 17}"
AAXLLEDVX,"{""Q49432"": 3}"
AAXLLRAIT,"{""P47251"": 21}"
AAXLLXAIT,"{""P47251"": 6}"
AAXNEHGRV,"{""P47319"": 1}"
AAXKLYNXL,"{""P47615"": 3}"
AAXKLYNXX,"{""P47615"": 1}"
AAXKIXXXX,"{""P47264"": 4}"
AAXKXXXXX,"{""P47362"": 1}"
AAXKYXXXX,"{""P47362"": 2}"
AAXHIVNEL,"{""P47583"": 7}"
AAXDLNQSA,"{""P47681"": 24}"
AAXSSSDTT,"{""P47310"": 1}"
AAXYLEMMG,"{""P47426"": 2}"
AAEALETVV,"{""P47502"": 662}"
AAEEEIYGN,"{""P47695"": 567}"
AAEEEIXGN,"{""P47695"": 21}"
AAEXXXXXX,"{""P47448"": 22}"
AAEXXASDN,"{""P47448"": 86}"
AAEXKASDN,"{""P47448"": 3}"
AAEKXXXXX,"{""P47448"": 2}"
AAEKXASDN,"{""P47448"": 5}"
AAQSHTSSS,"{""P47580"": 136}"
AAQHTTLET,"{""Q57081"": 125}"
AAQXXXXXX,"{""P47315"": 95}"
AAQXTDQTT,"{""P47315"": 29}"
AAGAIIIAA,"{""P47289"": 609}"
AAGLGTLIF,"{""P47467"": 7}"
AAILAXXXX,"{""P47329"": 33}"
AAILAXPAT,"{""P47329"": 89}"
AAILAKPAT,"{""P47329"": 5}"
AAIAVLPYN,"{""P47362"": 117}"
AAIAVLPXN,"{""P47362"": 7}"
AAFTXXXXX,"{""P47398"": 111}"
AAFTLSDLI,"{""P47350"": 29}"
AAWDILQAL,"{""P47326"": 134}"
AAPCIIFID,"{""P47695"": 104}"
AAPXIIFID,"{""P47695"": 9}"
AARQGDXGE,"{""P47318"": 91}"
AARQGDXXX,"{""P47318"": 19}"
AARQGDKGE,"{""P47318"": 2}"
AARNEHGXV,"{""P47319"": 9}"
AARNEHGRV,"{""P47319"": 16}"
AADEFSDAQ,"{""P47370"": 109}"
AADGTELEL,"{""Q49460"": 30}"
AAMXSASSS,"{""P47551"": 96}"
AAMXXXXXX,"{""P47551"": 20}"
AAMKSASSS,"{""P47551"": 4}"
AAKXIXXXX,"{""P47264"": 4}"
AAKXIXGNF,"{""P47264"": 1}"
AAKXXXXXX,"{""P47362"": 1, ""P47615"": 1, ""P47264"": 2}"
AAKXLYNXL,"{""P47615"": 2}"
AAKXLYNXX,"{""P47615"": 3}"
AAKXYXNTT,"{""P47362"": 1}"
AAKXYXXXX,"{""P47362"": 3}"
AAKEFTXGS,"{""P47508"": 8}"
AAKFDLTDA,"{""Q49415"": 6}"
AAKQTVIQA,"{""P47440"": 2}"
AAKVNQXQA,"{""P47346"": 4}"
AAKVNQXXX,"{""P47346"": 4}"
AAKHIVNEL,"{""P47583"": 1}"
AACSAGEPV,"{""P47631"": 20}"
AIVMXGTTI,"{""P55825"": 103}"
AIVMXXXXX,"{""P55825"": 26}"
AIVMKGTTI,"{""P55825"": 5}"
AIVNCDLFQ,"{""P47393"": 122}"
AIVNNIGNS,"{""P47247"": 628}"
AIVNALXXX,"{""P47514"": 43}"
AIVNALXXF,"{""P47514"": 89}"
AIVNALXKF,"{""P47514"": 2}"
AIVNALKXF,"{""P47514"": 2}"
AIVNALKXX,"{""P47514"": 2}"
AIVNXDLFQ,"{""P47393"": 6}"
AIVELAGFS,"{""P47414"": 565}"
AIVEGINXV,"{""P47408"": 106}"
AIVEGINXX,"{""P47408"": 24}"
AIVEGINKV,"{""P47408"": 5}"
AIVDYXDAP,"{""P47321"": 106}"
AIVDYXXXX,"{""P47321"": 8}"
AIVDYKDAP,"{""P47321"": 5}"
AIVDNLFDL,"{""P47606"": 146}"
AIVDXXDAP,"{""P47321"": 3}"
AIVDXXXXX,"{""P47321"": 1}"
AIVHELLWF,"{""P47469"": 137}"
AIVISYNEF,"{""P47658"": 100}"
AIVISXNEF,"{""P47658"": 9}"
AIVIAFXXX,"{""P47590"": 2}"
AIVIAFXXD,"{""P47590"": 6}"
AIVIAFXKD,"{""P47590"": 1}"
AIVIAFRXD,"{""P47590"": 14}"
AIVIAFRXX,"{""P47590"": 6}"
AIVIAFRKD,"{""P47590"": 3}"
AIVRXPXLL,"{""P47433"": 3}"
AIVRRPXLL,"{""P47433"": 20}"
AIVRRPXXX,"{""P47433"": 6}"
AIVCAXGLG,"{""P47277"": 83}"
AIVCAXXXX,"{""P47277"": 26}"
AIVCAKGLG,"{""P47277"": 5}"
AIVSNIXXX,"{""P47254"": 109}"
AIVSNIXGS,"{""P47254"": 25}"
AIVSNIKGS,"{""P47254"": 2}"
AIVXHXXXX,"{""P47291"": 96}"
AIVXHXDRF,"{""P47291"": 2}"
AIVXHXDXF,"{""P47291"": 3}"
AIVXXXXXX,"{""P47291"": 32}"
AIVXXPXLL,"{""P47433"": 4}"
AIVXRPXXX,"{""P47433"": 1}"
AIVXRPXLL,"{""P47433"": 9}"
AIVXAXGLG,"{""P47277"": 4}"
AIVXAKGLG,"{""P47277"": 1}"
AIVKHXXXX,"{""P47291"": 8}"
AIDIETNDF,"{""P47285"": 123}"
AIDYLHSFX,"{""P47355"": 108}"
AIDYLHSFK,"{""P47355"": 1}"
AIDKEYDXX,"{""P47288"": 1}"
AIDKILFSS,"{""P47535"": 4}"
AIDANNXEI,"{""P47335"": 116}"
AIDANNXXX,"{""P47335"": 19}"
AIDANNKEI,"{""P47335"": 5}"
AIDDLLDWA,"{""P47350"": 167}"
AIDETXXXX,"{""P47319"": 108}"
AIDETXRRR,"{""P47319"": 1}"
AIDETXRRX,"{""P47319"": 1}"
AIDXILFSS,"{""P47535"": 107}"
AIDXEYDXX,"{""P47288"": 18}"
AIDXEYDXL,"{""P47288"": 70}"
AIDXEYDKL,"{""P47288"": 2}"
AIDXEXDXL,"{""P47288"": 4}"
AIDXXXXXX,"{""P47288"": 16, ""P47535"": 18}"
AIDXLHSFX,"{""P47355"": 6}"
AIDLIDEAA,"{""P47597"": 114}"
AIDLEINRQ,"{""P47346"": 21}"
AITEIDEIA,"{""P47540"": 138}"
AITENEXKI,"{""Q49413"": 22}"
AITENEXXI,"{""Q49413"": 427}"
AITENEXXX,"{""Q49413"": 171}"
AITENEKXI,"{""Q49413"": 20}"
AITNLMIDL,"{""P47251"": 624}"
AITTTLQLS,"{""P47473"": 562}"
AITIANNLI,"{""P47286"": 564}"
AITIKNLVS,"{""P47281"": 3}"
AITIXNLVS,"{""P47281"": 82}"
AITIXXXXX,"{""P47281"": 30}"
AITGIQASG,"{""P47372"": 162}"
AITDCHVNF,"{""P47591"": 111}"
AITDALLEX,"{""P47669"": 123}"
AITDALLEK,"{""P47669"": 5}"
AITDXHVNF,"{""P47591"": 8}"
AITVTDXDN,"{""P47277"": 114}"
AITVTDXXX,"{""P47277"": 12}"
AITVTDKDN,"{""P47277"": 6}"
AITVCSLIE,"{""P47270"": 110}"
AITVXSLIE,"{""P47270"": 8}"
AISXLGNET,"{""P47318"": 472}"
AISXXDVXL,"{""Q49405"": 342}"
AISXXDVXX,"{""Q49405"": 64}"
AISXXDVKL,"{""Q49405"": 13}"
AISXXXXXX,"{""Q49405"": 160, ""P47318"": 133, ""P47491"": 22}"
AISXFNWSL,"{""P47491"": 111}"
AISXKDVXL,"{""Q49405"": 18}"
AISXKDVXX,"{""Q49405"": 5}"
AISXKDVKL,"{""Q49405"": 1}"
AISFDDNDT,"{""P47250"": 593}"
AISIIDXII,"{""P47446"": 98}"
AISIIDXXX,"{""P47446"": 27}"
AISIIDKII,"{""P47446"": 4}"
AISLGICXX,"{""P47269"": 81}"
AISLGICXL,"{""P47269"": 22}"
AISLGICKL,"{""P47269"": 3}"
AISLGIXXX,"{""P47269"": 6}"
AISLGIXXL,"{""P47269"": 3}"
AISEPFVXX,"{""P47384"": 99}"
AISEPFVXV,"{""P47384"": 4}"
AISEQTXLI,"{""P47433"": 113}"
AISEQTXXX,"{""P47433"": 16}"
AISEQTKLI,"{""P47433"": 6}"
AISETMAVN,"{""P47651"": 144}"
AISKLGNET,"{""P47318"": 24}"
AISKXDVXL,"{""Q49405"": 17}"
AISKXDVXX,"{""Q49405"": 2}"
AISKXXXXX,"{""Q49405"": 1}"
AISKKDVXL,"{""Q49405"": 1}"
AIEICGIXL,"{""P47492"": 89}"
AIEICGIXX,"{""P47492"": 27}"
AIEICGIKL,"{""P47492"": 4}"
AIEIXGIXX,"{""P47492"": 1}"
AIEIXGIXL,"{""P47492"": 4}"
AIENNCXYL,"{""Q9ZB80"": 98}"
AIENNCXXX,"{""Q9ZB80"": 30}"
AIENNCXXL,"{""Q9ZB80"": 4}"
AIENNCKYL,"{""Q9ZB80"": 5}"
AIENNXXYL,"{""Q9ZB80"": 4}"
AIENNXXXX,"{""Q9ZB80"": 2}"
AIENVCVFR,"{""P47312"": 106}"
AIENVCVFX,"{""P47312"": 31}"
AIENVXVFX,"{""P47312"": 2}"
AIENVXVFR,"{""P47312"": 3}"
AIENXTINQ,"{""P47579"": 88}"
AIENXXXXX,"{""P47579"": 18}"
AIENKTINQ,"{""P47579"": 3}"
AIEXITDYL,"{""P47455"": 88}"
AIEXITDXL,"{""P47455"": 1}"
AIEXVDFVL,"{""P47277"": 23}"
AIEXXXXXX,"{""P47277"": 87, ""P47455"": 16}"
AIEENTNFG,"{""P47658"": 28}"
AIEEVFAVS,"{""P47446"": 124}"
AIELYQDVL,"{""P47297"": 121}"
AIELVFQNE,"{""P47637"": 133}"
AIELXQDVL,"{""P47297"": 2}"
AIEFFDQNX,"{""P47373"": 127}"
AIEFFDQNK,"{""P47373"": 4}"
AIESARVAI,"{""P47404"": 123}"
AIESAXVAI,"{""P47404"": 31}"
AIESFEFFE,"{""P47694"": 28}"
AIEAAAHTP,"{""Q49412"": 123}"
AIEKVDFVL,"{""P47277"": 1}"
AIEKITDYL,"{""P47455"": 8}"
AIXAHFXXX,"{""P47492"": 14}"
AIXAHFXEL,"{""P47492"": 74}"
AIXAHFKEL,"{""P47492"": 2}"
AIXAXXXXX,"{""P52271"": 17}"
AIXAXXXXV,"{""P52271"": 1}"
AIXAXXXKV,"{""P52271"": 1}"
AIXAXYXXV,"{""P52271"": 50}"
AIXAXYXXX,"{""P52271"": 22}"
AIXAXYXKV,"{""P52271"": 4}"
AIXAXYKXV,"{""P52271"": 3}"
AIXAKYXXX,"{""P52271"": 1}"
AIXAKYXXV,"{""P52271"": 2}"
AIXNXQXXX,"{""P47455"": 293}"
AIXNXQXXA,"{""P47455"": 22}"
AIXNXQXRA,"{""P47455"": 52}"
AIXNXQKRA,"{""P47455"": 2}"
AIXNXXXXX,"{""P47455"": 107}"
AIXNKQXXX,"{""P47455"": 17}"
AIXNKQXRA,"{""P47455"": 2}"
AIXXXXXXX,"{""P47528"": 84, ""P47455"": 109, ""P52271"": 16, ""P47480"": 28, ""P47414"": 51, ""P47582"": 28, ""P47492"": 19, ""Q9ZB76"": 19, ""P47308"": 28, ""P47641"": 27, ""P47491"": 4}"
AIXXPDEVY,"{""P47308"": 96}"
AIXXPDEVX,"{""P47308"": 7}"
AIXXAHNSI,"{""P47414"": 89}"
AIXXLEFTP,"{""P47480"": 95}"
AIXSFXQLL,"{""Q9ZB76"": 88}"
AIXSFXXXX,"{""Q9ZB76"": 19}"
AIXSFKQLL,"{""Q9ZB76"": 1}"
AIXLSIASN,"{""P47582"": 105}"
AIXLTLDXQ,"{""P47668"": 24}"
AIXLTLDXX,"{""P47668"": 11}"
AIXLTLDKQ,"{""P47668"": 1}"
AIXLHPLVT,"{""P47582"": 2}"
AIXQQTGSL,"{""P47641"": 91}"
AIXQHNYFQ,"{""P47528"": 32}"
AIXQHNXFQ,"{""P47528"": 1}"
AIXGLEFNL,"{""P47277"": 8}"
AIXKAHNSI,"{""P47414"": 3}"
AIXKPDEVY,"{""P47308"": 4}"
AIXKLEFTP,"{""P47480"": 8}"
AIXDXTVGQ,"{""P47294"": 5}"
AIXDXXXXX,"{""P47294"": 1}"
AILQELFSF,"{""P47612"": 148}"
AILSGVSXM,"{""P47308"": 32}"
AILSGVSYM,"{""P47308"": 576}"
AILDXXPSA,"{""P47345"": 386}"
AILDXXXXX,"{""P47345"": 183}"
AILDXKPSA,"{""P47345"": 27}"
AILDKXPSA,"{""P47345"": 30}"
AILDKXXXX,"{""P47345"": 4}"
AILXALGXS,"{""P47540"": 92}"
AILXALGXX,"{""P47540"": 13}"
AILXALGKS,"{""P47540"": 3}"
AILXXXXXX,"{""P47540"": 15, ""P47357"": 24}"
AILXGTLQA,"{""P47357"": 90}"
AILIDGNSL,"{""Q49406"": 20}"
AILLSIXXX,"{""Q49398"": 123}"
AILLSIKXX,"{""Q49398"": 5}"
AILLVSYEL,"{""P47365"": 119}"
AILLVSXEL,"{""P47365"": 5}"
AILKALGXS,"{""P47540"": 7}"
AILKALGXX,"{""P47540"": 1}"
AILKGTLQA,"{""P47357"": 4}"
AIALQPDVL,"{""P47650"": 617}"
AIATTGGSL,"{""P47489"": 124}"
AIAEAMTXX,"{""P47514"": 15}"
AIAEAMTXS,"{""P47514"": 101}"
AIAEAMTKS,"{""P47514"": 2}"
AIANRDLFL,"{""P47339"": 21}"
AIANXDLFL,"{""P47339"": 5}"
AIADHETNG,"{""P47513"": 150}"
AIADQARTV,"{""P47491"": 5}"
AIADQAXTV,"{""P47491"": 3}"
AIGFMPKTX,"{""P47370"": 23}"
AIGFMPXTX,"{""P47370"": 488}"
AIGFMPXXX,"{""P47370"": 116}"
AIGRNDQNX,"{""P47685"": 24}"
AIGRNDQNK,"{""P47685"": 1}"
AIGEIFIEL,"{""Q49410"": 127}"
AIGEVCREL,"{""Q49416"": 15}"
AIGEVCXEL,"{""Q49416"": 7}"
AIGLLFFXI,"{""P47361"": 8}"
AIGLLFFCI,"{""P47361"": 107}"
AIGLVVPEA,"{""P47543"": 113}"
AIGIATRXX,"{""P47627"": 34}"
AIGIATRKX,"{""P47627"": 2}"
AIGIATXXX,"{""P47627"": 9}"
AIGYRDVQN,"{""Q49460"": 23}"
AIGYXDVQN,"{""Q49460"": 5}"
AIGXNDQNX,"{""P47685"": 3}"
AINSXDSLL,"{""P47460"": 501}"
AINSXXXXX,"{""P47460"": 102}"
AINSIVXXX,"{""P47306"": 93}"
AINSIVXNR,"{""P47306"": 35}"
AINSIVXNX,"{""P47306"": 3}"
AINSKDSLL,"{""P47460"": 35}"
AINXXXXXX,"{""P47589"": 16, ""P47549"": 19}"
AINXINXLD,"{""P47589"": 120}"
AINXINXXX,"{""P47589"": 17}"
AINXINKLD,"{""P47589"": 4}"
AINXFLXDT,"{""P47549"": 71}"
AINXFLXXX,"{""P47549"": 16}"
AINXFLKDT,"{""P47549"": 3}"
AINXCFSDA,"{""P47446"": 9}"
AINXLNWDQ,"{""P47658"": 2}"
AINLLLXIV,"{""P47267"": 547}"
AINLLLXXX,"{""P47267"": 94}"
AINLLLKIV,"{""P47267"": 21}"
AINPVHXXX,"{""Q49419"": 27}"
AINPVHXTI,"{""Q49419"": 88}"
AINPVHKTI,"{""Q49419"": 5}"
AINYCFSDA,"{""P47446"": 113}"
AINYXFSDA,"{""P47446"": 3}"
AINCLNWDQ,"{""P47658"": 117}"
AINHYQAYG,"{""P47458"": 109}"
AINHYQAXG,"{""P47458"": 5}"
AINHXQAYG,"{""P47458"": 3}"
AINHXQAXG,"{""P47458"": 1}"
AINITDXSV,"{""P47310"": 102}"
AINITDXXX,"{""P47310"": 14}"
AINITDKSV,"{""P47310"": 9}"
AINAEAIVC,"{""P47518"": 24}"
AINAEAIVX,"{""P47518"": 1}"
AINKFLXDT,"{""P47549"": 5}"
AINKINXLD,"{""P47589"": 2}"
AINNYGSIY,"{""P47468"": 1}"
AIINGFADI,"{""P47652"": 633}"
AIINEYIAY,"{""P47447"": 109}"
AIINEYIAX,"{""P47447"": 4}"
AIINEXIAY,"{""P47447"": 5}"
AIIXYLSVI,"{""P47317"": 104}"
AIIXEPXLL,"{""P47705"": 392}"
AIIXEPXXX,"{""P47705"": 107}"
AIIXEPKLL,"{""P47705"": 19}"
AIIXXXXXX,"{""P47705"": 91, ""P47317"": 22}"
AIIXXLSVI,"{""P47317"": 5}"
AIILEEFKP,"{""P47627"": 8}"
AIILEEFXP,"{""P47627"": 104}"
AIILEEFXX,"{""P47627"": 18}"
AIILFNFWD,"{""P47702"": 114}"
AIIFLVSLQ,"{""P47571"": 109}"
AIIDEVTLQ,"{""P47425"": 109}"
AIITINPSQ,"{""P47310"": 110}"
AIIKEPXXX,"{""P47705"": 6}"
AIIKEPXLL,"{""P47705"": 25}"
AIIKYLSVI,"{""P47317"": 5}"
AIRLTLDXQ,"{""P47668"": 95}"
AIRLTLDXX,"{""P47668"": 24}"
AIRLTLDKQ,"{""P47668"": 4}"
AIRLHPLVT,"{""P47582"": 10}"
AIRXXXXXX,"{""P47491"": 24}"
AIRDXTVGQ,"{""P47294"": 17}"
AIRDXXXXX,"{""P47294"": 1}"
AIRDKTVGQ,"{""P47294"": 2}"
AIRDLNFEI,"{""P47292"": 3}"
AIQSDANFA,"{""P47391"": 135}"
AIQPQFNLP,"{""P47690"": 129}"
AIQEIENSY,"{""P47460"": 109}"
AIQEIENSX,"{""P47460"": 6}"
AIMLDNSIV,"{""P47350"": 123}"
AIMLXAFDY,"{""P47483"": 95}"
AIMLXAFDX,"{""P47483"": 6}"
AIMLXXXXX,"{""P47483"": 20}"
AIMLKAFDY,"{""P47483"": 2}"
AIMLKAFDX,"{""P47483"": 1}"
AIMVEINSQ,"{""P47246"": 123}"
AIFLEXTIE,"{""P47246"": 30}"
AIFLEXXXX,"{""P47246"": 80}"
AIFQXXXXX,"{""P47341"": 114}"
AIFDVGXLN,"{""P47431"": 86}"
AIFDVGXXX,"{""P47431"": 25}"
AIFDVGKLN,"{""P47431"": 2}"
AIFGEYLSS,"{""P47621"": 139}"
AIFGEXLSS,"{""P47621"": 8}"
AIFXFAVIX,"{""P47468"": 6}"
AIFXFAVIK,"{""P47468"": 1}"
AIFXXXXXX,"{""P47573"": 118}"
AIFYFAVIX,"{""P47468"": 96}"
AIFYFAVIK,"{""P47468"": 3}"
AIFPESVQN,"{""P47583"": 32}"
AIPILFRAD,"{""P47386"": 115}"
AIPILFXAD,"{""P47386"": 23}"
AIPNISRXX,"{""P47660"": 22}"
AIPNISRXL,"{""P47660"": 2}"
AIPNISXXX,"{""P47660"": 6}"
AIPXEMLPL,"{""P47691"": 105}"
AIPXXXXXX,"{""P47691"": 20}"
AIPKEMLPL,"{""P47691"": 4}"
AIHFQSQPV,"{""P47499"": 120}"
AIHFSDLEH,"{""P47664"": 27}"
AIYGLEFNL,"{""P47277"": 120}"
AIKAHFKEL,"{""P47492"": 2}"
AIKAHFXEL,"{""P47492"": 8}"
AIKAHFXXX,"{""P47492"": 1}"
AIKAXYXXX,"{""P52271"": 1}"
AIKAXYXXV,"{""P52271"": 1}"
AIKNXQXXX,"{""P47455"": 12}"
AIKNXQXXA,"{""P47455"": 2}"
AIKNXQXRA,"{""P47455"": 2}"
AIKNXQKRA,"{""P47455"": 1}"
AIKNXXXXX,"{""P47455"": 3}"
AIKXAHNSI,"{""P47414"": 3}"
AIKXLEFTP,"{""P47480"": 2}"
AIKXXXXXX,"{""P47308"": 1}"
AIKXPDEVY,"{""P47308"": 1}"
AIKLSIASN,"{""P47582"": 5}"
AIKSFXQLL,"{""Q9ZB76"": 3}"
AIKQQTGSL,"{""P47641"": 6}"
AMVTQLGMS,"{""P47695"": 646}"
AMVDDXXXX,"{""P47482"": 110}"
AMVDDXRFQ,"{""P47482"": 7}"
AMVDDKRFQ,"{""P47482"": 1}"
AMVDDKXFQ,"{""P47482"": 1}"
AMVDTGEII,"{""P47297"": 115}"
AMIRYXDIN,"{""P47251"": 78}"
AMIRYXXXX,"{""P47251"": 26}"
AMIRYKDIN,"{""P47251"": 7}"
AMIRXXXXX,"{""P47251"": 2}"
AMIRXXDIN,"{""P47251"": 3}"
AMISIVLFI,"{""P47606"": 617}"
AMIXKEXXX,"{""P47465"": 5}"
AMIXKEXQR,"{""P47465"": 1}"
AMIXXEXXX,"{""P47465"": 65}"
AMIXXEXQR,"{""P47465"": 7}"
AMIXXEXQX,"{""P47465"": 2}"
AMIXXXXXX,"{""P47465"": 53, ""P47251"": 2}"
AMIXXXDIN,"{""P47251"": 2}"
AMIXYKDIN,"{""P47251"": 3}"
AMIXYXDIN,"{""P47251"": 22}"
AMIXYXXXX,"{""P47251"": 7}"
AMIKXEXXX,"{""P47465"": 4}"
AMIKXEXQR,"{""P47465"": 3}"
AMGFDYPAG,"{""P47292"": 611}"
AMGFDXPAG,"{""P47292"": 39}"
AMETGELHL,"{""P47618"": 131}"
AMESGSELA,"{""P47473"": 123}"
AMEGTFXXX,"{""Q49427"": 96}"
AMEGTFXTI,"{""Q49427"": 20}"
AMEVLAIIA,"{""P47456"": 5}"
AMTLSDFIA,"{""P47583"": 113}"
AMYAXXXXX,"{""Q49310"": 91}"
AMYAXMGRX,"{""Q49310"": 28}"
AMYAXMGXX,"{""Q49310"": 4}"
AMYGNPNNG,"{""P47549"": 135}"
AMDXXXXXX,"{""P47495"": 96}"
AMDXADQIX,"{""P47495"": 2}"
AMDXADQIR,"{""P47495"": 23}"
AMDDILNHN,"{""Q49421"": 123}"
AMDKADQIR,"{""P47495"": 5}"
AMXXXXXXX,"{""P47609"": 92, ""P47500"": 88}"
AMXXFIXEF,"{""P47609"": 4}"
AMXXLRSEF,"{""Q49415"": 1}"
AMXRFIXEF,"{""P47609"": 19}"
AMXRFIXXX,"{""P47609"": 3}"
AMXRFIKEF,"{""P47609"": 1}"
AMXMLRAXL,"{""P47500"": 23}"
AMXMLRAXX,"{""P47500"": 1}"
AMXMLXAXL,"{""P47500"": 4}"
AMXMLXAXX,"{""P47500"": 1}"
AMXYLRSEF,"{""Q49415"": 10}"
AMXYLXSEF,"{""Q49415"": 2}"
AMXGNPNNG,"{""P47549"": 4}"
AMXAXXXXX,"{""Q49310"": 1}"
AMXAXMGRX,"{""Q49310"": 1}"
AMFQTXFSN,"{""Q49421"": 100}"
AMFQTXXXX,"{""Q49421"": 19}"
AMFQTKFSN,"{""Q49421"": 6}"
AMQXQXXXX,"{""P47664"": 93}"
AMQXXXXXX,"{""P47664"": 22}"
AMQKQXXXX,"{""P47664"": 4}"
AMRYLRSEF,"{""Q49415"": 35}"
AMRYLXSEF,"{""Q49415"": 3}"
AMLSSIVMX,"{""P47294"": 6}"
AMLSSIVMR,"{""P47294"": 28}"
AMNIPVSIM,"{""P47458"": 21}"
AMKMLXAXL,"{""P47500"": 1}"
AMKXFIXEF,"{""P47609"": 1}"
AMKRFIXXX,"{""P47609"": 1}"
AMKRFIXEF,"{""P47609"": 1}"
AXALXXXXX,"{""P20796"": 376}"
AXALXVEVE,"{""P20796"": 107}"
AXALIPYYT,"{""P47471"": 486}"
AXALIPYXT,"{""P47471"": 27}"
AXALIPXYT,"{""P47471"": 21}"
AXALIPXXT,"{""P47471"": 3}"
AXALKVEVE,"{""P20796"": 3}"
AXAEHXHNS,"{""P47623"": 85}"
AXAEHXXXX,"{""P47623"": 13}"
AXAEHKHNS,"{""P47623"": 4}"
AXASDAQNI,"{""P47368"": 24}"
AXANLPFIS,"{""P47258"": 99}"
AXAAIVXGA,"{""P47583"": 22}"
AXAAIVXXX,"{""P47583"": 8}"
AXAAIVKGA,"{""P47583"": 2}"
AXAAAVNIV,"{""P47543"": 35}"
AXAWKIVGY,"{""P47390"": 3}"
AXAWXIVGY,"{""P47390"": 24}"
AXAWXIVGX,"{""P47390"": 1}"
AXAWXXXXX,"{""P47390"": 3}"
AXADIRIVH,"{""P22746"": 24}"
AXADIXIVH,"{""P22746"": 3}"
AXADYEEQQ,"{""P47530"": 3}"
AXAIFXAVX,"{""P47418"": 5}"
AXAIFXAVK,"{""P47418"": 2}"
AXAIFXXXX,"{""P47418"": 1}"
AXAVLSHFG,"{""P47410"": 1}"
AXLGXGTAS,"{""P20796"": 81}"
AXLGXYAIP,"{""P47269"": 69}"
AXLGXXXXX,"{""P20796"": 20, ""P47269"": 14}"
AXLGXXAIP,"{""P47269"": 7}"
AXLGANAIL,"{""P47647"": 98}"
AXLGKGTAS,"{""P20796"": 5}"
AXLGKYAIP,"{""P47269"": 4}"
AXLWENAQN,"{""P47500"": 489}"
AXLVSAREG,"{""P47540"": 96}"
AXLVSAXEG,"{""P47540"": 24}"
AXLVCQLIV,"{""P47402"": 10}"
AXLVTGYEL,"{""P47272"": 10}"
AXLXIIXXT,"{""Q49420"": 52}"
AXLXIIXXX,"{""Q49420"": 24}"
AXLXIIXKT,"{""Q49420"": 2}"
AXLXIIKXT,"{""Q49420"": 2}"
AXLXXXXXX,"{""Q49420"": 14, ""P47261"": 5}"
AXLXMQSMS,"{""P47261"": 1}"
AXLQPNVVS,"{""P47518"": 112}"
AXLQXLDSV,"{""P47282"": 1}"
AXLQXLRQI,"{""P47346"": 1}"
AXLQXXXXX,"{""P47346"": 6}"
AXLQIMDEL,"{""P47624"": 5}"
AXLQRLDSV,"{""P47282"": 8}"
AXLINVEXL,"{""P47612"": 74}"
AXLINVEXX,"{""P47612"": 26}"
AXLINVEKL,"{""P47612"": 5}"
AXLICHGEV,"{""P47525"": 78}"
AXLIANTLE,"{""P47304"": 29}"
AXLIXHGEV,"{""P47525"": 2}"
AXLMNFXNV,"{""P47325"": 79}"
AXLMNFXXX,"{""P47325"": 19}"
AXLMNFKNV,"{""P47325"": 4}"
AXLFIDGXX,"{""P47566"": 1}"
AXLFIDGRY,"{""P47566"": 5}"
AXLTXXIAE,"{""Q49407"": 71}"
AXLTXXXXX,"{""Q49407"": 34}"
AXLTXKIAE,"{""Q49407"": 3}"
AXLTTVYXX,"{""P47508"": 77}"
AXLTTVXXX,"{""P47508"": 5}"
AXLTKXIAE,"{""Q49407"": 4}"
AXLTKXXXX,"{""Q49407"": 2}"
AXLEXNXXX,"{""P47287"": 6}"
AXLEKNXXX,"{""P47287"": 1}"
AXLLFENQA,"{""P47354"": 27}"
AXLLTVTTI,"{""P47411"": 101}"
AXLLEIXDI,"{""P47492"": 5}"
AXLLGFPTA,"{""P47391"": 14}"
AXLDAHNLX,"{""P47672"": 93}"
AXLDAHNLK,"{""P47672"": 3}"
AXLRMITLY,"{""P47623"": 1}"
AXLNLFSNQ,"{""P47610"": 27}"
AXLKIIXXT,"{""Q49420"": 2}"
AXLSFIXNF,"{""P47661"": 1}"
AXNLTTLVN,"{""P47436"": 107}"
AXNSDSHLG,"{""P47686"": 133}"
AXNSXXXXX,"{""P47360"": 7}"
AXNETVXQV,"{""P47534"": 96}"
AXNETVXXX,"{""P47534"": 15}"
AXNETVKQV,"{""P47534"": 3}"
AXNEVHXXX,"{""P47565"": 71}"
AXNEVHXXV,"{""P47565"": 2}"
AXNEVHXRV,"{""P47565"": 3}"
AXNDLVIIR,"{""P47668"": 25}"
AXNDLVIIX,"{""P47668"": 5}"
AXNDQEXXV,"{""P47667"": 3}"
AXNDQEXXX,"{""P47667"": 1}"
AXNDQERXV,"{""P47667"": 14}"
AXNDQERXX,"{""P47667"": 4}"
AXNDQERKV,"{""P47667"": 1}"
AXNAISTYX,"{""P47409"": 87}"
AXNAISTYK,"{""P47409"": 2}"
AXNAISTXX,"{""P47409"": 2}"
AXNNEFFTL,"{""Q49400"": 96}"
AXNNGLCFT,"{""P47429"": 4}"
AXNTQXXXX,"{""P47424"": 68}"
AXNTQXXLE,"{""P47424"": 8}"
AXNTQXRLE,"{""P47424"": 11}"
AXNTQKRLE,"{""P47424"": 1}"
AXNTQKXLE,"{""P47424"": 1}"
AXNXLLXXX,"{""Q57081"": 5}"
AXNXLLXXI,"{""Q57081"": 4}"
AXNXLLXXQ,"{""P47446"": 3}"
AXNXLLXKQ,"{""P47446"": 1}"
AXNFDLPLM,"{""P47355"": 1}"
AXXXXXXXX,"{""P47445"": 32, ""P47540"": 467, ""P47628"": 81, ""Q49408"": 513, ""P47693"": 62, ""P47386"": 526, ""P47704"": 555, ""P47305"": 17, ""P47302"": 582, ""P47338"": 598, ""P47546"": 29, ""P47443"": 18, ""P22746"": 102, ""P47542"": 22, ""P47639"": 98, ""P47622"": 159, ""P47440"": 95, ""P47656"": 465, ""P47413"": 573, ""P47549"": 45, ""P20796"": 160, ""P47384"": 148, ""P47547"": 248, ""P47486"": 467, ""P47448"": 101, ""P47661"": 456, ""P47706"": 39, ""P47481"": 102, ""P47295"": 130, ""P47382"": 22, ""P47641"": 24, ""P55750"": 474, ""P47591"": 22, ""P47368"": 118, ""P47512"": 92, ""P47647"": 15, ""Q49433"": 19, ""P47359"": 148, ""P47471"": 102, ""P47612"": 14, ""P47686"": 460, ""P47583"": 126, ""P47330"": 104, ""P47667"": 75, ""P47493"": 43, ""P47402"": 173, ""P47446"": 19, ""P47566"": 116, ""Q9ZB76"": 120, ""P47312"": 31, ""P47421"": 33, ""P47640"": 113, ""P47500"": 124, ""P47668"": 142, ""P47282"": 118, ""P52271"": 47, ""P47643"": 38, ""P47474"": 17, ""P47364"": 24, ""Q49400"": 186, ""P47606"": 36, ""P47342"": 18, ""P47698"": 18, ""P47267"": 20, ""P47387"": 25, ""P47325"": 12, ""P47438"": 110, ""Q49428"": 23, ""P47568"": 18, ""P47695"": 56, ""P47403"": 26, ""P47274"": 47, ""P47565"": 31, ""P47436"": 15, ""P47582"": 32, ""P47258"": 15, ""Q57081"": 11, ""P47279"": 24, ""P47525"": 18, ""P47335"": 31, ""P47424"": 23, ""P47483"": 28, ""Q49407"": 24, ""P47623"": 41, ""P47508"": 56, ""Q49435"": 38, ""P47513"": 98, ""P47425"": 29, ""P47664"": 17, ""P47409"": 18, ""P47530"": 104, ""P47405"": 18, ""P47408"": 17, ""P47411"": 16, ""Q49413"": 21, ""P47461"": 34, ""P47495"": 18, ""P47518"": 19, ""Q49419"": 20, ""P47451"": 20, ""Q49420"": 20, ""P56723"": 19, ""P47371"": 12, ""P47534"": 15, ""P47319"": 19, ""P47269"": 22, ""P47580"": 22, ""P47605"": 16, ""P47300"": 17, ""P47415"": 6, ""P47672"": 14, ""P47328"": 1}"
AXXXXITFN,"{""P47368"": 1}"
AXXXXVXPN,"{""P52271"": 4}"
AXXXXVKPN,"{""P52271"": 1}"
AXXXGXXXX,"{""P47328"": 1}"
AXXXGKXXX,"{""P47328"": 1}"
AXXXRITFN,"{""P47368"": 2}"
AXXXCRFCA,"{""P47338"": 1}"
AXXFCTKLX,"{""P47384"": 18}"
AXXFCTXLX,"{""P47384"": 329}"
AXXFCTXLK,"{""P47384"": 10}"
AXXFCTXXX,"{""P47384"": 71}"
AXXFLFITA,"{""P47486"": 25}"
AXXFXTXLX,"{""P47384"": 13}"
AXXFXTXLK,"{""P47384"": 1}"
AXXFXTXXX,"{""P47384"": 1}"
AXXFXTKLX,"{""P47384"": 1}"
AXXFXXXXX,"{""P47278"": 1}"
AXXFNTPFN,"{""P47395"": 1}"
AXXFWWDLE,"{""P47653"": 2}"
AXXTAXIGP,"{""P47622"": 340}"
AXXTAXXXX,"{""P47622"": 74}"
AXXTAKIGP,"{""P47622"": 14}"
AXXTIXQFM,"{""P47425"": 73}"
AXXTIXXXX,"{""P47425"": 15}"
AXXTIKQFM,"{""P47425"": 2}"
AXXTVNFVQ,"{""P47495"": 3}"
AXXAXXXXX,"{""Q49400"": 72}"
AXXAXNNEF,"{""Q49400"": 342}"
AXXALQDCE,"{""P47302"": 22}"
AXXALQDXE,"{""P47302"": 2}"
AXXAAPCII,"{""P47695"": 99}"
AXXAAPXII,"{""P47695"": 1}"
AXXAKNNEF,"{""Q49400"": 8}"
AXXDLEEIX,"{""P47668"": 92}"
AXXDLEEIK,"{""P47668"": 2}"
AXXDSVEDA,"{""P47582"": 77}"
AXXDWNSFX,"{""P47493"": 63}"
AXXDYHLME,"{""P47305"": 4}"
AXXIGDTTS,"{""P47445"": 94}"
AXXLFEEIX,"{""P47549"": 84}"
AXXLFEEIK,"{""P47549"": 1}"
AXXLGFDVG,"{""Q49408"": 90}"
AXXLXSXNA,"{""P55750"": 21}"
AXXLXSXXX,"{""P55750"": 3}"
AXXLXXXXX,"{""P55750"": 3}"
AXXLVFXXX,"{""P47643"": 62}"
AXXLVFXWS,"{""P47643"": 14}"
AXXLVVNSL,"{""Q49407"": 4}"
AXXLNDENG,"{""P47641"": 4}"
AXXLKSXXX,"{""P55750"": 1}"
AXXGTIFFN,"{""P47546"": 66}"
AXXGEPTDP,"{""P47274"": 62}"
AXXELELAS,"{""P47446"": 4}"
AXXELAVEN,"{""P47386"": 8}"
AXXYCRFCA,"{""P47338"": 10}"
AXXYCRFXA,"{""P47338"": 1}"
AXXYCXFCA,"{""P47338"": 5}"
AXXYXRFCA,"{""P47338"": 2}"
AXXYXXFCA,"{""P47338"": 1}"
AXXNNVAFS,"{""P47706"": 89}"
AXXNIXXXX,"{""P47606"": 12}"
AXXNIXDYF,"{""P47606"": 57}"
AXXNIXDXF,"{""P47606"": 3}"
AXXNIKDYF,"{""P47606"": 2}"
AXXNIKDXF,"{""P47606"": 1}"
AXXWLLQPD,"{""P47330"": 19}"
AXXSXXXXX,"{""P47583"": 3}"
AXXSXXNIA,"{""P47583"": 1}"
AXXSFAMSX,"{""P47371"": 9}"
AXXPTLELA,"{""P47448"": 15}"
AXXVSXXXX,"{""P47605"": 1}"
AXXVSXSNY,"{""P47605"": 4}"
AXXRFLDLT,"{""P47382"": 2}"
AXQSDXXXX,"{""P47312"": 76}"
AXQSDXPTF,"{""P47312"": 25}"
AXQSDKPTF,"{""P47312"": 1}"
AXQSXXXXX,"{""P47438"": 66}"
AXQSXNWIE,"{""P47438"": 426}"
AXQSLSASD,"{""Q49419"": 100}"
AXQSKNWIE,"{""P47438"": 20}"
AXQRLFDAX,"{""P47661"": 114}"
AXQRLFDAK,"{""P47661"": 2}"
AXQRIELFX,"{""P47386"": 91}"
AXQXXXXXX,"{""P47402"": 34}"
AXQXQXXXX,"{""P47402"": 86}"
AXQXLFDAX,"{""P47661"": 19}"
AXQXMQIDX,"{""P47483"": 7}"
AXQXIELFX,"{""P47386"": 32}"
AXQTFQFXX,"{""P47364"": 69}"
AXQTFQFXI,"{""P47364"": 16}"
AXQTFQFKI,"{""P47364"": 1}"
AXQTTNTYN,"{""P20796"": 2}"
AXQALLLAV,"{""P47549"": 87}"
AXQAITXFX,"{""P47451"": 70}"
AXQAITXFK,"{""P47451"": 5}"
AXQAITXXX,"{""P47451"": 15}"
AXQPLELXL,"{""P47359"": 95}"
AXQPLELXX,"{""P47359"": 18}"
AXQPLELKL,"{""P47359"": 3}"
AXQFIXXXX,"{""Q49433"": 93}"
AXQFIXXXT,"{""Q49433"": 1}"
AXQFIXXRT,"{""Q49433"": 6}"
AXQFIKXXX,"{""Q49433"": 1}"
AXQNSYEQI,"{""P47266"": 6}"
AXQYMQIDX,"{""P47483"": 95}"
AXQYMQIDK,"{""P47483"": 3}"
AXQQTIGXX,"{""P47408"": 17}"
AXQQTIGXI,"{""P47408"": 100}"
AXQQTIGKI,"{""P47408"": 3}"
AXQGSIRNP,"{""P47398"": 4}"
AXQMSHLIF,"{""P47669"": 30}"
AXQLALTSA,"{""P47398"": 4}"
AXQKQXXXX,"{""P47402"": 2}"
AXIIDYLVH,"{""P47513"": 495}"
AXIIDXLVH,"{""P47513"": 26}"
AXIQALGFN,"{""P47300"": 101}"
AXITXNGLA,"{""Q49428"": 84}"
AXITXSPLV,"{""P47553"": 5}"
AXITXXXXX,"{""Q49428"": 20}"
AXITKNGLA,"{""Q49428"": 5}"
AXILFGXXX,"{""P47257"": 5}"
AXILFGXII,"{""P47257"": 20}"
AXILYAGNF,"{""P47350"": 36}"
AXILXELXX,"{""P47278"": 5}"
AXILXELXE,"{""P47278"": 24}"
AXILXELKE,"{""P47278"": 3}"
AXILXXXXX,"{""P47278"": 3}"
AXILXAGNF,"{""P47350"": 2}"
AXIELSAQL,"{""P47547"": 511}"
AXINXAYNX,"{""Q57081"": 73}"
AXINXAYNK,"{""Q57081"": 1}"
AXINXAXNX,"{""Q57081"": 6}"
AXINXXXXX,"{""Q57081"": 19}"
AXINPDXXX,"{""P47421"": 83}"
AXINPDXXV,"{""P47421"": 4}"
AXINPDXRV,"{""P47421"": 11}"
AXINPDKRV,"{""P47421"": 3}"
AXINKAYNX,"{""Q57081"": 3}"
AXIXIDGVI,"{""P47303"": 6}"
AXIXAFXXX,"{""P47473"": 1}"
AXIXWSENQ,"{""P47492"": 2}"
AXIXXXXXX,"{""P47303"": 1}"
AXIYWSENQ,"{""P47492"": 4}"
AXIYAFXXX,"{""P47473"": 7}"
AXIYAFXXG,"{""P47473"": 1}"
AXIVINRXV,"{""P47440"": 18}"
AXIVINRXX,"{""P47440"": 7}"
AXIVINXXV,"{""P47440"": 4}"
AXIVINXXX,"{""P47440"": 1}"
AXISYMREX,"{""P47682"": 2}"
AXIWYENYI,"{""P47613"": 2}"
AXIKIDGVI,"{""P47303"": 1}"
AXWIAEQFL,"{""P47295"": 486}"
AXWWTXXXX,"{""P47259"": 3}"
AXWWTXTPG,"{""P47259"": 4}"
AXWLLLPFL,"{""P22747"": 7}"
AXFIXFXXQ,"{""P47640"": 271}"
AXFIXFXXX,"{""P47640"": 103}"
AXFIXFXKQ,"{""P47640"": 18}"
AXFIXFKXQ,"{""P47640"": 9}"
AXFIXFKXX,"{""P47640"": 1}"
AXFIXXXXX,"{""P47640"": 65}"
AXFIKFXXQ,"{""P47640"": 15}"
AXFIKFXXX,"{""P47640"": 1}"
AXFIKFXKQ,"{""P47640"": 2}"
AXFIKFKXQ,"{""P47640"": 1}"
AXFIEAXXX,"{""P47653"": 5}"
AXFIEAXFV,"{""P47653"": 1}"
AXFQLTLEE,"{""P47393"": 10}"
AXFEELTXX,"{""P47547"": 455}"
AXFEELTXP,"{""P47547"": 21}"
AXFEELTKP,"{""P47547"": 2}"
AXFLTVALT,"{""P47279"": 96}"
AXFSLNLXD,"{""P47342"": 83}"
AXFSLNLXX,"{""P47342"": 14}"
AXFSLNLKD,"{""P47342"": 1}"
AXFATWXQV,"{""Q49406"": 19}"
AXFATWXXX,"{""Q49406"": 11}"
AXFATWKQV,"{""Q49406"": 1}"
AXFTIEXLL,"{""P47418"": 6}"
AXFFDGNXE,"{""P47335"": 10}"
AXFFDGNXX,"{""P47335"": 1}"
AXERXXXXX,"{""P47656"": 98}"
AXERXXFGL,"{""P47656"": 1}"
AXERKXXXX,"{""P47656"": 3}"
AXEHFQSWE,"{""P47512"": 510}"
AXEPVEEHS,"{""Q49413"": 105}"
AXELVEXWX,"{""P47580"": 87}"
AXELVEXWK,"{""P47580"": 2}"
AXELVEXXX,"{""P47580"": 15}"
AXELVEKWX,"{""P47580"": 3}"
AXEAQQRSE,"{""P47693"": 22}"
AXEAQQXSE,"{""P47693"": 7}"
AXEAGVRLA,"{""P35888"": 7}"
AXEMIGNXP,"{""Q49418"": 26}"
AXEMIGNXX,"{""Q49418"": 3}"
AXEMIGNKP,"{""Q49418"": 2}"
AXEIGXNNW,"{""P47628"": 2}"
AXEIGCNNW,"{""P47628"": 15}"
AXEIIERXG,"{""P47698"": 2}"
AXEIIEXXG,"{""P47698"": 1}"
AXEXXXFGL,"{""P47656"": 2}"
AXEXXXXXX,"{""P47656"": 17}"
AXEFAIEIN,"{""P47583"": 7}"
AXEVQXPQA,"{""P47362"": 1}"
AXEVQYPQA,"{""P47362"": 2}"
AXKFCTXLX,"{""P47384"": 17}"
AXKFCTXXX,"{""P47384"": 1}"
AXKFXTXLX,"{""P47384"": 2}"
AXKGEPTDP,"{""P47274"": 4}"
AXKGTIFFN,"{""P47546"": 1}"
AXKAXNNEF,"{""Q49400"": 19}"
AXKAXXXXX,"{""Q49400"": 1}"
AXKAAPCII,"{""P47695"": 2}"
AXKALQDCE,"{""P47302"": 1}"
AXKTAXIGP,"{""P47622"": 9}"
AXKTAXXXX,"{""P47622"": 5}"
AXKTAKIGP,"{""P47622"": 3}"
AXKTIXQFM,"{""P47425"": 3}"
AXKLGFDVG,"{""Q49408"": 5}"
AXKLFEEIX,"{""P47549"": 2}"
AXKLVFXXX,"{""P47643"": 4}"
AXKLVFXWS,"{""P47643"": 1}"
AXKNNVAFS,"{""P47706"": 7}"
AXKNIXXXX,"{""P47606"": 1}"
AXKPTLELA,"{""P47448"": 2}"
AXKIGDTTS,"{""P47445"": 3}"
AXKDWNSFX,"{""P47493"": 2}"
AXKDLEEIX,"{""P47668"": 3}"
AXKDSVEDA,"{""P47582"": 2}"
AXKYCXFCA,"{""P47338"": 1}"
AXKYCRFCA,"{""P47338"": 1}"
AXDLTTQXE,"{""P47547"": 72}"
AXDLTTQXX,"{""P47547"": 18}"
AXDLTTQKE,"{""P47547"": 7}"
AXDFEFEMN,"{""P47361"": 1}"
AXDXAFGRF,"{""Q49415"": 1}"
AXDRAFGXF,"{""Q49415"": 1}"
AXSNAEXNA,"{""P47319"": 82}"
AXSNAEXXX,"{""P47319"": 14}"
AXSNAEKNA,"{""P47319"": 3}"
AXSLNLDPX,"{""P47267"": 100}"
AXSLNLDPK,"{""P47267"": 1}"
AXSDVYSEL,"{""P56723"": 101}"
AXSDVXSEL,"{""P56723"": 2}"
AXSDFNTEX,"{""P47386"": 109}"
AXSDFNTEK,"{""P47386"": 2}"
AXSMLDLMX,"{""P47362"": 34}"
AXSMLDLMK,"{""P47362"": 1}"
AXSANXXSE,"{""P47326"": 9}"
AXVINPLFL,"{""P47481"": 512}"
AXVGNVFDL,"{""P47698"": 110}"
AXVHSNSHS,"{""P47387"": 108}"
AXVPLXXXX,"{""P47335"": 84}"
AXVPLXEMF,"{""P47335"": 5}"
AXVESHXQN,"{""P47568"": 69}"
AXVESHXXX,"{""P47568"": 23}"
AXVESHKQN,"{""P47568"": 3}"
AXVSMIEXE,"{""P47443"": 90}"
AXVSMIEXX,"{""P47443"": 20}"
AXVSMIEKE,"{""P47443"": 3}"
AXVVCVIEX,"{""P47474"": 98}"
AXVVXVIEX,"{""P47474"": 8}"
AXVNHWXDG,"{""P47432"": 1}"
AXVMGSYNI,"{""Q49428"": 2}"
AXTYFAVMX,"{""P47359"": 437}"
AXTYFAVMK,"{""P47359"": 3}"
AXTIIXXXX,"{""P47695"": 75}"
AXTIIXSNR,"{""P47695"": 23}"
AXTIIXSNX,"{""P47695"": 5}"
AXTIIKSNR,"{""P47695"": 2}"
AXTIEXXXX,"{""P47291"": 3}"
AXTITDVIS,"{""P47508"": 8}"
AXTXXGGIS,"{""P47664"": 73}"
AXTXXXXXX,"{""P47664"": 35, ""P47514"": 3, ""P47579"": 5}"
AXTXXIXLT,"{""P47514"": 4}"
AXTXIIDIY,"{""P47579"": 23}"
AXTXFAVMX,"{""P47359"": 19}"
AXTXKGGIS,"{""P47664"": 5}"
AXTTYGIIG,"{""P47403"": 82}"
AXTTXGIIG,"{""P47403"": 4}"
AXTPFSNFX,"{""P47298"": 32}"
AXTPSTXLL,"{""Q49420"": 3}"
AXTPSTXXX,"{""Q49420"": 2}"
AXTHGFMAR,"{""P47704"": 23}"
AXTHGFMAX,"{""P47704"": 9}"
AXTLINGYF,"{""P47591"": 87}"
AXTLINGXF,"{""P47591"": 5}"
AXTKXGGIS,"{""P47664"": 5}"
AXTKKGGIS,"{""P47664"": 1}"
AXGSGSVLT,"{""P47402"": 478}"
AXGEANIAE,"{""Q49460"": 7}"
AXGFNVIHP,"{""P47508"": 105}"
AXGFXXXXX,"{""P47540"": 7}"
AXGFXSYAD,"{""P47540"": 23}"
AXGFXSXAD,"{""P47540"": 4}"
AXGFKSYAD,"{""P47540"": 4}"
AXGLQITXE,"{""P47331"": 27}"
AXGLQITXX,"{""P47331"": 7}"
AXGLQITKE,"{""P47331"": 1}"
AXGLLIXQF,"{""Q49435"": 24}"
AXGLLIXXX,"{""Q49435"": 77}"
AXGLLIKQF,"{""Q49435"": 1}"
AXGLXXXXX,"{""P47507"": 2}"
AXGLXVLVD,"{""P47507"": 1}"
AXGXATANS,"{""P47542"": 81}"
AXGXXXXXX,"{""P47542"": 20}"
AXGVIFGLS,"{""P47623"": 103}"
AXGAXVTDI,"{""P47388"": 37}"
AXGAXXXXX,"{""P47388"": 3}"
AXGAKVTDI,"{""P47388"": 1}"
AXGGSENIA,"{""P47315"": 21}"
AXGITINSA,"{""P13927"": 3}"
AXGKATANS,"{""P47542"": 4}"
AXPTQIQTK,"{""P47461"": 11}"
AXPTQIQTX,"{""P47461"": 86}"
AXPXATXXX,"{""P47461"": 75}"
AXPXATXXK,"{""P47461"": 5}"
AXPXATXKX,"{""P47461"": 2}"
AXPXATKXX,"{""P47461"": 2}"
AXPXATKKX,"{""P47461"": 1}"
AXPXXXXXX,"{""P47461"": 8}"
AXPLFAFFS,"{""P52271"": 116}"
AXPKATXXX,"{""P47461"": 3}"
AXYELELAS,"{""P47446"": 91}"
AXYELAVEN,"{""P47386"": 87}"
AXYEXXXXX,"{""P47429"": 4}"
AXYEXWIEI,"{""P47429"": 1}"
AXYESLNNX,"{""Q49412"": 5}"
AXYXXVXPN,"{""P52271"": 63}"
AXYXXVXXX,"{""P52271"": 10}"
AXYXXVKPN,"{""P52271"": 2}"
AXYXXXXXX,"{""P52271"": 35, ""P47320"": 1}"
AXYXKVXPN,"{""P52271"": 1}"
AXYXSSVFS,"{""P47320"": 7}"
AXYVSXXXX,"{""P47605"": 19}"
AXYVSXSNY,"{""P47605"": 66}"
AXYVSKSNY,"{""P47605"": 4}"
AXYSFAMSX,"{""P47371"": 105}"
AXYSFAMSK,"{""P47371"": 2}"
AXYTVNFVQ,"{""P47495"": 96}"
AXYLALVPF,"{""P47338"": 28}"
AXYDYHLME,"{""P47305"": 87}"
AXYDXHLME,"{""P47305"": 5}"
AXYKXVXPN,"{""P52271"": 1}"
AXYKXVXXX,"{""P52271"": 1}"
AXYKXVKPN,"{""P52271"": 1}"
AXYKXXXXX,"{""P52271"": 2}"
AXCXXXXXX,"{""P47368"": 66}"
AXCXXITFN,"{""P47368"": 1}"
AXCXRITFN,"{""P47368"": 14}"
AXRFLFITA,"{""P47486"": 107}"
AXRFWWDLE,"{""P47653"": 5}"
AXRFXXXXX,"{""P47278"": 1}"
AXRLNQEFD,"{""P47639"": 27}"
AXRLXSXNA,"{""P55750"": 62}"
AXRLXSXXX,"{""P55750"": 7}"
AXRLXSKNA,"{""P55750"": 7}"
AXRLXXXXX,"{""P55750"": 14}"
AXRLKSXXX,"{""P55750"": 1}"
AXRLKSXNA,"{""P55750"": 2}"
AXRQDLTDL,"{""P47350"": 2}"
AXRIXNFLS,"{""P47639"": 1}"
AXMIXTXEX,"{""P47405"": 72}"
AXMIXTXEK,"{""P47405"": 3}"
AXMIXTXXX,"{""P47405"": 10}"
AXMIXXXXX,"{""P47405"": 14}"
AXMIKTXEX,"{""P47405"": 3}"
AXMELYQQT,"{""P47417"": 9}"
AXMELXQQT,"{""P47417"": 2}"
AXMVIAXIT,"{""P47668"": 10}"
AVELLNLXL,"{""P47285"": 520}"
AVELLNLXX,"{""P47285"": 88}"
AVELLNLKL,"{""P47285"": 23}"
AVEMLNESX,"{""P47541"": 111}"
AVEGLVTVI,"{""P47523"": 133}"
AVEEAFGVT,"{""P36255"": 121}"
AVEAIARNP,"{""P47644"": 26}"
AVEAIAXNP,"{""P47644"": 4}"
AVENXAIGL,"{""P47361"": 101}"
AVENXXXXX,"{""P47361"": 27}"
AVENKAIGL,"{""P47361"": 7}"
AVEVXSEET,"{""P22747"": 99}"
AVEVXXXXX,"{""P22747"": 33}"
AVEVKSEET,"{""P22747"": 2}"
AVERALXWX,"{""P47284"": 20}"
AVERALXXX,"{""P47284"": 5}"
AVERALKWX,"{""P47284"": 1}"
AVEXALXWX,"{""P47284"": 7}"
AVEXALXXX,"{""P47284"": 1}"
AVITVPAYF,"{""P47547"": 128}"
AVITVPAXF,"{""P47547"": 11}"
AVILAFYVT,"{""P47427"": 555}"
AVILAFXVT,"{""P47427"": 34}"
AVIXNAPVL,"{""P47261"": 37}"
AVISEVXGT,"{""P47582"": 111}"
AVISEVXXX,"{""P47582"": 18}"
AVISEVKGT,"{""P47582"": 8}"
AVIDHYRFI,"{""P47549"": 20}"
AVIDHYXFI,"{""P47549"": 4}"
AVIRNAPVL,"{""P47261"": 111}"
AVIVRTXXX,"{""P47407"": 95}"
AVIVRTXXG,"{""P47407"": 20}"
AVIVRTXKG,"{""P47407"": 1}"
AVIVRTKXX,"{""P47407"": 1}"
AVIVRTKXG,"{""P47407"": 1}"
AVIVXTXXX,"{""P47407"": 23}"
AVIVXTXXG,"{""P47407"": 4}"
AVIVXTXKG,"{""P47407"": 1}"
AVIPAAGLG,"{""P47691"": 33}"
AVIQPVFDA,"{""P47398"": 32}"
AVLLASXHI,"{""P47582"": 467}"
AVLLASXXX,"{""P47582"": 139}"
AVLLASKHI,"{""P47582"": 21}"
AVLLEAPLN,"{""Q49412"": 131}"
AVLGDQQAA,"{""P47284"": 614}"
AVLTAANQA,"{""P47269"": 130}"
AVLEDQISY,"{""P47460"": 559}"
AVLEDQISX,"{""P47460"": 24}"
AVLELTXTH,"{""P47448"": 94}"
AVLELTXXX,"{""P47448"": 18}"
AVLELTKTH,"{""P47448"": 8}"
AVLXTWQAV,"{""P47374"": 525}"
AVLXTVXLT,"{""P47525"": 2}"
AVLXXXXXX,"{""P47374"": 111}"
AVLXIDHHP,"{""P22746"": 6}"
AVLIVLGVF,"{""Q9ZB81"": 607}"
AVLSHFGVC,"{""P47410"": 29}"
AVLSHFGVX,"{""P47410"": 1}"
AVLSGDIXX,"{""P47658"": 92}"
AVLSGDIXE,"{""P47658"": 23}"
AVLSIQRXS,"{""P47432"": 18}"
AVLSIQRXX,"{""P47432"": 6}"
AVLSIQXXS,"{""P47432"": 6}"
AVLSIQXXX,"{""P47432"": 1}"
AVLRIDHHP,"{""P22746"": 27}"
AVLKTWQAV,"{""P47374"": 18}"
AVLCTVXLT,"{""P47525"": 93}"
AVLCTVXXX,"{""P47525"": 23}"
AVLCTVKLT,"{""P47525"": 5}"
AVLDMRLRS,"{""P47250"": 1}"
AVLDMRLXS,"{""P47250"": 1}"
AVLDMXLRS,"{""P47250"": 2}"
AVGNVIEVN,"{""P47297"": 137}"
AVGSILCGV,"{""P47307"": 544}"
AVGSILXGV,"{""P47307"": 33}"
AVGSVFXXX,"{""P20796"": 93}"
AVGSVFXEI,"{""P20796"": 30}"
AVGSVQLPQ,"{""P47384"": 107}"
AVGPYSXXX,"{""P47583"": 120}"
AVGPYSXIT,"{""P47583"": 424}"
AVGPYSKIT,"{""P47583"": 20}"
AVGPXSXIT,"{""P47583"": 30}"
AVGPXSXXX,"{""P47583"": 6}"
AVGEIMGXX,"{""P47446"": 488}"
AVGEIMGXY,"{""P47446"": 113}"
AVGEIMGKY,"{""P47446"": 3}"
AVGENPNVI,"{""P47367"": 560}"
AVGQVVVSL,"{""P47640"": 131}"
AVGTNSXXX,"{""P47468"": 26}"
AVGTNSXTX,"{""P47468"": 94}"
AVGTNSXTK,"{""P47468"": 1}"
AVGTNSKTX,"{""P47468"": 2}"
AVAILIGXN,"{""P47672"": 92}"
AVAILIGXX,"{""P47672"": 20}"
AVAILIGKN,"{""P47672"": 6}"
AVAITDPNL,"{""Q49405"": 127}"
AVAGEAGVP,"{""P47695"": 113}"
AVAFLCEXL,"{""Q49423"": 90}"
AVAFLCEXX,"{""Q49423"": 15}"
AVAFLCEKL,"{""Q49423"": 6}"
AVAFLXEXL,"{""Q49423"": 6}"
AVAFLXEXX,"{""Q49423"": 1}"
AVASEAELI,"{""P47540"": 101}"
AVXXXXXXX,"{""P47326"": 446, ""P47424"": 171, ""P47304"": 97, ""P47418"": 36, ""P47246"": 91, ""P47369"": 30, ""P47296"": 215, ""P47384"": 1, ""P47457"": 1}"
AVXXVCGXX,"{""P47296"": 291}"
AVXXVCGXR,"{""P47296"": 53}"
AVXXVCGKR,"{""P47296"": 5}"
AVXXVLQFQ,"{""P47457"": 3}"
AVXXVXGXR,"{""P47296"": 2}"
AVXXVXGXX,"{""P47296"": 10}"
AVXXVXGKX,"{""P47296"": 1}"
AVXXWLLNT,"{""P47424"": 414}"
AVXXDVIAX,"{""P47384"": 3}"
AVXESNVFR,"{""P47326"": 100}"
AVXESNVFX,"{""P47326"": 24}"
AVXQFEVVD,"{""P47304"": 15}"
AVXAYFTIE,"{""P47418"": 94}"
AVXAXFTIE,"{""P47418"": 7}"
AVXLFITTX,"{""P47369"": 75}"
AVXLLNDVE,"{""P47418"": 106}"
AVXWLRENG,"{""P47246"": 20}"
AVXWLXENG,"{""P47246"": 5}"
AVXKVCGXX,"{""P47296"": 19}"
AVXKVCGXR,"{""P47296"": 3}"
AVXKVLQFQ,"{""P47457"": 1}"
AVXKVXGXX,"{""P47296"": 1}"
AVXKWLLNT,"{""P47424"": 25}"
AVXYGIXXX,"{""P47330"": 22}"
AVXYGIXTR,"{""P47330"": 2}"
AVXFSFSII,"{""Q49433"": 6}"
AVXTSXXXX,"{""P47436"": 5}"
AVXTSXXTN,"{""P47436"": 1}"
AVSPLAXXX,"{""P47382"": 92}"
AVSPLAXQD,"{""P47382"": 23}"
AVSPLAKQD,"{""P47382"": 2}"
AVSLGXWYT,"{""Q49426"": 88}"
AVSLGXWXT,"{""Q49426"": 2}"
AVSLGXXXX,"{""Q49426"": 30}"
AVSLGKWYT,"{""Q49426"": 5}"
AVSXXXXXX,"{""P47414"": 36}"
AVSXXEGHY,"{""P47414"": 76}"
AVSXXEGHX,"{""P47414"": 9}"
AVSXKEGHY,"{""P47414"": 3}"
AVSFFAFFF,"{""Q49431"": 35}"
AVSKXEGHY,"{""P47414"": 3}"
AVQTEXNLT,"{""P47464"": 88}"
AVQTEXXXX,"{""P47464"": 21}"
AVQTEKNLT,"{""P47464"": 7}"
AVQTXXXXX,"{""P47672"": 93}"
AVQTXAVAI,"{""P47672"": 542}"
AVQTKAVAI,"{""P47672"": 16}"
AVQNNFDLX,"{""Q49405"": 603}"
AVQNNFDLK,"{""Q49405"": 23}"
AVYYGIXXX,"{""P47330"": 418}"
AVYYGIXTR,"{""P47330"": 92}"
AVYYGIXTX,"{""P47330"": 26}"
AVYYGIKTR,"{""P47330"": 4}"
AVYXGIXTR,"{""P47330"": 4}"
AVYXGIXTX,"{""P47330"": 2}"
AVYXGIXXX,"{""P47330"": 25}"
AVYXGIKTR,"{""P47330"": 1}"
AVYVERNIS,"{""P47332"": 3}"
AVMNLFTXX,"{""P47662"": 142}"
AVMNLFTXM,"{""P47662"": 480}"
AVMNLFTKM,"{""P47662"": 22}"
AVMSEFSSE,"{""P47387"": 144}"
AVVEXHLXX,"{""Q2MHT0"": 25}"
AVVEXHLXV,"{""Q2MHT0"": 93}"
AVVEXHLKV,"{""Q2MHT0"": 3}"
AVVEXXXXX,"{""Q2MHT0"": 16}"
AVVEIELTS,"{""P47300"": 111}"
AVVEKHLKV,"{""Q2MHT0"": 1}"
AVVEKHLXV,"{""Q2MHT0"": 13}"
AVVPQNTSV,"{""Q49409"": 647}"
AVVINLDEN,"{""P47274"": 624}"
AVVXXXXXX,"{""P47417"": 80, ""P47394"": 134}"
AVVXAXMEL,"{""P47417"": 6}"
AVVXARMEL,"{""P47417"": 16}"
AVVXLRVRN,"{""P47394"": 2}"
AVVTGIEMF,"{""P13927"": 103}"
AVVDALXXX,"{""P47368"": 110}"
AVDSIYSLI,"{""P47261"": 161}"
AVDSIXSLI,"{""P47261"": 8}"
AVDLAXESL,"{""P47583"": 103}"
AVDLAXXXX,"{""P47583"": 15}"
AVDLAKESL,"{""P47583"": 10}"
AVDAFAMAA,"{""P47423"": 121}"
AVDXEXXXX,"{""P47467"": 84}"
AVDXEXIAG,"{""P47467"": 4}"
AVDXEKIAG,"{""P47467"": 1}"
AVDXXXXXX,"{""P47467"": 25}"
AVDITRXXX,"{""P47566"": 8}"
AVDITRXVA,"{""P47566"": 16}"
AVDITRKVA,"{""P47566"": 1}"
AVDITXXVA,"{""P47566"": 4}"
AVDITXXXX,"{""P47566"": 2}"
AVDEWIPTP,"{""P13927"": 32}"
AVDNVMPRL,"{""P47334"": 22}"
AVDNVMPXL,"{""P47334"": 5}"
AVDKEXXXX,"{""P47467"": 5}"
AVPIQFPIG,"{""P47335"": 137}"
AVPQSAIAS,"{""P47315"": 109}"
AVTNGINNQ,"{""Q9ZB70"": 126}"
AVTVSQYDX,"{""P47277"": 122}"
AVTVSQYDK,"{""P47277"": 5}"
AVTVSQXDX,"{""P47277"": 8}"
AVFACLLAV,"{""P47546"": 576}"
AVFAXLLAV,"{""P47546"": 35}"
AVFIQQDLL,"{""P47549"": 604}"
AVNYLXXXX,"{""P47256"": 525}"
AVNYLXXXG,"{""P47256"": 1}"
AVNYLXXRG,"{""P47256"": 2}"
AVNYLXRRG,"{""P47256"": 24}"
AVNYLXRXG,"{""P47256"": 4}"
AVNRDENYT,"{""P47249"": 27}"
AVNWCNAXF,"{""P47696"": 94}"
AVNWCNAXX,"{""P47696"": 20}"
AVNWCNAKF,"{""P47696"": 1}"
AVNWXNAXF,"{""P47696"": 7}"
AVNWXNAKF,"{""P47696"": 1}"
AVNXLXXXX,"{""P47256"": 21}"
AVNXLXRRG,"{""P47256"": 1}"
AVNXDENXT,"{""P47249"": 1}"
AVNXDENYT,"{""P47249"": 10}"
AVRTSXXXX,"{""P47436"": 23}"
AVRTSXXTN,"{""P47436"": 1}"
AVRXVLQFQ,"{""P47457"": 19}"
AVRXDVIAX,"{""P47384"": 28}"
AVRXXXXXX,"{""P47384"": 6, ""P47457"": 2}"
AVRFSFSII,"{""Q49433"": 21}"
AVKWLXENG,"{""P47246"": 2}"
AVKXVCGXX,"{""P47296"": 12}"
AVKXVCGXR,"{""P47296"": 2}"
AVKXVXGXX,"{""P47296"": 2}"
AVKXWLLNT,"{""P47424"": 23}"
AVKXXXXXX,"{""P47424"": 1, ""P47296"": 4}"
AVKQFEVVD,"{""P47304"": 2}"
AVKAYFTIE,"{""P47418"": 6}"
AVKLFITTX,"{""P47369"": 5}"
AVKLLNDVE,"{""P47418"": 5}"
AVKESNVFR,"{""P47326"": 3}"
AVKESNVFX,"{""P47326"": 2}"
AVKKWLLNT,"{""P47424"": 1}"
AGSTCGFFI,"{""P47317"": 620}"
AGSTXGFFI,"{""P47317"": 32}"
AGSVGYDSS,"{""P22747"": 115}"
AGSVGXDSS,"{""P22747"": 8}"
AGDLIIIIS,"{""P47265"": 37}"
AGDICAVIG,"{""P47335"": 590}"
AGDIXAVIG,"{""P47335"": 39}"
AGAIEQLNQ,"{""P47539"": 611}"
AGAALSLAS,"{""P47294"": 613}"
AGANGIXXX,"{""P47403"": 98}"
AGANGIXVL,"{""P47403"": 6}"
AGANRVVLT,"{""P47304"": 1}"
AGANXVVLT,"{""P47304"": 2}"
AGALSQYXD,"{""P47580"": 86}"
AGALSQYXX,"{""P47580"": 17}"
AGALSQYKD,"{""P47580"": 1}"
AGALSQXXD,"{""P47580"": 6}"
AGALSQXXX,"{""P47580"": 3}"
AGAXXXXXX,"{""P47543"": 111}"
AGAXXVIIS,"{""P47543"": 2}"
AGAXRVIIS,"{""P47543"": 17}"
AGNSYSFNN,"{""P47581"": 623}"
AGNSXSFNN,"{""P47581"": 31}"
AGNVITIET,"{""P47618"": 148}"
AGNEGGELV,"{""P47660"": 108}"
AGNYHXFES,"{""P47446"": 88}"
AGNYHXXXX,"{""P47446"": 18}"
AGNYHKFES,"{""P47446"": 7}"
AGNIIEPXX,"{""P47613"": 89}"
AGNIIEPXI,"{""P47613"": 32}"
AGNIIEPKI,"{""P47613"": 1}"
AGNXHXFES,"{""P47446"": 4}"
AGIXXSFES,"{""P47254"": 70}"
AGIXXXXXX,"{""P47254"": 46}"
AGIXPSIYA,"{""P47379"": 6}"
AGIXKSFES,"{""P47254"": 1}"
AGINGLINW,"{""P47563"": 660}"
AGITXSLNW,"{""Q49435"": 476}"
AGITXXXXX,"{""Q49435"": 137}"
AGITKSLNW,"{""Q49435"": 26}"
AGIDPNPVM,"{""P22747"": 128}"
AGIYPSIXA,"{""P47379"": 10}"
AGIYPSIYA,"{""P47379"": 115}"
AGILNSLPL,"{""P47256"": 131}"
AGIEXVXLA,"{""P47456"": 20}"
AGIEXVXXX,"{""P47456"": 78}"
AGIEXXXXX,"{""P47456"": 24}"
AGIEKVXXX,"{""P47456"": 8}"
AGIEKVXLA,"{""P47456"": 2}"
AGIARFPGD,"{""Q49460"": 125}"
AGIAEMETS,"{""P47303"": 36}"
AGIAXFPGD,"{""Q49460"": 26}"
AGIKXSFES,"{""P47254"": 6}"
AGIKXXXXX,"{""P47254"": 1}"
AGIKKSFES,"{""P47254"": 1}"
AGGYYFFXX,"{""P47306"": 97}"
AGGYYFFXR,"{""P47306"": 5}"
AGGYXFFXX,"{""P47306"": 3}"
AGGYXFFKR,"{""P47306"": 1}"
AGGFSTTXF,"{""Q49460"": 457}"
AGGFSTTXX,"{""Q49460"": 139}"
AGGFSTTKF,"{""Q49460"": 25}"
AGGIDLXLI,"{""P47264"": 117}"
AGGIDLXXX,"{""P47264"": 21}"
AGGIDLKLI,"{""P47264"": 6}"
AGGVTNQLL,"{""P47350"": 146}"
AGGVGINLT,"{""P47264"": 4}"
AGGXYFFXX,"{""P47306"": 7}"
AGGXXFFXX,"{""P47306"": 1}"
AGQLIGCXV,"{""P47409"": 123}"
AGQLIGCXX,"{""P47409"": 421}"
AGQLIGCKV,"{""P47409"": 9}"
AGQLIGXXX,"{""P47409"": 22}"
AGQLIGXXV,"{""P47409"": 4}"
AGQLIGXKV,"{""P47409"": 1}"
AGQXXXXXX,"{""P47318"": 112}"
AGHXLPVTW,"{""P47404"": 531}"
AGHXXXXXX,"{""P47404"": 92}"
AGHKLPVTW,"{""P47404"": 14}"
AGVELTTNS,"{""P47692"": 110}"
AGVITDEVE,"{""P47583"": 30}"
AGXXXXXXX,"{""P47355"": 94, ""P47516"": 542, ""P47373"": 35, ""P47581"": 16, ""Q49434"": 19}"
AGXXNSDAG,"{""P47373"": 87}"
AGXXVRXXX,"{""P47355"": 14}"
AGXXVRXPP,"{""P47355"": 3}"
AGXXVRKPP,"{""P47355"": 2}"
AGXXVXXXX,"{""P47355"": 5}"
AGXXIISDH,"{""P47488"": 5}"
AGXTACYID,"{""P47581"": 79}"
AGXTACXID,"{""P47581"": 5}"
AGXTAXYID,"{""P47581"": 6}"
AGXIVFLLD,"{""Q49434"": 111}"
AGXMLNFAP,"{""P47516"": 29}"
AGXKNSDAG,"{""P47373"": 3}"
AGEIIPXVL,"{""P47496"": 108}"
AGEIIPXXX,"{""P47496"": 19}"
AGEIIPKVL,"{""P47496"": 6}"
AGTIATVAE,"{""P47277"": 588}"
AGLNCWDXI,"{""P47588"": 473}"
AGLNCWDXX,"{""P47588"": 106}"
AGLNCWDKI,"{""P47588"": 20}"
AGLNXWDXI,"{""P47588"": 21}"
AGLNXWDXX,"{""P47588"": 4}"
AGLNXWDKI,"{""P47588"": 1}"
AGLDEFVYN,"{""P47688"": 120}"
AGLDEFVXN,"{""P47688"": 9}"
AGLGMIDAI,"{""P47276"": 139}"
AGRSXHXXX,"{""P47400"": 3}"
AGRSRHXXX,"{""P47400"": 5}"
AGRXIISDH,"{""P47488"": 15}"
AGRXXXXXX,"{""P47488"": 4}"
AGRKIISDH,"{""P47488"": 1}"
AGYYDHVAS,"{""P47523"": 4}"
AGKTACYID,"{""P47581"": 3}"
AGKXVRXXX,"{""P47355"": 1}"
AGKXXXXXX,"{""P47355"": 2}"
AGKXNSDAG,"{""P47373"": 2}"
AGKMLNFAP,"{""P47516"": 3}"
AGKIVFLLD,"{""Q49434"": 5}"
AEEXXVXXX,"{""P47423"": 1}"
AEEXXVXSF,"{""P47423"": 4}"
AEEXXXXXX,"{""P47423"": 3}"
AEEAXXXXX,"{""P47342"": 85}"
AEEAXXNQE,"{""P47342"": 5}"
AEEAXRNQE,"{""P47342"": 20}"
AEEAKRNQE,"{""P47342"": 2}"
AEERXVXXX,"{""P47423"": 8}"
AEERXVXSF,"{""P47423"": 15}"
AEERXXXXX,"{""P47423"": 8}"
AEERKVXSF,"{""P47423"": 2}"
AEEISGIAD,"{""P47250"": 1}"
AETIVLTXD,"{""P47512"": 79}"
AETIVLTXX,"{""P47512"": 20}"
AETIVLTKD,"{""P47512"": 9}"
AETINYXSL,"{""P47582"": 114}"
AETINYXXX,"{""P47582"": 22}"
AETINYKSL,"{""P47582"": 5}"
AETINXXSL,"{""P47582"": 9}"
AETINXXXX,"{""P47582"": 5}"
AETMIENLM,"{""P47350"": 108}"
AENNQLFYT,"{""P47513"": 544}"
AENNQLFXT,"{""P47513"": 25}"
AENFNPXXX,"{""P47571"": 18}"
AENFNPXTA,"{""P47571"": 88}"
AENETTQXQ,"{""P47265"": 121}"
AENETTQXX,"{""P47265"": 18}"
AENETTQKQ,"{""P47265"": 7}"
AENQXLIQL,"{""P47534"": 101}"
AENQXXXXX,"{""P47534"": 13}"
AENQKLIQL,"{""P47534"": 7}"
AEVTDVYFA,"{""P47458"": 139}"
AEVTDVXFA,"{""P47458"": 5}"
AEVKPLXQE,"{""P47405"": 7}"
AEVKPLXXX,"{""P47405"": 1}"
AEVKPXVES,"{""P47405"": 2}"
AEVXPLXXX,"{""P47405"": 19}"
AEVXPLXQE,"{""P47405"": 83}"
AEVXPLKQE,"{""P47405"": 5}"
AEVXPXVES,"{""P47405"": 83}"
AEVXPXXXX,"{""P47405"": 17}"
AEVXPKVES,"{""P47405"": 2}"
AEVXXXXXX,"{""P47405"": 40}"
AEVIQTTTV,"{""P47393"": 129}"
AEVLQLWFH,"{""P47388"": 127}"
AEPFGCIPQ,"{""P47280"": 574}"
AEPFGXIPQ,"{""P47280"": 23}"
AEPIINCLN,"{""P47683"": 130}"
AEPIINXLN,"{""P47683"": 3}"
AEXXXXXXX,"{""P47359"": 483, ""P47500"": 606, ""P47525"": 549, ""P47278"": 30, ""P47499"": 81, ""P47297"": 31, ""Q49410"": 27}"
AEXLSQXFN,"{""P47499"": 401}"
AEXLSQXXX,"{""P47499"": 87}"
AEXLSQKFN,"{""P47499"": 16}"
AEXSHTNXH,"{""P47359"": 25}"
AEXSHTNRH,"{""P47359"": 89}"
AEXSGILHF,"{""P47297"": 94}"
AEXSQQQLQ,"{""P47460"": 8}"
AEXDVDEEF,"{""P47386"": 28}"
AEXDXXXXX,"{""P47278"": 72}"
AEXDXXVXE,"{""P47278"": 2}"
AEXDXXVXX,"{""P47278"": 1}"
AEXDXRVXE,"{""P47278"": 13}"
AEXDXRVXX,"{""P47278"": 2}"
AEXDTEALX,"{""P47277"": 34}"
AEXDTEALK,"{""P47277"": 1}"
AEXGGIVVS,"{""P47322"": 7}"
AEXTNLLFL,"{""Q49410"": 100}"
AEXNTRPFL,"{""P47525"": 19}"
AEXNTXPFL,"{""P47525"": 5}"
AEXFFLNXE,"{""P47258"": 4}"
AEXFFLNXX,"{""P47258"": 2}"
AEXIRTYNX,"{""P47500"": 1}"
AEXIRTYNY,"{""P47500"": 5}"
AEXIXTYNY,"{""P47500"": 1}"
AEXRLMQAV,"{""P47340"": 5}"
AEXMANFXA,"{""Q49421"": 4}"
AEXMANFXX,"{""Q49421"": 1}"
AEXALYQEL,"{""P47491"": 1}"
AEYDVDEEF,"{""P47386"": 565}"
AEYDTEALX,"{""P47277"": 577}"
AEYDTEALK,"{""P47277"": 26}"
AEYSQQQLQ,"{""P47460"": 133}"
AEYGGIVVS,"{""P47322"": 136}"
AEYRLWLRN,"{""P47619"": 8}"
AEYRLWLXN,"{""P47619"": 4}"
AEMINYLFE,"{""Q49405"": 576}"
AEMINXLFE,"{""Q49405"": 31}"
AEHXHNSPL,"{""P47623"": 96}"
AEHXXXXXX,"{""P47623"": 18}"
AEHKHNSPL,"{""P47623"": 8}"
AELNDLEXS,"{""P47487"": 505}"
AELNDLEXX,"{""P47487"": 86}"
AELNDLEKS,"{""P47487"": 18}"
AELTEXXIQ,"{""P47606"": 93}"
AELTEXXXX,"{""P47606"": 47}"
AELTEXKIQ,"{""P47606"": 5}"
AELTEKKIQ,"{""P47606"": 1}"
AELTEKXIQ,"{""P47606"": 1}"
AELTEKXXX,"{""P47606"": 1}"
AELIELAWX,"{""P47458"": 121}"
AELIELAWK,"{""P47458"": 6}"
AELXLXXXX,"{""P47705"": 29}"
AELXLXXXA,"{""P47705"": 63}"
AELXLXXKA,"{""P47705"": 4}"
AELXLXKXA,"{""P47705"": 5}"
AELXLKXXX,"{""P47705"": 3}"
AELXLKXXA,"{""P47705"": 1}"
AELXXXXXX,"{""P47705"": 19}"
AELVQNXLI,"{""P47349"": 103}"
AELVQNXXX,"{""P47349"": 22}"
AELVQNKLI,"{""P47349"": 6}"
AELVRVRDV,"{""P35888"": 2}"
AELVXVRDV,"{""P35888"": 1}"
AELMQXXXX,"{""P47480"": 16}"
AELMQXSAQ,"{""P47480"": 107}"
AELMQKSAQ,"{""P47480"": 5}"
AELKLXXXA,"{""P47705"": 4}"
AELKLXXXX,"{""P47705"": 2}"
AEQNGVTFD,"{""P47523"": 580}"
AEQNXXXXX,"{""P47288"": 41}"
AEQNXXVSD,"{""P47288"": 78}"
AEQNXKVSD,"{""P47288"": 7}"
AEQNKXVSD,"{""P47288"": 5}"
AEQNKXXXX,"{""P47288"": 2}"
AEQIXTTIN,"{""P47700"": 91}"
AEQIXXXXX,"{""P47700"": 20}"
AEQIKTTIN,"{""P47700"": 6}"
AEQFPNFYA,"{""P47374"": 127}"
AEQFPNFXA,"{""P47374"": 7}"
AEQTFXXXX,"{""P47318"": 38}"
AEQTFXXEN,"{""P47318"": 81}"
AEQTFXKEN,"{""P47318"": 3}"
AEQTFKXEN,"{""P47318"": 4}"
AEQEMFGEE,"{""P47459"": 27}"
AEQQLRGAI,"{""P47328"": 21}"
AEQQLXGAI,"{""P47328"": 5}"
AEQVFDXXD,"{""P47294"": 76}"
AEQVFDXXX,"{""P47294"": 41}"
AEQVFDKXD,"{""P47294"": 4}"
AEQVFDKXX,"{""P47294"": 1}"
AEFNXXXXX,"{""P47548"": 112}"
AEFNXLYGI,"{""P47548"": 7}"
AESGDXIAX,"{""P47270"": 104}"
AESGDXIAK,"{""P47270"": 7}"
AESGDXXXX,"{""P47270"": 22}"
AESGDKIAX,"{""P47270"": 3}"
AEIYALXXX,"{""P13927"": 109}"
AEIYALXXE,"{""P13927"": 1}"
AEIYALKXX,"{""P13927"": 3}"
AEIENVIAV,"{""P47480"": 133}"
AEIEXINXN,"{""P47673"": 79}"
AEIEXINXX,"{""P47673"": 13}"
AEIEXINKN,"{""P47673"": 4}"
AEIEXXXXX,"{""P47673"": 16}"
AEIEKINXN,"{""P47673"": 2}"
AEIAXNPIT,"{""P47376"": 115}"
AEIAXXXXX,"{""P47376"": 21}"
AEIAKNPIT,"{""P47376"": 5}"
AEIXALXXX,"{""P13927"": 5}"
AEDQFFCDS,"{""P47545"": 135}"
AEDQFFXDS,"{""P47545"": 5}"
AERMANFKA,"{""Q49421"": 1}"
AERMANFXA,"{""Q49421"": 20}"
AERMANFXX,"{""Q49421"": 4}"
AERRLMQAV,"{""P47340"": 25}"
AERFFLNXX,"{""P47258"": 7}"
AERFFLNXE,"{""P47258"": 19}"
AERXLMQAV,"{""P47340"": 9}"
AERALYQEL,"{""P47491"": 8}"
AEKDXRVXE,"{""P47278"": 1}"
AEKDXRVXX,"{""P47278"": 1}"
AEKDXXXXX,"{""P47278"": 3}"
AEKSHTNRH,"{""P47359"": 5}"
AEKSGILHF,"{""P47297"": 5}"
AEKLSQXFN,"{""P47499"": 18}"
AEKLSQXXX,"{""P47499"": 3}"
AEKTNLLFL,"{""Q49410"": 2}"
AEKNTRPFL,"{""P47525"": 3}"
ANTIXXXXX,"{""P47435"": 575}"
ANTLYIPPF,"{""P47705"": 124}"
ANTLXIPPF,"{""P47705"": 7}"
ANIVXQIEE,"{""P47446"": 94}"
ANIVXXXXX,"{""P47446"": 25}"
ANIVLNMNT,"{""P47634"": 117}"
ANIVKQIEE,"{""P47446"": 2}"
ANIGVQPVI,"{""P47673"": 573}"
ANILNAXDW,"{""P47647"": 118}"
ANILNAXXX,"{""P47647"": 16}"
ANILNAKDW,"{""P47647"": 5}"
ANINQXIVX,"{""P47466"": 92}"
ANINQXIVK,"{""P47466"": 7}"
ANINQXXXX,"{""P47466"": 20}"
ANINQKIVX,"{""P47466"": 6}"
ANITPIMIT,"{""P47317"": 117}"
ANIIRILHG,"{""P47489"": 121}"
ANIIXILHG,"{""P47489"": 22}"
ANIYDSSSI,"{""P47249"": 98}"
ANIXDSSSI,"{""P47249"": 3}"
ANQDLSIID,"{""P47491"": 585}"
ANQNIINNY,"{""P47533"": 104}"
ANQNIINNX,"{""P47533"": 4}"
ANQITMFLT,"{""P47669"": 129}"
ANQLLVEPY,"{""P47391"": 29}"
ANQLLVEPX,"{""P47391"": 2}"
ANVEGQFLN,"{""P47412"": 639}"
ANVEVVAIN,"{""P47543"": 138}"
ANVDVSLVV,"{""P47365"": 114}"
ANVYQYGIV,"{""Q49406"": 110}"
ANVYQXGIV,"{""Q49406"": 6}"
ANVVGTDLD,"{""P47255"": 132}"
ANVXXXXXX,"{""Q49396"": 95}"
ANVXNNDLV,"{""Q49396"": 21}"
ANVXQYGIV,"{""Q49406"": 8}"
ANVKNNDLV,"{""Q49396"": 3}"
ANFLAVHWT,"{""Q9ZB79"": 614}"
ANFSQGAEV,"{""P47257"": 136}"
ANFXNXXXX,"{""P22746"": 12}"
ANFXNXEVX,"{""P22746"": 77}"
ANFXNXEVK,"{""P22746"": 1}"
ANFXNKEVX,"{""P22746"": 2}"
ANFXNKEVK,"{""P22746"": 1}"
ANFXADDXX,"{""P47640"": 73}"
ANFXADDXI,"{""P47640"": 21}"
ANFXGLDNS,"{""P47590"": 8}"
ANFXXXXXX,"{""P47640"": 24, ""P22746"": 17}"
ANFYGLDNS,"{""P47590"": 127}"
ANFTPNQDC,"{""P47657"": 132}"
ANFTPNQDX,"{""P47657"": 1}"
ANFNNSTNX,"{""P47606"": 123}"
ANFNNSTNK,"{""P47606"": 6}"
ANFKNXEVX,"{""P22746"": 4}"
ANFDGDVIF,"{""P47677"": 5}"
ANDGSYPSL,"{""P47580"": 615}"
ANDGSXPSL,"{""P47580"": 32}"
ANDYAXLXV,"{""P47547"": 81}"
ANDYAXLXX,"{""P47547"": 12}"
ANDYAXLKV,"{""P47547"": 5}"
ANDYAXXXX,"{""P47547"": 14}"
ANDYAKLXV,"{""P47547"": 2}"
ANDLVEQXX,"{""P47525"": 89}"
ANDLVEQXL,"{""P47525"": 24}"
ANDLVEQKL,"{""P47525"": 2}"
ANDLIINRL,"{""P47587"": 22}"
ANDLIINXL,"{""P47587"": 3}"
ANDXAXLXV,"{""P47547"": 5}"
ANDXAKLXV,"{""P47547"": 1}"
ANDSGAYLA,"{""P47483"": 25}"
ANXLXXXXX,"{""Q49426"": 435}"
ANXLNNXQD,"{""P47390"": 84}"
ANXLNNXXX,"{""P47390"": 20}"
ANXLNNKQD,"{""P47390"": 5}"
ANXLPGQLI,"{""P47518"": 26}"
ANXXXXXXX,"{""P47705"": 33, ""Q49426"": 142, ""P47518"": 98, ""P47699"": 112, ""P47394"": 29, ""P47390"": 11}"
ANXXQXXXX,"{""P47705"": 8}"
ANXXQXANT,"{""P47705"": 67}"
ANXXQKANT,"{""P47705"": 5}"
ANXXYAFLI,"{""P47394"": 1}"
ANXIASEVE,"{""P47318"": 5}"
ANXIDPNLI,"{""P47699"": 1}"
ANXKQXANT,"{""P47705"": 4}"
ANXTSQDXN,"{""P47363"": 23}"
ANXTSQDXX,"{""P47363"": 5}"
ANXTSQDKN,"{""P47363"": 2}"
ANXDXXGFD,"{""P47442"": 1}"
ANXDXXXXX,"{""P47442"": 4}"
ANXDXYGFD,"{""P47442"": 19}"
ANXDKYGFD,"{""P47442"": 1}"
ANXFGGLFL,"{""P47437"": 1}"
ANYDXYGFD,"{""P47442"": 463}"
ANYDXXGFD,"{""P47442"": 25}"
ANYDXXXXX,"{""P47442"": 86}"
ANYDKYGFD,"{""P47442"": 18}"
ANYDKXGFD,"{""P47442"": 1}"
ANYTSQDXN,"{""P47363"": 463}"
ANYTSQDXX,"{""P47363"": 100}"
ANYTSQDKN,"{""P47363"": 20}"
ANYFGGLFL,"{""P47437"": 27}"
ANYGAVVLT,"{""P22747"": 12}"
ANLNLAIIE,"{""P47348"": 637}"
ANLPFISNX,"{""P47258"": 129}"
ANLPFISNK,"{""P47258"": 7}"
ANLPFSDLL,"{""P47448"": 131}"
ANLAELVDI,"{""P47508"": 31}"
ANLLEAQAN,"{""P47460"": 136}"
ANLFTALNN,"{""P47691"": 110}"
ANLHLIXPY,"{""P47588"": 88}"
ANLHLIXPX,"{""P47588"": 4}"
ANLHLIXXX,"{""P47588"": 35}"
ANLHLIKPX,"{""P47588"": 1}"
ANLHLIKPY,"{""P47588"": 3}"
ANLXLAXLD,"{""P47545"": 72}"
ANLXLAXXX,"{""P47545"": 21}"
ANLXLAKLD,"{""P47545"": 3}"
ANLXXXXXX,"{""P47545"": 13}"
ANLGIDQLI,"{""P47384"": 126}"
ANLVQFEVV,"{""P47683"": 31}"
ANLVTVFTA,"{""P47437"": 26}"
ANLKLAXLD,"{""P47545"": 5}"
ANLKLAXXX,"{""P47545"": 1}"
ANCXXXXXX,"{""P47394"": 521}"
ANCXXAFLI,"{""P47394"": 3}"
ANCXYAFLI,"{""P47394"": 23}"
ANEMEQFIX,"{""P47455"": 130}"
ANEMEQFIK,"{""P47455"": 1}"
ANEEFALXX,"{""P47443"": 107}"
ANEEFALXF,"{""P47443"": 7}"
ANEEFALKF,"{""P47443"": 1}"
ANEYEXIXL,"{""P47376"": 81}"
ANEYEXIXX,"{""P47376"": 13}"
ANEYEXIKL,"{""P47376"": 5}"
ANEYEXXXX,"{""P47376"": 21}"
ANEYEKIXL,"{""P47376"": 6}"
ANELNTNLA,"{""Q49435"": 119}"
ANEXEXIXX,"{""P47376"": 1}"
ANEXEXIXL,"{""P47376"": 3}"
ANEXEXXXX,"{""P47376"": 1}"
ANSYSYPKE,"{""P47564"": 3}"
ANSYSYPXE,"{""P47564"": 87}"
ANSYSYPXX,"{""P47564"": 28}"
ANSYSXPKE,"{""P47564"": 1}"
ANSYSXPXE,"{""P47564"": 2}"
ANSYSXPXX,"{""P47564"": 2}"
ANSLGLXXE,"{""P47580"": 24}"
ANSLGLXXX,"{""P47580"": 93}"
ANSLGLXKE,"{""P47580"": 1}"
ANSLGLKXX,"{""P47580"": 7}"
ANSLGLKXE,"{""P47580"": 1}"
ANSFGFNPL,"{""P47523"": 126}"
ANSXSXPXE,"{""P47564"": 1}"
ANSXSYPXX,"{""P47564"": 3}"
ANSXSYPXE,"{""P47564"": 1}"
ANNLHFFDI,"{""P47433"": 105}"
ANNLTVNQT,"{""P47388"": 123}"
ANNYIXLQX,"{""P47580"": 472}"
ANNYIXLQK,"{""P47580"": 12}"
ANNYIXXXX,"{""P47580"": 97}"
ANNYIKLQX,"{""P47580"": 24}"
ANNYIKLQK,"{""P47580"": 3}"
ANNDFIDDT,"{""P47321"": 143}"
ANNDIQRIA,"{""P47495"": 28}"
ANNDIQXIA,"{""P47495"": 5}"
ANNFXANEY,"{""P47376"": 85}"
ANNFXANEX,"{""P47376"": 7}"
ANNFXXXXX,"{""P47376"": 33}"
ANNFKANEY,"{""P47376"": 2}"
ANNNIIIGL,"{""P47468"": 138}"
ANNADSYTX,"{""P47427"": 121}"
ANNADSYTK,"{""P47427"": 5}"
ANNADSXTX,"{""P47427"": 5}"
ANNELPMYE,"{""P47450"": 105}"
ANNELPMXE,"{""P47450"": 7}"
ANNXIXLQX,"{""P47580"": 25}"
ANNXIXXXX,"{""P47580"": 2}"
ANNXIKLQX,"{""P47580"": 3}"
ANNXAILLV,"{""P47365"": 101}"
ANNXXXXXX,"{""P47365"": 28}"
ANNKAILLV,"{""P47365"": 5}"
ANHRIGFGX,"{""P47487"": 17}"
ANHXIGFGX,"{""P47487"": 11}"
ANAALNIIY,"{""P47264"": 113}"
ANAALNIIX,"{""P47264"": 3}"
ANAASSSDN,"{""P47286"": 116}"
ANADQRVFI,"{""P47386"": 18}"
ANADQXVFI,"{""P47386"": 8}"
ANAERFNIN,"{""P47481"": 23}"
ANAEXFNIN,"{""P47481"": 7}"
ANGEXMGXT,"{""P47693"": 84}"
ANGEXMGXX,"{""P47693"": 11}"
ANGEXMGKT,"{""P47693"": 3}"
ANGEXXXXX,"{""P47693"": 26}"
ANGEKMGXT,"{""P47693"": 1}"
ANGEKMGXX,"{""P47693"": 1}"
ANGLSGXKI,"{""P47310"": 4}"
ANGLSGXXX,"{""P47310"": 34}"
ANGLSGXXI,"{""P47310"": 95}"
ANGLSGKXI,"{""P47310"": 1}"
ANGVATYNF,"{""P47700"": 26}"
ANGVATXNF,"{""P47700"": 1}"
ANMDEFGLG,"{""P47345"": 115}"
ANRIASEVE,"{""P47318"": 24}"
ANWSQVISH,"{""P47647"": 28}"
ANWFDLTYE,"{""P47592"": 28}"
ANWFDLTXE,"{""P47592"": 2}"
ANPFSFETI,"{""P47268"": 137}"
ANKLXXXXX,"{""Q49426"": 21}"
ANKLNNXQD,"{""P47390"": 2}"
ANKLNNXXX,"{""P47390"": 1}"
ANKKQXANT,"{""P47705"": 1}"
ANKXXXXXX,"{""P47705"": 1}"
ADLHSLIFL,"{""P47437"": 662}"
ADLEXXXXX,"{""P47605"": 22}"
ADLEXLXAD,"{""P47605"": 80}"
ADLEXLXXX,"{""P47605"": 16}"
ADLEXLKAD,"{""P47605"": 5}"
ADLEKLKAD,"{""P47605"": 1}"
ADLEKLXAD,"{""P47605"": 4}"
ADLEKLXXX,"{""P47605"": 1}"
ADLSNISDD,"{""Q49429"": 130}"
ADLIDALXX,"{""P47342"": 98}"
ADLIDALXT,"{""P47342"": 4}"
ADIXATXXX,"{""P47288"": 12}"
ADIXATXNX,"{""P47288"": 88}"
ADIXATXNK,"{""P47288"": 4}"
ADIXATKNX,"{""P47288"": 5}"
ADIXXXXXX,"{""P47288"": 22}"
ADIXIVHDH,"{""P22746"": 9}"
ADIDYAFEX,"{""P47403"": 597}"
ADIDYAFEK,"{""P47403"": 22}"
ADIDXAFEX,"{""P47403"": 29}"
ADIDXAFEK,"{""P47403"": 1}"
ADIGICVSF,"{""P47605"": 116}"
ADIGIXVSF,"{""P47605"": 8}"
ADIRIVHDH,"{""P22746"": 21}"
ADIKATXNX,"{""P47288"": 5}"
ADIKATXNK,"{""P47288"": 1}"
ADIKATXXX,"{""P47288"": 2}"
ADXXXXXXX,"{""P47386"": 88, ""P47321"": 16, ""Q49427"": 86, ""P47425"": 32, ""P47264"": 18, ""P47563"": 18}"
ADXXIIAGD,"{""P47386"": 22}"
ADXVLVMNE,"{""P47425"": 90}"
ADXVXEAIX,"{""P47563"": 85}"
ADXVXEAIK,"{""P47563"": 2}"
ADXVXWPIE,"{""P47580"": 23}"
ADXVXXXXX,"{""P47563"": 10, ""P47580"": 6}"
ADXVKWPIE,"{""P47580"": 2}"
ADXVKEAIX,"{""P47563"": 3}"
ADXQLXSLE,"{""P47321"": 67}"
ADXQLXXXX,"{""P47321"": 18}"
ADXQLKSLE,"{""P47321"": 1}"
ADXYIIAGD,"{""P47386"": 500}"
ADXLECXXX,"{""P47264"": 17}"
ADXLECXEV,"{""P47264"": 80}"
ADXLECKEV,"{""P47264"": 6}"
ADXLEXXEV,"{""P47264"": 4}"
ADXLKXXXG,"{""P47455"": 1}"
ADXLXXXYG,"{""P47455"": 17}"
ADXLXXXXX,"{""P47455"": 15}"
ADXLXXXXG,"{""P47455"": 1}"
ADXNNFLFN,"{""P47431"": 6}"
ADXNLNFLG,"{""Q49427"": 24}"
ADXTXXXXX,"{""P47457"": 4}"
ADXIFSFFG,"{""P47394"": 4}"
ADYLXXXXX,"{""P47455"": 240}"
ADYLXXXXG,"{""P47455"": 15}"
ADYLXXXYG,"{""P47455"": 291}"
ADYLXXKYG,"{""P47455"": 15}"
ADYLXKXXX,"{""P47455"": 5}"
ADYLXKXYG,"{""P47455"": 21}"
ADYLKXXYG,"{""P47455"": 14}"
ADYLKXXXX,"{""P47455"": 6}"
ADYLKXXXG,"{""P47455"": 2}"
ADYLKXKYG,"{""P47455"": 1}"
ADYLKKXYG,"{""P47455"": 1}"
ADYLSVGEX,"{""P47261"": 1}"
ADYIFSFFG,"{""P47394"": 124}"
ADYNNFLFN,"{""P47431"": 111}"
ADYEEQQRI,"{""P47530"": 2}"
ADNTDISAN,"{""Q49460"": 109}"
ADNTSPGFX,"{""P20796"": 124}"
ADNTSPGFK,"{""P20796"": 5}"
ADNEMNIEF,"{""P47653"": 133}"
ADNESFXXX,"{""P47277"": 18}"
ADNESFXLT,"{""P47277"": 112}"
ADNESFKLT,"{""P47277"": 6}"
ADNLLNDHQ,"{""P47455"": 44}"
ADHSVGISY,"{""P47321"": 630}"
ADHSVGISX,"{""P47321"": 36}"
ADHVIVGTG,"{""P47367"": 35}"
ADFCIIGLG,"{""P47565"": 153}"
ADFENINXX,"{""P47597"": 25}"
ADFENINXL,"{""P47597"": 107}"
ADFENINKL,"{""P47597"": 4}"
ADFVXLCXA,"{""P47450"": 66}"
ADFVXLCXX,"{""P47450"": 19}"
ADFVXLCKA,"{""P47450"": 1}"
ADFVXLXXA,"{""P47450"": 5}"
ADFVXLXXX,"{""P47450"": 1}"
ADFVXXXXX,"{""P47450"": 16}"
ADFVKLCXX,"{""P47450"": 2}"
ADFVKLCXA,"{""P47450"": 4}"
ADFAFVNSQ,"{""Q49410"": 140}"
ADFXIIGLG,"{""P47565"": 6}"
ADFXLRIAN,"{""P47382"": 2}"
ADFXLXIAN,"{""P47382"": 1}"
ADFYLRIAN,"{""P47382"": 19}"
ADFYLXIAN,"{""P47382"": 6}"
ADTLPHEID,"{""P47296"": 118}"
ADATLFLGX,"{""P47428"": 116}"
ADATLFLGK,"{""P47428"": 1}"
ADAIGIXXX,"{""P47493"": 102}"
ADAIGIXYA,"{""P47493"": 1}"
ADAILIGSD,"{""P47566"": 25}"
ADAGVNGLY,"{""P47342"": 140}"
ADAGVNGLX,"{""P47342"": 4}"
ADQIXSEIX,"{""P47615"": 540}"
ADQIXSEIK,"{""P47615"": 14}"
ADQIXATNS,"{""P47373"": 492}"
ADQIXXXXX,"{""P47615"": 80, ""P47373"": 132, ""P47495"": 4}"
ADQIXXXLI,"{""P47495"": 3}"
ADQIXXKLI,"{""P47495"": 1}"
ADQIKATNS,"{""P47373"": 17}"
ADQIKSEIX,"{""P47615"": 20}"
ADQIRXXXX,"{""P47495"": 4}"
ADQIRXXLI,"{""P47495"": 9}"
ADQIRXKLI,"{""P47495"": 1}"
ADQIRKXLI,"{""P47495"": 1}"
ADQEKMSIA,"{""P47335"": 6}"
ADQEXMSIA,"{""P47335"": 97}"
ADQEXXXXX,"{""P47335"": 20}"
ADDXXXXXX,"{""P47640"": 101}"
ADDXIFFLG,"{""P47640"": 29}"
ADSGNYQTL,"{""P47283"": 613}"
ADSGNXQTL,"{""P47283"": 23}"
ADSLXXXXX,"{""P47645"": 26}"
ADSLXNNSY,"{""P47645"": 96}"
ADSLXNNSX,"{""P47645"": 2}"
ADSLKNNSY,"{""P47645"": 8}"
ADSLKNNSX,"{""P47645"": 1}"
ADSDGSLQA,"{""P47388"": 133}"
ADSSSSSSS,"{""P20796"": 5}"
ADVDXIRDE,"{""P47549"": 26}"
ADVDXIXDE,"{""P47549"": 2}"
ADVDXXXXX,"{""P47549"": 93}"
ADVLLVETP,"{""P47493"": 143}"
ADVIIXDXX,"{""P47342"": 82}"
ADVIIXDXV,"{""P47342"": 21}"
ADVIIXXXX,"{""P47342"": 18}"
ADVIIKDXX,"{""P47342"": 9}"
ADVIIKDXV,"{""P47342"": 1}"
ADEXXXXXX,"{""P47318"": 108}"
ADEILAVSH,"{""P47426"": 133}"
ADRVXWPIE,"{""P47580"": 97}"
ADRVXXXXX,"{""P47580"": 20}"
ADRVKWPIE,"{""P47580"": 4}"
ADRTXXXXX,"{""P47457"": 26}"
ADGSSXLEF,"{""P47321"": 6}"
ADGSSRLEF,"{""P47321"": 25}"
ADGADEEEA,"{""P47287"": 120}"
ADGGIVXSN,"{""P47284"": 97}"
ADGGIVXXX,"{""P47284"": 13}"
ADGGIVKSN,"{""P47284"": 5}"
ADGQMIRVG,"{""P47476"": 2}"
ADPXXXXXX,"{""P47418"": 17}"
ADPXAVXLL,"{""P47418"": 76}"
ADPXAVXXX,"{""P47418"": 26}"
ADPKAVXLL,"{""P47418"": 6}"
ADKYIIAGD,"{""P47386"": 23}"
ADKVLVMNE,"{""P47425"": 8}"
ADKVXEAIX,"{""P47563"": 3}"
ADKLECXEV,"{""P47264"": 3}"
ADKLECKEV,"{""P47264"": 1}"
ADKQLXXXX,"{""P47321"": 1}"
ADKQLXSLE,"{""P47321"": 4}"
ALFYYIPNG,"{""P47496"": 582}"
ALFYXIPNG,"{""P47496"": 38}"
ALFLELXTN,"{""P47393"": 485}"
ALFLELXXX,"{""P47393"": 98}"
ALFLELKTN,"{""P47393"": 22}"
ALFLAXEXX,"{""P47266"": 5}"
ALFLAXEXD,"{""P47266"": 31}"
ALFLAXEKD,"{""P47266"": 2}"
ALFLAREXD,"{""P47266"": 86}"
ALFLAREXX,"{""P47266"": 24}"
ALFLAREKD,"{""P47266"": 3}"
ALFNQLINA,"{""P47299"": 147}"
ALFITHGHE,"{""P47385"": 119}"
ALFXXXXXX,"{""P47613"": 109, ""P47326"": 105}"
ALFXXQDET,"{""P47326"": 25}"
ALFXXIPNG,"{""P47496"": 4}"
ALFXXITGT,"{""P47613"": 18}"
ALFXYIPNG,"{""P47496"": 29}"
ALFXKQDET,"{""P47326"": 4}"
ALFPSIWXX,"{""Q49423"": 27}"
ALFPSIWXQ,"{""Q49423"": 90}"
ALFPSIWKQ,"{""Q49423"": 5}"
ALFKXXXXX,"{""P47613"": 2, ""P47326"": 3}"
ALFKXQDET,"{""P47326"": 1}"
ALIACXXLQ,"{""P47534"": 395}"
ALIACXXXX,"{""P47534"": 179}"
ALIACXKLQ,"{""P47534"": 18}"
ALIACKXLQ,"{""P47534"": 18}"
ALIACKXXX,"{""P47534"": 6}"
ALIAXXXXX,"{""P47534"": 5}"
ALIAXXXLQ,"{""P47534"": 14}"
ALIAXXKLQ,"{""P47534"": 1}"
ALIXXXXXX,"{""P47656"": 104, ""Q9ZB70"": 97}"
ALIXEPXIL,"{""Q9ZB70"": 399}"
ALIXEPXXX,"{""Q9ZB70"": 72}"
ALIXEPKIL,"{""Q9ZB70"": 23}"
ALIXFNPDL,"{""P47656"": 502}"
ALIXFDMSE,"{""P47597"": 6}"
ALINAQXNT,"{""P47573"": 105}"
ALINAQXXX,"{""P47573"": 16}"
ALINAQKNT,"{""P47573"": 7}"
ALINGETLS,"{""P47346"": 126}"
ALINIXXXX,"{""P47666"": 102}"
ALINIXGYX,"{""P47666"": 3}"
ALINIXGYR,"{""P47666"": 2}"
ALINIKGYR,"{""P47666"": 1}"
ALITXPXXX,"{""P47326"": 80}"
ALITXPXLI,"{""P47326"": 404}"
ALITXPKLI,"{""P47326"": 20}"
ALITXXXXX,"{""P47326"": 95}"
ALITKPXLI,"{""P47326"": 19}"
ALITKPXXX,"{""P47326"": 2}"
ALITKPKLI,"{""P47326"": 1}"
ALIPYYTGN,"{""P47471"": 110}"
ALIPYXTGN,"{""P47471"": 4}"
ALIPFGVHH,"{""P47315"": 40}"
ALIPXYTGN,"{""P47471"": 4}"
ALIEXAAIA,"{""P47362"": 104}"
ALIEXXXXX,"{""P47362"": 22}"
ALIEEDNFN,"{""P47699"": 130}"
ALIEKAAIA,"{""P47362"": 7}"
ALIVSXEIV,"{""P47643"": 107}"
ALIVSXXXX,"{""P47643"": 19}"
ALIVSKEIV,"{""P47643"": 4}"
ALILVAPMN,"{""Q49418"": 125}"
ALIRFDMSE,"{""P47597"": 33}"
ALISFWSQI,"{""P47264"": 25}"
ALIKEPXIL,"{""Q9ZB70"": 21}"
ALIKEPXXX,"{""Q9ZB70"": 4}"
ALIKEPKIL,"{""Q9ZB70"": 3}"
ALIKFNPDL,"{""P47656"": 21}"
ALLRASDYG,"{""P47668"": 119}"
ALLRASDXG,"{""P47668"": 7}"
ALLEXEDSA,"{""P47291"": 101}"
ALLEXGNVI,"{""P47264"": 120}"
ALLEXXXXX,"{""P47291"": 12, ""P47264"": 17}"
ALLEKGNVI,"{""P47264"": 4}"
ALLEKEDSA,"{""P47291"": 2}"
ALLLSLFSA,"{""P47342"": 149}"
ALLLADALX,"{""P47346"": 118}"
ALLLADALK,"{""P47346"": 9}"
ALLLLLIPL,"{""P47393"": 4}"
ALLSLEIFE,"{""Q49424"": 632}"
ALLSDQLDA,"{""Q49419"": 133}"
ALLSDNANH,"{""P47681"": 115}"
ALLTTLXEE,"{""P47447"": 83}"
ALLTTLXXX,"{""P47447"": 17}"
ALLTTLKEE,"{""P47447"": 5}"
ALLDEQRAX,"{""P47540"": 114}"
ALLDEQRAK,"{""P47540"": 1}"
ALLDEQXAX,"{""P47540"": 25}"
ALLDHFXXX,"{""P47353"": 95}"
ALLDHFXEQ,"{""P47353"": 31}"
ALLGVSXXX,"{""P47669"": 27}"
ALLGVSXNX,"{""P47669"": 92}"
ALLGVSKNX,"{""P47669"": 7}"
ALLQNQNIN,"{""Q49430"": 103}"
ALLXASDYG,"{""P47668"": 32}"
ALLXASDXG,"{""P47668"": 1}"
ALLFDSYYD,"{""P47384"": 117}"
ALLFDSYXD,"{""P47384"": 4}"
ALLFDSXYD,"{""P47384"": 4}"
ALLVASXDE,"{""P47625"": 1}"
ALNGIATXL,"{""P35888"": 563}"
ALNGIATXX,"{""P35888"": 96}"
ALNGIATKL,"{""P35888"": 23}"
ALNQIPAFX,"{""P47479"": 127}"
ALNQIPAFK,"{""P47479"": 7}"
ALNQXLVEL,"{""P47460"": 90}"
ALNQXXXXX,"{""P47460"": 16}"
ALNQTEXIN,"{""P47486"": 89}"
ALNQTEXXX,"{""P47486"": 25}"
ALNQKLVEL,"{""P47460"": 4}"
ALNXXXXXX,"{""Q49404"": 88}"
ALNXHYVSM,"{""Q49404"": 490}"
ALNXHXVSM,"{""Q49404"": 27}"
ALNLAEINW,"{""P47297"": 140}"
ALNKHYVSM,"{""Q49404"": 20}"
ALXTLXTXR,"{""P47481"": 11}"
ALXTLXTXX,"{""P47481"": 61}"
ALXTLXTKR,"{""P47481"": 1}"
ALXTLXXXX,"{""P47481"": 22}"
ALXTSNFEG,"{""P36263"": 521}"
ALXWXXXXX,"{""P47284"": 468}"
ALXXXXXXX,"{""P47334"": 552, ""P47481"": 19, ""P47251"": 102, ""P47284"": 148, ""P47409"": 126, ""P36263"": 103, ""P47610"": 20, ""P47343"": 26, ""P47558"": 95, ""P47668"": 86, ""P47264"": 78, ""P47341"": 20, ""P47310"": 13, ""P47619"": 27, ""P20796"": 93, ""P47563"": 21, ""P47281"": 21, ""P47473"": 27, ""P47282"": 1}"
ALXXTVLPD,"{""P47334"": 6}"
ALXXIAXDH,"{""P47282"": 6}"
ALXLLXQII,"{""P47473"": 9}"
ALXLLXXXX,"{""P47473"": 77}"
ALXLGXXXX,"{""P47563"": 23}"
ALXLGXDSP,"{""P47563"": 77}"
ALXLGKDSP,"{""P47563"": 2}"
ALXLCNNAS,"{""P47317"": 20}"
ALXLTSDSA,"{""P47668"": 21}"
ALXLPFXRL,"{""P47251"": 1}"
ALXLPFXXL,"{""P47251"": 1}"
ALXLPFRXL,"{""P47251"": 1}"
ALXLPFRRL,"{""P47251"": 1}"
ALXLXNNAS,"{""P47317"": 3}"
ALXMPFVXX,"{""P47409"": 470}"
ALXNNNEQN,"{""P47310"": 84}"
ALXFDTVXX,"{""P47341"": 80}"
ALXFDTVXL,"{""P47341"": 14}"
ALXFDTVKL,"{""P47341"": 2}"
ALXFTNXNT,"{""P47619"": 77}"
ALXFTNXXX,"{""P47619"": 22}"
ALXFTNKNT,"{""P47619"": 7}"
ALXDYLTPY,"{""P47281"": 76}"
ALXDYLTPX,"{""P47281"": 5}"
ALXDINLAX,"{""P20796"": 30}"
ALXDXLTPY,"{""P47281"": 4}"
ALXQELGRE,"{""P47491"": 4}"
ALXQGTVNX,"{""P47300"": 6}"
ALXATIIPX,"{""P47343"": 106}"
ALXATIIPK,"{""P47343"": 2}"
ALXIEDRQL,"{""P47264"": 23}"
ALXIEDXQL,"{""P47264"": 3}"
ALXSVPXGV,"{""P47691"": 1}"
ALXSVPYGV,"{""P47691"": 5}"
ALXELNXXX,"{""P47610"": 16}"
ALXELNXVF,"{""P47610"": 92}"
ALXELNKVF,"{""P47610"": 3}"
ALXVEVERG,"{""P20796"": 21}"
ALXVEVEXG,"{""P20796"": 3}"
ALXRTVLPD,"{""P47334"": 23}"
ALXPLVSSS,"{""P47558"": 21}"
ALXKIAXDH,"{""P47282"": 1}"
ALGSEYMII,"{""P47698"": 605}"
ALGSEXMII,"{""P47698"": 26}"
ALGWXGDLI,"{""P47248"": 114}"
ALGWXXXXX,"{""P47248"": 462}"
ALGWKGDLI,"{""P47248"": 6}"
ALGXSIGYL,"{""P47540"": 117}"
ALGXSIGXL,"{""P47540"": 7}"
ALGXSNLXI,"{""P47310"": 3}"
ALGXXXXXX,"{""P47540"": 24}"
ALGISTDLE,"{""P47310"": 120}"
ALGYSNLXI,"{""P47310"": 103}"
ALGYSNLXX,"{""P47310"": 15}"
ALGYSNLKI,"{""P47310"": 5}"
ALGFXXSTF,"{""P47582"": 6}"
ALGFXXXXX,"{""P47582"": 18}"
ALGFXYSTF,"{""P47582"": 101}"
ALGFKYSTF,"{""P47582"": 5}"
ALGFKXSTF,"{""P47582"": 1}"
ALGNLDTFF,"{""P47278"": 20}"
ALGKSIGYL,"{""P47540"": 6}"
ALGKSIGXL,"{""P47540"": 1}"
ALDSLLLQN,"{""P47271"": 126}"
ALDEXLNGL,"{""Q49419"": 107}"
ALDEXXXXX,"{""Q49419"": 14}"
ALDEIGFTV,"{""P47326"": 119}"
ALDEKLNGL,"{""Q49419"": 3}"
ALDVAVESI,"{""P47286"": 127}"
ALDDANSSL,"{""P47326"": 110}"
ALDTRTPIL,"{""P47435"": 28}"
ALDTXTPIL,"{""P47435"": 6}"
ALDFDFXQH,"{""P47507"": 104}"
ALDFDFXXX,"{""P47507"": 28}"
ALDFDFKQH,"{""P47507"": 5}"
ALVNTLVII,"{""P47651"": 626}"
ALVQLCPDL,"{""P47257"": 527}"
ALVQLXPDL,"{""P47257"": 37}"
ALVQFLXXX,"{""P47631"": 507}"
ALVQFLXXK,"{""P47631"": 1}"
ALVQFLXRX,"{""P47631"": 81}"
ALVQFLXRK,"{""P47631"": 5}"
ALVQFLKRX,"{""P47631"": 2}"
ALVVDSNQT,"{""P47564"": 110}"
ALVVYDNXD,"{""P47257"": 92}"
ALVVYDNXX,"{""P47257"": 24}"
ALVVYDNKD,"{""P47257"": 3}"
ALVVXDNXD,"{""P47257"": 4}"
ALVVXDNXX,"{""P47257"": 1}"
ALVVXDNKD,"{""P47257"": 1}"
ALVLQFNDC,"{""P47331"": 113}"
ALVLQFNDX,"{""P47331"": 6}"
ALVLLSGGI,"{""P47612"": 29}"
ALVLNSIIG,"{""Q49460"": 25}"
ALVDXGCDN,"{""P47568"": 116}"
ALVDXGXDN,"{""P47568"": 7}"
ALVDXXXXX,"{""P47568"": 18}"
ALVDKGCDN,"{""P47568"": 8}"
ALVFNFLQX,"{""P47617"": 126}"
ALVFNFLQK,"{""P47617"": 2}"
ALSLGQGSL,"{""P47305"": 145}"
ALSLLXFLV,"{""P47563"": 110}"
ALSLLXXXX,"{""P47563"": 19}"
ALSLLKFLV,"{""P47563"": 4}"
ALSFTNGIF,"{""P47395"": 651}"
ALSFYLXQN,"{""P47653"": 88}"
ALSFYLXXX,"{""P47653"": 14}"
ALSFYLKQN,"{""P47653"": 5}"
ALSFXLXQN,"{""P47653"": 4}"
ALSFXLXXX,"{""P47653"": 2}"
ALSMMFXXX,"{""P47326"": 89}"
ALSMMFXVR,"{""P47326"": 25}"
ALSMMFXVX,"{""P47326"": 4}"
ALSGIDVLL,"{""P47627"": 35}"
ALSSXTSQV,"{""P47353"": 121}"
ALSSXXXXX,"{""P47353"": 14}"
ALSSKTSQV,"{""P47353"": 3}"
ALSELGLNC,"{""P47457"": 25}"
ALSDISVTE,"{""P47473"": 23}"
ALAEXLXXX,"{""P47339"": 79}"
ALAEXLXLV,"{""P47339"": 423}"
ALAEXLKLV,"{""P47339"": 12}"
ALAEXXXXX,"{""P47339"": 84}"
ALAEKLXXX,"{""P47339"": 4}"
ALAEKLXLV,"{""P47339"": 17}"
ALAEKLKLV,"{""P47339"": 1}"
ALAFLVXXX,"{""P47525"": 101}"
ALAFLVXDF,"{""P47525"": 522}"
ALAFLVKDF,"{""P47525"": 23}"
ALAWLCDVF,"{""P47485"": 133}"
ALAWLXDVF,"{""P47485"": 5}"
ALANNLIVA,"{""P47341"": 116}"
ALAILXESS,"{""P47359"": 103}"
ALAILXXXX,"{""P47359"": 17}"
ALAILKESS,"{""P47359"": 7}"
ALALGLSVV,"{""Q49409"": 7}"
ALQTXXXXX,"{""P47551"": 102}"
ALQTXXGLI,"{""P47551"": 39}"
ALQTXYGLI,"{""P47551"": 492}"
ALQTKYGLI,"{""P47551"": 24}"
ALQALXIWS,"{""P47486"": 523}"
ALQALXXXX,"{""P47486"": 114}"
ALQALKIWS,"{""P47486"": 21}"
ALQAGFDLS,"{""P20796"": 126}"
ALQISYSNF,"{""P47278"": 127}"
ALQISXSNF,"{""P47278"": 4}"
ALQXXXXXX,"{""P47326"": 22}"
ALQXQAXIS,"{""P47326"": 79}"
ALQXQAXXX,"{""P47326"": 19}"
ALQXQAKIS,"{""P47326"": 4}"
ALQHXINEF,"{""P47460"": 107}"
ALQHXXXXX,"{""P47460"": 21}"
ALQHASLEN,"{""P47496"": 33}"
ALQHKINEF,"{""P47460"": 4}"
ALQFXXXXX,"{""P47325"": 132}"
ALQDCEVLF,"{""P47302"": 10}"
ALQDXEVLF,"{""P47302"": 1}"
ALQKQAXIS,"{""P47326"": 5}"
ALTLNXXXX,"{""P47591"": 180}"
ALTLNXXHS,"{""P47591"": 412}"
ALTLNXKHS,"{""P47591"": 18}"
ALTLNKXHS,"{""P47591"": 17}"
ALTLNKXXX,"{""P47591"": 4}"
ALTLNKKHS,"{""P47591"": 2}"
ALTLLTVSD,"{""P47295"": 21}"
ALTDATVWI,"{""P47363"": 131}"
ALTXAGHXL,"{""P47404"": 4}"
ALTXAGHKL,"{""P47404"": 1}"
ALTXTSSNY,"{""Q49409"": 98}"
ALTXTSSNX,"{""Q49409"": 4}"
ALTXXXXXX,"{""Q49409"": 9}"
ALTRAGHXX,"{""P47404"": 3}"
ALTRAGHXL,"{""P47404"": 17}"
ALTRAGHKL,"{""P47404"": 1}"
ALTIGDLMQ,"{""P47465"": 138}"
ALTNSQIVX,"{""Q49416"": 118}"
ALTNSQIVK,"{""Q49416"": 4}"
ALTKTSSNY,"{""Q49409"": 2}"
ALEDNQFGG,"{""P47264"": 636}"
ALEAWYENN,"{""P47549"": 131}"
ALEAWXENN,"{""P47549"": 8}"
ALEALDVQI,"{""P47669"": 121}"
ALEGDPXWE,"{""P13927"": 107}"
ALEGDPXXX,"{""P13927"": 20}"
ALEGDPKWE,"{""P13927"": 5}"
ALEVPLAIX,"{""P47414"": 111}"
ALEVPLAIK,"{""P47414"": 8}"
ALELLXGTQ,"{""P47444"": 108}"
ALELLXXXX,"{""P47444"": 17}"
ALELLKGTQ,"{""P47444"": 1}"
ALELCPNAI,"{""Q49426"": 3}"
ALELFQQAA,"{""P47502"": 8}"
ALELXPNAI,"{""Q49426"": 1}"
ALEHHSETL,"{""P47515"": 129}"
ALENXEGLT,"{""P47551"": 1}"
ALMGTNMQR,"{""P47583"": 131}"
ALMGTNMQX,"{""P47583"": 27}"
ALYDINLAX,"{""P20796"": 547}"
ALYDINLAK,"{""P20796"": 3}"
ALYQELGRE,"{""P47491"": 105}"
ALYQELGXE,"{""P47491"": 33}"
ALYQGTVNX,"{""P47300"": 115}"
ALYQGTVNK,"{""P47300"": 4}"
ALCLCNNAS,"{""P47317"": 585}"
ALCLXNNAS,"{""P47317"": 27}"
ALPDLRDGL,"{""P47446"": 113}"
ALPDLXDGL,"{""P47446"": 22}"
ALPDARDGL,"{""P47250"": 127}"
ALPDAXDGL,"{""P47250"": 32}"
ALWXNFQLX,"{""P47650"": 106}"
ALWXNFQLK,"{""P47650"": 4}"
ALWXXXXXX,"{""P47650"": 20}"
ALWKNFQLX,"{""P47650"": 9}"
ALWKNFQLK,"{""P47650"": 1}"
ALKVEVERG,"{""P20796"": 1}"
ALKTSNFEG,"{""P36263"": 17}"
ALKTLXTXX,"{""P47481"": 2}"
ALKTLXXXX,"{""P47481"": 1}"
ALKELNXVF,"{""P47610"": 3}"
ALKELNXXX,"{""P47610"": 1}"
ALKMPFVXX,"{""P47409"": 16}"
ALKFTNXNT,"{""P47619"": 2}"
ALKFTNXXX,"{""P47619"": 1}"
ALKFDTVXL,"{""P47341"": 1}"
ALKFDTVXX,"{""P47341"": 8}"
ALKWXXXXX,"{""P47284"": 19}"
ALKLLXXXX,"{""P47473"": 3}"
ALKLLXQII,"{""P47473"": 1}"
ALKLGXDSP,"{""P47563"": 2}"
ALKLTSDSA,"{""P47668"": 1}"
ALKATIIPX,"{""P47343"": 4}"
ALKDYLTPY,"{""P47281"": 6}"
ALKNNNEQN,"{""P47310"": 4}"
ALKRTVLPD,"{""P47334"": 1}"
ALKPLVSSS,"{""P47558"": 3}"
ALKIEDRQL,"{""P47264"": 1}"
ALRXIAXDH,"{""P47282"": 27}"
ALRXIAXXX,"{""P47282"": 1}"
ALRXXXXXX,"{""P47282"": 5}"
ALRSVPYGV,"{""P47691"": 24}"
ALRFYSSLX,"{""P47581"": 1}"
ALRFYSSLR,"{""P47581"": 8}"
AKEHFQSWE,"{""P47512"": 19}"
AKEPVEEHS,"{""Q49413"": 2}"
AKERXXXXX,"{""P47656"": 8}"
AKEXXXXXX,"{""P47656"": 2}"
AKELVEXWX,"{""P47580"": 3}"
AKELVEXXX,"{""P47580"": 1}"
AKMIXTXXX,"{""P47405"": 2}"
AKAEHXHNS,"{""P47623"": 5}"
AKAEHKHNS,"{""P47623"": 1}"
AKALXXXXX,"{""P20796"": 17}"
AKALXVEVE,"{""P20796"": 3}"
AKALIPYYT,"{""P47471"": 20}"
AKALIPYXT,"{""P47471"": 2}"
AKALIPXYT,"{""P47471"": 2}"
AKALKVEVE,"{""P20796"": 1}"
AKASDAQNI,"{""P47368"": 3}"
AKANLPFIS,"{""P47258"": 6}"
AKLQPNVVS,"{""P47518"": 3}"
AKLQRLDSV,"{""P47282"": 1}"
AKLLTVTTI,"{""P47411"": 5}"
AKLVSAREG,"{""P47540"": 4}"
AKLVSAXEG,"{""P47540"": 3}"
AKLXIIXXT,"{""Q49420"": 5}"
AKLXIIXXX,"{""Q49420"": 2}"
AKLXXXXXX,"{""Q49420"": 1}"
AKLWENAQN,"{""P47500"": 26}"
AKLGXYAIP,"{""P47269"": 5}"
AKLGXGTAS,"{""P20796"": 8}"
AKLGXXXXX,"{""P47269"": 1}"
AKLGANAIL,"{""P47647"": 5}"
AKLICHGEV,"{""P47525"": 2}"
AKLINVEXX,"{""P47612"": 2}"
AKLINVEXL,"{""P47612"": 5}"
AKLIXHGEV,"{""P47525"": 1}"
AKLTKXIAE,"{""Q49407"": 1}"
AKLTXXXXX,"{""Q49407"": 4}"
AKLTXXIAE,"{""Q49407"": 3}"
AKLTTVYXX,"{""P47508"": 6}"
AKLDAHNLX,"{""P47672"": 6}"
AKLMNFXXX,"{""P47325"": 1}"
AKLMNFXNV,"{""P47325"": 2}"
AKXAXNNEF,"{""Q49400"": 19}"
AKXAXXXXX,"{""Q49400"": 6}"
AKXAAPCII,"{""P47695"": 3}"
AKXALQDCE,"{""P47302"": 1}"
AKXXXXXXX,"{""P47338"": 25, ""Q49408"": 14, ""P47302"": 24, ""P47622"": 2, ""P47330"": 2, ""P47384"": 2, ""P47445"": 1, ""P47668"": 2, ""P47706"": 1, ""P47606"": 1, ""P47448"": 4, ""Q49400"": 2, ""P47493"": 3, ""P47643"": 1, ""P47582"": 1, ""P47274"": 2, ""P47425"": 1}"
AKXGEPTDP,"{""P47274"": 6}"
AKXGTIFFN,"{""P47546"": 3}"
AKXDSVEDA,"{""P47582"": 2}"
AKXDWNSFX,"{""P47493"": 4}"
AKXDLEEIX,"{""P47668"": 2}"
AKXFCTXLX,"{""P47384"": 16}"
AKXFCTXXX,"{""P47384"": 2}"
AKXFCTKLX,"{""P47384"": 1}"
AKXFXTXLX,"{""P47384"": 5}"
AKXFXTXXX,"{""P47384"": 1}"
AKXLVFXXX,"{""P47643"": 3}"
AKXLFEEIX,"{""P47549"": 4}"
AKXLGFDVG,"{""Q49408"": 4}"
AKXTAXIGP,"{""P47622"": 15}"
AKXTAXXXX,"{""P47622"": 2}"
AKXTAKIGP,"{""P47622"": 1}"
AKXTIXXXX,"{""P47425"": 1}"
AKXTIXQFM,"{""P47425"": 1}"
AKXYCRFCA,"{""P47338"": 1}"
AKXIGDTTS,"{""P47445"": 6}"
AKXNIXDYF,"{""P47606"": 5}"
AKXNNVAFS,"{""P47706"": 1}"
AKXELELAS,"{""P47446"": 1}"
AKQSXNWIE,"{""P47438"": 20}"
AKQSXXXXX,"{""P47438"": 2}"
AKQSLSASD,"{""Q49419"": 8}"
AKQSDXXXX,"{""P47312"": 4}"
AKQSDXPTF,"{""P47312"": 3}"
AKQSKNWIE,"{""P47438"": 4}"
AKQAITXFX,"{""P47451"": 6}"
AKQAITXFK,"{""P47451"": 1}"
AKQALLLAV,"{""P47549"": 1}"
AKQRIELFX,"{""P47386"": 7}"
AKQRLFDAX,"{""P47661"": 6}"
AKQQTIGXX,"{""P47408"": 2}"
AKQQTIGXI,"{""P47408"": 1}"
AKQXQXXXX,"{""P47402"": 5}"
AKQXIELFX,"{""P47386"": 2}"
AKQXLFDAX,"{""P47661"": 1}"
AKQTFQFXX,"{""P47364"": 4}"
AKQFIXXXX,"{""Q49433"": 5}"
AKQFIXXRT,"{""Q49433"": 1}"
AKQPLELXL,"{""P47359"": 3}"
AKQYMQIDX,"{""P47483"": 1}"
AKTTYGIIG,"{""P47403"": 3}"
AKTYFAVMX,"{""P47359"": 16}"
AKTYFAVMK,"{""P47359"": 1}"
AKTXXGGIS,"{""P47664"": 4}"
AKTXFAVMX,"{""P47359"": 1}"
AKTLINGYF,"{""P47591"": 5}"
AKTHGFMAR,"{""P47704"": 2}"
AKTIIXXXX,"{""P47695"": 2}"
AKVPLXXXX,"{""P47335"": 3}"
AKVESHXQN,"{""P47568"": 6}"
AKVESHXXX,"{""P47568"": 1}"
AKVINPLFL,"{""P47481"": 24}"
AKVSMIEXE,"{""P47443"": 4}"
AKVSMIEXX,"{""P47443"": 1}"
AKVGNVFDL,"{""P47698"": 8}"
AKVHSNSHS,"{""P47387"": 7}"
AKVVCVIEX,"{""P47474"": 2}"
AKYTVNFVQ,"{""P47495"": 7}"
AKYVSXSNY,"{""P47605"": 6}"
AKYDYHLME,"{""P47305"": 2}"
AKYELAVEN,"{""P47386"": 4}"
AKYELELAS,"{""P47446"": 2}"
AKYSFAMSX,"{""P47371"": 4}"
AKSDFNTEX,"{""P47386"": 6}"
AKSDVYSEL,"{""P56723"": 3}"
AKSLNLDPX,"{""P47267"": 9}"
AKSNAEXNA,"{""P47319"": 7}"
AKGFNVIHP,"{""P47508"": 7}"
AKGSGSVLT,"{""P47402"": 18}"
AKGXATANS,"{""P47542"": 4}"
AKGLLIXQF,"{""Q49435"": 1}"
AKGLLIXXX,"{""Q49435"": 4}"
AKGVIFGLS,"{""P47623"": 5}"
AKFSLNLXD,"{""P47342"": 3}"
AKFSLNLXX,"{""P47342"": 1}"
AKFSLNLKD,"{""P47342"": 1}"
AKFIXFXXQ,"{""P47640"": 10}"
AKFIXFXXX,"{""P47640"": 8}"
AKFIXXXXX,"{""P47640"": 5}"
AKFEELTXX,"{""P47547"": 18}"
AKFLTVALT,"{""P47279"": 7}"
AKWIAEQFL,"{""P47295"": 25}"
AKNETVXQV,"{""P47534"": 2}"
AKNEVHXXX,"{""P47565"": 2}"
AKNSDSHLG,"{""P47686"": 7}"
AKNTQXXXX,"{""P47424"": 6}"
AKNTQXRLE,"{""P47424"": 2}"
AKNAISTYX,"{""P47409"": 4}"
AKNLTTLVN,"{""P47436"": 5}"
AKNNEFFTL,"{""Q49400"": 2}"
AKCXXXXXX,"{""P47368"": 2}"
AKCXRITFN,"{""P47368"": 1}"
AKPTQIQTX,"{""P47461"": 6}"
AKPLFAFFS,"{""P52271"": 4}"
AKPXATXXX,"{""P47461"": 2}"
AKPXXXXXX,"{""P47461"": 1}"
AKDLTTQXE,"{""P47547"": 4}"
AKIELSAQL,"{""P47547"": 20}"
AKIIDYLVH,"{""P47513"": 22}"
AKITXXXXX,"{""Q49428"": 2}"
AKITXNGLA,"{""Q49428"": 3}"
AKITKNGLA,"{""Q49428"": 1}"
AKINXAYNX,"{""Q57081"": 4}"
AKINPDXXX,"{""P47421"": 1}"
AKINPDXXV,"{""P47421"": 1}"
AKIQALGFN,"{""P47300"": 3}"
AKRLXSXNA,"{""P55750"": 5}"
AKRLXSXXX,"{""P55750"": 1}"
AKRFLFITA,"{""P47486"": 8}"
AKKFCTXXX,"{""P47384"": 1}"
AKKTAXIGP,"{""P47622"": 2}"
AKKDWNSFX,"{""P47493"": 2}"
AKKAXNNEF,"{""Q49400"": 1}"
AKKAAPCII,"{""P47695"": 1}"
AYGFXSYAD,"{""P47540"": 452}"
AYGFXSXAD,"{""P47540"": 27}"
AYGFXXXXX,"{""P47540"": 83}"
AYGFKSYAD,"{""P47540"": 26}"
AYGGSENIA,"{""P47315"": 545}"
AYGLQITXE,"{""P47331"": 461}"
AYGLQITXX,"{""P47331"": 124}"
AYGLQITKE,"{""P47331"": 18}"
AYGLXVLVD,"{""P47507"": 98}"
AYGLXXXXX,"{""P47507"": 18}"
AYGLKVLVD,"{""P47507"": 3}"
AYGEANIAE,"{""Q49460"": 95}"
AYTPFSNFX,"{""P47298"": 553}"
AYTPFSNFK,"{""P47298"": 1}"
AYTIEXXXX,"{""P47291"": 100}"
AYTIEXDSS,"{""P47291"": 25}"
AYTITDVIS,"{""P47508"": 123}"
AYQLALTSA,"{""P47398"": 117}"
AYQLRLEXE,"{""Q49405"": 17}"
AYQLRLEXX,"{""Q49405"": 7}"
AYQLRLEKE,"{""Q49405"": 2}"
AYQLXLEXE,"{""Q49405"": 4}"
AYQLXLEXX,"{""Q49405"": 1}"
AYQTTNTYN,"{""P20796"": 107}"
AYQTTNTXN,"{""P20796"": 2}"
AYQNSYEQI,"{""P47266"": 120}"
AYQNSXEQI,"{""P47266"": 8}"
AYILFGXII,"{""P47257"": 493}"
AYILFGXXX,"{""P47257"": 82}"
AYILFGKII,"{""P47257"": 32}"
AYISYMRER,"{""P47682"": 28}"
AYISYMREX,"{""P47682"": 6}"
AYISYMXER,"{""P47682"": 6}"
AYISYMXEX,"{""P47682"": 2}"
AYISXMRER,"{""P47682"": 1}"
AYIXAFXXX,"{""P47473"": 5}"
AYIYAFXXX,"{""P47473"": 102}"
AYIYAFXXG,"{""P47473"": 5}"
AYIYAFKXX,"{""P47473"": 5}"
AYIYAFKKG,"{""P47473"": 1}"
AYAAIVXGA,"{""P47583"": 470}"
AYAAIVXXX,"{""P47583"": 99}"
AYAAIVKGA,"{""P47583"": 22}"
AYLLFENQA,"{""P47354"": 600}"
AYLQXXXXX,"{""P47346"": 79}"
AYLQXLRQI,"{""P47346"": 15}"
AYLQXLXQI,"{""P47346"": 7}"
AYLQIMDEL,"{""P47624"": 104}"
AYLXXXXXX,"{""P47261"": 103}"
AYLXMQSMS,"{""P47261"": 22}"
AYFATWXXX,"{""Q49406"": 115}"
AYFATWXQV,"{""Q49406"": 475}"
AYFATWKQV,"{""Q49406"": 20}"
AYFIEAXXX,"{""P47653"": 86}"
AYFIEAXFV,"{""P47653"": 13}"
AYFIEAKFV,"{""P47653"": 1}"
AYFFDGNXE,"{""P47335"": 99}"
AYFFDGNXX,"{""P47335"": 26}"
AYFFDGNKE,"{""P47335"": 3}"
AYFTIEXLL,"{""P47418"": 90}"
AYFTIEXXX,"{""P47418"": 22}"
AYFTIEKLL,"{""P47418"": 6}"
AYEMIGNXP,"{""Q49418"": 474}"
AYEMIGNXX,"{""Q49418"": 100}"
AYEMIGNKP,"{""Q49418"": 23}"
AYEAGVXLA,"{""P35888"": 35}"
AYEAGVRLA,"{""P35888"": 127}"
AYEVQXPQA,"{""P47362"": 13}"
AYEVQYPQA,"{""P47362"": 121}"
AYEIIERXG,"{""P47698"": 90}"
AYEIIERXX,"{""P47698"": 18}"
AYEIIERKG,"{""P47698"": 4}"
AYEIIEXXX,"{""P47698"": 4}"
AYEIIEXXG,"{""P47698"": 20}"
AYEIIEXKG,"{""P47698"": 2}"
AYEEEQRRL,"{""P47342"": 2}"
AYEEEQRXL,"{""P47342"": 1}"
AYNXLLXXX,"{""Q57081"": 30}"
AYNXLLXXI,"{""Q57081"": 58}"
AYNXLLXKI,"{""Q57081"": 1}"
AYNXLLKXI,"{""Q57081"": 1}"
AYNXLLKXX,"{""Q57081"": 1}"
AYNXXXXXX,"{""Q57081"": 16}"
AYNSXXXXX,"{""P47360"": 96}"
AYNNGLCFT,"{""P47429"": 102}"
AYNNGLXFT,"{""P47429"": 5}"
AYNKLLXXI,"{""Q57081"": 2}"
AYXLVVNSL,"{""Q49407"": 114}"
AYXXXXXXX,"{""P47328"": 31, ""P47395"": 18, ""Q49407"": 17}"
AYXXGXXEY,"{""P47328"": 16}"
AYXXGXXXX,"{""P47328"": 51}"
AYXXGKXXX,"{""P47328"": 5}"
AYXQDLTDL,"{""P47350"": 2}"
AYXFNTPFN,"{""P47395"": 100}"
AYXFWWDLE,"{""P47653"": 25}"
AYXFXXXXX,"{""P47278"": 7}"
AYXFXLSIS,"{""P47278"": 1}"
AYXESLNNX,"{""Q49412"": 6}"
AYXKGXXXX,"{""P47328"": 5}"
AYXKGXKEY,"{""P47328"": 1}"
AYVMGSYNI,"{""Q49428"": 44}"
AYVMGSXNI,"{""Q49428"": 1}"
AYRFWWDLE,"{""P47653"": 119}"
AYRFXXXXX,"{""P47278"": 20}"
AYRFXLSIS,"{""P47278"": 3}"
AYRQDLTDL,"{""P47350"": 18}"
AYWLLLPFL,"{""P22747"": 126}"
AYSANXXSE,"{""P47326"": 65}"
AYSANXXXX,"{""P47326"": 36}"
AYSANXKSE,"{""P47326"": 7}"
AYSANKXXX,"{""P47326"": 2}"
AYSANKXSE,"{""P47326"": 2}"
AYSYRFRYA,"{""P47473"": 6}"
AYSYRFXYA,"{""P47473"": 2}"
AYSYXFRYA,"{""P47473"": 2}"
AYYESLNNX,"{""Q49412"": 99}"
AYYESLNNK,"{""Q49412"": 1}"
AYKFNTPFN,"{""P47395"": 5}"
AYKLVVNSL,"{""Q49407"": 5}"
AYKXGXXXX,"{""P47328"": 6}"
AYKXGXXEY,"{""P47328"": 2}"
AYKXXXXXX,"{""P47328"": 1}"
AYDFEFEMN,"{""P47361"": 31}"
ATATDWXEE,"{""P47299"": 86}"
ATATDWXXX,"{""P47299"": 27}"
ATATDWKEE,"{""P47299"": 5}"
ATANSLVEX,"{""P47542"": 121}"
ATANSLVEK,"{""P47542"": 5}"
ATAFNNIDY,"{""Q49460"": 125}"
ATAFNNIDX,"{""Q49460"": 8}"
ATVEVFDVA,"{""P47391"": 124}"
ATVGVVSNL,"{""P47400"": 583}"
ATVXXXXXX,"{""P47400"": 89}"
ATVXSIEYD,"{""P47400"": 23}"
ATVSLAGRI,"{""P47382"": 3}"
ATVSLAGXI,"{""P47382"": 1}"
ATXGLQQXX,"{""P47515"": 406}"
ATXGLQQXY,"{""P47515"": 83}"
ATXGLQQKY,"{""P47515"": 3}"
ATXGLEILN,"{""P47466"": 96}"
ATXNXEQIQ,"{""P47288"": 86}"
ATXNXXXXX,"{""P47288"": 16}"
ATXNKEQIQ,"{""P47288"": 3}"
ATXXXXXXX,"{""P47515"": 127, ""P47461"": 47, ""P47251"": 98, ""P47466"": 22, ""P47399"": 17, ""P47442"": 15, ""P47658"": 18, ""P47288"": 13}"
ATXXXTPVX,"{""P47461"": 63}"
ATXXXTPVK,"{""P47461"": 1}"
ATXXKTPVX,"{""P47461"": 5}"
ATXDDLLFD,"{""P47442"": 109}"
ATXIVXASS,"{""P47658"": 84}"
ATXIVXXXX,"{""P47658"": 17}"
ATXIVKASS,"{""P47658"": 5}"
ATXISGTXF,"{""P47251"": 9}"
ATXISGTRF,"{""P47251"": 23}"
ATXTXVXXX,"{""P47399"": 12}"
ATXTXVXLA,"{""P47399"": 71}"
ATXTXVKLA,"{""P47399"": 6}"
ATXTXXXXX,"{""P47399"": 16}"
ATXTKVXLA,"{""P47399"": 4}"
ATXKXTPVX,"{""P47461"": 3}"
ATXKKTPVX,"{""P47461"": 1}"
ATLFDGSFH,"{""P47335"": 116}"
ATLIEXXXX,"{""P47415"": 172}"
ATLIEXXVI,"{""P47415"": 418}"
ATLIEXKVI,"{""P47415"": 11}"
ATLIEKKVI,"{""P47415"": 1}"
ATLIEKXVI,"{""P47415"": 14}"
ATLIEKXXX,"{""P47415"": 5}"
ATLQXLXXX,"{""P47321"": 77}"
ATLQXLXVL,"{""P47321"": 13}"
ATLQXXXXX,"{""P47321"": 26}"
ATLQKLXXX,"{""P47321"": 5}"
ATLQKLXVL,"{""P47321"": 1}"
ATLVATXXX,"{""P22747"": 109}"
ATLVATXQS,"{""P22747"": 1}"
ATLCISLRD,"{""P47446"": 21}"
ATLCISLXD,"{""P47446"": 8}"
ATLYDGIDL,"{""P47508"": 30}"
ATLXDGIDL,"{""P47508"": 2}"
ATLXISLXD,"{""P47446"": 2}"
ATLXISLRD,"{""P47446"": 1}"
ATTNTXRXY,"{""P47606"": 18}"
ATTNTXRXX,"{""P47606"": 7}"
ATTNTXRKY,"{""P47606"": 1}"
ATTNTXXXX,"{""P47606"": 82}"
ATTNTXXXY,"{""P47606"": 4}"
ATTDXNDVF,"{""P47685"": 31}"
ATTDXXXXX,"{""P47685"": 100}"
ATTDSFNXX,"{""P47372"": 91}"
ATTDSFNXI,"{""P47372"": 24}"
ATTRDLNXA,"{""P47473"": 21}"
ATTRDLNXX,"{""P47473"": 2}"
ATTRDLNKA,"{""P47473"": 1}"
ATTYSSSQY,"{""P47580"": 104}"
ATTYSSSQX,"{""P47580"": 8}"
ATTVSTSNN,"{""P47523"": 128}"
ATTXDLNXA,"{""P47473"": 9}"
ATTXDLNXX,"{""P47473"": 1}"
ATTXSSSQY,"{""P47580"": 6}"
ATSXXXXXX,"{""P47621"": 120}"
ATSDYYXNN,"{""P47530"": 94}"
ATSDYYXXX,"{""P47530"": 20}"
ATSDYYKNN,"{""P47530"": 6}"
ATSDYXXNN,"{""P47530"": 7}"
ATSDXYXNN,"{""P47530"": 9}"
ATSDXYXXX,"{""P47530"": 1}"
ATSHIKPLF,"{""Q9ZB79"": 7}"
ATSHIXPLF,"{""Q9ZB79"": 100}"
ATSHIXXXX,"{""Q9ZB79"": 18}"
ATSFSGLEM,"{""P47591"": 4}"
ATEMGXLLX,"{""P47294"": 89}"
ATEMGXXXX,"{""P47294"": 34}"
ATEMGKLLX,"{""P47294"": 5}"
ATEFVEXYI,"{""P47607"": 20}"
ATEFVEXXX,"{""P47607"": 118}"
ATEFVEXXI,"{""P47607"": 1}"
ATEFXSEYL,"{""P47336"": 101}"
ATEFXSEXL,"{""P47336"": 6}"
ATEFXXXXX,"{""P47336"": 20}"
ATEFAXXXX,"{""P47432"": 70}"
ATEFAXSLI,"{""P47432"": 24}"
ATEFAKSLI,"{""P47432"": 2}"
ATEFKSEYL,"{""P47336"": 5}"
ATEYDQIEX,"{""P47641"": 135}"
ATEYDQIEK,"{""P47641"": 1}"
ATEDSALQL,"{""Q49405"": 23}"
ATEXDQIEX,"{""P47641"": 7}"
ATNSYISGX,"{""P47650"": 123}"
ATNSVSVEE,"{""P47373"": 101}"
ATNSXISGX,"{""P47650"": 7}"
ATNNXXXXX,"{""P52271"": 24}"
ATNNXLXXX,"{""P52271"": 82}"
ATNNXLXLL,"{""P52271"": 17}"
ATNNKLXLL,"{""P52271"": 2}"
ATNNKLXXX,"{""P52271"": 1}"
ATNIARAMV,"{""P47695"": 25}"
ATNIAXAMV,"{""P47695"": 8}"
ATNYASATI,"{""Q49396"": 133}"
ATNXASATI,"{""Q49396"": 6}"
ATDLFLCRL,"{""Q49423"": 111}"
ATDLFLCXL,"{""Q49423"": 31}"
ATDLFLXRL,"{""Q49423"": 4}"
ATDLFLXXL,"{""Q49423"": 6}"
ATDSYMLFC,"{""P47466"": 109}"
ATDSYMLFX,"{""P47466"": 7}"
ATDSXMLFC,"{""P47466"": 4}"
ATPFWLLFL,"{""P47317"": 121}"
ATILEQTNL,"{""P47317"": 127}"
ATIGIHPND,"{""P47255"": 138}"
ATIIPXPEL,"{""P47343"": 20}"
ATIIPXXXX,"{""P47343"": 93}"
ATIIPKPEL,"{""P47343"": 1}"
ATIIQSEQT,"{""P47300"": 105}"
ATIDFNLNR,"{""P47534"": 11}"
ATIDFNLNX,"{""P47534"": 1}"
ATGLFGMCL,"{""P47352"": 9}"
ATGLFGMXL,"{""P47352"": 1}"
ATGYFNLLI,"{""P47486"": 116}"
ATGXFNLLI,"{""P47486"": 12}"
ATKTXXXXX,"{""P47399"": 3}"
ATKTXVXLA,"{""P47399"": 2}"
ATKTXVXXX,"{""P47399"": 1}"
ATKGLQQXX,"{""P47515"": 10}"
ATKGLQQXY,"{""P47515"": 5}"
ATKGLEILN,"{""P47466"": 5}"
ATKXXXXXX,"{""P47461"": 1}"
ATKXXTPVX,"{""P47461"": 5}"
ATKKXTPVK,"{""P47461"": 1}"
ATKDDLLFD,"{""P47442"": 3}"
ATKIVXXXX,"{""P47658"": 2}"
ATKIVXASS,"{""P47658"": 4}"
ATKNXEQIQ,"{""P47288"": 1}"
ATQSSFNPT,"{""P20796"": 36}"
ATFQNQIMI,"{""P47492"": 19}"
APHGGVFVF,"{""P47308"": 640}"
APLIAAIQS,"{""P47638"": 655}"
APLLYVGVX,"{""P47386"": 602}"
APLLYVGVK,"{""P47386"": 15}"
APLLQNISF,"{""P47532"": 133}"
APLLFIGGL,"{""P47260"": 153}"
APLLXVGVK,"{""P47386"": 3}"
APLLXVGVX,"{""P47386"": 27}"
APLNNSTVA,"{""Q49460"": 133}"
APQFTXXXX,"{""P47656"": 565}"
APQLTWXNS,"{""P47541"": 84}"
APQLTWXXX,"{""P47541"": 30}"
APQLTWKNS,"{""P47541"": 2}"
APQLXAPXX,"{""P47397"": 103}"
APQLXAPXK,"{""P47397"": 5}"
APQLXAPKX,"{""P47397"": 1}"
APQLXXXXX,"{""P47397"": 14}"
APQLKAPXX,"{""P47397"": 3}"
APQELXGXL,"{""P47652"": 59}"
APQELXGXX,"{""P47652"": 12}"
APQELXGKL,"{""P47652"": 7}"
APQELXXXX,"{""P47652"": 14}"
APQELKGXL,"{""P47652"": 9}"
APQELKGXX,"{""P47652"": 2}"
APQRFESTD,"{""P47431"": 8}"
APQRVTGFD,"{""P47515"": 8}"
APQXFESTD,"{""P47431"": 4}"
APQXVTGFD,"{""P47515"": 1}"
APTLTHNSE,"{""Q49435"": 643}"
APTLHRLGI,"{""P47582"": 22}"
APTLHXLGI,"{""P47582"": 9}"
APTASLFEG,"{""P47623"": 613}"
APTFXDQIY,"{""Q49406"": 4}"
APTFRDQIY,"{""Q49406"": 21}"
APTFRDQIX,"{""Q49406"": 1}"
APGSDYVTR,"{""P47315"": 125}"
APGSDYVTX,"{""P47315"": 30}"
APGSDXVTR,"{""P47315"": 8}"
APGDVGVXT,"{""P47315"": 104}"
APGDVGVXX,"{""P47315"": 29}"
APGDVGVKT,"{""P47315"": 3}"
APNLYENGD,"{""P47624"": 599}"
APNLXENGD,"{""P47624"": 43}"
APNSHVVLL,"{""P47683"": 133}"
APNYFVQSA,"{""P47477"": 32}"
APNRVDNQX,"{""P47346"": 19}"
APNXFVQSA,"{""P47477"": 3}"
APNXVDNQX,"{""P47346"": 6}"
APSALXAAN,"{""P22747"": 94}"
APSALXXXX,"{""P22747"": 21}"
APSALKAAN,"{""P22747"": 6}"
APSCGLYLX,"{""P47428"": 109}"
APSCGLXLX,"{""P47428"": 6}"
APSXGLYLX,"{""P47428"": 6}"
APDXXXXXX,"{""P47527"": 35}"
APDXXHDSL,"{""P47527"": 83}"
APDXKHDSL,"{""P47527"": 6}"
APDKXHDSL,"{""P47527"": 3}"
APDKXXXXX,"{""P47527"": 1}"
APDKKHDSL,"{""P47527"": 2}"
APDELIDID,"{""P35888"": 6}"
APXXXXXXX,"{""P47576"": 20, ""P47397"": 30}"
APXXQXTXV,"{""P47397"": 68}"
APXXQXTXX,"{""P47397"": 9}"
APXXQXTKV,"{""P47397"": 5}"
APXXQXXXX,"{""P47397"": 7}"
APXXQKTXX,"{""P47397"": 1}"
APXXQKTXV,"{""P47397"": 2}"
APXEKVXXX,"{""P47576"": 1}"
APXEKVXSE,"{""P47576"": 3}"
APXEXVXSE,"{""P47576"": 74}"
APXEXVXXX,"{""P47576"": 14}"
APXEXVKSE,"{""P47576"": 4}"
APXEXXXXX,"{""P47576"": 18}"
APXKQXTXV,"{""P47397"": 1}"
APXKQXTKV,"{""P47397"": 1}"
APEEXXXXX,"{""P13927"": 83}"
APEEXAXGI,"{""P13927"": 4}"
APEEXARGI,"{""P13927"": 8}"
APKEXVXSE,"{""P47576"": 4}"
APKEXVXXX,"{""P47576"": 1}"
APKEXXXXX,"{""P47576"": 1}"
APKXQXTXV,"{""P47397"": 2}"
APKXQXXXX,"{""P47397"": 1}"
AFFQTXXXX,"{""P47466"": 179}"
AFFQTXXTN,"{""P47466"": 423}"
AFFQTXKTN,"{""P47466"": 26}"
AFFQTKXTN,"{""P47466"": 13}"
AFFQTKXXX,"{""P47466"": 3}"
AFFQTKKTN,"{""P47466"": 2}"
AFFNXXXXX,"{""P47565"": 116}"
AFFNXRLEE,"{""P47565"": 2}"
AFXXXXXXX,"{""P47612"": 102, ""Q49430"": 30, ""P47374"": 15, ""P47564"": 103, ""P47460"": 26, ""P47265"": 22, ""P47480"": 14, ""P47321"": 16, ""Q49416"": 15, ""P47442"": 3}"
AFXXIDELA,"{""Q49416"": 3}"
AFXXLEINN,"{""P47612"": 14}"
AFXXLAMQY,"{""P47265"": 5}"
AFXXLAXXX,"{""P47442"": 2}"
AFXYIDELA,"{""Q49416"": 89}"
AFXSYFHXL,"{""P47480"": 83}"
AFXSYFHXX,"{""P47480"": 11}"
AFXSYFHKL,"{""P47480"": 3}"
AFXSXFHXX,"{""P47480"": 1}"
AFXSXFHXL,"{""P47480"": 5}"
AFXQFGEHK,"{""P47321"": 3}"
AFXQFGEHX,"{""P47321"": 101}"
AFXQEIPSD,"{""P47515"": 31}"
AFXDXVDQD,"{""P47460"": 86}"
AFXDXXXXX,"{""P47460"": 19}"
AFXDKVDQD,"{""P47460"": 5}"
AFXAEQFPN,"{""P47374"": 99}"
AFXEIPPVN,"{""Q49430"": 118}"
AFXESNGIN,"{""P47566"": 7}"
AFXHAXXXX,"{""P47520"": 1}"
AFXHAXTWH,"{""P47520"": 5}"
AFXMXXXXX,"{""P47359"": 1}"
AFXMXTNTD,"{""P47359"": 5}"
AFXLYXXXX,"{""P47629"": 1}"
AFXLYXXXI,"{""P47629"": 2}"
AFXKLEINN,"{""P47612"": 2}"
AFXKLAXXX,"{""P47442"": 1}"
AFXKLAMQY,"{""P47265"": 1}"
AFYMXTNTD,"{""P47359"": 90}"
AFYMXXXXX,"{""P47359"": 18}"
AFYMKTNTD,"{""P47359"": 4}"
AFYHAXTWH,"{""P47520"": 98}"
AFYHAXXXX,"{""P47520"": 23}"
AFYHAKTWH,"{""P47520"": 6}"
AFYSVNPLM,"{""P47350"": 1}"
AFNENWIDW,"{""P47429"": 114}"
AFNQVXXTX,"{""P47388"": 361}"
AFNQVXXTK,"{""P47388"": 7}"
AFNQVXXXX,"{""P47388"": 210}"
AFNQVXKTX,"{""P47388"": 20}"
AFNQVKXTX,"{""P47388"": 19}"
AFNQVKXXX,"{""P47388"": 3}"
AFNQVKKTX,"{""P47388"": 2}"
AFNDYKELM,"{""P47549"": 3}"
AFNDYXELM,"{""P47549"": 97}"
AFNDYXXXX,"{""P47549"": 19}"
AFNDXKELM,"{""P47549"": 1}"
AFNDXXXXX,"{""P47549"": 3}"
AFNDXXELM,"{""P47549"": 4}"
AFNXAXXXX,"{""P47667"": 74}"
AFNXAXNDQ,"{""P47667"": 23}"
AFNXAKNDQ,"{""P47667"": 1}"
AFNXXXXXX,"{""P47667"": 22}"
AFNKAXXXX,"{""P47667"": 6}"
AFNKAXNDQ,"{""P47667"": 1}"
AFEEAINNQ,"{""P47494"": 130}"
AFEENDFVI,"{""P47672"": 32}"
AFEXELEDP,"{""P47580"": 91}"
AFEXXXXXX,"{""P47483"": 129, ""P47580"": 24}"
AFEIXXTID,"{""P47326"": 76}"
AFEIXXXXX,"{""P47326"": 38}"
AFEIXKTID,"{""P47326"": 3}"
AFEIKXXXX,"{""P47326"": 2}"
AFEIKXTID,"{""P47326"": 2}"
AFEGTYIRF,"{""P47553"": 7}"
AFEGTYIXF,"{""P47553"": 1}"
AFEKELEDP,"{""P47580"": 3}"
AFIDEEVXX,"{""P47343"": 575}"
AFIDEEVXK,"{""P47343"": 19}"
AFIDEEVKX,"{""P47343"": 22}"
AFILNTKPX,"{""P47281"": 8}"
AFILNTXPX,"{""P47281"": 103}"
AFILNTXPK,"{""P47281"": 8}"
AFILNTXXX,"{""P47281"": 14}"
AFIHASYIN,"{""P47607"": 33}"
AFIHASXIN,"{""P47607"": 2}"
AFIXFIPVD,"{""P47641"": 108}"
AFIXXXXXX,"{""P47641"": 24}"
AFIIQTPQF,"{""P47668"": 119}"
AFIKFIPVD,"{""P47641"": 3}"
AFQAXTNTF,"{""P47549"": 532}"
AFQAXXXXX,"{""P47549"": 87}"
AFQAKTNTF,"{""P47549"": 27}"
AFQAGFFHS,"{""P47564"": 25}"
AFQRLRNIX,"{""P47699"": 4}"
AFQRLXNIX,"{""P47699"": 1}"
AFQYAFGLG,"{""P47278"": 4}"
AFLESVDES,"{""P47549"": 117}"
AFLESGEGC,"{""P47352"": 128}"
AFLESGEGX,"{""P47352"": 7}"
AFLESXXXX,"{""P47528"": 101}"
AFLESXLXX,"{""P47528"": 6}"
AFLESXLRX,"{""P47528"": 29}"
AFLESKLXX,"{""P47528"": 1}"
AFLENXTXX,"{""P47499"": 103}"
AFLENXTXK,"{""P47499"": 2}"
AFLENXTKX,"{""P47499"": 1}"
AFLENXXXX,"{""P47499"": 24}"
AFLENKTXX,"{""P47499"": 8}"
AFLIAXXIX,"{""Q49426"": 67}"
AFLIAXXIK,"{""Q49426"": 1}"
AFLIAXXXX,"{""Q49426"": 38}"
AFLIAXKIX,"{""Q49426"": 3}"
AFLIAKXIX,"{""Q49426"": 3}"
AFLIAKXIK,"{""Q49426"": 1}"
AFLIAKXXX,"{""Q49426"": 3}"
AFLIXXXXX,"{""P47460"": 111}"
AFLIXXLXS,"{""P47460"": 1}"
AFLIXXLRS,"{""P47460"": 1}"
AFLIXRLRS,"{""P47460"": 2}"
AFLIXRLXS,"{""P47460"": 1}"
AFLKTIEHV,"{""P47669"": 4}"
AFLKQTPFF,"{""P47364"": 10}"
AFLXQTPFF,"{""P47364"": 91}"
AFLXTIEHV,"{""P47669"": 97}"
AFLXXXXXX,"{""P47669"": 20, ""P47364"": 19}"
AFAXAXNLT,"{""P47436"": 87}"
AFAXAXXXX,"{""P47436"": 9}"
AFAXAKNLT,"{""P47436"": 3}"
AFAXXXXXX,"{""P47340"": 139, ""P47311"": 93, ""P47436"": 24}"
AFAXNPLLI,"{""P47311"": 508}"
AFAXVMQVN,"{""P47572"": 8}"
AFAXEFNTP,"{""P47340"": 1}"
AFANALANS,"{""P47522"": 117}"
AFAYVMQVN,"{""P47572"": 121}"
AFAKAXNLT,"{""P47436"": 3}"
AFAKNPLLI,"{""P47311"": 18}"
AFDGLDILP,"{""Q49427"": 119}"
AFDINIDFS,"{""P47696"": 139}"
AFDSIRXLM,"{""P47317"": 28}"
AFDSIRXXX,"{""P47317"": 7}"
AFDSIXXXX,"{""P47317"": 2}"
AFDSIXXLM,"{""P47317"": 6}"
AFDYSXAFE,"{""P47483"": 87}"
AFDYSXXXX,"{""P47483"": 26}"
AFDYSKAFE,"{""P47483"": 3}"
AFDXSXAFE,"{""P47483"": 6}"
AFDXSXXXX,"{""P47483"": 1}"
AFVSWTVGY,"{""P47580"": 584}"
AFVSWTVGX,"{""P47580"": 28}"
AFVAGAYHD,"{""P47482"": 602}"
AFVAGAXHD,"{""P47482"": 29}"
AFVDFIVMG,"{""P47358"": 109}"
AFVFELMXX,"{""P47471"": 1}"
AFVFELMXR,"{""P47471"": 1}"
AFVFELMYR,"{""P47471"": 25}"
AFVFELMYX,"{""P47471"": 5}"
AFVISIATV,"{""P47289"": 102}"
AFPVLLFGF,"{""P47533"": 654}"
AFPNXXFAC,"{""P47582"": 66}"
AFPNXXFAX,"{""P47582"": 2}"
AFPNXXXXX,"{""P47582"": 34}"
AFPNXKFAC,"{""P47582"": 5}"
AFPNKXFAC,"{""P47582"": 5}"
AFPSEFSGG,"{""P47325"": 14}"
AFRXLAMQY,"{""P47265"": 26}"
AFRXLAMQX,"{""P47265"": 2}"
AFRXLAXXX,"{""P47442"": 16}"
AFRXLAXXY,"{""P47442"": 3}"
AFRXLAXKY,"{""P47442"": 1}"
AFRXXXXXX,"{""P47265"": 88, ""P47442"": 3}"
AFRQEIPSD,"{""P47515"": 130}"
AFRLYXXXX,"{""P47629"": 8}"
AFRLYXXXI,"{""P47629"": 14}"
AFRLYXKXI,"{""P47629"": 1}"
AFRLXXXKI,"{""P47629"": 1}"
AFRKLAMQY,"{""P47265"": 2}"
AFSENIFSF,"{""P47273"": 146}"
AFSEXXXXX,"{""P47530"": 127}"
AFSEXGIQF,"{""P47530"": 2}"
AFSLLMGDE,"{""P47249"": 5}"
AFGSGXXXX,"{""P47678"": 24}"
AFGSGXSXE,"{""P47678"": 65}"
AFGSGXSXX,"{""P47678"": 31}"
AFGSGXSKE,"{""P47678"": 5}"
AFGSGKSXE,"{""P47678"": 4}"
AFGSGKSKE,"{""P47678"": 1}"
AFGVNXSXE,"{""P47677"": 75}"
AFGVNXSXX,"{""P47677"": 11}"
AFGVNXSKE,"{""P47677"": 4}"
AFGVNXXXX,"{""P47677"": 22}"
AFGVNKSXE,"{""P47677"": 4}"
AFGVNKSXX,"{""P47677"": 1}"
AFGVNKSKE,"{""P47677"": 1}"
AFGRFTSEX,"{""Q49415"": 127}"
AFGRFTSEK,"{""Q49415"": 5}"
AFGRVSTRI,"{""P47438"": 16}"
AFGRVSTXI,"{""P47438"": 2}"
AFGRLXNSP,"{""Q49402"": 22}"
AFGRLXXXX,"{""Q49402"": 3}"
AFGRLKNSP,"{""Q49402"": 1}"
AFGXLXXXX,"{""Q49402"": 2}"
AFGXFTSEX,"{""Q49415"": 30}"
AFGXVSTXI,"{""P47438"": 2}"
AFGXVSTRI,"{""P47438"": 5}"
AFGLNNXEI,"{""P47583"": 6}"
AFGLNNREI,"{""P47583"": 19}"
AFCESNGIN,"{""P47566"": 114}"
AFKXSIDQT,"{""P47564"": 1}"
AFKXXXXXX,"{""P47612"": 5}"
AFKSYFHXL,"{""P47480"": 5}"
AFKSYFHKL,"{""P47480"": 1}"
AFKDXVDQD,"{""P47460"": 3}"
AFKDXXXXX,"{""P47460"": 1}"
AFKEIPPVN,"{""Q49430"": 6}"
AFKQFGEHX,"{""P47321"": 5}"
AFKAEQFPN,"{""P47374"": 5}"
AQELSPCQL,"{""P47701"": 537}"
AQELSPXQL,"{""P47701"": 29}"
AQEYDIIPG,"{""P47352"": 107}"
AQEXDIIPG,"{""P47352"": 11}"
AQALAXXXX,"{""P47331"": 536}"
AQALAXGFM,"{""P47331"": 37}"
AQAXFQXNN,"{""P47677"": 1}"
AQAXFQRNN,"{""P47677"": 1}"
AQAXQVVGG,"{""Q49403"": 91}"
AQAXXXXXX,"{""Q49403"": 21}"
AQAYFQRNN,"{""P47677"": 22}"
AQAYFQXNN,"{""P47677"": 10}"
AQAKQVVGG,"{""Q49403"": 5}"
AQGMTYSVF,"{""P47440"": 616}"
AQGMTXSVF,"{""P47440"": 27}"
AQGVFSQML,"{""P47389"": 111}"
AQQFLTLQX,"{""P47448"": 120}"
AQQFLTLQK,"{""P47448"": 3}"
AQQFIRVXX,"{""P47540"": 3}"
AQQFIRVXN,"{""P47540"": 17}"
AQQFIRVKN,"{""P47540"": 3}"
AQQFIXVXN,"{""P47540"": 5}"
AQQFIXVXX,"{""P47540"": 1}"
AQQIXXNXP,"{""P47365"": 58}"
AQQIXXNXX,"{""P47365"": 11}"
AQQIXXNKP,"{""P47365"": 3}"
AQQIXXXXX,"{""P47365"": 35}"
AQQIXKNXP,"{""P47365"": 4}"
AQQIANEFS,"{""P47460"": 135}"
AQQIKXNXX,"{""P47365"": 2}"
AQQIKXNXP,"{""P47365"": 5}"
AQQAGFIID,"{""P47513"": 125}"
AQQYPCDVL,"{""P47449"": 117}"
AQQYPXDVL,"{""P47449"": 4}"
AQQXPCDVL,"{""P47449"": 11}"
AQQGEIETR,"{""P47524"": 27}"
AQQGEIETX,"{""P47524"": 7}"
AQSXTYEVG,"{""P47583"": 487}"
AQSXTXEVG,"{""P47583"": 23}"
AQSXXXXXX,"{""P47583"": 86}"
AQSILETYX,"{""P47259"": 96}"
AQSILETYK,"{""P47259"": 8}"
AQSILETXX,"{""P47259"": 6}"
AQSASSAHX,"{""P47688"": 127}"
AQSASSAHK,"{""P47688"": 7}"
AQSKTYEVG,"{""P47583"": 21}"
AQSKTXEVG,"{""P47583"": 1}"
AQXNGSTDS,"{""P47563"": 522}"
AQXIVDDXX,"{""P47460"": 5}"
AQXIVDDXN,"{""P47460"": 1}"
AQXIRRVLV,"{""P47345"": 2}"
AQXIXRVLV,"{""P47345"": 1}"
AQXIXXVLV,"{""P47345"": 1}"
AQXXEAXLL,"{""P47390"": 354}"
AQXXEAXXX,"{""P47390"": 63}"
AQXXEAKLL,"{""P47390"": 13}"
AQXXXXXXX,"{""P47390"": 162, ""P47376"": 115, ""P47563"": 99, ""P47345"": 98, ""P47482"": 18, ""P47317"": 22}"
AQXXANXXX,"{""P47390"": 1}"
AQXXANXLN,"{""P47390"": 4}"
AQXLFFVPT,"{""P47482"": 94}"
AQXLATITN,"{""P47319"": 33}"
AQXKEAXLL,"{""P47390"": 15}"
AQXKEAXXX,"{""P47390"": 4}"
AQXSASALX,"{""P47317"": 97}"
AQXSASALK,"{""P47317"": 1}"
AQXPDDIXX,"{""P47631"": 1}"
AQXPDDIXI,"{""P47631"": 4}"
AQXQTXELT,"{""P47277"": 4}"
AQXQTXXXX,"{""P47277"": 1}"
AQXRLQDMG,"{""P47572"": 9}"
AQXTVLTVR,"{""P47376"": 1}"
AQXTVLTVX,"{""P47376"": 1}"
AQXERELXN,"{""P47311"": 2}"
AQXEXELXN,"{""P47311"": 1}"
AQIDXIGYX,"{""P47619"": 465}"
AQIDXIGYK,"{""P47619"": 16}"
AQIDXIGXX,"{""P47619"": 27}"
AQIDXIGXK,"{""P47619"": 3}"
AQIDXXXXX,"{""P47619"": 97}"
AQIDKIGXX,"{""P47619"": 2}"
AQIDKIGYX,"{""P47619"": 23}"
AQIDKIGYK,"{""P47619"": 2}"
AQIXXXXXX,"{""P47284"": 90, ""P47448"": 15}"
AQIXSVXQV,"{""P47448"": 80}"
AQIXSVXXX,"{""P47448"": 12}"
AQIXSVKQV,"{""P47448"": 3}"
AQIXSHEVI,"{""P47284"": 24}"
AQIHLTIAL,"{""P47527"": 625}"
AQILSGSFT,"{""P47484"": 640}"
AQITDEMVL,"{""P47372"": 142}"
AQIKSVXQV,"{""P47448"": 3}"
AQIKSVXXX,"{""P47448"": 1}"
AQIKSHEVI,"{""P47284"": 3}"
AQKSASALX,"{""P47317"": 8}"
AQKSASALK,"{""P47317"": 1}"
AQKXEAXLL,"{""P47390"": 20}"
AQKXEAXXX,"{""P47390"": 2}"
AQKXXXXXX,"{""P47390"": 4}"
AQKLFFVPT,"{""P47482"": 7}"
AQKNGSTDS,"{""P47563"": 21}"
AQKKEAXXX,"{""P47390"": 1}"
AQKKEAKLL,"{""P47390"": 1}"
AQKTVLTVR,"{""P47376"": 1}"
AQCQTXELT,"{""P47277"": 108}"
AQCQTXXXX,"{""P47277"": 20}"
AQCQTKELT,"{""P47277"": 3}"
AQTVNFANL,"{""P47342"": 134}"
AQTSNFLNL,"{""P47530"": 152}"
AQNSXRXVX,"{""P55825"": 19}"
AQNSXRXXX,"{""P55825"": 3}"
AQNSXXXXX,"{""P55825"": 91}"
AQNSXXXVX,"{""P55825"": 5}"
AQNSSLFQY,"{""P47647"": 108}"
AQNSSLFQX,"{""P47647"": 6}"
AQLXPFXLA,"{""P47455"": 76}"
AQLXPFXXX,"{""P47455"": 10}"
AQLXPFKLA,"{""P47455"": 5}"
AQLXXXXXX,"{""P47455"": 17}"
AQLIVSLLN,"{""P52271"": 112}"
AQLDVFLEQ,"{""Q49407"": 131}"
AQLKPFXLA,"{""P47455"": 7}"
AQPNSVIEN,"{""Q49405"": 139}"
AQDAIYLDT,"{""P47572"": 122}"
AQDAIXLDT,"{""P47572"": 8}"
AQFDSNIIX,"{""P47445"": 126}"
AQFDSNIIK,"{""P47445"": 2}"
AQFDNLGSV,"{""P47533"": 35}"
AQRLATITN,"{""P47319"": 101}"
AQRRLQDMG,"{""P47572"": 25}"
AQRXANXLN,"{""P47390"": 12}"
AQRXANXXX,"{""P47390"": 2}"
AQRXLQDMG,"{""P47572"": 5}"
AQRXXXXXX,"{""P47390"": 1}"
AQRIVDDXX,"{""P47460"": 16}"
AQRIVDDXN,"{""P47460"": 4}"
AQRPDDIXI,"{""P47631"": 15}"
AQRPDDIXX,"{""P47631"": 5}"
AQRPDDIKI,"{""P47631"": 1}"
AQRERELXN,"{""P47311"": 4}"
AQRERELXX,"{""P47311"": 2}"
AQREXELXN,"{""P47311"": 2}"
AQREXELXX,"{""P47311"": 1}"
AQMVEPRIE,"{""Q57081"": 25}"
AQMVEPXIE,"{""Q57081"": 9}"
ASXQLFIXT,"{""P47587"": 420}"
ASXQLFIXX,"{""P47587"": 63}"
ASXQLFIKT,"{""P47587"": 28}"
ASXSIGYQN,"{""P47606"": 105}"
ASXSIGXQN,"{""P47606"": 3}"
ASXLXXXXX,"{""Q49398"": 63}"
ASXLXNLHL,"{""Q49398"": 20}"
ASXLIXXXX,"{""Q9ZB70"": 29}"
ASXLIXXLN,"{""Q9ZB70"": 74}"
ASXLIXKLN,"{""Q9ZB70"": 3}"
ASXLIKXXX,"{""Q9ZB70"": 2}"
ASXLIKXLN,"{""Q9ZB70"": 5}"
ASXLNXTQL,"{""Q49425"": 81}"
ASXLNXXXX,"{""Q49425"": 16}"
ASXLNKTQL,"{""Q49425"": 6}"
ASXLLPFXX,"{""P47431"": 9}"
ASXLLPFXN,"{""P47431"": 1}"
ASXLKNLHL,"{""Q49398"": 3}"
ASXXYFLFE,"{""P47349"": 70}"
ASXXXXXXX,"{""P47587"": 96, ""P47349"": 46, ""Q9ZB70"": 18, ""Q49425"": 29, ""Q49398"": 25, ""P47606"": 16, ""P47253"": 15}"
ASXXXFLFE,"{""P47349"": 4}"
ASXVPFXXX,"{""P47253"": 17}"
ASXVPFXVS,"{""P47253"": 77}"
ASXVPFKVS,"{""P47253"": 3}"
ASXFGTDVA,"{""P47618"": 23}"
ASXEQFEXX,"{""P47396"": 2}"
ASXEQFEXN,"{""P47396"": 6}"
ASXEMXXXX,"{""P47547"": 7}"
ASXDSEFQN,"{""P47523"": 37}"
ASXKYFLFE,"{""P47349"": 4}"
ASELXXXXX,"{""P47267"": 453}"
ASELXNNFI,"{""P47267"": 113}"
ASELKNNFI,"{""P47267"": 6}"
ASEAGADFV,"{""P47328"": 125}"
ASMQVVLCI,"{""P47670"": 118}"
ASMQVVLXI,"{""P47670"": 11}"
ASVXPICKD,"{""P47420"": 18}"
ASVXPICXD,"{""P47420"": 394}"
ASVXPICXX,"{""P47420"": 90}"
ASVXPIXXD,"{""P47420"": 16}"
ASVXPIXXX,"{""P47420"": 1}"
ASVXXXXXX,"{""P47420"": 85}"
ASVDYLANX,"{""Q49418"": 145}"
ASVDYLANK,"{""Q49418"": 5}"
ASVDXLANX,"{""Q49418"": 4}"
ASVFNNWXX,"{""P47431"": 100}"
ASVFNNWXD,"{""P47431"": 22}"
ASVFNNWKD,"{""P47431"": 2}"
ASVFAFFVL,"{""P47679"": 122}"
ASVKPICXD,"{""P47420"": 8}"
ASVKPICXX,"{""P47420"": 3}"
ASVKPICKD,"{""P47420"": 2}"
ASVKPIXXX,"{""P47420"": 2}"
ASVKPIXXD,"{""P47420"": 1}"
ASNIFNRVH,"{""P47448"": 27}"
ASNIFNXVH,"{""P47448"": 3}"
ASYFGTDVA,"{""P47618"": 566}"
ASYLLPFXX,"{""P47431"": 82}"
ASYLLPFXN,"{""P47431"": 22}"
ASYLLPFKN,"{""P47431"": 3}"
ASGVVDSGA,"{""P47609"": 118}"
ASGALLFSL,"{""P47388"": 144}"
ASGAGGQHV,"{""P47500"": 35}"
ASGHLANFV,"{""P47493"": 119}"
ASGGIXTAX,"{""P47296"": 102}"
ASGGIXTAK,"{""P47296"": 1}"
ASGGIXXXX,"{""P47296"": 25}"
ASGGIKTAX,"{""P47296"": 5}"
ASDIAEIVX,"{""P47706"": 139}"
ASDIAEIVK,"{""P47706"": 4}"
ASDILDLHQ,"{""P47668"": 139}"
ASDIEXXXX,"{""P47698"": 112}"
ASDITLXXX,"{""Q49409"": 80}"
ASDITLXNL,"{""Q49409"": 25}"
ASDYGNLGI,"{""P47668"": 578}"
ASDNQEFEX,"{""P47448"": 133}"
ASDNQEFEK,"{""P47448"": 2}"
ASDDANFIG,"{""P47335"": 117}"
ASDMFDTFD,"{""P47551"": 130}"
ASDXGNLGI,"{""P47668"": 40}"
ASDGIMVAR,"{""P47458"": 7}"
ASDGIMVAX,"{""P47458"": 2}"
ASDAQNIFL,"{""P47368"": 16}"
ASTTQNTNN,"{""P47341"": 591}"
ASTLSGGEA,"{""P47660"": 35}"
ASSFGIVIL,"{""P47658"": 111}"
ASSGSVIVN,"{""P47311"": 167}"
ASSSTTSSY,"{""P47549"": 115}"
ASSSTTSSX,"{""P47549"": 3}"
ASINELXVN,"{""P47326"": 105}"
ASINELXXX,"{""P47326"": 11}"
ASINELKVN,"{""P47326"": 6}"
ASIXAEXXX,"{""P47297"": 25}"
ASIXAEXSG,"{""P47297"": 75}"
ASIXAEKSG,"{""P47297"": 2}"
ASIXXXXXX,"{""P47297"": 21}"
ASIFENWNE,"{""P47502"": 26}"
ASIFRRLQQ,"{""P47340"": 3}"
ASIFRXLQQ,"{""P47340"": 1}"
ASIFXRLQQ,"{""P47340"": 1}"
ASIKAEXSG,"{""P47297"": 7}"
ASANIIFLA,"{""P47359"": 656}"
ASALQSLNQ,"{""P47505"": 114}"
ASLPSLEEE,"{""P47500"": 145}"
ASLEIXXXX,"{""P47670"": 108}"
ASLESIAFQ,"{""P47284"": 101}"
ASLLAACIF,"{""P47451"": 115}"
ASLLAAXIF,"{""P47451"": 6}"
ASLSAIRSD,"{""Q9ZB81"": 6}"
ASLSAIXSD,"{""Q9ZB81"": 2}"
ASFXXXXXX,"{""P47440"": 26, ""P47277"": 16}"
ASFXAAXQT,"{""P47440"": 76}"
ASFXAAXXX,"{""P47440"": 28}"
ASFXAAKQT,"{""P47440"": 2}"
ASFXGDGHN,"{""P47277"": 98}"
ASFKGDGHN,"{""P47277"": 6}"
ASFKAAXQT,"{""P47440"": 3}"
ASFKAAXXX,"{""P47440"": 1}"
ASRDSEFQN,"{""P47523"": 106}"
ASREQFEXX,"{""P47396"": 3}"
ASREQFEXN,"{""P47396"": 15}"
ASREQFEKN,"{""P47396"": 3}"
ASREMXXXX,"{""P47547"": 12}"
ASREMXVLV,"{""P47547"": 4}"
ASKQLFIKT,"{""P47587"": 3}"
ASKQLFIXX,"{""P47587"": 5}"
ASKQLFIXT,"{""P47587"": 25}"
ASKSIGYQN,"{""P47606"": 5}"
ASKVPFXVS,"{""P47253"": 5}"
ASKLNXTQL,"{""Q49425"": 5}"
ASKLNXXXX,"{""Q49425"": 2}"
ASKLIXXXX,"{""Q9ZB70"": 1}"
ASKLIXXLN,"{""Q9ZB70"": 2}"
ASKLXXXXX,"{""Q49398"": 3}"
ASPXLSXIN,"{""P47326"": 85}"
ASPXLSXXX,"{""P47326"": 21}"
ASPXLSKIN,"{""P47326"": 6}"
ASPXXXXXX,"{""P47326"": 18}"
ASPKLSXIN,"{""P47326"": 7}"
ASPKLSXXX,"{""P47326"": 1}"
AHQIPYGFR,"{""P47250"": 111}"
AHQIPYGFX,"{""P47250"": 26}"
AHQIPXGFR,"{""P47250"": 6}"
AHQLHXXXX,"{""P47663"": 18}"
AHQLHXNDV,"{""P47663"": 107}"
AHQLHKNDV,"{""P47663"": 6}"
AHGIHNXXX,"{""P47650"": 480}"
AHGIHNXNA,"{""P47650"": 136}"
AHGIHNKNA,"{""P47650"": 5}"
AHLQYFTGS,"{""P47283"": 135}"
AHLQXFTGS,"{""P47283"": 7}"
AHLAVVNDX,"{""Q49399"": 607}"
AHLAVVNDK,"{""Q49399"": 20}"
AHRIGQSXX,"{""P47264"": 83}"
AHRIGQSXT,"{""P47264"": 16}"
AHRIGQSKT,"{""P47264"": 3}"
AHAAAYVLM,"{""P47277"": 21}"
AHAAAXVLM,"{""P47277"": 2}"
AHNSIHTVE,"{""P47414"": 121}"
AHNTDXPLL,"{""P47273"": 87}"
AHNTDXXXX,"{""P47273"": 12}"
AHNTDKPLL,"{""P47273"": 4}"
AHSQXSIEQ,"{""P47702"": 96}"
AHSQXXXXX,"{""P47702"": 13}"
AHSQKSIEQ,"{""P47702"": 6}"
AHYIDFFXQ,"{""P47673"": 107}"
AHYIDFFXX,"{""P47673"": 18}"
AHYIDFFKQ,"{""P47673"": 4}"
AHYQANVSI,"{""P47357"": 140}"
AHFXXXXXX,"{""P47492"": 27}"
AHFXELQTL,"{""P47492"": 98}"
AHFDPVSDL,"{""P47411"": 124}"
AHFKELQTL,"{""P47492"": 8}"
AHPDVTNVL,"{""P47597"": 116}"
AHDYVRXXX,"{""P47277"": 25}"
AHDYVRXLF,"{""P47277"": 3}"
AHDYVXXXX,"{""P47277"": 2}"
AHDXVXXXX,"{""P47277"": 1}"
AHDXVRXXX,"{""P47277"": 2}"
AHDXVRXLF,"{""P47277"": 1}"
AHXIGQSXX,"{""P47264"": 31}"
AHXIGQSXT,"{""P47264"": 12}"
AHXIGQSKT,"{""P47264"": 1}"
AHXIDFFXX,"{""P47673"": 1}"
AHXIDFFXQ,"{""P47673"": 4}"
AHXQANVSI,"{""P47357"": 4}"
AHIQVERDP,"{""P47277"": 9}"
AHEMXPFSR,"{""P47692"": 1}"
AHEMCPFSR,"{""P47692"": 6}"
ACXXXXXXX,"{""P47641"": 496}"
ACXFFNXXX,"{""P47458"": 3}"
ACXLNDENG,"{""P47641"": 20}"
ACXEXXXXX,"{""P47429"": 7}"
ACLNLFSNQ,"{""P47610"": 619}"
ACLEKNXXX,"{""P47287"": 8}"
ACLEXNXXX,"{""P47287"": 90}"
ACLEXXXXX,"{""P47287"": 23}"
ACTPSTXXX,"{""Q49420"": 16}"
ACTPSTXLL,"{""Q49420"": 97}"
ACTPSTKLL,"{""Q49420"": 4}"
ACYEXXXXX,"{""P47429"": 98}"
ACYEXWIEI,"{""P47429"": 19}"
ACYEKWIEI,"{""P47429"": 4}"
ACAIFXAVX,"{""P47418"": 103}"
ACAIFXAVK,"{""P47418"": 1}"
ACAIFXXXX,"{""P47418"": 16}"
ACAIFKAVX,"{""P47418"": 9}"
ACRFFNXXX,"{""P47458"": 14}"
ACRFFNXRS,"{""P47458"": 1}"
ACRFFNKRS,"{""P47458"": 1}"
ACKLNDENG,"{""P47641"": 2}"
AWTFXXGWN,"{""P47270"": 420}"
AWTFXXXXX,"{""P47270"": 181}"
AWTFXKGWN,"{""P47270"": 21}"
AWTFKXGWN,"{""P47270"": 17}"
AWTFKXXXX,"{""P47270"": 4}"
AWTFKKGWN,"{""P47270"": 1}"
AWTALGAIR,"{""P47282"": 25}"
AWTALGAIX,"{""P47282"": 8}"
AWXXXXXXX,"{""P47390"": 93}"
AWXIVGYTN,"{""P47390"": 472}"
AWXIVGXTN,"{""P47390"": 31}"
AWXEXXXXX,"{""P47261"": 4}"
AWXEXISIV,"{""P47261"": 10}"
AWREXISIV,"{""P47261"": 22}"
AWREXXXXX,"{""P47261"": 4}"
AWREKISIV,"{""P47261"": 3}"
AWAIAFGSI,"{""P47290"": 142}"
AWNEXNWNQ,"{""Q49410"": 107}"
AWNEXXXXX,"{""Q49410"": 33}"
AWNEKNWNQ,"{""Q49410"": 5}"
AWNRFLSFI,"{""P47297"": 24}"
AWNXFLSFI,"{""P47297"": 10}"
AWVDWESTL,"{""P47266"": 124}"
AWSESIYAK,"{""P47295"": 8}"
AWSESIYAX,"{""P47295"": 127}"
AWSESIXAX,"{""P47295"": 8}"
AWLVLLLGT,"{""P47590"": 27}"
AWKIVGYTN,"{""P47390"": 16}"
AWKIVGXTN,"{""P47390"": 2}"
AWGFCSGVE,"{""P47319"": 10}"
ARAAAVNIV,"{""P47543"": 123}"
ARAWXXXXX,"{""P47390"": 18}"
ARAWXIVGY,"{""P47390"": 96}"
ARAWXIVGX,"{""P47390"": 6}"
ARAWKIVGY,"{""P47390"": 4}"
ARAVLSHFG,"{""P47410"": 6}"
ARXXXXXXX,"{""P47382"": 116, ""P47415"": 24, ""P47583"": 3}"
ARXXFLDLT,"{""P47382"": 2}"
ARXXSSVFS,"{""P47320"": 1}"
ARXRFLDLT,"{""P47382"": 3}"
ARXSXXNIA,"{""P47583"": 12}"
ARXSXXXXX,"{""P47583"": 9}"
ARXSKXNIA,"{""P47583"": 2}"
ARXLALVPF,"{""P47338"": 7}"
ARXIXNFLS,"{""P47639"": 1}"
ARXIRNFLS,"{""P47639"": 1}"
ARLVTGYEL,"{""P47272"": 20}"
ARLVTGXEL,"{""P47272"": 2}"
ARLVCQLIV,"{""P47402"": 17}"
ARLVXQLIV,"{""P47402"": 5}"
ARLLGFPTA,"{""P47391"": 22}"
ARLLEIXDI,"{""P47492"": 20}"
ARLIANTLE,"{""P47304"": 107}"
ARLRMITLY,"{""P47623"": 3}"
ARLSFIXNF,"{""P47661"": 13}"
ARLSFIXXX,"{""P47661"": 5}"
ARLXMITLY,"{""P47623"": 1}"
ARILYAGNF,"{""P47350"": 102}"
ARILXXXXX,"{""P47278"": 20}"
ARILXELXE,"{""P47278"": 87}"
ARILXELXX,"{""P47278"": 9}"
ARILXELKE,"{""P47278"": 3}"
ARILXAGNF,"{""P47350"": 5}"
ARILKELXE,"{""P47278"": 6}"
ARILKELXX,"{""P47278"": 1}"
ARITXSPLV,"{""P47553"": 25}"
ARITXXXXX,"{""P47553"": 3}"
ARITKSPLV,"{""P47553"": 2}"
ARIYWSENQ,"{""P47492"": 19}"
ARIWYENXI,"{""P47613"": 1}"
ARIWYENYI,"{""P47613"": 18}"
ARIWXENYI,"{""P47613"": 3}"
ARIXIDGVI,"{""P47303"": 19}"
ARIXXXXXX,"{""P47303"": 2}"
ARIKIDGVI,"{""P47303"": 1}"
ARSMLDLMX,"{""P47362"": 129}"
ARSMLDLMK,"{""P47362"": 2}"
ARGAKVTDI,"{""P47388"": 7}"
ARGAXVTDI,"{""P47388"": 84}"
ARGAXXXXX,"{""P47388"": 20}"
ARGYTNSRF,"{""P47660"": 2}"
ARGYTNSXF,"{""P47660"": 1}"
ARGITINSA,"{""P13927"": 30}"
ARFQLTLEE,"{""P47393"": 41}"
ARTXXIXLT,"{""P47514"": 12}"
ARTXXIXXX,"{""P47514"": 4}"
ARTXXXXXX,"{""P47579"": 11, ""P47514"": 6}"
ARTXIIDIY,"{""P47579"": 82}"
ARTXIIDIX,"{""P47579"": 4}"
ARTKIIDIY,"{""P47579"": 3}"
ARTKXXXXX,"{""P47514"": 1}"
ARNXLLXXQ,"{""P47446"": 8}"
ARNXLLXXX,"{""P47446"": 5}"
ARNXLLKXQ,"{""P47446"": 2}"
ARNXXXXXX,"{""P47446"": 7}"
ARNFDLPLM,"{""P47355"": 1}"
ARQMSHLIF,"{""P47669"": 111}"
ARQGSIRNP,"{""P47398"": 2}"
ARQGSIXNP,"{""P47398"": 2}"
ARYXSSVFS,"{""P47320"": 13}"
ARYXXXXXX,"{""P47320"": 3}"
ARYLALVPF,"{""P47338"": 108}"
ARMELYQQT,"{""P47417"": 24}"
ARMELXQQT,"{""P47417"": 1}"
ARMVIAXIT,"{""P47668"": 15}"
ARMVIAXXX,"{""P47668"": 8}"
ARMVIAKIT,"{""P47668"": 1}"
ARVNHWRDG,"{""P47432"": 5}"
ARWWTXTPG,"{""P47259"": 20}"
ARWWTXXXX,"{""P47259"": 5}"
ARWWTKTPG,"{""P47259"": 3}"
ARDRAFGRF,"{""Q49415"": 6}"
ARDRAFGXF,"{""Q49415"": 2}"
ARDVLNGLF,"{""P47695"": 3}"
ARDXAFGRF,"{""Q49415"": 3}"
ARRIRNFLS,"{""P47639"": 4}"
ARRIXNFLS,"{""P47639"": 2}"
ARREREAYE,"{""P47342"": 2}"
KTAWXXXXX,"{""P47695"": 14}"
KTAWXVFWW,"{""P47695"": 7}"
KTAIITDST,"{""P47568"": 7}"
KTAITXFVS,"{""P47328"": 8}"
KTAILDHFD,"{""P47691"": 5}"
KTAXLYQTN,"{""P47330"": 6}"
KTAXXXXXX,"{""P47330"": 3, ""P47622"": 1}"
KTAXIGPID,"{""P47622"": 5}"
KTIFGITNF,"{""P47290"": 7}"
KTISIVFQF,"{""P47426"": 25}"
KTISIFQXY,"{""P47306"": 3}"
KTISEQPYW,"{""Q49429"": 2}"
KTINFDHPD,"{""P47622"": 25}"
KTINYXNGQ,"{""P47310"": 4}"
KTINYXXXX,"{""P47310"": 3}"
KTINYKNGQ,"{""P47310"": 1}"
KTIXQFMVX,"{""P47425"": 4}"
KTIXXXXXX,"{""P47425"": 2}"
KTIKQFMVX,"{""P47425"": 1}"
KTIDEXXXX,"{""P47326"": 1}"
KTXXXXXXX,"{""P58061"": 26, ""P47304"": 21, ""P47587"": 4, ""P47255"": 5, ""P47637"": 1, ""P47250"": 7, ""P47393"": 1, ""P47592"": 3, ""Q49401"": 6, ""Q49429"": 1, ""P47460"": 5, ""Q49421"": 1, ""P47631"": 1, ""P47284"": 4, ""P47687"": 1, ""P47388"": 1}"
KTXXQTVVF,"{""Q49421"": 4}"
KTXINSWHX,"{""P47284"": 14}"
KTXINSWHK,"{""P47284"": 1}"
KTXIAGFDS,"{""P47687"": 2}"
KTXFVLNXX,"{""P47250"": 14}"
KTXFVLNXQ,"{""P47250"": 6}"
KTXFVLNKQ,"{""P47250"": 1}"
KTXFFSQLX,"{""Q49401"": 9}"
KTXFFSQLK,"{""Q49401"": 2}"
KTXFDGRIX,"{""P47388"": 1}"
KTXWTXFFS,"{""P47393"": 4}"
KTXLNINLD,"{""P47631"": 4}"
KTXLNNDFA,"{""P47460"": 18}"
KTXGREPIT,"{""P47304"": 4}"
KTXGXEPIT,"{""P47304"": 1}"
KTXDXGFVX,"{""P58061"": 1}"
KTXDRGFVX,"{""P58061"": 4}"
KTXQLYNNL,"{""P47637"": 6}"
KTXQLXNNL,"{""P47637"": 1}"
KTXSFNSXX,"{""Q49429"": 7}"
KTXKQTVVF,"{""Q49421"": 1}"
KTXELFLXX,"{""P47619"": 1}"
KTXESLPXV,"{""P47470"": 1}"
KTXESLPKV,"{""P47470"": 1}"
KTNXVYXXX,"{""P47350"": 21}"
KTNXVYXIG,"{""P47350"": 2}"
KTNXKIXXX,"{""P47661"": 1}"
KTNXXIXXX,"{""P47661"": 2}"
KTNXXXXXX,"{""P47350"": 2}"
KTNQDQQLF,"{""P47466"": 8}"
KTNKVYXXX,"{""P47350"": 2}"
KTNKVYXIG,"{""P47350"": 1}"
KTNKXXXXX,"{""P47661"": 1}"
KTNNANILV,"{""P47540"": 5}"
KTNNNSNTF,"{""P47502"": 3}"
KTNVTAXEF,"{""P47388"": 17}"
KTNVTAXXX,"{""P47388"": 4}"
KTNGQSQSS,"{""Q49460"": 4}"
KTNSVIAXQ,"{""P47403"": 4}"
KTNSVIAXX,"{""P47403"": 1}"
KTNFNDLLE,"{""P47618"": 4}"
KTNFELNDF,"{""P47359"": 5}"
KTNELIVNS,"{""P47405"": 22}"
KTFLTCXXX,"{""P47317"": 18}"
KTFLTCXXV,"{""P47317"": 2}"
KTFLTCXRV,"{""P47317"": 3}"
KTFLTXXXX,"{""P47317"": 3}"
KTFLAINNQ,"{""P47496"": 7}"
KTFLMLTML,"{""P47693"": 6}"
KTFEINNQV,"{""P47436"": 5}"
KTFESLQDX,"{""P47649"": 5}"
KTFESLQDK,"{""P47649"": 1}"
KTFISARXX,"{""P47473"": 1}"
KTFIGCSNF,"{""P47368"": 3}"
KTFSXQHXN,"{""P47661"": 3}"
KTFPVFXXX,"{""P47282"": 5}"
KTFPVFXFS,"{""P47282"": 1}"
KTDYTXXXX,"{""P47486"": 5}"
KTDIIVYLI,"{""P47655"": 5}"
KTDLFSETX,"{""P47483"": 7}"
KTDQIDPMA,"{""P47297"": 5}"
KTSWNXXXX,"{""P47484"": 2}"
KTSWNXXXV,"{""P47484"": 4}"
KTSEIIESA,"{""P47331"": 23}"
KTSEXXXXX,"{""P47445"": 3}"
KTSEXELFI,"{""P47445"": 2}"
KTSINLNTI,"{""P47247"": 1}"
KTSNLTSDL,"{""P47573"": 2}"
KTSGRDMIN,"{""P47657"": 2}"
KTGXIXDIX,"{""P47397"": 2}"
KTGXIXXXX,"{""P47397"": 2}"
KTGXXXXXX,"{""P47397"": 1}"
KTGXLLVVT,"{""P47515"": 1}"
KTGFLVTIX,"{""P47616"": 4}"
KTTDGIPIE,"{""P47682"": 23}"
KTTDFLFNF,"{""P47493"": 8}"
KTTTXXXXX,"{""Q49427"": 4}"
KTTTXXTPX,"{""Q49427"": 2}"
KTTTXKTPX,"{""Q49427"": 1}"
KTTHSGLXX,"{""P47563"": 6}"
KTTHSGLXG,"{""P47563"": 2}"
KTTNVYSPL,"{""P47333"": 2}"
KTQDSHVDX,"{""P47635"": 9}"
KTQDLTSWY,"{""P47525"": 2}"
KTQDLTSWX,"{""P47525"": 1}"
KTQLNXTLN,"{""Q49404"": 6}"
KTQXQXSLS,"{""P47429"": 2}"
KTQPGVTNL,"{""P47372"": 5}"
KTQYQXSLS,"{""P47429"": 5}"
KTQYQXXXX,"{""P47429"": 1}"
KTPVXSXPT,"{""P47461"": 5}"
KTPVXSXXX,"{""P47461"": 3}"
KTPVXXXXX,"{""P47461"": 1}"
KTPVKSXPT,"{""P47461"": 2}"
KTPPSXXXX,"{""P47534"": 21}"
KTPSLSFEL,"{""P47546"": 4}"
KTPNXSWTD,"{""Q49420"": 2}"
KTPQMLPVL,"{""P47609"": 1}"
KTPXIGLLN,"{""Q49427"": 4}"
KTPITDLSX,"{""P47283"": 5}"
KTPYSAGVA,"{""P47422"": 5}"
KTVXYLWSD,"{""P47445"": 16}"
KTVXXXXXX,"{""P47264"": 15, ""P47445"": 2}"
KTVXNXNTI,"{""P47264"": 2}"
KTVXNRNTI,"{""P47264"": 2}"
KTVXQNQLV,"{""P47349"": 1}"
KTVANXXXX,"{""P47421"": 19}"
KTVYQLLFE,"{""P47321"": 7}"
KTVIIXGLX,"{""P47593"": 5}"
KTVIIXXXX,"{""P47593"": 2}"
KTVNVPLXT,"{""P47548"": 5}"
KTVNVPLXX,"{""P47548"": 2}"
KTVDLLEXY,"{""Q49460"": 2}"
KTVDLLEXX,"{""Q49460"": 5}"
KTVTRIAXI,"{""P47327"": 1}"
KTVPXRXLV,"{""P47458"": 2}"
KTVPXXXXX,"{""P47458"": 3}"
KTVKQNQLV,"{""P47349"": 1}"
KTLMSFNQQ,"{""P47258"": 30}"
KTLEQXNYQ,"{""P47345"": 5}"
KTLEILQFI,"{""P47325"": 3}"
KTLVEDVNF,"{""P47264"": 5}"
KTLALTFPS,"{""P47480"": 3}"
KTLAFEQQA,"{""P47380"": 3}"
KTLIFDQVL,"{""Q49399"": 7}"
KTLLRNDIE,"{""P47326"": 2}"
KTLLMPXTS,"{""P47587"": 4}"
KTLLMPXXX,"{""P47587"": 1}"
KTLNIYVTD,"{""P47277"": 3}"
KTLGVNQLD,"{""P47621"": 3}"
KTLGVLIPD,"{""P47437"": 7}"
KTLGEXPNS,"{""P47491"": 4}"
KTLDALDXV,"{""P47497"": 2}"
KTLRILGAQ,"{""Q49408"": 1}"
KTETTAFAL,"{""P47544"": 6}"
KTELERXIH,"{""P47638"": 6}"
KTELXADIX,"{""P47288"": 4}"
KTELXXXXX,"{""P47288"": 2}"
KTEAXXXXX,"{""P47638"": 2}"
KTEAXIFTE,"{""P47638"": 2}"
KTEIFXDIF,"{""P47484"": 6}"
KTYXSXLXE,"{""P47325"": 4}"
KTYELFLKX,"{""P47619"": 1}"
KTYELFLXX,"{""P47619"": 2}"
KTYELFLXK,"{""P47619"": 1}"
KTYESLPXV,"{""P47470"": 14}"
KTYESLPXX,"{""P47470"": 3}"
KTYLGSMPG,"{""P47481"": 6}"
KTHELNNAF,"{""P47460"": 23}"
KTKLNNDFA,"{""P47460"": 2}"
KTKFVLNXX,"{""P47250"": 2}"
KTKXXXXXX,"{""P47587"": 1}"
KTKGREPIT,"{""P47304"": 1}"
KTKINSWHX,"{""P47284"": 1}"
KTMCERCWN,"{""P47587"": 2}"
KTMCEXCWN,"{""P47587"": 1}"
KTRVSCSFS,"{""P47326"": 2}"
KLTXAEQNX,"{""P47288"": 17}"
KLTXAEQNK,"{""P47288"": 2}"
KLTXXXXXX,"{""P47311"": 13, ""P47288"": 5, ""P47683"": 3, ""P47326"": 1}"
KLTXENNQW,"{""P47326"": 4}"
KLTXFRQXX,"{""P47311"": 2}"
KLTXFXQXX,"{""P47311"": 1}"
KLTXYEHLI,"{""P47683"": 2}"
KLTVNFHXX,"{""P47437"": 4}"
KLTVNFHXI,"{""P47437"": 1}"
KLTVHEQNI,"{""P47520"": 1}"
KLTQNNSFA,"{""P47521"": 37}"
KLTFXTXXX,"{""Q49404"": 18}"
KLTFXTXXG,"{""Q49404"": 3}"
KLTFXTKXG,"{""Q49404"": 1}"
KLTFXTKXX,"{""Q49404"": 1}"
KLTFXXXXX,"{""Q49404"": 5}"
KLTFKTXXX,"{""Q49404"": 1}"
KLTEFQXDX,"{""P47486"": 2}"
KLTETNQLI,"{""P47576"": 3}"
KLTTNPQVQ,"{""P47442"": 7}"
KLTTXDXXX,"{""P47656"": 1}"
KLTDHLLAN,"{""P47663"": 5}"
KLTLQAEXX,"{""P47540"": 2}"
KLTLQAEXA,"{""P47540"": 1}"
KLTKAEQNX,"{""P47288"": 1}"
KLTKAEQNK,"{""P47288"": 1}"
KLTKFRQXX,"{""P47311"": 1}"
KLRXXXXXX,"{""P47486"": 2}"
KLRDEYAHX,"{""Q49434"": 4}"
KLRDEXAHX,"{""Q49434"": 1}"
KLRLLCDVG,"{""P47660"": 3}"
KLRLTERIY,"{""P47583"": 2}"
KLREFIXPN,"{""P47265"": 2}"
KLREFIXXX,"{""P47265"": 1}"
KLRALFYYI,"{""P47496"": 2}"
KLRALFXYI,"{""P47496"": 1}"
KLRIISLIG,"{""P47664"": 2}"
KLRSADSSG,"{""Q49409"": 1}"
KLLXXXXXX,"{""P56723"": 23, ""P47549"": 2, ""P47269"": 8, ""P47688"": 5, ""P47656"": 1, ""P47649"": 1, ""P47580"": 1}"
KLLXXEVNF,"{""P47688"": 1}"
KLLXXSXXX,"{""P47549"": 1}"
KLLXXSXFW,"{""P47549"": 3}"
KLLXXSKFW,"{""P47549"": 1}"
KLLXEPTQA,"{""P47269"": 24}"
KLLXLFFEY,"{""P47649"": 5}"
KLLXRSWXN,"{""P56723"": 2}"
KLLXRSWKN,"{""P56723"": 1}"
KLLXNNTNL,"{""P47580"": 6}"
KLLXTTILN,"{""P47386"": 4}"
KLLXTXXXX,"{""P47656"": 3}"
KLLXTKXXX,"{""P47656"": 1}"
KLLFLSAIT,"{""Q49411"": 25}"
KLLFGTIDS,"{""P47284"": 3}"
KLLFEXSND,"{""P47483"": 1}"
KLLLTQQXE,"{""P47402"": 19}"
KLLLTQQXX,"{""P47402"": 5}"
KLLLTQQKE,"{""P47402"": 1}"
KLLLNXHEI,"{""P47305"": 5}"
KLLVQIXPX,"{""Q49405"": 4}"
KLLVQIXXX,"{""Q49405"": 1}"
KLLVEXXXX,"{""P47376"": 2}"
KLLRGFWQT,"{""P47434"": 1}"
KLLTNSXPE,"{""P47400"": 4}"
KLLTNSXXX,"{""P47400"": 2}"
KLLSITXXX,"{""Q49426"": 24}"
KLLSITXRL,"{""Q49426"": 1}"
KLLSQDDAS,"{""P47347"": 6}"
KLLSLXDLN,"{""P47255"": 3}"
KLLSSAFQX,"{""P47668"": 4}"
KLLNHFDCD,"{""P47627"": 3}"
KLLAVVLTI,"{""P47405"": 4}"
KLLAESXEL,"{""P47251"": 2}"
KLLEXQXEG,"{""P47384"": 2}"
KLLEXXXXX,"{""P47384"": 2}"
KLLEXNVNE,"{""P47251"": 1}"
KLLESEXDX,"{""P47597"": 3}"
KLLESEXXX,"{""P47597"": 1}"
KLLESEKDX,"{""P47597"": 2}"
KLLEKQXEG,"{""P47384"": 1}"
KLLERNVNE,"{""P47251"": 1}"
KLLKXSXFW,"{""P47549"": 1}"
KLLKTTILN,"{""P47386"": 1}"
KLNLLNLTF,"{""P47303"": 7}"
KLNLPLNLW,"{""P47535"": 6}"
KLNLALSEM,"{""P47655"": 7}"
KLNLTFESX,"{""Q9ZB73"": 1}"
KLNLTFESR,"{""Q9ZB73"": 2}"
KLNAFLDQX,"{""P47270"": 5}"
KLNAEVLLL,"{""P47257"": 8}"
KLNXTLIEQ,"{""P47492"": 17}"
KLNXXXXXX,"{""P47628"": 1, ""P47526"": 2, ""P47492"": 7, ""Q9ZB70"": 2}"
KLNXXHPXX,"{""Q9ZB70"": 1}"
KLNXXHPXR,"{""Q9ZB70"": 1}"
KLNXVASEG,"{""P47246"": 4}"
KLNXAANSF,"{""P47526"": 2}"
KLNXQFLXX,"{""P47628"": 4}"
KLNXENLIF,"{""P47606"": 3}"
KLNWQVEXD,"{""P47405"": 15}"
KLNWQVEXX,"{""P47405"": 7}"
KLNWQVEKD,"{""P47405"": 2}"
KLNILPIXH,"{""P47495"": 3}"
KLNILPIXX,"{""P47495"": 2}"
KLNILPIKH,"{""P47495"": 1}"
KLNISEGXX,"{""P47304"": 1}"
KLNGISGIN,"{""P47376"": 27}"
KLNGXAXLQ,"{""P47518"": 5}"
KLNGXAXXX,"{""P47518"": 1}"
KLNGXAKLQ,"{""P47518"": 1}"
KLNGXXXXX,"{""P47518"": 1}"
KLNHNSPML,"{""P47496"": 5}"
KLNCENLIF,"{""P47606"": 20}"
KLNNVILIG,"{""Q49418"": 5}"
KLNEYELSL,"{""P47460"": 4}"
KLNFINNIN,"{""P47661"": 3}"
KLNFMVXXY,"{""P47326"": 1}"
KLNFMVXXX,"{""P47326"": 1}"
KLNVPLLYQ,"{""P47472"": 1}"
KLNPEDSQA,"{""Q49429"": 1}"
KLNKTLIEQ,"{""P47492"": 1}"
KLVSFFXEN,"{""Q49398"": 18}"
KLVSFFXXX,"{""Q49398"": 3}"
KLVSFFKEN,"{""Q49398"": 1}"
KLVSFTLXX,"{""P47411"": 5}"
KLVSFTLXY,"{""P47411"": 1}"
KLVSTXEPF,"{""P47508"": 3}"
KLVAYHEAG,"{""P47695"": 14}"
KLVAVASDA,"{""P47277"": 6}"
KLVAXHEAG,"{""P47695"": 4}"
KLVQVXXXX,"{""P47445"": 2}"
KLVQVXLDD,"{""P47445"": 17}"
KLVQVKLDD,"{""P47445"": 1}"
KLVNSAFXX,"{""P47458"": 17}"
KLVNSAFXY,"{""P47458"": 1}"
KLVNLAIND,"{""Q49405"": 4}"
KLVDLVXGY,"{""P47535"": 6}"
KLVDLVXXX,"{""P47535"": 1}"
KLVDATHEL,"{""P47582"": 7}"
KLVDDLHVF,"{""P47664"": 2}"
KLVLIDSXH,"{""P47620"": 4}"
KLVLIDSXX,"{""P47620"": 3}"
KLVLTXXXX,"{""P47488"": 2}"
KLVLTXDCD,"{""P47488"": 1}"
KLVLNVNDI,"{""P47655"": 3}"
KLVENFFXX,"{""P47668"": 17}"
KLVENFFKX,"{""P47668"": 1}"
KLVETIXXA,"{""P47291"": 1}"
KLVFXXXXX,"{""P47643"": 6}"
KLVFETVIY,"{""Q49423"": 6}"
KLVTIDRLI,"{""P47418"": 1}"
KLVGEMAXS,"{""P47480"": 5}"
KLVIDIAXX,"{""P47316"": 1}"
KLVIXXXXX,"{""P47589"": 2}"
KLMTVVVQX,"{""P47317"": 20}"
KLMTVVVQK,"{""P47317"": 1}"
KLMLLXRAE,"{""P47487"": 6}"
KLMLLXXXX,"{""P47487"": 18}"
KLMLLXXAE,"{""P47487"": 1}"
KLMLLKRAE,"{""P47487"": 1}"
KLMFEXXXX,"{""P47357"": 3}"
KLMDIGVXL,"{""P47302"": 6}"
KLMEQXXLL,"{""P47284"": 2}"
KLSESWPIY,"{""P22747"": 28}"
KLSETQVXX,"{""Q49310"": 15}"
KLSETQVXE,"{""Q49310"": 4}"
KLSEFXXXX,"{""P47319"": 1}"
KLSEFXTXQ,"{""P47319"": 1}"
KLSEVATKX,"{""P47286"": 1}"
KLSGXLNXX,"{""Q49410"": 9}"
KLSVXLSDM,"{""P47297"": 21}"
KLSVXXXXX,"{""P47297"": 5}"
KLSVFTGQS,"{""P47356"": 7}"
KLSVKLSDM,"{""P47297"": 1}"
KLSXXXXXX,"{""P47700"": 6, ""P47328"": 3, ""P47471"": 1}"
KLSXDWQDL,"{""P47471"": 1}"
KLSXRMQAV,"{""P47328"": 1}"
KLSLIIDIL,"{""P47651"": 4}"
KLSLNLXAY,"{""P47395"": 20}"
KLSLNLXAX,"{""P47395"": 1}"
KLSLNLXXX,"{""P47395"": 5}"
KLSLNLKAY,"{""P47395"": 1}"
KLSLVIDSY,"{""P47283"": 1}"
KLSFGEXXX,"{""P47546"": 6}"
KLSQXIDSS,"{""Q9ZB78"": 4}"
KLSQXXXXX,"{""Q9ZB78"": 1}"
KLSDHTVXL,"{""P47441"": 3}"
KLSTIXXXX,"{""P47653"": 2}"
KLSTIXRTX,"{""P47653"": 2}"
KLSNNILXE,"{""Q49421"": 3}"
KLSNNILXX,"{""Q49421"": 1}"
KLXVIIETA,"{""P47296"": 17}"
KLXVAIICQ,"{""P47622"": 4}"
KLXVDQTIE,"{""P47486"": 1}"
KLXVFXXXX,"{""P47647"": 1}"
KLXXXXXXX,"{""P47381"": 25, ""P47540"": 4, ""P20796"": 3, ""P47580"": 3, ""P47587"": 2, ""P47532"": 3, ""P47315"": 3, ""P47604"": 4, ""P47288"": 1, ""P47296"": 2}"
KLXXQCSYL,"{""P47532"": 3}"
KLXLTERIY,"{""P47583"": 1}"
KLXITSHFI,"{""P47585"": 3}"
KLXIISLIG,"{""P47664"": 1}"
KLXYEELLQ,"{""P47540"": 14}"
KLXEXXXXX,"{""P47288"": 1}"
KLXEXLQXL,"{""P47288"": 7}"
KLXEXLQXX,"{""P47288"": 2}"
KLXEXLQKL,"{""P47288"": 1}"
KLXEVEQQX,"{""P47288"": 6}"
KLXEQQIXE,"{""P47650"": 2}"
KLXHQFALS,"{""P47587"": 2}"
KLXALFXXX,"{""P47326"": 4}"
KLXALFYYI,"{""P47496"": 1}"
KLXTLTIGX,"{""P47652"": 4}"
KLXRXYDPI,"{""P47315"": 2}"
KLXQATPTX,"{""P20796"": 3}"
KLXDNLALW,"{""P47587"": 3}"
KLPQSLQGI,"{""P47308"": 10}"
KLPFXXXXX,"{""P47576"": 9}"
KLPFNSFYA,"{""P47310"": 8}"
KLPFSFXXK,"{""P47301"": 1}"
KLPFSFKXX,"{""P47301"": 1}"
KLPXXXXXX,"{""Q49404"": 2}"
KLPXXLQQI,"{""Q49404"": 1}"
KLPXKLQQI,"{""Q49404"": 1}"
KLPLEQFES,"{""P47310"": 3}"
KLPVXXAIN,"{""P47446"": 1}"
KLPVXXXXX,"{""P47446"": 1}"
KLCHQFALS,"{""P47587"": 22}"
KLQDASFVN,"{""P22747"": 27}"
KLQDFSQTS,"{""P47460"": 5}"
KLQDDLLQE,"{""Q49419"": 2}"
KLQTLGFHN,"{""P47437"": 5}"
KLQGILTLG,"{""P47350"": 5}"
KLQNSQEQD,"{""P47300"": 3}"
KLQSLIETV,"{""P47350"": 6}"
KLQQIASXF,"{""Q49404"": 2}"
KLQQIASYF,"{""Q49404"": 2}"
KLQWINANY,"{""P47700"": 3}"
KLQWXXXXX,"{""P47356"": 1}"
KLQWXNDFX,"{""P47356"": 1}"
KLQXXXXXX,"{""P47621"": 4}"
KLQXCLLRE,"{""P47621"": 1}"
KLQLNLAFI,"{""P47534"": 2}"
KLFXNTVIV,"{""P47391"": 6}"
KLFXXXXXX,"{""P47391"": 4}"
KLFELYPXY,"{""P47607"": 3}"
KLFELYPXX,"{""P47607"": 6}"
KLFELYPKY,"{""P47607"": 1}"
KLFEEIXSX,"{""P47549"": 3}"
KLFEATQQF,"{""P47311"": 2}"
KLFLXXQLP,"{""P47442"": 4}"
KLFLKXXXX,"{""P47442"": 2}"
KLFIVLALL,"{""Q49417"": 7}"
KLFIXGVNN,"{""P47653"": 2}"
KLFSFYXXV,"{""P47545"": 1}"
KLFGVNNTF,"{""P47277"": 14}"
KLFNQEIQA,"{""P47604"": 22}"
KLFNXGSXI,"{""P36263"": 3}"
KLFWTIGVL,"{""P47523"": 5}"
KLFDQYLPV,"{""P47508"": 2}"
KLGFDVGIS,"{""Q49408"": 3}"
KLGLVFQNY,"{""P47433"": 27}"
KLGLVFQNX,"{""P47433"": 1}"
KLGIEXEDY,"{""P47348"": 25}"
KLGIEXEDX,"{""P47348"": 1}"
KLGIEXXXX,"{""P47348"": 6}"
KLGQNFTVN,"{""P47701"": 27}"
KLGEINFII,"{""P47282"": 5}"
KLGANFXXX,"{""Q49412"": 1}"
KLGANFXEX,"{""Q49412"": 1}"
KLGXTIVLI,"{""P47365"": 7}"
KLYDQFGHE,"{""P47265"": 6}"
KLYRAFXQE,"{""P47515"": 1}"
KLYVFXXGI,"{""P47647"": 6}"
KLYVFXXXX,"{""P47647"": 1}"
KLYVFXKGI,"{""P47647"": 1}"
KLYEQQIXE,"{""P47650"": 12}"
KLYEQQIXX,"{""P47650"": 5}"
KLYEQQIKE,"{""P47650"": 1}"
KLYLXTETN,"{""P56723"": 4}"
KLYLXXXXX,"{""P56723"": 1}"
KLYLKTETN,"{""P56723"": 1}"
KLYLQLVIL,"{""Q49432"": 1}"
KLYNXXXXX,"{""P47615"": 2}"
KLYNXLLXX,"{""P47615"": 3}"
KLYPTXXXX,"{""P47252"": 3}"
KLYPTXFLN,"{""P47252"": 2}"
KLIXDALSV,"{""P47660"": 4}"
KLIXXXXXX,"{""P47660"": 2, ""P47495"": 5}"
KLIXGFLLV,"{""P47528"": 1}"
KLIEPXXXX,"{""P47373"": 28}"
KLIEIAQXT,"{""P47269"": 4}"
KLIEIAQXX,"{""P47269"": 1}"
KLIEEHESI,"{""Q49407"": 3}"
KLICGFLLV,"{""P47528"": 24}"
KLIQXXXXX,"{""P47692"": 4}"
KLIYQSEWX,"{""P47267"": 9}"
KLIWVLXDX,"{""P47390"": 6}"
KLIGFSFNN,"{""Q49400"": 9}"
KLIGQXYDY,"{""P47512"": 2}"
KLIGQXXXX,"{""P47512"": 1}"
KLISDISGT,"{""P47527"": 3}"
KLIALFASV,"{""P47467"": 4}"
KLIDAAGHY,"{""P47285"": 2}"
KLIIGGFNX,"{""P47382"": 3}"
KLILVDQTQ,"{""P47540"": 1}"
KLILVGVGY,"{""P47412"": 2}"
KLILIALQX,"{""P47620"": 5}"
KLIPLIEAX,"{""P47494"": 7}"
KLIPLAVLN,"{""P47482"": 4}"
KLIVSEPND,"{""P47310"": 2}"
KLIFPXXXX,"{""P47285"": 1}"
KLIKDALSV,"{""P47660"": 1}"
KLEXFLQXX,"{""P47624"": 8}"
KLEXLPLAX,"{""P47471"": 18}"
KLEXKHXSX,"{""P47585"": 2}"
KLEXXHXSX,"{""P47585"": 8}"
KLEXXHXXX,"{""P47585"": 1}"
KLEXXXXXX,"{""P47471"": 6, ""P47585"": 2}"
KLEKXHKSX,"{""P47585"": 1}"
KLEKLPLAX,"{""P47471"": 2}"
KLEFTPMDE,"{""P47480"": 4}"
KLEWEXXXX,"{""P47272"": 2}"
KLEINNSIV,"{""P47612"": 2}"
KLENEXSHI,"{""P47609"": 1}"
KLDQIQLES,"{""P47460"": 8}"
KLDENPYPE,"{""P47481"": 7}"
KLDSGVFPG,"{""P47634"": 6}"
KLAANNHSL,"{""P47534"": 21}"
KLAAPLTXX,"{""P47339"": 6}"
KLAAIXADE,"{""P47318"": 3}"
KLAMQYHPD,"{""P47265"": 10}"
KLASASAQN,"{""P47480"": 9}"
KLANYVFSD,"{""P47506"": 5}"
KLANGDIAI,"{""P47480"": 1}"
KLAXXYHPD,"{""P47442"": 6}"
KLAXXXXXX,"{""P47442"": 16}"
KLAXTSATP,"{""P47577"": 1}"
KLAFGEXXX,"{""P47342"": 3}"
KLAFDLIEX,"{""P47700"": 3}"
KLAIXPXXX,"{""P47607"": 6}"
KLAIXXXXX,"{""P47607"": 1}"
KLADDEQSG,"{""P47456"": 17}"
KLAQXXXXX,"{""P47372"": 6}"
KLAQXXNSN,"{""P47372"": 1}"
KLALNNQVF,"{""P47264"": 9}"
KLALIEIAV,"{""P47506"": 1}"
KLAVMNEYI,"{""P47297"": 2}"
KLAVFLIIL,"{""P47521"": 1}"
KLATFLXXX,"{""P47607"": 1}"
KLWPLPITE,"{""Q49426"": 4}"
KLKVIIETA,"{""P47296"": 1}"
KLKELIQEL,"{""P47572"": 1}"
KLHDPFXXX,"{""P47254"": 2}"
KLHDPFXIA,"{""P47254"": 4}"
KLHDNTSND,"{""Q49419"": 4}"
KLHNLNEIL,"{""Q9ZB81"": 1}"
KANXXXXXX,"{""P47518"": 18, ""P47390"": 7}"
KANXXQXAN,"{""P47705"": 2}"
KANXXQXXX,"{""P47705"": 1}"
KANXLNNXQ,"{""P47390"": 16}"
KANXLNNXX,"{""P47390"": 3}"
KANXLNNKQ,"{""P47390"": 1}"
KANXLPGQL,"{""P47518"": 5}"
KANXKQXAN,"{""P47705"": 1}"
KANLLEAQA,"{""P47460"": 17}"
KANELNTNL,"{""Q49435"": 4}"
KANDLVEQX,"{""P47525"": 23}"
KANITPIMI,"{""P47317"": 12}"
KANNFXANE,"{""P47376"": 5}"
KANWSQVIS,"{""P47647"": 1}"
KAESGDXXX,"{""P47270"": 2}"
KAESGDXIA,"{""P47270"": 9}"
KAEEAXRNQ,"{""P47342"": 5}"
KAEEAXXXX,"{""P47342"": 16}"
KAEEAXXNQ,"{""P47342"": 1}"
KAEQTFXXE,"{""P47318"": 3}"
KAEQTFXXX,"{""P47318"": 1}"
KAEXTNLLF,"{""Q49410"": 4}"
KAEXXXXXX,"{""Q49410"": 2}"
KAELVRVRD,"{""P35888"": 1}"
KAELXLXXX,"{""P47705"": 1}"
KAEVXPLXQ,"{""P47405"": 3}"
KAEVXPXVE,"{""P47405"": 2}"
KAEVXPXXX,"{""P47405"": 1}"
KALLSDNAN,"{""P47681"": 23}"
KALLQNQNI,"{""Q49430"": 23}"
KALSGIDVL,"{""P47627"": 8}"
KALSLLXFL,"{""P47563"": 4}"
KALSLLXXX,"{""P47563"": 1}"
KALQAGFDL,"{""P20796"": 5}"
KALDEKLNG,"{""Q49419"": 1}"
KALDEXXXX,"{""Q49419"": 1}"
KALDEXLNG,"{""Q49419"": 3}"
KALDSLLLQ,"{""P47271"": 1}"
KALVFNFLQ,"{""P47617"": 8}"
KALVVXDNX,"{""P47257"": 2}"
KALVVYDNX,"{""P47257"": 8}"
KALNQXLVE,"{""P47460"": 5}"
KALNQXXXX,"{""P47460"": 1}"
KALINAQXX,"{""P47573"": 2}"
KALINAQXN,"{""P47573"": 2}"
KALTLLTVS,"{""P47295"": 1}"
KATTDSFNX,"{""P47372"": 31}"
KATFQNQIM,"{""P47492"": 2}"
KATPFWLLF,"{""P47317"": 4}"
KATEFVEXX,"{""P47607"": 5}"
KATEFVEXY,"{""P47607"": 1}"
KATEFVEKY,"{""P47607"": 1}"
KADAIGIXX,"{""P47493"": 24}"
KADAIGIKY,"{""P47493"": 1}"
KADVIIXDX,"{""P47342"": 11}"
KADVIIXXX,"{""P47342"": 7}"
KADVIIKDX,"{""P47342"": 1}"
KADNLLNDH,"{""P47455"": 3}"
KADLIDALX,"{""P47342"": 3}"
KADSLXNNS,"{""P47645"": 3}"
KADSLXXXX,"{""P47645"": 1}"
KAANNYLAL,"{""Q49460"": 7}"
KAAPCIIFI,"{""P47695"": 2}"
KAAPXIIFI,"{""P47695"": 1}"
KAAYFLTXL,"{""P47402"": 2}"
KAAYFLTXX,"{""P47402"": 1}"
KAAXXXXXX,"{""P47486"": 4}"
KAIFLEXXX,"{""P47246"": 8}"
KAIFLEXTI,"{""P47246"": 1}"
KAIFYFAVI,"{""P47468"": 3}"
KAIHFSDLE,"{""P47664"": 6}"
KAIHFQSQP,"{""P47499"": 3}"
KAITDCHVN,"{""P47591"": 6}"
KAITIXNLV,"{""P47281"": 4}"
KAITIXXXX,"{""P47281"": 4}"
KAIAEAMTX,"{""P47514"": 27}"
KAINYCFSD,"{""P47446"": 7}"
KAINXCFSD,"{""P47446"": 1}"
KAIEXITDY,"{""P47455"": 2}"
KAIEXXXXX,"{""P47455"": 1}"
KAIEICGIX,"{""P47492"": 4}"
KAIEIXGIX,"{""P47492"": 1}"
KAISLGICX,"{""P47269"": 4}"
KAISEQTXL,"{""P47433"": 4}"
KAIDXEYDX,"{""P47288"": 4}"
KAIDXILFS,"{""P47535"": 4}"
KAIDXXXXX,"{""P47288"": 2}"
KAIXXXXXX,"{""P47414"": 2}"
KAIXXAHNS,"{""P47414"": 1}"
KAIQPQFNL,"{""P47690"": 4}"
KAVVTGIEM,"{""P13927"": 27}"
KAVVDALXX,"{""P47368"": 2}"
KAVIQPVFD,"{""P47398"": 2}"
KAVIPAAGL,"{""P47691"": 9}"
KAVQTEXNL,"{""P47464"": 9}"
KAVQTEXXX,"{""P47464"": 1}"
KAVLCTVXL,"{""P47525"": 5}"
KAVGTNSXT,"{""P47468"": 4}"
KAVGTNSXX,"{""P47468"": 2}"
KAVASEAEL,"{""P47540"": 5}"
KAVAFLCEX,"{""Q49423"": 3}"
KAVDXEXXX,"{""P47467"": 4}"
KAVDXXXXX,"{""P47467"": 2}"
KAVSXXEGH,"{""P47414"": 5}"
KAVSXXXXX,"{""P47414"": 3}"
KASEAGADF,"{""P47328"": 3}"
KASFXAAXQ,"{""P47440"": 21}"
KASFXAAKQ,"{""P47440"": 1}"
KASFXXXXX,"{""P47440"": 6}"
KASFKAAXX,"{""P47440"": 1}"
KASFKAAXQ,"{""P47440"": 1}"
KASDNQEFE,"{""P47448"": 4}"
KASDITLXN,"{""Q49409"": 1}"
KASXXXXXX,"{""P47253"": 1, ""Q49398"": 2, ""Q9ZB70"": 1}"
KASXLXXXX,"{""Q49398"": 4}"
KASXLIXXL,"{""Q9ZB70"": 4}"
KASXLIXXX,"{""Q9ZB70"": 1}"
KASXLIXKL,"{""Q9ZB70"": 1}"
KASXVPFXV,"{""P47253"": 3}"
KASXVPFXX,"{""P47253"": 3}"
KASKLIXXL,"{""Q9ZB70"": 1}"
KAGILNSLP,"{""P47256"": 27}"
KAGIEXVXX,"{""P47456"": 2}"
KAGIEXVXL,"{""P47456"": 1}"
KAGIAEMET,"{""P47303"": 1}"
KAGXIVFLL,"{""Q49434"": 14}"
KAGXXXXXX,"{""P47373"": 1}"
KAGXXNSDA,"{""P47373"": 7}"
KAGGVTNQL,"{""P47350"": 26}"
KAGDLIIII,"{""P47265"": 6}"
KAGKXNSDA,"{""P47373"": 1}"
KAXSDFNTE,"{""P47386"": 4}"
KAXSANXXX,"{""P47326"": 1}"
KAXXXXXXX,"{""Q9ZB76"": 5, ""P47440"": 5, ""P47330"": 5, ""P47582"": 5, ""P47495"": 1, ""P47386"": 1, ""P47693"": 3, ""P47628"": 1, ""P47411"": 1, ""P47421"": 1}"
KAXXDSVED,"{""P47582"": 13}"
KAXXSFAMS,"{""P47371"": 1}"
KAXTIIXXX,"{""P47695"": 2}"
KAXTIIXSN,"{""P47695"": 1}"
KAXLLTVTT,"{""P47411"": 20}"
KAXNTQXXX,"{""P47424"": 5}"
KAXNTQXXL,"{""P47424"": 1}"
KAXNNEFFT,"{""Q49400"": 3}"
KAXFIEAXX,"{""P47653"": 1}"
KAXEIGCNN,"{""P47628"": 5}"
KAXEAQQRS,"{""P47693"": 1}"
KAXYTVNFV,"{""P47495"": 5}"
KAXYEXWIE,"{""P47429"": 1}"
KAXYEXXXX,"{""P47429"": 1}"
KAXYSFAMS,"{""P47371"": 2}"
KAXINPDXX,"{""P47421"": 4}"
KAXINPDXR,"{""P47421"": 1}"
KAXVNHWRD,"{""P47432"": 1}"
KACYEXXXX,"{""P47429"": 17}"
KACYEXWIE,"{""P47429"": 1}"
KACYEKWIE,"{""P47429"": 1}"
KACAIFXAV,"{""P47418"": 3}"
KACAIFXXX,"{""P47418"": 3}"
KACXEXXXX,"{""P47429"": 1}"
KAWREXISI,"{""P47261"": 2}"
KAWREXXXX,"{""P47261"": 1}"
KAWTALGAI,"{""P47282"": 1}"
KAWNEXNWN,"{""Q49410"": 4}"
KAWNEXXXX,"{""Q49410"": 1}"
KAWLVLLLG,"{""P47590"": 1}"
KAYWLLLPF,"{""P22747"": 4}"
KAYFFDGNX,"{""P47335"": 6}"
KAYFIEAXX,"{""P47653"": 3}"
KAYFIEAXF,"{""P47653"": 1}"
KAYXLVVNS,"{""Q49407"": 3}"
KAYSANXXS,"{""P47326"": 5}"
KAYQLALTS,"{""P47398"": 5}"
KAYQLRLEX,"{""Q49405"": 3}"
KAYTIEXXX,"{""P47291"": 6}"
KAQFDSNII,"{""P47445"": 1}"
KAQITDEMV,"{""P47372"": 2}"
KAQDAIYLD,"{""P47572"": 3}"
KAQGVFSQM,"{""P47389"": 6}"
KAQXXANXX,"{""P47390"": 1}"
KAQXXANXL,"{""P47390"": 1}"
KARLVTGYE,"{""P47272"": 1}"
KARVNHWRD,"{""P47432"": 1}"
KAFLIXXXX,"{""P47460"": 7}"
KAFLIAXXX,"{""Q49426"": 1}"
KAFLIAXKI,"{""Q49426"": 1}"
KAFLESVDE,"{""P47549"": 1}"
KAFXAEQFP,"{""P47374"": 4}"
KAFXXLAXX,"{""P47442"": 1}"
KAFXXXXXX,"{""P47612"": 3}"
KAFXKLEIN,"{""P47612"": 1}"
KAFEGTYIR,"{""P47553"": 1}"
KAFEXELED,"{""P47580"": 2}"
KAFILNTXP,"{""P47281"": 7}"
KAFILNTKP,"{""P47281"": 1}"
KAFSEXXXX,"{""P47530"": 3}"
KAFNENWID,"{""P47429"": 3}"
KAFRXLAXX,"{""P47442"": 1}"
KAFRLYXXX,"{""P47629"": 1}"
KAFAXAXNL,"{""P47436"": 1}"
KAKEAQQRS,"{""P47693"": 1}"
KAKNNEFFT,"{""Q49400"": 1}"
KAPSALXAA,"{""P22747"": 3}"
KAPLLQNIS,"{""P47532"": 3}"
KAHNSIHTV,"{""P47414"": 2}"
KNXXXXXXX,"{""P47254"": 2, ""P47335"": 30, ""P47365"": 2, ""P36263"": 1, ""P47283"": 2, ""P47599"": 4, ""Q49419"": 1, ""P47571"": 2}"
KNXXDFFVF,"{""P47254"": 2}"
KNXXVLNNI,"{""P47705"": 7}"
KNXXQQVTD,"{""P36263"": 2}"
KNXXERVSR,"{""P47335"": 3}"
KNXDXPVIL,"{""P47571"": 4}"
KNXDXXXXX,"{""P47571"": 1}"
KNXDITTMV,"{""P47486"": 1}"
KNXTDTDTL,"{""P47469"": 2}"
KNXPLXDLW,"{""P47365"": 7}"
KNXLNDANE,"{""Q49419"": 2}"
KNXLLNVID,"{""P47460"": 2}"
KNXLLAAAL,"{""P47283"": 2}"
KNXLALGQY,"{""P47271"": 3}"
KNXLALGQX,"{""P47271"": 1}"
KNXLDFVLW,"{""P47495"": 4}"
KNXIITELS,"{""P47599"": 1}"
KNIXXXXXX,"{""P47606"": 1, ""P47592"": 8, ""P47618"": 4}"
KNIXDYFNL,"{""P47606"": 4}"
KNIXVALIY,"{""P47592"": 1}"
KNIAIQQHP,"{""P47618"": 6}"
KNIASNTNG,"{""P47583"": 2}"
KNILXXTXX,"{""Q49429"": 1}"
KNILXXTXS,"{""Q49429"": 1}"
KNILXXTKS,"{""Q49429"": 1}"
KNILXXXXX,"{""Q49429"": 2}"
KNIFSYLEN,"{""P47432"": 1}"
KNGGLFLET,"{""P47299"": 26}"
KNGISSWML,"{""P47661"": 2}"
KNLLEAQIX,"{""P47643"": 31}"
KNLLEAQIK,"{""P47643"": 1}"
KNLQXELQQ,"{""P47288"": 21}"
KNLQXXXXX,"{""P47288"": 5}"
KNLQQLELA,"{""P47251"": 23}"
KNLQKELQQ,"{""P47288"": 1}"
KNLESQNNL,"{""P47522"": 3}"
KNLIDYDHV,"{""P47318"": 2}"
KNLIEAYWN,"{""P47537"": 2}"
KNHISSGRV,"{""P47447"": 3}"
KNQSENQIV,"{""P47377"": 22}"
KNQSFWNXX,"{""P47640"": 23}"
KNQSFWNXN,"{""P47640"": 2}"
KNQSFWNKN,"{""P47640"": 1}"
KNQFDXLNL,"{""Q9ZB74"": 2}"
KNQFDYLNL,"{""Q9ZB74"": 4}"
KNQTIIQTX,"{""P47438"": 3}"
KNQTIIQTK,"{""P47438"": 1}"
KNQTEFSII,"{""Q49460"": 2}"
KNQVLXLDL,"{""P47496"": 4}"
KNQVLXXXX,"{""P47496"": 1}"
KNQVSEWIY,"{""P47591"": 4}"
KNVTWGIXX,"{""P47267"": 15}"
KNVTWGIXV,"{""P47267"": 6}"
KNVTWGIKV,"{""P47267"": 1}"
KNVFIFLHG,"{""Q49418"": 6}"
KNVIVDFWA,"{""P47370"": 7}"
KNVREFGSX,"{""P47489"": 2}"
KNMSGSTTM,"{""P47395"": 26}"
KNWIINNID,"{""Q49436"": 20}"
KNWEFDFFS,"{""P47248"": 20}"
KNEXYFXGL,"{""P47619"": 4}"
KNEXYFXXX,"{""P47619"": 1}"
KNEXXXXXX,"{""P47274"": 1, ""P47619"": 1}"
KNEXXFXGL,"{""P47619"": 1}"
KNELVXXXX,"{""P47512"": 16}"
KNELVXVIY,"{""P47512"": 7}"
KNELLXTTI,"{""P47637"": 5}"
KNELASQED,"{""P47590"": 21}"
KNELRTFAL,"{""P47664"": 3}"
KNELXXXXX,"{""P47662"": 3}"
KNELXTFAL,"{""P47664"": 1}"
KNELXLNPX,"{""P47662"": 2}"
KNELPILFG,"{""P47307"": 10}"
KNELTXPXV,"{""P47356"": 1}"
KNENGSTXN,"{""P47286"": 2}"
KNENSGCFH,"{""P47631"": 6}"
KNEIIFTSS,"{""Q49420"": 4}"
KNSDAGXXX,"{""P47373"": 3}"
KNSDAGXTF,"{""P47373"": 5}"
KNSDXXXXX,"{""P47636"": 1}"
KNSDXDLGI,"{""P47636"": 8}"
KNSSSPIAL,"{""P20796"": 4}"
KNSTXETTQ,"{""P47592"": 9}"
KNSTXXXXX,"{""P47592"": 1}"
KNSTKETTQ,"{""P47592"": 1}"
KNSYSFQID,"{""P47655"": 2}"
KNSGGGWIN,"{""Q9ZB74"": 5}"
KNSXSFQID,"{""P47655"": 1}"
KNSEIETIS,"{""P47581"": 1}"
KNDTIIIQE,"{""P47496"": 23}"
KNDXTXFNW,"{""P47366"": 4}"
KNDXTXXXX,"{""P47366"": 1}"
KNDXTKFNW,"{""P47366"": 1}"
KNDXXXXXX,"{""P47366"": 1}"
KNDDDNNSS,"{""P47444"": 8}"
KNNFTXATN,"{""P52271"": 27}"
KNNFTXXXX,"{""P52271"": 4}"
KNNFTKATN,"{""P52271"": 2}"
KNNFXVGFD,"{""P47693"": 1}"
KNNFSIVDS,"{""P47574"": 4}"
KNNFYVGFD,"{""P47693"": 6}"
KNNASVFGL,"{""P47693"": 27}"
KNNAEMXSX,"{""P47291"": 6}"
KNNAEMXXX,"{""P47291"": 1}"
KNNAEMKSX,"{""P47291"": 1}"
KNNAXXXXX,"{""P47299"": 6}"
KNNAXLIIM,"{""P47299"": 1}"
KNNLGYVYQ,"{""P47705"": 4}"
KNNLPLXXX,"{""P47415"": 1}"
KNNLPLXLI,"{""P47415"": 1}"
KNNVAFSXX,"{""P47706"": 2}"
KNNVAFSXN,"{""P47706"": 2}"
KNNQVPINN,"{""P47494"": 5}"
KNNQXLXNE,"{""P47655"": 3}"
KNNQXXXXX,"{""P47655"": 1}"
KNPSSYSNL,"{""P47587"": 5}"
KNPEXXXXX,"{""P47567"": 5}"
KNPEXLALN,"{""P47567"": 2}"
KNPNGYCHI,"{""P47648"": 4}"
KNPXXANNF,"{""P47376"": 2}"
KNPXXXXXX,"{""P47376"": 2}"
KNASNYXVD,"{""Q49414"": 17}"
KNASNYXXX,"{""Q49414"": 9}"
KNASNXXXX,"{""Q49414"": 1}"
KNAXXXXXX,"{""P47507"": 3}"
KNAXFITEY,"{""P47507"": 3}"
KNYENLDLV,"{""P35888"": 2}"
KNYLLNVID,"{""P47460"": 5}"
KNFXXXXXX,"{""Q49420"": 5}"
KNFXWFENN,"{""Q49420"": 21}"
KNFLSFSSS,"{""P47428"": 2}"
KNFSESXXX,"{""Q9ZB73"": 3}"
KNFSESXXI,"{""Q9ZB73"": 3}"
KNFQRFSNE,"{""P47460"": 5}"
KNFQNQARK,"{""P47330"": 1}"
KNFFDNLTS,"{""P47351"": 1}"
KNRDITTMV,"{""P47486"": 7}"
KNRALXXXX,"{""P47334"": 6}"
KNRAFNQVX,"{""P47388"": 1}"
KNRTDTDTL,"{""P47469"": 3}"
KNTEQIGIL,"{""P47310"": 1}"
KNTQXNSSF,"{""P47581"": 6}"
KNTQXXXXX,"{""P47581"": 1}"
KNTLXXXXX,"{""P47615"": 5}"
KNTLREDPD,"{""P47484"": 1}"
KNCFLINGD,"{""P47252"": 6}"
KNCXXXXXX,"{""P47542"": 2}"
KNKXXXXXX,"{""P47335"": 1}"
KNKLDFVLW,"{""P47495"": 1}"
KNKDXPVIL,"{""P47571"": 1}"
KFNNXXXXX,"{""P47359"": 6}"
KFNNXQIXL,"{""P47359"": 18}"
KFNNXQIXX,"{""P47359"": 4}"
KFNNKQIXL,"{""P47359"": 2}"
KFNSHEQLT,"{""P47385"": 11}"
KFNXXPLNL,"{""P47599"": 6}"
KFNXXXXXX,"{""P55750"": 4, ""P47599"": 2}"
KFGWLASLI,"{""P47366"": 6}"
KFGYAIEYD,"{""P47619"": 8}"
KFGYAIEXD,"{""P47619"": 2}"
KFGNSFSLV,"{""P47456"": 5}"
KFGLEINSY,"{""Q49430"": 2}"
KFGPEARSE,"{""Q49407"": 1}"
KFIESXNXX,"{""P47684"": 5}"
KFIESXXXX,"{""P47684"": 1}"
KFIESKNXX,"{""P47684"": 1}"
KFIDSTENW,"{""P47505"": 3}"
KFITTLLRV,"{""P47568"": 2}"
KFISETXXX,"{""P47549"": 2}"
KFANELKHS,"{""P47584"": 1}"
KFANELXHS,"{""P47584"": 21}"
KFANELXXX,"{""P47584"": 1}"
KFANPLITN,"{""P47632"": 22}"
KFACQGTLI,"{""P47582"": 4}"
KFAPYFLML,"{""P47645"": 1}"
KFAPEAIXE,"{""P47546"": 1}"
KFAPEAIYE,"{""P47546"": 1}"
KFAPXXXXX,"{""P47292"": 5}"
KFAXQGTLI,"{""P47582"": 1}"
KFVFDTIXX,"{""P47546"": 6}"
KFVFDTIXK,"{""P47546"": 1}"
KFVNWFLNQ,"{""P47502"": 5}"
KFVNWYLNT,"{""P47431"": 2}"
KFVINNSFX,"{""P47302"": 6}"
KFVXXXXXX,"{""P47481"": 2}"
KFSEXXXXX,"{""P47467"": 27}"
KFSGLAEYI,"{""P47512"": 7}"
KFSAIFIXV,"{""P47702"": 3}"
KFSAIFIXX,"{""P47702"": 1}"
KFSAIFIKV,"{""P47702"": 1}"
KFSAIAXQV,"{""P47634"": 3}"
KFSDSIITV,"{""P47551"": 4}"
KFSNATSTS,"{""P47551"": 3}"
KFLXXXXXX,"{""P47400"": 13, ""P47257"": 8, ""P47264"": 4}"
KFLXXXXII,"{""P47264"": 1}"
KFLXECRAT,"{""P47400"": 3}"
KFLWXXXXX,"{""P47306"": 3}"
KFLLNVVDR,"{""P47580"": 2}"
KFLLNVVDX,"{""P47580"": 1}"
KFLKECRAT,"{""P47400"": 1}"
KFLQTEFQA,"{""P47538"": 1}"
KFXSLXVTD,"{""P47357"": 2}"
KFXSYININ,"{""P47520"": 1}"
KFXXXXXXX,"{""P47284"": 2, ""P47369"": 1, ""P57085"": 6, ""P47357"": 4, ""P47372"": 3, ""P47668"": 1, ""P47443"": 1}"
KFXLDLDLE,"{""P47369"": 4}"
KFXLXLXLP,"{""P47372"": 3}"
KFXLGIMIE,"{""P47668"": 3}"
KFXGSNLXN,"{""P47587"": 3}"
KFXIEVCIA,"{""P47357"": 1}"
KFXAEIYAL,"{""P13927"": 3}"
KFXQQLNNF,"{""P47443"": 3}"
KFCTXLXEL,"{""P47384"": 4}"
KFCTXXXXX,"{""P47384"": 1}"
KFCLVXXXX,"{""P47326"": 1}"
KFCLVXXLX,"{""P47326"": 3}"
KFCLVKXLX,"{""P47326"": 1}"
KFQQFFNXY,"{""P47661"": 2}"
KFQQFFNXX,"{""P47661"": 4}"
KFQFXXEPN,"{""P47655"": 3}"
KFQFXXXXX,"{""P47655"": 1}"
KFQAVIXXX,"{""P47287"": 2}"
KFQAVIXDP,"{""P47287"": 1}"
KFTWVIPSL,"{""Q49410"": 4}"
KFTNWIDSD,"{""P47312"": 4}"
KFTLLTLYF,"{""Q49432"": 2}"
KFTGTRFDV,"{""P47691"": 1}"
KFHFQXXXX,"{""P47274"": 4}"
KFHXVVIDE,"{""P47264"": 1}"
KFHYVVIDE,"{""P47264"": 3}"
KFHYCXLLL,"{""Q49396"": 3}"
KFRSYININ,"{""P47520"": 5}"
KFDIYLXSS,"{""Q9ZB70"": 2}"
KFDIYLXXX,"{""Q9ZB70"": 1}"
KFDIYLKSS,"{""Q9ZB70"": 1}"
KFDRDALFS,"{""Q49432"": 6}"
KFDXXXXXX,"{""P47305"": 4}"
KFDXRETIX,"{""P47305"": 1}"
KFDXDALFS,"{""Q49432"": 1}"
KFDYXNNAG,"{""Q49427"": 1}"
KFKSLXVTD,"{""P47357"": 1}"
KFKLGIMIE,"{""P47668"": 1}"
KFKLXLXLP,"{""P47372"": 1}"
KFFDSXXXX,"{""P20796"": 2}"
KFFDSXQNN,"{""P20796"": 5}"
KFFLSHRFN,"{""P47687"": 1}"
KFELXINXD,"{""Q49460"": 2}"
KFELXINXX,"{""Q49460"": 1}"
KFELKINKD,"{""Q49460"": 1}"
KFESXXXXX,"{""P47609"": 2}"
KFEIXXXXX,"{""P47535"": 3}"
KFPVFNASY,"{""P47514"": 2}"
KFPVFNASX,"{""P47514"": 1}"
KFPIIEYSX,"{""P47359"": 3}"
KXWLXXXXX,"{""P47440"": 13}"
KXWLXQASG,"{""P47440"": 2}"
KXWPFFTFN,"{""Q49418"": 3}"
KXVYVFSEX,"{""P47543"": 25}"
KXVYFDFET,"{""P47606"": 1}"
KXVYILDEA,"{""P47658"": 1}"
KXVDMIANG,"{""P47632"": 2}"
KXVESEXXX,"{""Q49460"": 1}"
KXVESEXDT,"{""Q49460"": 6}"
KXVEAAVXX,"{""P47551"": 2}"
KXVEAAVXK,"{""P47551"": 1}"
KXVXSXSPA,"{""P47333"": 4}"
KXVXVFSEX,"{""P47543"": 1}"
KXVLXTLTT,"{""Q49435"": 2}"
KXVQDLEQL,"{""P47484"": 4}"
KXVALAQDG,"{""P47468"": 1}"
KXVKSXXXX,"{""P47333"": 1}"
KXIATLIVA,"{""P47285"": 16}"
KXILEXXIV,"{""P47661"": 1}"
KXIIIEVLD,"{""P47264"": 34}"
KXIIFVCQD,"{""Q9ZB82"": 3}"
KXIFFFNLQ,"{""P47592"": 1}"
KXIFAXXXX,"{""P47260"": 19}"
KXISTSEIS,"{""P47629"": 4}"
KXIXXXXXX,"{""P47564"": 3, ""P47604"": 3, ""P47271"": 1}"
KXIXXSNHX,"{""P47658"": 2}"
KXIXXPXXX,"{""P47604"": 1}"
KXIXYLMPL,"{""P47384"": 1}"
KXIVXXXXX,"{""P47653"": 6}"
KXIVPINPL,"{""P47426"": 4}"
KXIVAMQXD,"{""P47481"": 1}"
KXIVNLWFG,"{""P47301"": 1}"
KXITGLNNE,"{""P47650"": 2}"
KXINVPSGL,"{""P47422"": 6}"
KXINGRGSY,"{""P55825"": 1}"
KXINGXGSY,"{""P55825"": 1}"
KXIESNXDL,"{""P47269"": 1}"
KXICYLMPL,"{""P47384"": 1}"
KXLDENPYP,"{""P47481"": 31}"
KXLIPLAVL,"{""P47482"": 14}"
KXLIXXXXX,"{""P47495"": 12}"
KXLIKXXXX,"{""P47495"": 1}"
KXLWPLPIT,"{""Q49426"": 4}"
KXLFNXGSX,"{""P36263"": 15}"
KXLFNXXXX,"{""P36263"": 3}"
KXLFVIXXX,"{""P47387"": 1}"
KXLLNHFDC,"{""P47627"": 11}"
KXLLNHFDX,"{""P47627"": 1}"
KXLLERNVN,"{""P47251"": 1}"
KXLLLCNNL,"{""P47303"": 1}"
KXLLXXXXX,"{""P47663"": 1}"
KXLQTLGFH,"{""P47437"": 25}"
KXLQSLIET,"{""P47350"": 4}"
KXLSEVATX,"{""P47286"": 4}"
KXLSLIIDI,"{""P47651"": 5}"
KXLAVXLFE,"{""P47612"": 1}"
KXLANYVFS,"{""P47506"": 15}"
KXLAXXXXX,"{""P47577"": 3}"
KXLAXTSAT,"{""P47577"": 2}"
KXLTTNPQV,"{""P47442"": 6}"
KXLNAEVLL,"{""P47257"": 6}"
KXLEQAXIE,"{""P47353"": 1}"
KXLXXXXXX,"{""P47651"": 1}"
KXXXXXXXX,"{""P47353"": 15, ""P47473"": 19, ""P47260"": 8, ""P47603"": 6, ""P47438"": 14, ""P47272"": 20, ""P47681"": 34, ""P47604"": 14, ""P47384"": 5, ""Q49399"": 23, ""P47366"": 3, ""P47656"": 18, ""P47543"": 1, ""P47470"": 20, ""P47295"": 5, ""P47495"": 3, ""P47627"": 6, ""P47651"": 21, ""P47346"": 15, ""P47631"": 12, ""P47442"": 5, ""P47382"": 9, ""P47422"": 8, ""P47282"": 4, ""Q49397"": 7, ""P47307"": 4, ""Q9ZB71"": 13, ""P47482"": 5, ""P47460"": 6, ""Q9ZB78"": 3, ""P47484"": 1, ""Q49432"": 1, ""P47508"": 1, ""Q9ZB74"": 2, ""P47469"": 1, ""P47650"": 4, ""P47285"": 6, ""Q49426"": 1, ""P47583"": 3, ""P47251"": 4, ""P47652"": 2, ""P47305"": 1, ""P47653"": 5, ""P47632"": 1, ""P47303"": 4, ""P47440"": 3, ""P47437"": 3, ""Q9ZB82"": 12, ""P47360"": 8, ""P47321"": 4, ""P47606"": 7, ""P47401"": 2, ""P47264"": 3, ""P47461"": 1, ""P47668"": 3, ""P47551"": 2, ""P55825"": 3, ""Q49435"": 1, ""P47491"": 1, ""P47506"": 5, ""P47706"": 2, ""Q49418"": 2, ""P47481"": 5, ""P47580"": 2, ""P47619"": 1, ""P47257"": 4, ""P47658"": 1, ""P47271"": 1, ""Q49460"": 2, ""P47286"": 1, ""P47640"": 1, ""P47289"": 1, ""P47488"": 2}"
KXXXXXIXX,"{""P47604"": 2}"
KXXXXIXXP,"{""P47604"": 1}"
KXXXXIXKP,"{""P47604"": 1}"
KXXXKIXXX,"{""P47604"": 1}"
KXXXASDIA,"{""P47706"": 1}"
KXXLLEXQX,"{""P47384"": 16}"
KXXLLEXQK,"{""P47384"": 1}"
KXXLLEXXX,"{""P47384"": 4}"
KXXLIDFXX,"{""P47400"": 1}"
KXXIVXXXX,"{""P47653"": 15}"
KXXINVPSG,"{""P47422"": 3}"
KXXIXXPXX,"{""P47604"": 1}"
KXXISEXEG,"{""P47353"": 2}"
KXXILIEQE,"{""P47277"": 1}"
KXXQXXXXX,"{""P47294"": 1}"
KXXGEFVSC,"{""P47473"": 1}"
KXXNTTVFF,"{""P47362"": 1}"
KXRLLLCNN,"{""P47303"": 2}"
KXRYHWFSX,"{""P47442"": 1}"
KXRISEXXX,"{""P47353"": 1}"
KXRISEXEG,"{""P47353"": 1}"
KXRQAXXXX,"{""P47438"": 2}"
KXREXXXXX,"{""P47387"": 1}"
KXSILSNAN,"{""P47307"": 21}"
KXSAEIVFX,"{""Q9ZB71"": 19}"
KXSFFEMXY,"{""P47332"": 1}"
KXSXXIFNS,"{""P47641"": 1}"
KXSNGVNGF,"{""P47606"": 4}"
KXSTLVMLD,"{""P47494"": 1}"
KXSSLDLFP,"{""P47655"": 2}"
KXSLSQXMV,"{""P47658"": 1}"
KXNSGGGWI,"{""Q9ZB74"": 7}"
KXNSHGGXD,"{""P47257"": 1}"
KXNQFDYLN,"{""Q9ZB74"": 4}"
KXNDEDETT,"{""P47353"": 1}"
KXNDKTXXX,"{""P47366"": 1}"
KXNDXXXXX,"{""P47366"": 1}"
KXNDXTXFN,"{""P47366"": 3}"
KXNRLENSQ,"{""P47326"": 1}"
KXNMXXXXX,"{""P47561"": 3}"
KXTPXSAGV,"{""P47422"": 1}"
KXTPVXXXX,"{""P47461"": 2}"
KXTPVXSXP,"{""P47461"": 7}"
KXTPYSAGV,"{""P47422"": 21}"
KXTGXIXDI,"{""P47397"": 4}"
KXTGXXXXX,"{""P47397"": 1}"
KXTLAFEQQ,"{""P47380"": 2}"
KXTXLNINL,"{""P47631"": 13}"
KXTXXXXXX,"{""P47631"": 4}"
KXTELXADI,"{""P47288"": 3}"
KXTELXXXX,"{""P47288"": 1}"
KXDGXXDSW,"{""P47613"": 1}"
KXDITAVLN,"{""P47666"": 1}"
KXDNTIDYR,"{""P47346"": 1}"
KXDNTIDYX,"{""P47346"": 1}"
KXDDTHXMA,"{""P47334"": 2}"
KXYXASDIA,"{""P47706"": 19}"
KXYXXXXXX,"{""P47706"": 4}"
KXYXGDQFL,"{""P47470"": 3}"
KXYENEGFP,"{""P47321"": 18}"
KXYWLLLPF,"{""P47289"": 2}"
KXYQLNLII,"{""P47488"": 2}"
KXYKASDIA,"{""P47706"": 1}"
KXYNETSAV,"{""P47670"": 1}"
KXYHWFSXX,"{""P47442"": 1}"
KXARLVTGY,"{""P47272"": 4}"
KXAPHQXNH,"{""P47448"": 1}"
KXAVLEDQI,"{""P47460"": 3}"
KXATVSLAG,"{""P47382"": 1}"
KXAWTALGA,"{""P47282"": 1}"
KXANXXQXA,"{""P47705"": 1}"
KXAIAXTLD,"{""P47443"": 1}"
KXAXLVTGY,"{""P47272"": 1}"
KXGFWXXXX,"{""Q49429"": 1}"
KXGPECEXS,"{""P56723"": 1}"
KXGAQXXXX,"{""P47604"": 3}"
KXGLNTNXG,"{""P47647"": 1}"
KXGINNLVV,"{""P47457"": 1}"
KXQTMEVDA,"{""P47460"": 13}"
KXQXNITLS,"{""P47491"": 4}"
KXQXEGVXX,"{""P47264"": 1}"
KXQELISFL,"{""P47619"": 2}"
KXQELXXXX,"{""P47606"": 1}"
KXQLNLIIA,"{""P47488"": 1}"
KXQLAIGSE,"{""P47310"": 1}"
KXQLILNLN,"{""P47271"": 1}"
KXQFLSFII,"{""P47366"": 2}"
KXMLVVANX,"{""P47624"": 6}"
KXMNFLYXD,"{""P47272"": 5}"
KXMNFLYXX,"{""P47272"": 2}"
KXMNFLYKD,"{""P47272"": 1}"
KXMIVSVSM,"{""P47681"": 3}"
KXMFXXXXX,"{""P47652"": 1}"
KXETVXXXX,"{""Q49429"": 1}"
KXETVXSXS,"{""Q49429"": 2}"
KXETVXSXX,"{""Q49429"": 1}"
KXEGELQXX,"{""P47460"": 2}"
KXEGELQXL,"{""P47460"": 2}"
KXEXLTAYD,"{""P47301"": 1}"
KXEXXXXXX,"{""P47301"": 1}"
KXEFXXXXX,"{""P47479"": 1}"
KXEFXTAQE,"{""P47479"": 1}"
KXEVNVLTE,"{""P47376"": 1}"
KXFLEIIYD,"{""P47606"": 1}"
KXFLLNVVD,"{""P47580"": 1}"
KXFXHLEPT,"{""P47653"": 1}"
KXFXXXXXX,"{""P47516"": 1}"
KXFDXRETI,"{""P47305"": 2}"
KXFSLDWIL,"{""Q49409"": 1}"
KXPDNQXXX,"{""P47640"": 1}"
KXPDNQXTL,"{""P47640"": 3}"
KXPIXXXXX,"{""P47401"": 6}"
KXPRSWXXX,"{""P52271"": 4}"
KXPLNFITR,"{""Q9ZB78"": 1}"
KXCDTLDVY,"{""Q49404"": 6}"
KXCVFFNQN,"{""P47371"": 1}"
KVSEAXIKT,"{""P47365"": 3}"
KVSEAXIXT,"{""P47365"": 15}"
KVSEAXIXX,"{""P47365"": 4}"
KVSEAXXXX,"{""P47365"": 3}"
KVSCHSCNG,"{""P47265"": 22}"
KVSXHSXNG,"{""P47265"": 1}"
KVSXXXXXX,"{""P47256"": 1}"
KVSXXXEFL,"{""P47256"": 1}"
KVSFXXXXX,"{""P47576"": 6}"
KVSYXXEFL,"{""P47256"": 17}"
KVSYXXXXX,"{""P47256"": 10}"
KVSYXKEFL,"{""P47256"": 2}"
KVSLYGDYT,"{""P47523"": 4}"
KVSDLXXXX,"{""P47307"": 2}"
KVSDVIEMV,"{""P47288"": 2}"
KVSQLFLXE,"{""P47479"": 4}"
KVSVNDVDI,"{""P47455"": 6}"
KVDFAKXXX,"{""P47494"": 1}"
KVDFAXXIL,"{""P47494"": 7}"
KVDFAXXXX,"{""P47494"": 15}"
KVDFLXTNN,"{""P47257"": 15}"
KVDFLXXXX,"{""P47257"": 3}"
KVDVLTXAV,"{""P20796"": 3}"
KVDVLTXXX,"{""P20796"": 1}"
KVDELDDYN,"{""Q49419"": 6}"
KVDSEAIFQ,"{""P47460"": 6}"
KVDQPLVNE,"{""P47369"": 6}"
KVDQIHQDF,"{""P47357"": 4}"
KVDTLTTAV,"{""P22747"": 5}"
KVDMIANGI,"{""P47632"": 5}"
KVDPTVAMT,"{""P47481"": 2}"
KVDXIINPF,"{""P47545"": 3}"
KVNLASEFX,"{""P47625"": 8}"
KVNLASEFK,"{""P47625"": 1}"
KVNSSMQIA,"{""Q49427"": 8}"
KVNQHNTYQ,"{""P47460"": 7}"
KVNDSLLSI,"{""P47635"": 28}"
KVNHEDEIF,"{""P47483"": 29}"
KVNYLLVNX,"{""P47585"": 2}"
KVNEHXDAX,"{""P47385"": 7}"
KVNEHXXXX,"{""P47385"": 2}"
KVNWLNSPR,"{""P47311"": 1}"
KVNWXAIVH,"{""P47469"": 2}"
KVNWXXXXX,"{""P47469"": 1}"
KVNXXXXXX,"{""P47694"": 4}"
KVQELGLXX,"{""P47423"": 6}"
KVQFDLFXX,"{""P47613"": 2}"
KVQFDLFXD,"{""P47613"": 1}"
KVQIAXEXT,"{""P47632"": 18}"
KVQIAXEXX,"{""P47632"": 3}"
KVQIAXEKT,"{""P47632"": 1}"
KVQIAXXXX,"{""P47632"": 5}"
KVQIAKEXT,"{""P47632"": 2}"
KVQQNQNQN,"{""P47442"": 4}"
KVQHALILN,"{""P47276"": 5}"
KVQDLEQLL,"{""P47484"": 3}"
KVXXXXXXX,"{""P47589"": 5, ""Q49428"": 3, ""P47423"": 4, ""P52271"": 2, ""P47609"": 1, ""P55825"": 2}"
KVXXPEFLL,"{""P47609"": 2}"
KVXDLIXEP,"{""P47506"": 3}"
KVXNALLXI,"{""P47589"": 12}"
KVXNALLXX,"{""P47589"": 3}"
KVXNALLKI,"{""P47589"": 1}"
KVXSFAXXX,"{""P47423"": 14}"
KVXSFAXQI,"{""P47423"": 2}"
KVXSFAKQI,"{""P47423"": 1}"
KVXSXSPAL,"{""P47333"": 6}"
KVXTFILDQ,"{""P55825"": 21}"
KVXQFDXFS,"{""Q49428"": 3}"
KVXQFDXXX,"{""Q49428"": 1}"
KVXPNYXXY,"{""P52271"": 3}"
KVLNYVLEH,"{""P47386"": 15}"
KVLNNIXXA,"{""P47705"": 2}"
KVLNNIXXX,"{""P47705"": 1}"
KVLNXVLEH,"{""P47386"": 1}"
KVLXNIDPQ,"{""P55825"": 18}"
KVLXTLTTL,"{""Q49435"": 6}"
KVLXXXXXX,"{""P55825"": 5}"
KVLQFQNYC,"{""P47457"": 22}"
KVLQFQNXX,"{""P47457"": 1}"
KVLVINNNN,"{""P47299"": 5}"
KVLSELAIX,"{""P47440"": 34}"
KVLEHGXXX,"{""P47641"": 7}"
KVLADQXLQ,"{""P47250"": 3}"
KVLLXANIN,"{""P47466"": 5}"
KVLLSDGXD,"{""P47315"": 5}"
KVLLSDGXX,"{""P47315"": 1}"
KVLKNIDPQ,"{""P55825"": 1}"
KVLKTLTTL,"{""Q49435"": 1}"
KVLFVSEXV,"{""P47386"": 1}"
KVLFVSEXX,"{""P47386"": 2}"
KVLFESENY,"{""P47321"": 4}"
KVLTIIDES,"{""P47606"": 3}"
KVFTTILQS,"{""P47703"": 18}"
KVFTFGPTF,"{""P47359"": 1}"
KVFSLYVXG,"{""P47667"": 19}"
KVFSLYVXX,"{""P47667"": 1}"
KVFSLYVKG,"{""P47667"": 2}"
KVFSLXVXX,"{""P47667"": 1}"
KVFQXXXXX,"{""P47587"": 1}"
KVFQXLXXQ,"{""P47587"": 4}"
KVFQXLXXX,"{""P47587"": 1}"
KVFQXLXKQ,"{""P47587"": 1}"
KVFQXLKXQ,"{""P47587"": 1}"
KVFAFTHEL,"{""P47507"": 7}"
KVFFYFXXQ,"{""P47277"": 3}"
KVFXXXXXX,"{""P47572"": 2}"
KVFLXMVEX,"{""P47664"": 3}"
KVFLXXXXX,"{""P47664"": 2}"
KVFGNFWES,"{""Q49426"": 2}"
KVTXXXXXX,"{""P47285"": 1}"
KVTXIEIDS,"{""P47285"": 4}"
KVTKIEIDS,"{""P47285"": 1}"
KVTGIDFNS,"{""P47382"": 2}"
KVTTDFESK,"{""Q49413"": 1}"
KVTTDFESX,"{""Q49413"": 4}"
KVTMVAQRL,"{""P47368"": 1}"
KVIENNVIL,"{""P47293"": 21}"
KVIEMNXQA,"{""P47401"": 8}"
KVIIVDASV,"{""P47575"": 2}"
KVIIVNQFQ,"{""P47621"": 6}"
KVIIDVQLR,"{""P47540"": 2}"
KVIIDVQLX,"{""P47540"": 5}"
KVIXXXXXX,"{""P47453"": 3}"
KVIDSLYQN,"{""P47606"": 5}"
KVIDELCNL,"{""P47693"": 5}"
KVISXXNNL,"{""P47415"": 2}"
KVISXXXXX,"{""P47415"": 2, ""P47582"": 1}"
KVISXLIDL,"{""P47582"": 3}"
KVILFTQFL,"{""P47264"": 26}"
KVILDLDGQ,"{""P47706"": 8}"
KVIVLGILX,"{""P47696"": 4}"
KVIQEIXXX,"{""P47469"": 5}"
KVYILDEAH,"{""P47658"": 5}"
KVYVFSEXX,"{""P47543"": 7}"
KVYRLVSMW,"{""Q49402"": 1}"
KVYEILXNT,"{""P47371"": 2}"
KVEAXXXXX,"{""P47405"": 1}"
KVEAXXSVS,"{""P47405"": 1}"
KVEARIETX,"{""P47405"": 1}"
KVEAKXSVS,"{""P47405"": 1}"
KVEAAVXXH,"{""P47551"": 2}"
KVEEANLAG,"{""P47566"": 7}"
KVEESELIE,"{""P47446"": 6}"
KVEIDNFTX,"{""P47510"": 23}"
KVESEXDTI,"{""Q49460"": 4}"
KVEVXPXVE,"{""P47405"": 3}"
KVEVXXXXX,"{""P47405"": 3}"
KVENYYLAE,"{""P47648"": 2}"
KVAVXLXRF,"{""P47566"": 5}"
KVAVXLXXX,"{""P47566"": 12}"
KVAVXLXXF,"{""P47566"": 1}"
KVAVXXXXX,"{""P47566"": 6}"
KVAVKLXXF,"{""P47566"": 1}"
KVANENLXX,"{""P47312"": 5}"
KVANENLXV,"{""P47312"": 1}"
KVAXXXXXX,"{""Q49431"": 8, ""P47312"": 6}"
KVAXIITLI,"{""Q49431"": 14}"
KVAXCYLND,"{""Q49399"": 1}"
KVAXFFGHD,"{""P47271"": 1}"
KVARFFGHD,"{""P47271"": 2}"
KVADETLXM,"{""P47372"": 1}"
KVADETLXX,"{""P47372"": 1}"
KVAYANIEA,"{""P47458"": 6}"
KVAYCYLND,"{""Q49399"": 6}"
KVASFLXXX,"{""P47508"": 3}"
KVASFLXXQ,"{""P47508"": 2}"
KVAKIITLI,"{""Q49431"": 1}"
KVALLRNXX,"{""P47414"": 2}"
KVVLHXEVX,"{""P47567"": 24}"
KVVLHXXXX,"{""P47567"": 6}"
KVVIAANWL,"{""P47360"": 3}"
KVPLINYLS,"{""Q57081"": 4}"
KVMENASDE,"{""P47359"": 5}"
KVMIXWXXV,"{""Q49399"": 2}"
KVKNALLXI,"{""P47589"": 1}"
KVKTFILDQ,"{""P55825"": 1}"
KVKSFAXXX,"{""P47423"": 1}"
KVKSFAXQI,"{""P47423"": 1}"
KVGSEXINI,"{""P47549"": 5}"
KVGSEXXXX,"{""P47549"": 1}"
KVGFTGNNP,"{""P47563"": 4}"
KVHRGELII,"{""P47340"": 2}"
KVHSVDWXP,"{""Q49423"": 2}"
KVHXXXXXX,"{""Q9ZB70"": 3}"
KVCVMATHG,"{""P47304"": 7}"
KVCGXXXXX,"{""P47296"": 1}"
KVCGKRXLX,"{""P47296"": 1}"
KVRXPPNAQ,"{""P47355"": 1}"
KVRXXXXXX,"{""P47355"": 1}"
KVRXATTDS,"{""P47372"": 1}"
KYVYNHFXT,"{""P22746"": 5}"
KYVALAQDG,"{""P47468"": 23}"
KYVFAINPX,"{""P47399"": 3}"
KYVFAINPK,"{""P47399"": 1}"
KYVXGFLTE,"{""P47668"": 2}"
KYVXXXXXX,"{""P47668"": 1, ""P47312"": 1}"
KYVXNHAHL,"{""P47312"": 2}"
KYYNETSAV,"{""P47670"": 28}"
KYQXEGVXX,"{""P47264"": 14}"
KYQXEGVXW,"{""P47264"": 6}"
KYQXQQIQN,"{""P52271"": 5}"
KYQXXXXXX,"{""P47264"": 2, ""P47357"": 3}"
KYQXXVDQI,"{""P47357"": 6}"
KYQIXTTXC,"{""P47448"": 11}"
KYQIXTTXX,"{""P47448"": 4}"
KYQIXXXXX,"{""P47448"": 1}"
KYQIKTTXX,"{""P47448"": 1}"
KYQIKTTXC,"{""P47448"": 2}"
KYQFLSFII,"{""P47366"": 15}"
KYQTYPVVN,"{""Q49398"": 8}"
KYQELXINQ,"{""P47606"": 1}"
KYQELXXXX,"{""P47606"": 2}"
KYQLNLIIA,"{""P47488"": 2}"
KYQLAIGSE,"{""P47310"": 6}"
KYQLDVPNV,"{""P22747"": 5}"
KYQKQQIQN,"{""P52271"": 1}"
KYQKEGVXX,"{""P47264"": 1}"
KYQKXVDQI,"{""P47357"": 1}"
KYWLLLPFF,"{""P47289"": 11}"
KYWXXASXL,"{""Q49398"": 2}"
KYWXXASXX,"{""Q49398"": 1}"
KYWXXXXXX,"{""Q49398"": 2}"
KYNDTXDPG,"{""P47502"": 1}"
KYNLLXEXD,"{""P47445"": 14}"
KYNLLXEXX,"{""P47445"": 6}"
KYNLLXXXX,"{""P47445"": 4}"
KYNLLKEXD,"{""P47445"": 1}"
KYNSQTLEI,"{""P47660"": 6}"
KYNXLENSQ,"{""P47326"": 1}"
KYNRLENSQ,"{""P47326"": 2}"
KYFXXXXXX,"{""P47516"": 5, ""P47447"": 1}"
KYFXHLEPT,"{""P47653"": 3}"
KYFXTFTFA,"{""P52271"": 6}"
KYFXNLSGG,"{""P47447"": 1}"
KYFXGFNGL,"{""P47580"": 1}"
KYFLEIIYD,"{""P47606"": 23}"
KYFLEIIXD,"{""P47606"": 3}"
KYFLFEFNA,"{""P47349"": 6}"
KYFLSFSDG,"{""P47249"": 3}"
KYFYGFNGL,"{""P47580"": 4}"
KYLAVXLFE,"{""P47612"": 3}"
KYLSENQTE,"{""P47479"": 7}"
KYLNEYLEI,"{""P47706"": 5}"
KYLNGXLEY,"{""P47267"": 2}"
KYLTFISSD,"{""P47484"": 3}"
KYLENXNEX,"{""P47683"": 4}"
KYLENKNEX,"{""P47683"": 1}"
KYLESANXX,"{""Q49429"": 5}"
KYLXXEIFD,"{""P47481"": 3}"
KYLXXXXXX,"{""P47481"": 4}"
KYLDLCGLE,"{""P47545"": 3}"
KYLDLXGLE,"{""P47545"": 1}"
KYLFVIXXX,"{""P47387"": 1}"
KYGENYLDX,"{""P47455"": 5}"
KYGENYLDK,"{""P47455"": 1}"
KYGDIXHPX,"{""P47464"": 2}"
KYGDIXXXX,"{""P47464"": 1}"
KYGFWXNHT,"{""Q49429"": 6}"
KYGFWXXXX,"{""Q49429"": 16}"
KYGFWKNHT,"{""Q49429"": 1}"
KYGPECEXS,"{""P56723"": 3}"
KYGPECEXX,"{""P56723"": 1}"
KYIVAMQXD,"{""P47481"": 26}"
KYIESNXDL,"{""P47269"": 22}"
KYIESNXXX,"{""P47269"": 6}"
KYIXXXXXX,"{""P47271"": 11}"
KYEVNVLTE,"{""P47376"": 4}"
KYENEGFPG,"{""P47321"": 6}"
KYEXXXXXX,"{""P47329"": 2}"
KYDITAVLN,"{""P47666"": 1}"
KYDIYFXEV,"{""Q9ZB70"": 3}"
KYDIYFXXX,"{""Q9ZB70"": 1}"
KYDIXFXEV,"{""Q9ZB70"": 1}"
KYDPITPFI,"{""P47315"": 11}"
KYDLXAIYG,"{""P47277"": 4}"
KYDEIXXIN,"{""P47685"": 3}"
KYXXXXXXX,"{""Q49432"": 1, ""P47706"": 2, ""P47470"": 1, ""P47362"": 3, ""P47609"": 1}"
KYXLFCEFS,"{""P47609"": 4}"
KYXNTTVFF,"{""P47362"": 3}"
KYXNETSAV,"{""P47670"": 3}"
KYXILIEQE,"{""P47277"": 3}"
KYXDIGGIL,"{""Q49432"": 3}"
KYXASDIAE,"{""P47706"": 3}"
KYXGDQFLX,"{""P47470"": 3}"
KYHIXXXXX,"{""Q49436"": 1}"
KYHIXLXXE,"{""Q49436"": 1}"
KYHIXLRXE,"{""Q49436"": 1}"
KYHPDXNNA,"{""P47442"": 1}"
KYSXXXXXX,"{""P47641"": 3}"
KYSXXIFNS,"{""P47641"": 1}"
KYSLIQFXN,"{""P47610"": 2}"
KYSLIQFXX,"{""P47610"": 2}"
KYSNDYRXL,"{""Q49426"": 2}"
KYSNDYRXX,"{""Q49426"": 2}"
KYAXXXXXX,"{""P47333"": 24}"
KYAINQLVT,"{""P47491"": 8}"
KYAIAXTLD,"{""P47443"": 7}"
KYAIAXXXX,"{""P47443"": 1}"
KYPDLLXAT,"{""P47255"": 5}"
KYPDFIPXR,"{""P47576"": 1}"
KYPIISIED,"{""P47647"": 3}"
KYTNVXXXX,"{""P47668"": 1}"
KYTNVXMTP,"{""P47668"": 7}"
KYTGFRVGI,"{""P47582"": 1}"
KYTVAGQSN,"{""Q49411"": 5}"
KYKDIGGIL,"{""Q49432"": 1}"
KYKGDQFLX,"{""P47470"": 1}"
KYRLIDFXX,"{""P47400"": 4}"
KYCENDVRA,"{""P47606"": 2}"
KIIVDTYGP,"{""P47293"": 25}"
KIIVDTXGP,"{""P47293"": 3}"
KIIVEHNWI,"{""Q49424"": 20}"
KIIVNATEE,"{""P47502"": 25}"
KIISDHLPI,"{""P47488"": 26}"
KIISHHLAL,"{""P47465"": 3}"
KIISRSNSG,"{""P47400"": 2}"
KIISEHLXT,"{""P47636"": 1}"
KIIISNSME,"{""P47267"": 4}"
KIIIGXXXX,"{""P47627"": 2}"
KIIIGXNAE,"{""P47627"": 4}"
KIIIEVLDG,"{""P47264"": 3}"
KIILELXME,"{""P47540"": 4}"
KIILELKME,"{""P47540"": 1}"
KIIXXXXXX,"{""P47481"": 5}"
KIIXALXXX,"{""P47481"": 2}"
KIIXALXTL,"{""P47481"": 11}"
KIITDIYVE,"{""P47264"": 3}"
KIITDFIEH,"{""P47568"": 2}"
KIITQTGVV,"{""P22747"": 5}"
KIIGIGVSD,"{""P47668"": 5}"
KIIDXLXEN,"{""P47551"": 2}"
KIIDXLXXX,"{""P47551"": 1}"
KIIDXXXXX,"{""P47551"": 3}"
KIIANLLXL,"{""P47331"": 2}"
KIIPFSSIX,"{""P47286"": 4}"
KIIPDFSWI,"{""P47662"": 2}"
KIXXXXXXX,"{""P47592"": 25, ""P47403"": 20, ""P47651"": 3, ""P47583"": 19, ""P47264"": 4, ""P47584"": 3, ""P47564"": 3, ""P47442"": 2, ""P47257"": 8, ""P47428"": 21, ""P47482"": 1, ""P47595"": 2, ""P47664"": 5, ""P47445"": 5, ""P47582"": 7, ""P47286"": 1, ""P47277"": 3, ""P47661"": 5, ""P47396"": 2, ""Q49426"": 3, ""P47426"": 4, ""P47658"": 2, ""P47604"": 4, ""P47448"": 4, ""Q49404"": 1, ""P52271"": 2}"
KIXXSNHXQ,"{""P47658"": 5}"
KIXXSNHKQ,"{""P47658"": 1}"
KIXXIFICF,"{""P47256"": 5}"
KIXXIAXXX,"{""P47257"": 14}"
KIXXQAEQL,"{""P47442"": 3}"
KIXXRLXXX,"{""P47651"": 1}"
KIXXPXXXX,"{""P47604"": 1}"
KIXAGVITD,"{""P47583"": 5}"
KIXAQXLFF,"{""P47482"": 4}"
KIXAQXXXX,"{""P47482"": 2}"
KIXAIXAXY,"{""P52271"": 3}"
KIXDLTPLT,"{""P47480"": 9}"
KIXEHSNLI,"{""P47584"": 18}"
KIXEQIXXX,"{""P47445"": 10}"
KIXEQIXQQ,"{""P47445"": 2}"
KIXEIFXXX,"{""P47595"": 4}"
KIXEECHFF,"{""P47642"": 1}"
KIXERXCSN,"{""P47592"": 1}"
KIXTALDLC,"{""Q49404"": 6}"
KIXNFXXLR,"{""P47426"": 4}"
KIXNFXXXX,"{""P47426"": 7}"
KIXNFXKLR,"{""P47426"": 2}"
KIXNNSEID,"{""P47277"": 12}"
KIXVAYIHX,"{""P47319"": 19}"
KIXVAXIHX,"{""P47319"": 1}"
KIXVIGSGR,"{""P47428"": 7}"
KIXVIGSGX,"{""P47428"": 1}"
KIXVNNINE,"{""P47651"": 1}"
KIXPXEAEL,"{""P47277"": 2}"
KIXPXXXXX,"{""P47277"": 1}"
KIXLLGXXX,"{""P47385"": 1}"
KIXLTDLNX,"{""P47514"": 3}"
KIXYGRHTX,"{""P47564"": 1}"
KIXFTVXRD,"{""P47306"": 1}"
KIXFTVXXX,"{""P47306"": 1}"
KIXFDQFXX,"{""P47330"": 1}"
KIXKRLXXX,"{""P47651"": 1}"
KIXKQAEQL,"{""P47442"": 1}"
KIXGNFCLA,"{""P47264"": 2}"
KIGEXXXXX,"{""P47534"": 5}"
KIGELALXE,"{""P47660"": 1}"
KIGELALXX,"{""P47660"": 7}"
KIGLMAIDS,"{""P47385"": 4}"
KIGXXXXXX,"{""P47376"": 4, ""P47547"": 6, ""P47681"": 1}"
KIGXNFTIL,"{""P47681"": 4}"
KIGXEILES,"{""P47376"": 1}"
KIGXYXLLN,"{""P47606"": 4}"
KIGXYXXXX,"{""P47606"": 1}"
KIGIDTVXX,"{""P47252"": 3}"
KIGIIYGDG,"{""P47283"": 5}"
KIGSDLVXY,"{""P47372"": 1}"
KIGSDLVXX,"{""P47372"": 1}"
KIGDTTSHG,"{""P47445"": 3}"
KIGTAIANT,"{""Q9ZB76"": 2}"
KILVIVYPE,"{""P47275"": 8}"
KILVNAINR,"{""P47658"": 1}"
KILVNAINX,"{""P47658"": 3}"
KILEEXEIV,"{""P47693"": 26}"
KILEEXXXX,"{""P47693"": 6}"
KILEQTXPX,"{""P47277"": 24}"
KILEQTXPK,"{""P47277"": 1}"
KILEQTXXX,"{""P47277"": 2}"
KILEQTKPX,"{""P47277"": 1}"
KILEXLFVF,"{""Q9ZB73"": 2}"
KILPLAYDN,"{""P47467"": 20}"
KILPMIYCG,"{""P47384"": 4}"
KILDQANTN,"{""P47563"": 26}"
KILDYRVFA,"{""P47317"": 1}"
KILFGSLXE,"{""Q49435"": 5}"
KILNVAIVT,"{""P47466"": 1}"
KILIVSFIA,"{""P47467"": 6}"
KILTDAAVX,"{""P47582"": 4}"
KILHWSCFL,"{""Q9ZB81"": 3}"
KILSDLIAT,"{""P47579"": 9}"
KIAAIISQG,"{""P47417"": 9}"
KIAEELDFF,"{""P47572"": 4}"
KIAEITXLD,"{""Q49407"": 4}"
KIAEITXXX,"{""Q49407"": 1}"
KIAEIXXXX,"{""P47491"": 2}"
KIAETNXXV,"{""P47508"": 4}"
KIAETNXXX,"{""P47508"": 1}"
KIAFIDTGG,"{""P47571"": 19}"
KIAVIXQQX,"{""P47572"": 14}"
KIAVIXXXX,"{""P47572"": 4}"
KIATLIVAF,"{""P47285"": 7}"
KIANQFNVX,"{""P47482"": 4}"
KIANELAXL,"{""P47297"": 3}"
KIANELAXX,"{""P47297"": 2}"
KIANEXLDL,"{""Q49329"": 2}"
KIANSLGIX,"{""P47537"": 4}"
KIANWLTVY,"{""P47360"": 1}"
KIADSIVEW,"{""P47618"": 6}"
KIADIEXIX,"{""P47480"": 3}"
KIAXDHDVS,"{""P47282"": 15}"
KIAXXXXXX,"{""P47257"": 3, ""P47282"": 5}"
KIAINSPLF,"{""P47448"": 5}"
KIAIRLXXX,"{""P47310"": 1}"
KIAIRLXAL,"{""P47310"": 1}"
KIQLTXQEL,"{""P47460"": 22}"
KIQLTXXXX,"{""P47460"": 4}"
KIQLTKQEL,"{""P47460"": 1}"
KIQLQSGEI,"{""P47288"": 4}"
KIQEIITSX,"{""P47606"": 5}"
KIQIGDXXX,"{""P47583"": 20}"
KIQIGDXLA,"{""P47583"": 7}"
KIQAFHYEL,"{""P47460"": 4}"
KIQAFHXEL,"{""P47460"": 1}"
KIQDQINNL,"{""P47306"": 4}"
KIQWLXEEL,"{""P47673"": 2}"
KIQWLXXXX,"{""P47673"": 3}"
KIQXXXXXX,"{""P22746"": 3}"
KISNLFETE,"{""P47592"": 3}"
KISNVVFHL,"{""P47348"": 4}"
KISNANQFX,"{""P47257"": 3}"
KISGVLAVF,"{""P47381"": 2}"
KISLNYAXG,"{""P47508"": 4}"
KISLFDNLE,"{""P47661"": 1}"
KISPNSFIV,"{""Q49420"": 5}"
KISDXVNVL,"{""P47318"": 3}"
KISDFFXEI,"{""P47483"": 4}"
KISTSEISS,"{""P47629"": 4}"
KISTFFENS,"{""P47610"": 3}"
KISEXQTVI,"{""P47303"": 2}"
KISEXXXXX,"{""P47303"": 1}"
KISQNIFQN,"{""P47521"": 5}"
KISFLNXLT,"{""P47620"": 2}"
KISFLNXXX,"{""P47620"": 1}"
KISXAVITV,"{""P47547"": 1}"
KINNNXSGC,"{""P47537"": 4}"
KINNFDSNA,"{""P47521"": 3}"
KINNPSXLA,"{""P47371"": 3}"
KINNPSXXX,"{""P47371"": 1}"
KINFNTNLR,"{""P47678"": 5}"
KINFNTNLX,"{""P47678"": 3}"
KINFQIHST,"{""P47494"": 1}"
KINHAXXXX,"{""P47496"": 27}"
KINHLEVDL,"{""P47460"": 2}"
KINVPSGLI,"{""P47422"": 7}"
KINVVYNPA,"{""P47258"": 5}"
KINVNFNIV,"{""Q49410"": 7}"
KINXXXXXX,"{""P47345"": 1, ""Q57081"": 3}"
KINXLFPYQ,"{""Q49460"": 2}"
KINXSDEXX,"{""P47345"": 1}"
KINXSDEXI,"{""P47345"": 2}"
KINXQALID,"{""P47682"": 4}"
KINGNLXMI,"{""P47613"": 6}"
KINGNLXXX,"{""P47613"": 1}"
KINGRGSYF,"{""P55825"": 2}"
KINTSIXXX,"{""P47495"": 2}"
KINTSIXTX,"{""P47495"": 7}"
KINTNEEIE,"{""P47632"": 5}"
KINQLIXPH,"{""P47428"": 14}"
KINQLIXXX,"{""P47428"": 3}"
KINQLIKPH,"{""P47428"": 3}"
KINLSLLIF,"{""P47310"": 11}"
KINLLEVXT,"{""P47374"": 4}"
KINLLEVXX,"{""P47374"": 1}"
KINYLFPYQ,"{""Q49460"": 1}"
KINDAQNIL,"{""P47402"": 2}"
KINAQTITE,"{""P47294"": 3}"
KINSGDXXM,"{""P47429"": 5}"
KINIYTVII,"{""P47685"": 3}"
KINEQLSRQ,"{""P47481"": 1}"
KITVXXXXX,"{""P47543"": 21}"
KITVXQNIL,"{""P47543"": 3}"
KITHYVIDE,"{""P47541"": 5}"
KITXXEIPY,"{""Q49430"": 6}"
KITXXXXXX,"{""Q49430"": 3}"
KITGLNNET,"{""P47650"": 1}"
KITGTRFGX,"{""P47613"": 1}"
KITRXXXXX,"{""P47254"": 1}"
KITPQELFX,"{""P47397"": 5}"
KITKXEIPY,"{""Q49430"": 1}"
KITNHLEXX,"{""P47700"": 6}"
KITASNGVV,"{""P47275"": 2}"
KITSDLILE,"{""P47658"": 1}"
KIFQXAQNS,"{""P55825"": 27}"
KIFQXXXXX,"{""P55825"": 4}"
KIFQENEXE,"{""P47346"": 4}"
KIFQENEXX,"{""P47346"": 1}"
KIFQENEKE,"{""P47346"": 2}"
KIFLLPLIS,"{""P47677"": 26}"
KIFICFDND,"{""P47256"": 2}"
KIFHSVSNN,"{""P47247"": 1}"
KIFAXXXXX,"{""P47260"": 5}"
KIFNSEIGQ,"{""P47641"": 2}"
KIFRLSGFX,"{""P47621"": 1}"
KIFEDASGI,"{""P47540"": 4}"
KIWIEDWFX,"{""P47285"": 22}"
KIWGDYQEV,"{""P47431"": 2}"
KIKDLTPLT,"{""P47480"": 1}"
KIKEHSNLI,"{""P47584"": 2}"
KIKWISPXX,"{""P47286"": 1}"
KIKNFXXLR,"{""P47426"": 1}"
KIKNFXXXX,"{""P47426"": 1}"
KIDLEGLFX,"{""Q49425"": 3}"
KIDLIILDX,"{""P47447"": 6}"
KIDLIILDK,"{""P47447"": 1}"
KIDLLTTAV,"{""P47273"": 2}"
KIDYVFVYF,"{""P47298"": 20}"
KIDYVFVXF,"{""P47298"": 2}"
KIDSFDLQL,"{""P47394"": 3}"
KIDQXSDXE,"{""P47643"": 1}"
KIDQXSDRE,"{""P47643"": 2}"
KIDQXIYLI,"{""P47254"": 1}"
KIDQXXXXX,"{""P47643"": 5, ""P47254"": 1}"
KIDTDEGQX,"{""Q49426"": 6}"
KIDXVFVYF,"{""P47298"": 1}"
KIPIQQSGQ,"{""P47416"": 25}"
KIPIMNSDS,"{""P47461"": 7}"
KIPXXLXDN,"{""P47587"": 3}"
KIPXXLXXX,"{""P47587"": 1}"
KIPXXXXXX,"{""P47270"": 1, ""P47587"": 1}"
KIPXAITVC,"{""P47270"": 3}"
KIHHIXDAX,"{""P47638"": 16}"
KIHHIXDAK,"{""P47638"": 3}"
KIHHIXXXX,"{""P47638"": 3}"
KIHHIKDAX,"{""P47638"": 2}"
KIHDQLXXX,"{""Q49435"": 4}"
KIHPXLFDY,"{""P47382"": 3}"
KIHPXXXXX,"{""P47382"": 1}"
KIHQYVSXI,"{""P47479"": 4}"
KIEGITIGN,"{""P47277"": 4}"
KIEQLQXNN,"{""P47288"": 2}"
KIEQLQXXX,"{""P47288"": 25}"
KIEEXVQFN,"{""P47599"": 3}"
KIEEQQLXN,"{""P47273"": 5}"
KIESIQGSL,"{""Q49413"": 2}"
KIETIXXXX,"{""P47460"": 2}"
KIEMITRII,"{""P47416"": 4}"
KIENQSSGI,"{""P47473"": 2}"
KIEIAEMXX,"{""P47255"": 1}"
KIERSPGVX,"{""P47387"": 1}"
KICLLGXXX,"{""P47385"": 15}"
KICLLGXSM,"{""P47385"": 2}"
KIYGIQYLA,"{""P47447"": 9}"
KIYXFFVNL,"{""P47299"": 2}"
KIYEECHFF,"{""P47642"": 3}"
KIYEEXHFF,"{""P47642"": 1}"
KIYLGLNLI,"{""Q49405"": 1}"
KIVVLDINT,"{""P47614"": 23}"
KIVMNELNQ,"{""P47387"": 8}"
KIVXXXXXX,"{""P47653"": 3}"
KIVHVNNTI,"{""P47270"": 2}"
KIVDXXXXX,"{""P47376"": 3}"
KIVPINPLX,"{""P47426"": 3}"
KIVSXXXXX,"{""P47661"": 4}"
KIVSXTGSS,"{""P47484"": 1}"
KIVSKTGSS,"{""P47484"": 2}"
KIVEVVXGV,"{""P47396"": 6}"
KIVANQIIE,"{""Q49424"": 3}"
KIRFDQFXX,"{""P47330"": 3}"
KIRFDQFXK,"{""P47330"": 1}"
KIRSLAFNW,"{""P47281"": 1}"
KIRSXXXXX,"{""P47303"": 1}"
KIREGSGFX,"{""P47533"": 2}"
KDVIAXXXX,"{""P47384"": 18}"
KDVIAXLYG,"{""P47384"": 2}"
KDVISLAXX,"{""P47295"": 3}"
KDVISLAXE,"{""P47295"": 18}"
KDVISLAKE,"{""P47295"": 1}"
KDVIVVGSV,"{""P47319"": 21}"
KDVIXNIYD,"{""P47652"": 3}"
KDVIXXXXX,"{""P47652"": 2}"
KDVIKNIYD,"{""P47652"": 1}"
KDVILDXXN,"{""Q49423"": 1}"
KDVQTKVST,"{""P47502"": 1}"
KDVQTXVST,"{""P47502"": 7}"
KDVFFFSTT,"{""P47592"": 25}"
KDVYYFIDE,"{""Q49399"": 26}"
KDVYXFIDE,"{""Q49399"": 2}"
KDVNYAXXX,"{""P47545"": 1}"
KDVNYAXXY,"{""P47545"": 3}"
KDVNYAKXY,"{""P47545"": 1}"
KDVXYFIDE,"{""Q49399"": 1}"
KDVXLIQXX,"{""Q49405"": 1}"
KDVXLIQXN,"{""Q49405"": 1}"
KDVTDXTQL,"{""P47530"": 6}"
KDVVXILXX,"{""P47310"": 1}"
KDVVXILXH,"{""P47310"": 4}"
KDESENAXX,"{""P47530"": 4}"
KDEVWXTIX,"{""P47604"": 23}"
KDEVWXTIK,"{""P47604"": 1}"
KDEVWXXXX,"{""P47604"": 4}"
KDEXIIQDA,"{""P47368"": 4}"
KDEGIXVNW,"{""Q49430"": 3}"
KDWNSFXXX,"{""P47493"": 4}"
KDWNSFXVN,"{""P47493"": 1}"
KDINFIDAN,"{""P47627"": 27}"
KDNLNXXXX,"{""P47590"": 22}"
KDNLNXIXA,"{""P47590"": 1}"
KDNXDSFST,"{""P47247"": 29}"
KDNXXXXXX,"{""P47247"": 4}"
KDNEFWYHH,"{""P47657"": 4}"
KDNESVAVG,"{""P47297"": 6}"
KDNIELFTN,"{""P47361"": 22}"
KDNDAATGX,"{""P47528"": 5}"
KDNYQNVFI,"{""P47618"": 3}"
KDNQVFSLT,"{""Q9ZB77"": 8}"
KDNHNEDLE,"{""P47673"": 5}"
KDNKDSFST,"{""P47247"": 2}"
KDNNNGIVT,"{""P47610"": 2}"
KDNNSQPDL,"{""P47551"": 1}"
KDNAAEFXX,"{""P47368"": 3}"
KDNTIDYRY,"{""P47346"": 1}"
KDLAIQSLX,"{""P47597"": 6}"
KDLXQAQXL,"{""P47369"": 6}"
KDLXQAQKL,"{""P47369"": 1}"
KDLXXLTLQ,"{""P47540"": 2}"
KDLXKLTLQ,"{""P47540"": 1}"
KDLITNXFE,"{""P47254"": 3}"
KDLITNXXX,"{""P47254"": 2}"
KDLDATLPT,"{""P47386"": 7}"
KDLEEIXTI,"{""P47668"": 8}"
KDLELISFF,"{""P47254"": 3}"
KDLENSXXX,"{""P47522"": 1}"
KDLENSXTQ,"{""P47522"": 6}"
KDLEQSLQX,"{""P47522"": 3}"
KDLVVVSPD,"{""P47304"": 6}"
KDLQAXLLA,"{""P47431"": 5}"
KDLQAXXXX,"{""P47431"": 3}"
KDLSXXXXX,"{""P47483"": 1}"
KDLSXENNA,"{""P47483"": 5}"
KDLTXTISX,"{""P47294"": 7}"
KDLTXTISK,"{""P47294"": 1}"
KDLTXXXXX,"{""P47294"": 1}"
KDFFVFYNX,"{""P47254"": 6}"
KDFISXXXX,"{""P47663"": 2}"
KDFISXRGL,"{""P47663"": 3}"
KDFLTAGNI,"{""P47623"": 4}"
KDFDEXXXX,"{""P47650"": 2}"
KDFNSFFEN,"{""P47701"": 3}"
KDFNEQXWI,"{""P47653"": 1}"
KDFNEQRWI,"{""P47653"": 2}"
KDGQIGSEI,"{""P47635"": 24}"
KDGFXXNSS,"{""P20796"": 6}"
KDGFKXNSS,"{""P20796"": 1}"
KDGXKDSWF,"{""P47613"": 1}"
KDGXXDSWF,"{""P47613"": 2}"
KDGXXXXXX,"{""P47613"": 2}"
KDTYXEIIG,"{""P47660"": 4}"
KDTYXXXXX,"{""P47660"": 2}"
KDTXNMSNE,"{""P47652"": 5}"
KDXNATFLP,"{""P47672"": 4}"
KDXPVVDXH,"{""P47344"": 19}"
KDXPVVDXX,"{""P47344"": 1}"
KDXPVVDKH,"{""P47344"": 2}"
KDXIFIXXE,"{""P47381"": 1}"
KDXIFIXXX,"{""P47381"": 6}"
KDXTIXSVA,"{""Q49408"": 11}"
KDXTIXXXX,"{""Q49408"": 3}"
KDXTIKSVA,"{""Q49408"": 1}"
KDXGSDAMQ,"{""P47549"": 5}"
KDXXXXXXX,"{""P47484"": 1, ""P47344"": 7, ""Q49408"": 3, ""Q49421"": 4, ""P47653"": 1, ""P47672"": 1, ""P47381"": 1}"
KDXXTSWNX,"{""P47484"": 2}"
KDXXLFNQE,"{""P47604"": 1}"
KDXAERMAN,"{""Q49421"": 1}"
KDXSDSVFG,"{""P47318"": 2}"
KDQVDNNQT,"{""P47387"": 2}"
KDQILAQLN,"{""P47369"": 6}"
KDQNYFNLV,"{""P47661"": 3}"
KDQLRDATL,"{""P47267"": 3}"
KDQLXDATL,"{""P47267"": 3}"
KDQPCSVCN,"{""P55825"": 6}"
KDQPXSVXN,"{""P55825"": 1}"
KDQXSTVXI,"{""P22747"": 4}"
KDQEINWRF,"{""P47460"": 1}"
KDRQPEHTQ,"{""P47282"": 6}"
KDRXLFNQE,"{""P47604"": 1}"
KDRSDSVFG,"{""P47318"": 6}"
KDRHANINA,"{""P47477"": 2}"
KDDQLTINT,"{""Q49413"": 6}"
KDDTHXMAE,"{""P47334"": 6}"
KDDTHXXXX,"{""P47334"": 1}"
KDDISXXXX,"{""P47295"": 4}"
KDSVEDAXV,"{""P47582"": 3}"
KDSWFDSNG,"{""P47613"": 11}"
KDSNTTLST,"{""P47431"": 4}"
KDSNFWIXX,"{""Q49405"": 4}"
KDSATRNYL,"{""P47312"": 1}"
KDSYGQFLH,"{""P47451"": 1}"
KDSTGICFI,"{""P47537"": 1}"
KDSXGQFLH,"{""P47451"": 1}"
KDSERXXXX,"{""P47395"": 1}"
KDCFYALVQ,"{""P47282"": 18}"
KDCFXALVQ,"{""P47282"": 1}"
KDHLVLASX,"{""P47534"": 5}"
KDHTGGYQN,"{""P55825"": 4}"
KDPWFFQHS,"{""P47288"": 1}"
KDPXSLAXL,"{""P47346"": 1}"
KDPXXXXXX,"{""P47346"": 1}"
KDPKSLAXX,"{""P47346"": 1}"
KDYWTSYWE,"{""P47288"": 2}"
KDYWTSXWE,"{""P47288"": 1}"
KDKTIXSVA,"{""Q49408"": 1}"
KPEPYXGKG,"{""P47412"": 2}"
KPEPYXGXX,"{""P47412"": 12}"
KPEPYXGXG,"{""P47412"": 1}"
KPEPYXXXX,"{""P47412"": 6}"
KPEPYKGXX,"{""P47412"": 4}"
KPEVQIFST,"{""Q49419"": 4}"
KPETVLEEP,"{""Q49429"": 32}"
KPEWXXXXX,"{""P47352"": 2}"
KPEWXVINP,"{""P47352"": 2}"
KPEFLLAYY,"{""P47609"": 3}"
KPESXSSSQ,"{""P47694"": 2}"
KPXHAPLXE,"{""P47491"": 16}"
KPXHAPLXX,"{""P47491"": 4}"
KPXPNFXXX,"{""P47338"": 15}"
KPXPNFXRA,"{""P47338"": 3}"
KPXPFNXXI,"{""P47482"": 1}"
KPXPXXXXX,"{""P47333"": 3}"
KPXQEQPEI,"{""P47442"": 3}"
KPXQXXXVX,"{""P47333"": 1}"
KPXXXXXXX,"{""P47308"": 5, ""P47639"": 3, ""P47442"": 1, ""P47491"": 1, ""P47338"": 4, ""P47301"": 1, ""P47566"": 2, ""P47604"": 3, ""P47333"": 1}"
KPXLPFKXX,"{""P47301"": 1}"
KPXLPFXXX,"{""P47301"": 7}"
KPXLPFXXR,"{""P47301"": 1}"
KPXSVLLFD,"{""P47597"": 1}"
KPXSAKLLS,"{""P47566"": 1}"
KPXSAXXXX,"{""P47566"": 1}"
KPXSAXLLS,"{""P47566"": 1}"
KPVYFQAES,"{""P47486"": 7}"
KPVTIXNGT,"{""P47399"": 2}"
KPVTIRNGT,"{""P47399"": 5}"
KPVFDFXXX,"{""P47251"": 21}"
KPVFDFXPL,"{""P47251"": 4}"
KPVIEPTIN,"{""P47621"": 7}"
KPVIIFPEG,"{""P47541"": 4}"
KPVIIHVGI,"{""P47615"": 1}"
KPVLVVANH,"{""Q49402"": 3}"
KPVVSVXVE,"{""P47692"": 9}"
KPVVSVXXX,"{""P47692"": 1}"
KPIPLXXXX,"{""P47387"": 4}"
KPIPLXNIS,"{""P47387"": 25}"
KPILPSQXX,"{""P47464"": 8}"
KPILLEYET,"{""P47446"": 3}"
KPISVNLFT,"{""P47587"": 6}"
KPISDXXXX,"{""P47373"": 6}"
KPISDXRFX,"{""P47373"": 1}"
KPIVDYFCC,"{""P47371"": 5}"
KPIWNALRD,"{""P47278"": 1}"
KPIGSPFIV,"{""P47472"": 6}"
KPIXXXXXX,"{""P47401"": 4}"
KPPNAQYDI,"{""P47355"": 6}"
KPPQEXXLG,"{""P47433"": 1}"
KPPFILQRN,"{""P47619"": 2}"
KPYXQXHTG,"{""P47398"": 2}"
KPYXQXXXX,"{""P47398"": 2}"
KPYSVLLFD,"{""P47597"": 27}"
KPYPFNXXX,"{""P47482"": 9}"
KPYPFNXXI,"{""P47482"": 9}"
KPYPFNXKI,"{""P47482"": 1}"
KPYPFNKXI,"{""P47482"": 2}"
KPYFQALLE,"{""P47343"": 6}"
KPDNQXTLW,"{""P47640"": 7}"
KPDNQXXXX,"{""P47640"": 2}"
KPDNQKTLW,"{""P47640"": 1}"
KPDHFLFGS,"{""Q49415"": 5}"
KPDEVYELI,"{""P47308"": 5}"
KPALQFXFX,"{""P47278"": 1}"
KPALQFXFY,"{""P47278"": 1}"
KPALQFRFY,"{""P47278"": 4}"
KPAAFLXXX,"{""P22747"": 1}"
KPAAFLXPP,"{""P22747"": 3}"
KPADFESYF,"{""P47463"": 19}"
KPADFESXF,"{""P47463"": 1}"
KPAKPNQIF,"{""P47387"": 1}"
KPAXPNQIF,"{""P47387"": 4}"
KPAXXXXXX,"{""P47387"": 1}"
KPLNLIVCH,"{""P47599"": 6}"
KPLNFITRP,"{""Q9ZB78"": 1}"
KPLNFITXP,"{""Q9ZB78"": 1}"
KPLVNVXAL,"{""P47326"": 6}"
KPLVNVXXX,"{""P47326"": 2}"
KPLDSNEIN,"{""Q49436"": 7}"
KPLAQKIXT,"{""P47448"": 1}"
KPLAQXIXT,"{""P47448"": 3}"
KPLXSFQXI,"{""P47579"": 2}"
KPLXSFQXX,"{""P47579"": 1}"
KPLXHXXXX,"{""P20796"": 2}"
KPLXHXNSS,"{""P20796"": 2}"
KPLXYVLVY,"{""P47681"": 5}"
KPLXXXXXX,"{""P47681"": 1}"
KPLSTLQIX,"{""P52271"": 3}"
KPLSTLQIK,"{""P52271"": 1}"
KPLEVXMGS,"{""P47404"": 1}"
KPHNVSYEG,"{""P47404"": 29}"
KPHNVSXEG,"{""P47404"": 2}"
KPHFQPNXI,"{""P47510"": 3}"
KPHFQPNKI,"{""P47510"": 1}"
KPSXEANLV,"{""P47456"": 6}"
KPSAINDVL,"{""P47345"": 5}"
KPSLFLLNE,"{""P47264"": 3}"
KPSLXXXXX,"{""P47371"": 5}"
KPSLQPIYD,"{""P47460"": 1}"
KPNPLHSXX,"{""P47604"": 6}"
KPNSALRXX,"{""P47333"": 1}"
KPNSALRXY,"{""P47333"": 2}"
KPNSALXXY,"{""P47333"": 3}"
KPNXSINPD,"{""P47547"": 1}"
KPRQXKXVX,"{""P47333"": 1}"
KPRQXXXVX,"{""P47333"": 1}"
KPRQKXXVX,"{""P47333"": 1}"
KPRSWXXXX,"{""P52271"": 3}"
KPRIYLNTW,"{""P47326"": 2}"
KPFXLTXEL,"{""P47490"": 6}"
KPFKLTXEL,"{""P47490"": 1}"
KPTNXXXXX,"{""P47440"": 2}"
KPTNXPTVA,"{""P47440"": 5}"
KPTXIYAFG,"{""P47385"": 5}"
KPTXXXXXX,"{""P47385"": 1}"
KPTCLVNPG,"{""P47293"": 1}"
KPCDIGXSN,"{""P47526"": 1}"
KPCDIGYSN,"{""P47526"": 3}"
KPGCYLWXD,"{""P47448"": 4}"
KPGCYLWXX,"{""P47448"": 1}"
KPGCXLWXD,"{""P47448"": 1}"
KPGEQLEVF,"{""P47315"": 3}"
KMLDLLNID,"{""P47302"": 34}"
KMLINNLXH,"{""P47701"": 29}"
KMLINNLXX,"{""P47701"": 4}"
KMLINNLKH,"{""P47701"": 2}"
KMLXLHFXH,"{""P47571"": 2}"
KMLXLHFXX,"{""P47571"": 1}"
KMLXLHFKH,"{""P47571"": 1}"
KMLVVANXI,"{""P47624"": 6}"
KMLTFLXNA,"{""P47398"": 3}"
KMXQWVLXI,"{""P47508"": 15}"
KMXQWVLXX,"{""P47508"": 3}"
KMXDNYFXX,"{""P47429"": 4}"
KMXDNYFXF,"{""P47429"": 3}"
KMXDEIERX,"{""P47460"": 1}"
KMXXXXXXX,"{""P47508"": 4}"
KMIVSVSMY,"{""P47681"": 6}"
KMITIATIQ,"{""P47615"": 4}"
KMIAYVDAS,"{""P47352"": 4}"
KMIAXVDAS,"{""P47352"": 1}"
KMIYVDNXX,"{""P47491"": 3}"
KMIYVDNXV,"{""P47491"": 1}"
KMDAGPIWX,"{""P47605"": 4}"
KMDELNXXX,"{""P47294"": 5}"
KMDELNXLM,"{""P47294"": 19}"
KMDLLSPXX,"{""P47661"": 2}"
KMDLLSPXL,"{""P47661"": 3}"
KMDLLSPKL,"{""P47661"": 1}"
KMSXSNPDQ,"{""P47372"": 3}"
KMSXSXXXX,"{""P47508"": 5}"
KMSXSLNNG,"{""P47576"": 1}"
KMSXSLNNV,"{""P47267"": 2}"
KMSXXXXXX,"{""P47267"": 21, ""P47576"": 30, ""P47508"": 1}"
KMSDXLALI,"{""P47520"": 1}"
KMSDYLALI,"{""P47520"": 9}"
KMPLVAXXX,"{""P47283"": 3}"
KMPLVAXIH,"{""P47283"": 1}"
KMPENISDS,"{""P47276"": 5}"
KMQGFELGX,"{""P47397"": 21}"
KMQGFELGK,"{""P47397"": 1}"
KMQGFSINW,"{""P47576"": 4}"
KMQFNSINI,"{""P47623"": 4}"
KMQLIFYFV,"{""P47702"": 7}"
KMQALVEKX,"{""P47609"": 2}"
KMQALVEXX,"{""P47609"": 4}"
KMQALVEXK,"{""P47609"": 1}"
KMHEALXMA,"{""P47647"": 6}"
KMHLXXXXX,"{""P47302"": 4}"
KMWSFLEXX,"{""P47409"": 3}"
KMFXXXXXX,"{""P47652"": 11}"
KMEXXXXXX,"{""P47368"": 2}"
KMEXSLDEI,"{""P47368"": 3}"
KMEKSLDEI,"{""P47368"": 1}"
KMNFLYXDG,"{""P47272"": 5}"
KMNNVIISN,"{""P47247"": 3}"
KMVENYPPS,"{""P20796"": 5}"
KMKDNYFKF,"{""P47429"": 1}"
KMKQWVLXI,"{""P47508"": 1}"
KMATSETXA,"{""P47279"": 1}"
KWXYXXXXX,"{""P47435"": 23}"
KWXXXXXXX,"{""P47268"": 12, ""P47533"": 14, ""P47508"": 2, ""P47307"": 5, ""P47435"": 1}"
KWXXIIFIL,"{""P47533"": 1}"
KWXLNEWQF,"{""P47307"": 20}"
KWXLXDFMX,"{""P47268"": 1}"
KWXLRDFMX,"{""P47268"": 2}"
KWXLVDASG,"{""P47657"": 1}"
KWXNXXXXX,"{""P47508"": 2}"
KWXNXDVNX,"{""P47508"": 1}"
KWXRIIFIL,"{""P47533"": 1}"
KWVEXRLEY,"{""Q49423"": 4}"
KWVEXXXXX,"{""Q49423"": 15}"
KWVXYHXEI,"{""P47587"": 3}"
KWVXTTEEL,"{""P47467"": 3}"
KWVXXXXXX,"{""P47467"": 2}"
KWYLVDASG,"{""P47657"": 19}"
KWYQLLVLX,"{""P47449"": 5}"
KWIIXAIXX,"{""P47528"": 17}"
KWIIXAIXQ,"{""P47528"": 5}"
KWIIXXXXX,"{""P47528"": 2}"
KWIIKAIXX,"{""P47528"": 1}"
KWLXXXXXX,"{""P47440"": 3, ""P47548"": 15}"
KWLXRPYLT,"{""P47548"": 6}"
KWLAVSNFG,"{""P47360"": 15}"
KWLLQPDVR,"{""P47330"": 2}"
KWLLNTNSL,"{""P47424"": 1}"
KWRDXXLXX,"{""P47652"": 1}"
KWRXPEPYX,"{""P47412"": 1}"
KWRXXXXXX,"{""P47412"": 1}"
KWNVNLQSX,"{""P47665"": 2}"
KWNVNLQSC,"{""P47665"": 25}"
KWNNLXXTL,"{""P47345"": 2}"
KWNNLXXXX,"{""P47345"": 1}"
KWNNLKKTL,"{""P47345"": 1}"
KWFXXLNFM,"{""P47326"": 16}"
KWFXXXXXX,"{""P47326"": 1}"
KWPFFTFNF,"{""Q49418"": 6}"
KWDXNVLNH,"{""Q49419"": 4}"
KWAIVYLSG,"{""P47274"": 1}"
KWKLNEWQF,"{""P47307"": 2}"
KHVTVXXXX,"{""P47280"": 1}"
KHVTVXTXN,"{""P47280"": 6}"
KHVATGDSF,"{""Q49431"": 23}"
KHVDELXVS,"{""P47551"": 7}"
KHVETMEQL,"{""P47277"": 7}"
KHVELLNGR,"{""P47632"": 2}"
KHVIFSLSX,"{""P47304"": 7}"
KHYXQLLPF,"{""Q49435"": 6}"
KHYFYQDLP,"{""P47346"": 29}"
KHYFXTXVE,"{""P47433"": 7}"
KHYFXTXXX,"{""P47433"": 3}"
KHYFXXXXX,"{""P47433"": 1}"
KHYFXQDLP,"{""P47346"": 3}"
KHYKQLLPF,"{""Q49435"": 1}"
KHYEXXXXX,"{""P35888"": 3}"
KHYEXTIGF,"{""P35888"": 6}"
KHPXANSYS,"{""P47564"": 22}"
KHPXANSXS,"{""P47564"": 2}"
KHPXXXXXX,"{""P47564"": 5, ""Q9ZB70"": 2}"
KHPFXXXXX,"{""Q49409"": 3}"
KHRHENIAF,"{""P47491"": 6}"
KHNLYVXXX,"{""P47308"": 2}"
KHNLYVXVE,"{""P47308"": 3}"
KHNLYVKVE,"{""P47308"": 1}"
KHNNDLLXL,"{""P47316"": 20}"
KHNNDLLXX,"{""P47316"": 5}"
KHNTHLYDQ,"{""P47635"": 5}"
KHNIXXXXX,"{""P47702"": 3}"
KHFXNLIXX,"{""P47290"": 2}"
KHFXPEFIN,"{""P47597"": 1}"
KHFMILSXH,"{""P47465"": 3}"
KHFMILSKH,"{""P47465"": 1}"
KHFVXXXXX,"{""Q2MHT0"": 26}"
KHFAXXXXX,"{""Q49410"": 7}"
KHFAXNYPG,"{""Q49410"": 13}"
KHFAXNXPG,"{""Q49410"": 3}"
KHFAXLXXX,"{""P47592"": 1}"
KHFAXLXLT,"{""P47592"": 1}"
KHFAYLXLT,"{""P47592"": 7}"
KHFDXXXXX,"{""P47551"": 2}"
KHFDXNRVL,"{""P47551"": 2}"
KHFKNLIXX,"{""P47290"": 1}"
KHFLNVCFF,"{""P47347"": 1}"
KHFLNVXFF,"{""P47347"": 1}"
KHFELLXXX,"{""P47386"": 2}"
KHXGMDLXE,"{""P47541"": 20}"
KHXGMDLXX,"{""P47541"": 1}"
KHXGMDLKE,"{""P47541"": 1}"
KHXGLCLAY,"{""P47371"": 2}"
KHXSGLEXA,"{""P47254"": 21}"
KHXSGLEXX,"{""P47254"": 6}"
KHXSGLEKA,"{""P47254"": 1}"
KHXSXXXXX,"{""P47585"": 2}"
KHXSXNNVM,"{""P47585"": 2}"
KHXXXXXXX,"{""P47541"": 2, ""P47254"": 5, ""P47483"": 5, ""P47420"": 4, ""P47585"": 1}"
KHXXQLLPF,"{""Q49435"": 1}"
KHXNSVXFX,"{""P47523"": 1}"
KHXNSVXXX,"{""P47523"": 2}"
KHXHENIAF,"{""P47491"": 2}"
KHAVLEMST,"{""P47518"": 20}"
KHAVDFSST,"{""P47378"": 2}"
KHASNAGIA,"{""P47542"": 24}"
KHAYTSHLA,"{""P47439"": 20}"
KHAGRNNQG,"{""P47400"": 1}"
KHLIANQTN,"{""P47574"": 34}"
KHLNFVNVE,"{""P47387"": 6}"
KHLXAVVEX,"{""Q2MHT0"": 4}"
KHLXXXXXX,"{""Q2MHT0"": 1}"
KHLFAEDGQ,"{""P47624"": 7}"
KHLKAVVEX,"{""Q2MHT0"": 1}"
KHSLNNIKP,"{""P47591"": 2}"
KHSLNNIXP,"{""P47591"": 3}"
KHSLNNIXX,"{""P47591"": 1}"
KHSXXXXXX,"{""Q49426"": 15}"
KHSXRIFSV,"{""Q49426"": 1}"
KHSIINLSN,"{""P47610"": 6}"
KHSSXLFVI,"{""P47621"": 1}"
KHSNYELIT,"{""P47627"": 2}"
KHQWXYYRG,"{""P47325"": 1}"
KHQWXXXXX,"{""P47325"": 1}"
KHDSLNSIX,"{""P47527"": 5}"
KHIDIPXTL,"{""Q49423"": 3}"
KHIWISPHT,"{""P47278"": 7}"
KHGIDSWFE,"{""P47587"": 8}"
KHEXDQSEL,"{""P47493"": 1}"
KHEYDQSEL,"{""P47493"": 1}"
KQATVSNSE,"{""P47439"": 20}"
KQATDAILA,"{""P47460"": 23}"
KQATADGVI,"{""P47522"": 9}"
KQAVLNLXX,"{""P47457"": 28}"
KQAVLNLKX,"{""P47457"": 2}"
KQAINNHKT,"{""P47700"": 2}"
KQAINNHXX,"{""P47700"": 5}"
KQAINNHXT,"{""P47700"": 14}"
KQAEQLFXX,"{""P47442"": 3}"
KQALYSLIX,"{""P47664"": 3}"
KQEQWSGGI,"{""P47482"": 21}"
KQELISFLX,"{""P47619"": 5}"
KQELSYHDL,"{""P47525"": 2}"
KQEEELXXX,"{""P47530"": 18}"
KQEEELXRX,"{""P47530"": 4}"
KQESEQTQX,"{""P47460"": 3}"
KQENISLFV,"{""P47694"": 3}"
KQETILQEN,"{""P47480"": 2}"
KQSXXXXXX,"{""P47326"": 3}"
KQSXXELXX,"{""P47326"": 1}"
KQSXKELXX,"{""P47326"": 1}"
KQGXTAEGX,"{""P47412"": 15}"
KQGXXXXXX,"{""P47412"": 3}"
KQGKTAEGX,"{""P47412"": 2}"
KQTEEAISH,"{""P47388"": 5}"
KQTMEVDAI,"{""P47460"": 2}"
KQTHALLDX,"{""P47273"": 6}"
KQTPFCIPL,"{""P47306"": 6}"
KQTVVFAHG,"{""Q49421"": 4}"
KQTVLVAGL,"{""P47699"": 7}"
KQTAVLIVT,"{""P47548"": 5}"
KQIYXHVLX,"{""P47429"": 2}"
KQIYXXAYW,"{""P22747"": 15}"
KQIYXXXXX,"{""P22747"": 4, ""P47429"": 1}"
KQIYXKAYW,"{""P22747"": 3}"
KQIFNLLEQ,"{""P47664"": 6}"
KQISIPXXX,"{""P47660"": 4}"
KQISDVVSD,"{""P22746"": 3}"
KQIDDLXXX,"{""Q49419"": 1}"
KQIDDLXEN,"{""Q49419"": 6}"
KQIVLVSDX,"{""P35888"": 4}"
KQINDIXDF,"{""P47662"": 6}"
KQINDIXXX,"{""P47662"": 1}"
KQINDIKDF,"{""P47662"": 1}"
KQINQVNFL,"{""P47587"": 8}"
KQIXQFLGD,"{""P47693"": 4}"
KQIXXXAYW,"{""P22747"": 1}"
KQIIXXXXX,"{""P47596"": 5}"
KQLPFITQP,"{""P47442"": 5}"
KQLPNTSDI,"{""P47471"": 1}"
KQLPEDNLS,"{""P47558"": 5}"
KQLFIHEXV,"{""P47699"": 6}"
KQLFIHEXX,"{""P47699"": 1}"
KQLFFNMEQ,"{""P47480"": 6}"
KQLVLELGC,"{""P47589"": 3}"
KQLIGTVVS,"{""P47406"": 22}"
KQLILNLNH,"{""P47271"": 7}"
KQLIESLXE,"{""P36255"": 5}"
KQLINLENL,"{""P47441"": 7}"
KQLXXXXXX,"{""P47587"": 2, ""P47291"": 1, ""P47277"": 1, ""P47487"": 3, ""P47497"": 1}"
KQLXXQINQ,"{""P47587"": 5}"
KQLXTPTIX,"{""P47403"": 8}"
KQLXIIPLY,"{""P47520"": 4}"
KQLXYQFXX,"{""P47497"": 1}"
KQLXYQFXN,"{""P47497"": 2}"
KQLXKQINQ,"{""P47587"": 1}"
KQLXQEXNT,"{""P47326"": 3}"
KQLXEMGIN,"{""P47277"": 2}"
KQLASNYPL,"{""Q57081"": 28}"
KQLASNXPL,"{""Q57081"": 1}"
KQLDQHXXX,"{""P47314"": 9}"
KQLDQHXND,"{""P47314"": 1}"
KQLDALKQX,"{""P47597"": 1}"
KQLDALXQX,"{""P47597"": 5}"
KQLNELLIN,"{""P47255"": 3}"
KQLNXINQX,"{""P47573"": 1}"
KQLLSLVDE,"{""P47534"": 5}"
KQLLXXXXX,"{""P47460"": 1}"
KQLQXTTTL,"{""P47508"": 2}"
KQLQXXXXX,"{""P47508"": 1}"
KQFEGYXXX,"{""P47446"": 9}"
KQFLIAYXG,"{""P47625"": 2}"
KQFLIAYRG,"{""P47625"": 6}"
KQFSDQFEX,"{""P47264"": 6}"
KQFQEISLF,"{""P47640"": 4}"
KQRIIXXXX,"{""P47294"": 3}"
KQRIIXGSG,"{""P47294"": 1}"
KQRHLXNXX,"{""P47520"": 1}"
KQRGXALNL,"{""P47297"": 1}"
KQVILIDFE,"{""Q49423"": 1}"
KQVINTXVI,"{""P52271"": 1}"
KQVINTXXX,"{""P52271"": 1}"
KQVLAXGLC,"{""P47599"": 1}"
KQVLAXXXX,"{""P47599"": 1}"
KQVTVIDLL,"{""Q49408"": 5}"
KQVTVRDLT,"{""Q49408"": 1}"
KQVMEGILY,"{""P47386"": 4}"
KQMAQQXFA,"{""P47332"": 24}"
KQMAQQXXX,"{""P47332"": 5}"
KQMAQQKFA,"{""P47332"": 1}"
KQMRDNPPI,"{""Q49310"": 1}"
KQNYSXXXX,"{""P47702"": 28}"
KQNNMFVYL,"{""P47465"": 6}"
KQNXSXXXX,"{""P47702"": 3}"
KQNXIVINI,"{""P47546"": 5}"
KQNXXXXXX,"{""P47587"": 1}"
KQNXGXQIX,"{""P47587"": 2}"
KQNPQSFSW,"{""P47249"": 22}"
KQNSSVEFI,"{""P47575"": 5}"
KQQQSLSVI,"{""P47305"": 9}"
KQQLIRXEM,"{""P47344"": 1}"
KQQLSLQXX,"{""P47336"": 3}"
KQQLSLQXL,"{""P47336"": 3}"
KQQLEXXXX,"{""P47500"": 4}"
KQQVTDFSN,"{""P36263"": 5}"
KQQXXXXXX,"{""Q9ZB78"": 3}"
KQQTDSLXN,"{""P47321"": 3}"
KQQTDSLXX,"{""P47321"": 1}"
KQQTSAKQL,"{""P47574"": 1}"
KQQTSAXQL,"{""P47574"": 2}"
KQQTSAXXX,"{""P47574"": 1}"
KQQDFNNSL,"{""P47580"": 5}"
KQQFSEQLI,"{""P56723"": 1}"
KQYMLNSQQ,"{""P47576"": 23}"
KQYXVFLNQ,"{""P47433"": 9}"
KQYGHLVLX,"{""P47355"": 7}"
KQYGHLVLK,"{""P47355"": 1}"
KQYQEVIGV,"{""P47537"": 2}"
KQXLXIINV,"{""P47508"": 20}"
KQXLXXXXX,"{""P47508"": 2}"
KQXMIXNXX,"{""P47655"": 4}"
KQXMIXXXX,"{""P47655"": 2}"
KQXMLNSQQ,"{""P47576"": 3}"
KQXTXVETN,"{""P47397"": 1}"
KQXIXXXXX,"{""P47585"": 3}"
KQXIIXXXX,"{""P47294"": 2}"
KQXIKHEVY,"{""P47585"": 1}"
KQXQDQXEN,"{""P47460"": 5}"
KQXQDQXXX,"{""P47460"": 2}"
KQXQNPXXX,"{""P47369"": 1}"
KQXQNPXAV,"{""P47369"": 3}"
KQXXXXXXX,"{""P47460"": 1, ""Q49431"": 1, ""P47585"": 3, ""P47655"": 2, ""P47397"": 2, ""P47508"": 1, ""Q9ZB77"": 1}"
KQXFISFIE,"{""Q9ZB77"": 3}"
KQXNITLSN,"{""P47491"": 3}"
KQXGHLVLX,"{""P47355"": 1}"
KQXAVSFFA,"{""Q49431"": 1}"
KQDETLQSE,"{""P47326"": 3}"
KQDXSTWAM,"{""P47283"": 3}"
KQDTNVELI,"{""P47653"": 4}"
KQDQVNXFV,"{""P47341"": 1}"
KQPDLIIAA,"{""P47312"": 18}"
KQPDNDEEF,"{""P47614"": 3}"
KQPAGVVFP,"{""P47390"": 2}"
KQPNVAVTM,"{""P47516"": 4}"
KQHXGYVIR,"{""P47352"": 2}"
KQHXGYVIX,"{""P47352"": 1}"
KQHXXXXXX,"{""P47352"": 2}"
KQCSYLDQI,"{""P47532"": 2}"
KQKQDQXEN,"{""P47460"": 1}"
KQKLXIINV,"{""P47508"": 1}"
KSFVXNAPX,"{""P47281"": 7}"
KSFSDMQSL,"{""P47344"": 7}"
KSFLLTENP,"{""P47277"": 19}"
KSFLTIXXX,"{""P47693"": 4}"
KSFNFDNEV,"{""P47653"": 5}"
KSFELGLTD,"{""P47619"": 2}"
KSFESIXQA,"{""P47254"": 3}"
KSFIXXXXX,"{""P47615"": 1}"
KSFIXLLNV,"{""P47615"": 2}"
KSFXXXXXX,"{""P47687"": 1, ""P47326"": 2}"
KSXXXXXXX,"{""P47583"": 6, ""P47491"": 3, ""P47597"": 7, ""Q9ZB74"": 4, ""P47395"": 1, ""P47301"": 2, ""P47286"": 1, ""P47549"": 1, ""P47705"": 1, ""P47606"": 1}"
KSXXXQXXX,"{""P47491"": 1}"
KSXXNIASN,"{""P47583"": 12}"
KSXNNPVLI,"{""P47597"": 14}"
KSXAXGVIF,"{""P47623"": 3}"
KSXANFNNS,"{""P47606"": 4}"
KSXEEVQXE,"{""P47395"": 4}"
KSXEEVQXX,"{""P47395"": 1}"
KSXSXXXXX,"{""P47705"": 2}"
KSXSXPPXX,"{""P47705"": 3}"
KSXSXPPKX,"{""P47705"": 1}"
KSXGVDLPE,"{""P47286"": 5}"
KSXGAEQTE,"{""P47551"": 5}"
KSXTSYSQV,"{""P47261"": 3}"
KSXFDXQEL,"{""P47308"": 1}"
KSXFWWFLL,"{""P47549"": 2}"
KSXQIAQQP,"{""Q49397"": 4}"
KSXDXXXXX,"{""P47301"": 3}"
KSXKNIASN,"{""P47583"": 1}"
KSGHYEXLN,"{""P47549"": 26}"
KSGHYEXXX,"{""P47549"": 2}"
KSGHXEXLN,"{""P47549"": 1}"
KSGFNGVTL,"{""P47698"": 4}"
KSGYNSANE,"{""P47331"": 3}"
KSGNASNED,"{""P47310"": 1}"
KSNLNXFXI,"{""P47615"": 6}"
KSNLNXFXX,"{""P47615"": 1}"
KSNLNXXXX,"{""P47615"": 1}"
KSNLEVANL,"{""P47349"": 22}"
KSNQAXVEX,"{""P47499"": 3}"
KSNGVNGFL,"{""P47606"": 2}"
KSNXXXXXX,"{""P47461"": 7}"
KSNHXQDQX,"{""P47658"": 4}"
KSIPLFXXX,"{""P47260"": 6}"
KSIPLFXEN,"{""P47260"": 21}"
KSIPGQHGN,"{""P47553"": 2}"
KSIPFFNSX,"{""P47545"": 1}"
KSIENASND,"{""P47354"": 20}"
KSILSNANL,"{""P47307"": 5}"
KSILFNCLX,"{""P47253"": 2}"
KSISVLXIS,"{""P47624"": 4}"
KSIGIFYRC,"{""P47379"": 2}"
KSIGIFYXC,"{""P47379"": 1}"
KSIDNIEPN,"{""P47573"": 3}"
KSALSVIQL,"{""P47605"": 3}"
KSATTFAXX,"{""P47539"": 2}"
KSATTFAXT,"{""P47539"": 3}"
KSANNQEAI,"{""P47250"": 6}"
KSAEIVFXI,"{""Q9ZB71"": 3}"
KSAEIVFXX,"{""Q9ZB71"": 1}"
KSAEIVFKI,"{""Q9ZB71"": 1}"
KSAIIFXPI,"{""P47606"": 3}"
KSAIIFXXX,"{""P47606"": 1}"
KSAMFNGSI,"{""P47619"": 2}"
KSAXQMVNH,"{""P47553"": 1}"
KSARQMVNH,"{""P47553"": 2}"
KSLLTCFVX,"{""P47699"": 3}"
KSLLXIAIN,"{""Q49418"": 21}"
KSLLXXXXX,"{""Q49418"": 3}"
KSLLKIAIN,"{""Q49418"": 1}"
KSLAXLAXX,"{""P47520"": 2}"
KSLAXLAXS,"{""P47520"": 1}"
KSLNSFEAX,"{""Q9ZB70"": 39}"
KSLETFNFA,"{""P47661"": 19}"
KSLXVXXXX,"{""P47410"": 3}"
KSLXVXQSX,"{""P47410"": 1}"
KSLXPVAEL,"{""P47542"": 1}"
KSLXXXXXX,"{""P47542"": 2, ""P47410"": 1}"
KSLSSPQXX,"{""P47445"": 1}"
KSLSSPQXE,"{""P47445"": 3}"
KSLSQLGFX,"{""P47437"": 1}"
KSLGVICFN,"{""P47386"": 6}"
KSLGVIXFN,"{""P47386"": 1}"
KSLFYQFIP,"{""Q49426"": 8}"
KSLFXXHFA,"{""P47592"": 1}"
KSLFXQFIP,"{""Q49426"": 1}"
KSLFLLSGM,"{""P47286"": 5}"
KSLKVXXXX,"{""P47410"": 1}"
KSTQASVMD,"{""P47246"": 24}"
KSTGXTLFV,"{""P47660"": 5}"
KSSTAXVYL,"{""P47656"": 14}"
KSSTAXXXX,"{""P47656"": 5}"
KSSNXEVXX,"{""Q49402"": 1}"
KSSNYEVKV,"{""Q49402"": 1}"
KSSNYEVXX,"{""Q49402"": 2}"
KSSNYEVXV,"{""Q49402"": 2}"
KSSLDLFPX,"{""P47655"": 4}"
KSSIXXXXX,"{""P47450"": 6}"
KSSIXQFYV,"{""P47450"": 1}"
KSSYEPPFT,"{""P47455"": 5}"
KSSSSSDKV,"{""P47291"": 1}"
KSSSSSDXX,"{""P47291"": 1}"
KSSPQIPTT,"{""Q49413"": 1}"
KSDLYXIIS,"{""Q49413"": 3}"
KSDLYXXXX,"{""Q49413"": 1}"
KSDLLAMIA,"{""P47695"": 4}"
KSDTFIFMT,"{""P47662"": 12}"
KSDEQXPVA,"{""P47461"": 4}"
KSDEQXXXX,"{""P47461"": 1}"
KSVAXXXXX,"{""P47539"": 2}"
KSVAXQLXE,"{""P47539"": 4}"
KSVNQPLET,"{""P47641"": 24}"
KSVSXPQXP,"{""P47405"": 3}"
KSVSKPQXP,"{""P47405"": 1}"
KSVTXXXXX,"{""Q49429"": 1}"
KSVTXPXXE,"{""Q49429"": 2}"
KSVTXPXXX,"{""Q49429"": 1}"
KSCFDXQEL,"{""P47308"": 20}"
KSCFDXXXX,"{""P47308"": 2}"
KSCFDKQEL,"{""P47308"": 1}"
KSPSFQNET,"{""P47469"": 6}"
KSPFDSGSL,"{""P47249"": 16}"
KSYTIEQAX,"{""P47429"": 3}"
KSYHQLFNI,"{""Q9ZB72"": 7}"
KSEIELXEA,"{""P47432"": 15}"
KSEIELXXX,"{""P47432"": 3}"
KSEIELKEA,"{""P47432"": 1}"
KSEANXASI,"{""P47326"": 3}"
KSEANXXXX,"{""P47326"": 1}"
KSEAELXRT,"{""P47686"": 1}"
KSEAELXXX,"{""P47686"": 1}"
KSEFLNEIT,"{""P47662"": 4}"
KSEMIMNWA,"{""P47576"": 3}"
KSHILFXNI,"{""P47700"": 2}"
KSHILFXXX,"{""P47700"": 2}"
KSHILFKNI,"{""P47700"": 1}"
KSQVGSGER,"{""P47500"": 2}"
KSQVGSGEX,"{""P47500"": 1}"
KSWAFLTAA,"{""P20796"": 5}"
KSKNNPVLI,"{""P47597"": 1}"
KGIEXILEI,"{""P47698"": 21}"
KGIEXXXXX,"{""P47698"": 2}"
KGINIALKS,"{""P47605"": 2}"
KGINIALXS,"{""P47605"": 18}"
KGINIALXX,"{""P47605"": 4}"
KGIVGFDFS,"{""P47668"": 27}"
KGIVVEAIV,"{""P47582"": 24}"
KGIDDXXXX,"{""P47539"": 1}"
KGIISLNXA,"{""P55750"": 2}"
KGIISLNRA,"{""P55750"": 4}"
KGIITSLAS,"{""P47633"": 2}"
KGIXANILN,"{""P47647"": 4}"
KGIXAWAIA,"{""P47290"": 21}"
KGIXVNAXE,"{""P47277"": 17}"
KGIXVNAXX,"{""P47277"": 2}"
KGIXXXXXX,"{""P47277"": 3, ""P47290"": 7}"
KGIASDQXX,"{""P47583"": 23}"
KGIASDQXL,"{""P47583"": 2}"
KGIFYVLAE,"{""P47653"": 10}"
KGIKVNAXX,"{""P47277"": 1}"
KGIKVNAXE,"{""P47277"": 1}"
KGIKAWAIA,"{""P47290"": 1}"
KGIKANILN,"{""P47647"": 1}"
KGMXXQTAV,"{""P47548"": 3}"
KGMXXXXXX,"{""P47548"": 1}"
KGMTDTAMX,"{""P47582"": 27}"
KGMTDTAMK,"{""P47582"": 1}"
KGMQIQRTW,"{""P47254"": 5}"
KGMKXXXXX,"{""P47548"": 1}"
KGXINMGIE,"{""P47571"": 27}"
KGXIFXESL,"{""P47582"": 2}"
KGXIFYESL,"{""P47582"": 33}"
KGXXSFLTI,"{""P47693"": 10}"
KGXXXXXXX,"{""P47693"": 10, ""P47328"": 5, ""P47641"": 1, ""P47605"": 3, ""P55825"": 17, ""P47582"": 2, ""P47571"": 2}"
KGXXIIFLL,"{""P55825"": 1}"
KGXDLTFTL,"{""P47635"": 1}"
KGXDVLIVF,"{""P47641"": 8}"
KGXFSVSEV,"{""P47355"": 1}"
KGXVGYGIA,"{""P47414"": 4}"
KGXYIIFLL,"{""P55825"": 1}"
KGDVNEXDX,"{""Q49460"": 16}"
KGDVNEXXX,"{""Q49460"": 2}"
KGDVNEKDX,"{""Q49460"": 1}"
KGDVLFIDE,"{""Q49425"": 1}"
KGDLFVHLY,"{""P47442"": 29}"
KGDLFVHLX,"{""P47442"": 2}"
KGDXVVVIT,"{""P47408"": 18}"
KGDXXXXXX,"{""P47408"": 2}"
KGDKVVVIT,"{""P47408"": 2}"
KGATFYGIG,"{""P47698"": 26}"
KGATFXGIG,"{""P47698"": 1}"
KGASXXXXX,"{""P47414"": 6}"
KGASXVLLX,"{""P47414"": 14}"
KGASXVLLK,"{""P47414"": 2}"
KGAFVDAHL,"{""P47401"": 7}"
KGAVYAXDL,"{""P47423"": 4}"
KGAVYAXXX,"{""P47423"": 1}"
KGAQXXXXX,"{""P47604"": 5}"
KGAYXHFGV,"{""Q49428"": 6}"
KGAYXXXXX,"{""Q49428"": 1}"
KGAXXXXXX,"{""P47336"": 5}"
KGSITEAIN,"{""P22746"": 5}"
KGSFLXPFL,"{""P47253"": 21}"
KGSFLXXXX,"{""P47253"": 4}"
KGSFLKPFL,"{""P47253"": 1}"
KGSCVVXAP,"{""P47428"": 4}"
KGSCVVXXX,"{""P47428"": 1}"
KGLIXDWXT,"{""P47537"": 1}"
KGLIFQDLX,"{""P47587"": 8}"
KGLLTXMAS,"{""P47357"": 6}"
KGLLTXXXX,"{""P47357"": 1}"
KGLLTKMAS,"{""P47357"": 1}"
KGLTPNPDI,"{""P47537"": 2}"
KGLSLANLX,"{""P47436"": 2}"
KGLAQRILY,"{""P47334"": 1}"
KGEEVQAVF,"{""P47431"": 6}"
KGEXINLDL,"{""P47394"": 2}"
KGEXXXXXX,"{""P47394"": 1}"
KGEPTDPNX,"{""P47274"": 3}"
KGEFQNAIW,"{""P47467"": 4}"
KGEFITILG,"{""P47288"": 4}"
KGEMLEXEL,"{""Q49434"": 4}"
KGEMLEXXX,"{""Q49434"": 1}"
KGELLFNFH,"{""P47492"": 1}"
KGVXXXXXX,"{""P47660"": 8}"
KGVXXDTYX,"{""P47660"": 18}"
KGVXXDTYK,"{""P47660"": 1}"
KGVXKDTYX,"{""P47660"": 1}"
KGVAQNTTN,"{""P47647"": 3}"
KGVFIPXID,"{""Q49404"": 1}"
KGVILFDIG,"{""P47259"": 1}"
KGVGYNIAV,"{""P47597"": 2}"
KGVGSTXXX,"{""P47476"": 4}"
KGYSSDXEE,"{""P47677"": 7}"
KGYSSDXXX,"{""P47677"": 1}"
KGYFSVSEV,"{""P47355"": 24}"
KGYDLTFTL,"{""P47635"": 26}"
KGYDPRXLL,"{""P47269"": 3}"
KGYXVLNXX,"{""P47283"": 4}"
KGYXVLNXK,"{""P47283"": 1}"
KGYXXXXXX,"{""P47283"": 1}"
KGGVYAXPG,"{""P47254"": 3}"
KGGVYAXXX,"{""P47254"": 2}"
KGGVXAXXX,"{""P47254"": 1}"
KGGTNIQSN,"{""P47574"": 9}"
KGGRISGLX,"{""P47568"": 9}"
KGGXISGLX,"{""P47568"": 2}"
KGGISLDCV,"{""P47664"": 1}"
KGFXXXXXX,"{""Q49411"": 1}"
KGFXXRLXD,"{""Q49411"": 1}"
KGFLFWTXX,"{""P47535"": 7}"
KGFLXXXXX,"{""P47447"": 3}"
KGFLXXNHI,"{""P47447"": 3}"
KGNSENHAL,"{""P47473"": 6}"
KGNFDELAX,"{""P47315"": 26}"
KGNFDELAK,"{""P47315"": 2}"
KGNKTVWNE,"{""P47705"": 1}"
KGNXTVWNE,"{""P47705"": 3}"
KGNXXXXXX,"{""P47705"": 1}"
KGNNGNYVI,"{""P47653"": 5}"
KGNELEXXX,"{""P47394"": 2}"
KGQYLVLXN,"{""P47285"": 22}"
KGQYLVLXX,"{""P47285"": 3}"
KGQYLVLKN,"{""P47285"": 3}"
KGQQRQDGT,"{""P47407"": 2}"
KGQLGEGII,"{""P47582"": 9}"
KGQVLRAVI,"{""P47407"": 1}"
KGTVMFEVA,"{""P47404"": 3}"
KGTLLLXXX,"{""P47583"": 1}"
KGTLLLXEE,"{""P47583"": 2}"
KGTLLLKEE,"{""P47583"": 1}"
KGTLEIAND,"{""P47502"": 5}"
KGTELLNGL,"{""P47437"": 4}"
KGTIFFNDX,"{""P47546"": 6}"
KGWTEVICG,"{""P47280"": 2}"
KGWTEVIXG,"{""P47280"": 2}"
KGWNAPQCA,"{""P47270"": 4}"
KGWNAPQXA,"{""P47270"": 1}"
KGPVRXXXX,"{""P47354"": 1}"
KGPRXXXXX,"{""P47421"": 2}"
KGPRXTVAN,"{""P47421"": 4}"
KGKXSFLTI,"{""P47693"": 1}"
KEXEEQXXL,"{""P47604"": 13}"
KEXEEQXXX,"{""P47604"": 4}"
KEXELVERD,"{""P47368"": 3}"
KEXTLEILF,"{""P35888"": 20}"
KEXXXXXXX,"{""P47566"": 3, ""Q49417"": 17, ""P47604"": 5, ""P35888"": 3, ""P47368"": 4, ""Q49413"": 1, ""P47311"": 1, ""P47465"": 2, ""P47619"": 1, ""P47597"": 1, ""P47532"": 1}"
KEXXXQELI,"{""P47619"": 3}"
KEXXTDSFG,"{""P47328"": 1}"
KEXAXQXQX,"{""P47402"": 3}"
KEXAXQXXX,"{""P47402"": 1}"
KEXAXXXXX,"{""P47402"": 1}"
KEXADFENI,"{""P47597"": 6}"
KEXQRFCEQ,"{""P47465"": 1}"
KEXIQAYAE,"{""Q49419"": 1}"
KEXIXIEXD,"{""P47658"": 4}"
KEXIXIEXX,"{""P47658"": 1}"
KEXIKIEXD,"{""P47658"": 1}"
KEXRLLEEX,"{""Q49417"": 3}"
KEXLTAYDD,"{""P47301"": 3}"
KEXSVWLSX,"{""P47566"": 5}"
KEHNNLAIE,"{""Q9ZB73"": 6}"
KEHSQEFFR,"{""P47359"": 1}"
KEVERGQVL,"{""P13927"": 6}"
KEVRAWTFK,"{""P47270"": 1}"
KEVHEFLIX,"{""P47661"": 4}"
KEVLELLNL,"{""P47691"": 1}"
KEVITIIRS,"{""P47396"": 1}"
KEPLYQXXW,"{""P47467"": 3}"
KEPNQLXPQ,"{""P47576"": 5}"
KEPNQLXXX,"{""P47576"": 1}"
KEPNFSLXX,"{""P47655"": 3}"
KELEELYLV,"{""P47460"": 20}"
KELEXIXAS,"{""P47500"": 2}"
KELEXIXXX,"{""P47500"": 2}"
KELELLVEA,"{""P47695"": 26}"
KELESAQQX,"{""P47597"": 6}"
KELEQLIXX,"{""P47615"": 3}"
KELEQAXXX,"{""P47443"": 2}"
KELEQAXXY,"{""P47443"": 1}"
KELXPLLXE,"{""P47326"": 4}"
KELVNXYXX,"{""Q49460"": 16}"
KELVNXYXT,"{""Q49460"": 5}"
KELVNXXXX,"{""Q49460"": 7}"
KELTDQTIX,"{""P47437"": 5}"
KELTELEVX,"{""P47540"": 6}"
KELTIXXXX,"{""P47583"": 1}"
KELTIKSLI,"{""P47583"": 1}"
KELDXXXXX,"{""P47460"": 3}"
KELDXERNL,"{""P47460"": 1}"
KELINDAIX,"{""P47277"": 3}"
KELINDAIK,"{""P47277"": 1}"
KELIPNXET,"{""P47321"": 2}"
KELIPNXXX,"{""P47321"": 1}"
KELIXTIYE,"{""P47649"": 5}"
KELIXXXXX,"{""P47649"": 11}"
KELNELLNE,"{""P47460"": 25}"
KELSSLTVI,"{""Q49434"": 2}"
KELSQRWNG,"{""P47386"": 1}"
KELQQATLQ,"{""P47460"": 6}"
KELQFTPVT,"{""Q49419"": 4}"
KELQSELSR,"{""Q49413"": 1}"
KELGNLLDR,"{""P47624"": 2}"
KEQQILXTA,"{""P47683"": 18}"
KEQQILXXX,"{""P47683"": 7}"
KEQQILKTA,"{""P47683"": 1}"
KEQYSFYEX,"{""P47564"": 3}"
KEQYSFXEX,"{""P47564"": 1}"
KEQVNXXXX,"{""P47408"": 4}"
KEQVNXRSX,"{""P47408"": 1}"
KEQEHLDLN,"{""P47605"": 24}"
KEQEEENTN,"{""P47340"": 4}"
KEQXPLVNE,"{""P47438"": 4}"
KEQFQNVIF,"{""P47537"": 7}"
KEQDXXXXX,"{""Q49429"": 2}"
KEMQQLAXT,"{""P47344"": 5}"
KEMQQLAXX,"{""P47344"": 24}"
KETVNLVXX,"{""P47583"": 2}"
KETVNLVXF,"{""P47583"": 2}"
KETVXSXSX,"{""Q49429"": 1}"
KETVXSXSK,"{""Q49429"": 1}"
KETVXXXXX,"{""Q49429"": 1}"
KETVDFIYD,"{""P47526"": 3}"
KETLXNCMF,"{""P47687"": 1}"
KETLXXXXX,"{""P47687"": 19}"
KETSPXXXX,"{""P47684"": 8}"
KETXAXYEL,"{""P47386"": 14}"
KETXAXXXX,"{""P47386"": 7}"
KETXAXXEL,"{""P47386"": 1}"
KETXXXXXX,"{""P47399"": 6, ""P47386"": 7}"
KETINLIXX,"{""P47303"": 3}"
KESXNXFWL,"{""Q49436"": 21}"
KESXNXXXX,"{""Q49436"": 4}"
KESXITVAS,"{""P47681"": 3}"
KESXXXXXX,"{""P47317"": 6, ""Q49436"": 8}"
KESXEAILA,"{""P47317"": 15}"
KESQVXXXX,"{""P47460"": 9}"
KESQVXLVL,"{""P47460"": 13}"
KESLDIIVG,"{""P47486"": 8}"
KESKNXFWL,"{""Q49436"": 1}"
KEGKLGXIY,"{""P47473"": 1}"
KEGYTXQEW,"{""P56723"": 2}"
KEGYTXXXX,"{""P56723"": 1}"
KEGTPTSTT,"{""P47502"": 10}"
KEGXXXXXX,"{""P47473"": 15}"
KEGXLGRIY,"{""P47473"": 3}"
KEGXLGXIY,"{""P47473"": 1}"
KEGLISXNN,"{""P47587"": 20}"
KEGLISXXX,"{""P47587"": 4}"
KEGLISKNN,"{""P47587"": 1}"
KEGLXITXD,"{""P47458"": 3}"
KEGLKITXD,"{""P47458"": 1}"
KEGHYXNXX,"{""P47414"": 4}"
KEGHYXXXX,"{""P47414"": 2}"
KEGHYKNXX,"{""P47414"": 1}"
KEGELQXLL,"{""P47460"": 1}"
KEGELQXXX,"{""P47460"": 2}"
KEIIXXXXX,"{""P47290"": 12}"
KEIIXIRQW,"{""P47290"": 6}"
KEIXGELXX,"{""P47306"": 16}"
KEIXXXXXX,"{""P47651"": 4, ""P47306"": 3}"
KEIKGELXX,"{""P47306"": 1}"
KEIPYVELQ,"{""Q49430"": 2}"
KEIEEFQTX,"{""P47597"": 7}"
KEIEEFQTK,"{""P47597"": 1}"
KEITIXXXX,"{""P47352"": 5}"
KEIFDHTMR,"{""P47481"": 1}"
KEIFMSLLI,"{""P47580"": 1}"
KEISVMRRV,"{""P47540"": 1}"
KEYXXXXXX,"{""P47311"": 4, ""P47532"": 1}"
KEYXXLKXX,"{""P47532"": 1}"
KEYXXLXXX,"{""P47532"": 1}"
KEYXXSIIY,"{""P47311"": 1}"
KEYXXSIIX,"{""P47311"": 1}"
KEYLEXLXX,"{""P47597"": 2}"
KEYLEXLKX,"{""P47597"": 1}"
KEYLEXXXX,"{""P47597"": 1}"
KEYLAAXAA,"{""P47315"": 3}"
KEYTFXDNL,"{""P47321"": 3}"
KEYDFVAVT,"{""P47308"": 2}"
KEYEICLQL,"{""P47593"": 2}"
KEYRTDSFG,"{""P47328"": 1}"
KEEEYNQNQ,"{""Q9ZB78"": 4}"
KEEEAXXXX,"{""P47530"": 12}"
KEEEAXXLX,"{""P47530"": 1}"
KEEEAXRLK,"{""P47530"": 1}"
KEEEAXRLX,"{""P47530"": 2}"
KEEVVNQLN,"{""P47540"": 3}"
KEDEVASIR,"{""P47481"": 1}"
KEDFDLGVL,"{""Q9ZB73"": 7}"
KEFXTAQER,"{""P47479"": 3}"
KEFXTAQEX,"{""P47479"": 1}"
KEFXXXXXX,"{""P47479"": 2}"
KEFDXNXXX,"{""P47460"": 4}"
KEFTEDLES,"{""P47641"": 6}"
KEFLXTPFN,"{""P47256"": 1}"
KEFLYTPFN,"{""P47256"": 4}"
KENLFFVTM,"{""P47669"": 22}"
KENLFALEN,"{""P47318"": 7}"
KENLNLXSF,"{""P47520"": 1}"
KENLNLXXX,"{""P47520"": 1}"
KENLTYGXX,"{""P47639"": 1}"
KENLTYGXV,"{""P47639"": 2}"
KENQDFYGF,"{""P47354"": 22}"
KENQXLIPL,"{""P47468"": 5}"
KENQXXXXX,"{""P47468"": 2}"
KENYQXLQX,"{""P47310"": 3}"
KENYQXXXX,"{""P47310"": 2}"
KEAITNEEI,"{""P47445"": 3}"
KEASSIIGS,"{""P47315"": 1}"
KEANSSPVL,"{""P47321"": 5}"
KEAFSVFET,"{""P47493"": 2}"
KEAXLLXXA,"{""P47390"": 1}"
KEAXLLXXX,"{""P47390"": 4}"
KEAKLLXXX,"{""P47390"": 1}"
KEKTLEILF,"{""P35888"": 2}"
KEKEEQXXL,"{""P47604"": 1}"
KERLQNSFA,"{""P47508"": 1}"
KCAPHQXNH,"{""P47448"": 21}"
KCAPHQXXX,"{""P47448"": 7}"
KCGXXXXXX,"{""P47603"": 9}"
KCFLIAFGC,"{""P47468"": 1}"
KCXQXYXLL,"{""P47661"": 3}"
KCINCLEIL,"{""P47253"": 6}"
KCHGXXXXX,"{""P47660"": 2}"
KCHGXXLIX,"{""P47660"": 4}"
KCHGXKLIX,"{""P47660"": 1}"
KCDTLDVYG,"{""Q49404"": 8}"
KCQIDLMXX,"{""P47277"": 2}"
KCQIDLMXR,"{""P47277"": 1}"
KCLLINPXI,"{""P47352"": 2}"
KCLEQLFYD,"{""P47605"": 4}"
KRNXXXXXX,"{""Q49414"": 1}"
KRNXGLVEQ,"{""P47695"": 1}"
KRNMXXXXX,"{""P47561"": 2}"
KRNQFLALX,"{""P47460"": 3}"
KRNDEDETT,"{""P47353"": 1}"
KRNLVLILS,"{""P47326"": 1}"
KRNEXFNDY,"{""P47653"": 1}"
KRQQQIVVP,"{""P47265"": 2}"
KRQAXXXXX,"{""P47438"": 1}"
KRQWNLINI,"{""P47386"": 1}"
KRLQAVSXX,"{""P47541"": 1}"
KRLLXYLXX,"{""P47663"": 3}"
KRLLXYLXE,"{""P47663"": 1}"
KRLLXXXXX,"{""P47663"": 2}"
KRLLXXLXX,"{""P47663"": 1}"
KRLLLCNNL,"{""P47303"": 1}"
KRLNLPNAQ,"{""P47458"": 1}"
KRLXXXXXX,"{""P47651"": 1}"
KRLIWYWXX,"{""P47533"": 1}"
KRINAGISF,"{""P47365"": 2}"
KRILSELEH,"{""P47481"": 2}"
KRILEXXXX,"{""P47661"": 5}"
KRILEXXIV,"{""P47661"": 2}"
KRILEXKIV,"{""P47661"": 1}"
KRILDTFFX,"{""Q49418"": 1}"
KRIVEFTXI,"{""P52271"": 1}"
KRIVNLWFG,"{""P47301"": 2}"
KRIGXEISX,"{""P47662"": 2}"
KRICYLMPL,"{""P47384"": 2}"
KRISTIANL,"{""P47490"": 1}"
KRVQEGYVC,"{""P47583"": 6}"
KRVQEGXVC,"{""P47583"": 1}"
KRVXXXXXX,"{""P47687"": 1}"
KRTXXXXXX,"{""P47277"": 1}"
KRTSVFIAL,"{""Q49433"": 1}"
KRTMGHXXE,"{""P47402"": 1}"
KRGILXAYG,"{""Q49460"": 5}"
KRGILXXXX,"{""Q49460"": 2}"
KRGINNLVV,"{""P47457"": 1}"
KRXXXXXXX,"{""P47469"": 2, ""Q49418"": 3, ""P47386"": 1, ""P47553"": 2, ""P57085"": 1}"
KRXEXIISN,"{""P47387"": 1}"
KRANYDXXX,"{""P47442"": 1}"
KRAVLEDQI,"{""P47460"": 7}"
KREEEITTG,"{""P47308"": 2}"
KREXLATDF,"{""P47460"": 1}"
KREXXXXXX,"{""P47460"": 1}"
KRELEELEX,"{""P47460"": 1}"
KRPGMYIGS,"{""P47249"": 2}"
KRCACVITE,"{""P47296"": 1}"
KRCVFFNQN,"{""P47371"": 7}"
KRYHWFSXX,"{""P47442"": 1}"
KRYLLLGST,"{""P47563"": 3}"
KRWVVLNLN,"{""P47415"": 1}"
KRWMHFLLT,"{""P47307"": 1}"
KRFEQQLEE,"{""P47382"": 4}"
KRFSLDWIL,"{""Q49409"": 1}"
KRFSISFXX,"{""P47533"": 1}"
KRFIIDDDI,"{""P47486"": 1}"
KRFLDLTYN,"{""P47382"": 2}"
KRSFFEMXY,"{""P47332"": 2}"
KRRXXXXXX,"{""P57085"": 1}"
KKQELISFL,"{""P47619"": 1}"
KKIIFVCQD,"{""Q9ZB82"": 1}"
KKIIIEVLD,"{""P47264"": 4}"
KKIFAXXXX,"{""P47260"": 1}"
KKIVPINPL,"{""P47426"": 1}"
KKIATLIVA,"{""P47285"": 1}"
KKTXXXXXX,"{""P47631"": 1}"
KKTPYSAGV,"{""P47422"": 1}"
KKTPVXXXX,"{""P47461"": 1}"
KKTELXADI,"{""P47288"": 1}"
KKWLXXXXX,"{""P47440"": 1}"
KKWLXQASG,"{""P47440"": 1}"
KKVXSXSPA,"{""P47333"": 1}"
KKVLXXXXX,"{""Q49435"": 1}"
KKYXGDQFL,"{""P47470"": 1}"
KKYXASDIA,"{""P47706"": 3}"
KKYENEGFP,"{""P47321"": 1}"
KKSILSNAN,"{""P47307"": 1}"
KKSSLDLFP,"{""P47655"": 1}"
KKMLVVANX,"{""P47624"": 2}"
KKLFNXGSX,"{""P36263"": 1}"
KKXLLEXQX,"{""P47384"": 1}"
KKRQAXXNQ,"{""P47438"": 1}"
